26501056
39970206
20297827
32816264
19961085
4171528
7219701
26859735
6339994
30030230
27555510
21588200
32660115
19168599
43474159
6819797
28905445
38490129
8146691
32602106
37226961
28386479
19348542
14200862
24975819
10427897
24765405
27932577
3033060
9780996
34098610
5586798
25015851
2925559
43268627
12422703
8071680
16294564
33119659
-773016
18233953
36582645
10864944
1781791
14398385
35666711
27580902
27094112
6805199
12447357
31487205
29776758
13556216
7731428
8277351
7194245
23278313
8279851
19437653
21873888
519868
8276368
28727255
34924477
36108043
2152110
2729471
8830210
39232628
36437193
29669328
5148781
23487968
27771960
27170306
1874613
3665259
30532756
7261727
13572136
15803283
31589517
26467853
31575875
1821543
25012455
17903839
22150285
24273377
7157664
-193858
22261436
3483856
20709380
26637069
27912029
7707256
22807096
43201591
13075183
-924763
20824515
31640031
21925408
29350740
26027645
35191831
35351185
38012398
23411705
42978323
15835673
1121568
7895366
7646877
16430474
31469509
30846075
27155460
17390183
19501446
23205651
12226744
41099597
28555487
31612575
29959545
42370989
28241681
42112032
35376598
28372542
16460310
19665605
2132203
24302711
28547900
11739300
35748534
3196940
2935132
18746701
25300570
18996968
5963188
119733
32201712
21541703
7059840
15982428
35454968
41557059
27120737
30999843
17061313
9544351
33618065
32722823
19831828
21273444
5471360
18512581
8143233
13238737
41300487
6745634
-5070
9110362
5438399
12566401
14582671
17876557
6842716
7042029
5913942
7683950
-221369
31450648
6917738
41586702
18902574
8943885
32584736
8604152
4606842
34406502
25862740
1536713
13825586
24632023
19052939
8168262
30006812
42293295
2776384
27035533
41955038
35691764
17004126
12156900
3437488
37707941
21373097
3069924
27768269
444576
40858338
7760749
24248971
29969031
25798588
39475363
33204503
30018121
-786022
18093546
21569866
-358200
26760830
15596718
41826462
15131642
28281022
25640720
9821204
40912161
15899494
17793364
4057543
18368459
32479024
14108391
728060
2344317
20765250
21007263
42090987
5903128
28991877
27745470
9052311
31358476
22592317
3598060
21601695
14937362
9302721
17119738
30226664
15056205
27871817
4720715
38842762
7041888
21267043
22037250
15638358
31510019
27626559
17098762
36482878
37354408
8953975
31160966
29427477
24931592
18970488
34291848
-65770
26890159
7850431
38652268
43155439
37908629
11877310
19639578
16734751
-886071
33196632
94443
39319968
1868521
9178349
27767332
12129647
29758181
16954456
15223594
8755090
9372191
35846949
33848223
19873372
41615133
17336546
19723265
6881118
29738595
8440462
917953
43337495
37798721
-783293
2405572
27307236
5562250
39052336
25300065
16771892
20342556
31878791
14959100
19706047
22495750
20045006
11714418
17720981
414700
12671368
30521190
33010361
14748822
41832546
4883591
41356441
17358523
37837638
18076038
37131617
27008639
7435316
11461808
10937673
7663547
-855320
30429862
36636089
28053404
32074809
21480784
22299962
37133262
41013827
2997753
13399400
241740
8533503
38429528
27291461
19076905
17906479
2497974
26573845
27158174
3547541
19684371
67989
40468130
32445244
1492803
13038276
13986202
10153000
42203873
36806704
24783107
10684932
21291384
35554549
36582964
21958983
10844689
3442992
6738602
27527219
2638879
18995890
16758860
35837539
11769609
402574
23659682
28971532
27767980
36614908
15806150
38879455
22144012
20374035
15905811
38553469
17948870
28026553
14112201
-696055
6240300
36425135
12028533
34057034
38490780
5456627
-574360
28617147
3967872
16225857
14854343
27978717
3400121
1190718
25629918
14444217
2630043
14311880
16013894
10153679
22222869
4077735
41536297
36413417
9950115
29799526
42439878
32262723
6584258
17788940
79004
19593646
12023524
42666752
22772634
39889699
36234211
13787063
9670300
34924451
25200922
13702848
24434290
18504540
34888801
8104131
9493356
23123200
-879466
14554477
7256427
32461748
37742707
14156929
29993874
37564235
3785382
36797884
3793516
2773266
17418103
833966
24524353
37661656
29595760
20017561
11741098
12154448
13617047
26275995
11043608
8733517
16313765
38015608
27356007
17898864
33109083
2161024
2220035
36700624
25389784
43252178
23112811
12528336
12572541
30382084
33840609
37067427
41013817
17005556
33448094
35347746
-269402
20761072
36497584
39098420
34357863
2329499
32862975
26220060
11080529
32016621
35759934
35894155
30072410
1430388
42095955
32855787
38269781
30317253
34576264
31853423
3802507
25245198
37533639
37336621
33400227
29695238
41727360
5881665
41317237
5780939
36865889
17112309
16654762
21904827
42338312
10721211
38953282
3050383
20004270
15777950
11014407
41223480
32450884
23129441
4141126
12489469
36909350
4441085
20248271
2637184
2798321
40342596
5379361
14828686
28919703
15195
493451
13454135
8043947
41504802
26683809
4279237
14520026
38080312
20419701
32917653
17717969
37622562
31751445
24188985
10095309
9545690
31782565
3696040
9673899
27655565
25078964
-670128
35988963
35739685
7539084
11651297
28693132
11046861
-94786
-177345
29888392
1548464
39581165
41270685
1134964
1614024
16147425
40579955
17324559
24937006
41754339
23323927
10817081
36145145
583791
12803955
27701685
23210936
41079321
37103032
24504793
6652695
11395869
36392827
12449326
12426921
24169971
5299309
24735398
7793845
24171999
14327593
9775803
6770028
18048732
35028563
21555989
37122057
28564172
27210708
30185171
1709322
40582491
31785443
4526379
20143297
26261325
21868348
3112065
27692717
2752590
14017439
23623761
28235908
2236189
23948583
39536892
20013855
2905435
20362285
531435
32307485
19769745
29363049
33070991
18923792
38582465
26929504
18693690
18258213
17961976
2601254
32162976
22517696
9270436
12624821
23286551
41372034
38359776
29507332
5490016
35431309
1596892
33523934
22628058
42967320
31918898
9291985
35640713
8315735
6272174
12662112
30969841
30876555
32354784
7277744
34699668
11342484
2623342
42765432
706584
981363
24144871
16730499
347857
34821602
3190981
36359099
15595904
4556342
7787614
16976597
15683018
15950697
24041746
10279259
18082620
31496509
36245771
1852093
19872438
8206790
39768503
40108137
13988363
15371727
15499603
33915351
38927100
23706194
7530335
5107065
17470965
25209211
-914239
4616206
13534843
41326136
17607089
11263539
450582
24681372
2623471
31446419
41943058
7354844
8173320
42988331
22745234
29805618
5510082
34246382
11892022
40746309
34919657
19879767
41703430
2098035
26694930
26782193
35723820
15268870
2088424
9083758
41478410
1059318
27497811
24068445
13568882
18407559
17183353
9295446
5293910
12686262
8156001
1416008
29068058
20534419
34127839
28747107
27054729
10930356
9488569
15316526
21307019
40770848
6821950
9082231
43441133
13596873
6286030
5840962
2083967
9100081
35445678
26430171
38364890
36481866
22094778
42066300
29529320
3951933
39798408
1313612
31275725
7745429
31201513
9611219
12590250
5907085
3580681
5486505
14698119
1325932
36537035
29412487
36139005
38257003
29308732
-303573
24330248
42039241
43028898
5539867
37665676
30603264
35656418
5728939
11445972
15513211
36164087
30297494
16836086
13533220
30893385
27904390
14031446
8336127
34140794
9339715
6581139
27507985
14803310
42770203
20932992
39045111
-971625
19707957
33565905
36125353
38845938
26866754
18421717
4333620
16275798
15857089
19802941
10904620
30788466
21958812
4639374
30114234
25078739
15428944
18949884
7889563
31270305
2859319
3882041
13337872
16331368
19103059
12265421
1258684
25337058
16415899
24123940
9666902
9997552
24402952
22201507
35564292
35108858
15942669
14195201
35811488
43193752
8491334
17971173
9135402
13968147
7998209
31104775
13814374
33614259
43208116
34558777
36580760
28831766
3767705
37330347
22159919
25246606
3316492
21818529
31714148
12546994
7678755
22509645
36831070
1344734
20117787
15602584
27027899
35723046
43270204
40262252
26523942
21724331
27132167
3393018
17512539
26305508
38304880
15268751
11599523
18606817
4711728
34644002
11846291
16691668
29764391
42933420
29506397
5420410
1719359
12005234
39749576
18589753
34383503
-878219
34886531
19574465
37394174
27625829
3380088
13887267
12096117
16213707
13410590
-385091
40470752
29063079
9972149
38606316
7816241
34111866
43313764
10336301
30432434
32516608
39557194
4285080
16840604
11441273
27623948
14558079
32690881
40063660
20192526
37421808
20536890
6108242
5776235
26192533
29572686
39928429
42703203
37653971
6722802
13580695
33805029
9162745
25167317
24998962
10519209
37213496
7590016
4760941
19453299
27990715
27565584
26198776
40586420
21778112
42303638
9689080
38603517
31449320
35390714
29038814
20311696
16097979
34602788
23938982
38086897
-178853
13712223
-195151
36697635
22558555
39990216
30729247
30043739
17736301
29789410
2863781
13663185
25184244
18475626
42647082
2197259
30348955
32867774
18312803
-387871
41921658
40692586
33091202
6394933
12731419
28639998
15682031
166782
1010388
27078026
4748991
35195184
7555748
35592801
20763484
7840068
10902926
42279291
5385365
11233192
2095784
11190827
6608153
18625816
35352242
978230
28636516
28141053
2766936
22442935
38522559
38205908
4328537
585988
21810027
3261616
16666347
28992219
9228007
38623844
19556080
28971481
11650376
34075807
43281447
30511170
17858920
15979276
35848330
28589526
14440970
4116155
20725167
38047975
420034
3990723
18209164
25422356
12268621
34030836
10838806
18484065
16827127
27930105
37254018
21486127
20042735
9150853
20887189
15322888
29264744
9464199
6875452
38756642
42415312
15343203
23279187
36096051
27709514
38052328
20070807
41102626
26132450
29659972
18338984
35312776
9546555
23333490
25003181
12799865
11900392
27802448
33890682
10037849
20952
35571187
42816045
34769199
11796695
1169207
26821876
43039474
14638601
17597465
39983879
1886758
14025048
37111670
8665678
30550945
16581018
5740698
40911923
15971914
1474658
10841385
25437209
35691517
16235409
17037568
36215832
37366243
3468205
38860612
17048117
35998352
-760376
22682227
947644
37301100
42144258
3466815
19608284
6173055
23881943
17829135
40070455
14294181
20722938
29688641
11482700
43248640
24281183
19441659
17185188
17109701
25075157
4460111
31556478
-728669
7408447
29552595
22794773
22476532
15895069
11139567
21952465
33776796
28094732
1683593
4051275
24142614
23289353
17390965
29398348
8626717
-940337
18073409
3459932
25971564
11906746
19196393
41176589
36069179
30409852
17478988
35663946
23395866
33425039
16393190
12725971
7075845
25077389
9421740
-1578
23440830
17102416
35785219
6946372
5690343
22391734
20248562
14593322
39880541
16497136
6882534
879663
23902885
37879274
17358887
15565997
10287285
19088320
6622770
39079112
29322882
8873738
28410325
7895693
13767290
11128029
2536327
17703842
36892448
17034655
33565910
20685365
42014492
26899784
17963169
12275211
4324911
6332072
7459302
6039680
1708590
14066006
7236873
25969828
42933391
6040416
33745133
1625772
5908178
43132063
7863607
17143857
5061531
19273271
22191195
20243689
4754624
2461214
25347023
34274248
40126755
35460039
7514456
12281101
5075594
2985470
15571616
12041601
4235586
21371383
33039945
15028459
43336026
10647605
23173893
40106408
4248472
32684535
16898130
15923882
3126325
7712838
41213268
38774696
5767367
22603985
23420037
23808749
17125378
12964579
30564533
17513387
43269563
-954777
17004304
39604470
25334942
373556
33858361
14465822
16747183
33686364
42139761
11817439
13742325
7496203
15740918
3017320
28225010
78534
-633848
16662872
17870813
22148998
10420434
21305065
9583876
12928926
34633998
12696029
15734774
15610686
9616505
25170806
41181443
42225135
38417664
37582903
29905963
12096188
32091545
1672541
21022584
9969380
30805680
19737785
18647715
7266950
199806
17762449
33475851
9924403
26302626
8855531
35714216
35985395
15780646
31438468
13770068
42007733
26629174
40592450
17309394
39262536
10221829
15203823
33158204
42874396
28659534
5794669
39740503
16009228
6707332
40331155
13289452
4490104
26790475
41221601
5519473
22120060
11038736
1667504
4499479
41167742
37456820
24769121
29053262
34590747
38863172
1831439
28246727
42994310
1874237
32621237
18887847
5829859
9540917
20567790
32874690
15934212
17947877
-903500
19530904
11377671
32021738
16183722
9837505
28576628
408442
29792830
15123164
28503181
3833955
13076629
31172556
4987040
4096472
33304574
3590442
25318756
15640738
20950961
31357487
5022450
39218031
42262435
15712237
16734198
41316339
24664423
30831815
14145298
39475136
28799261
2898053
27272203
34842471
27974989
7648418
15832181
27304023
20768338
2527480
18624904
6471412
14640692
21856578
26096869
30643428
35954575
26269430
20016271
5545586
25390648
16220781
18919970
24213987
4341566
2359942
15158765
6478345
-909364
10292965
40732037
22095472
29110331
13671321
4620055
4053471
18511703
24049783
22161233
7876027
29434612
14423967
43152515
29814554
40496947
38542001
10673908
31012720
23409968
11013284
19751465
17236064
35857215
42501517
29836042
15722275
5284615
31017814
4427567
28530066
20147928
27677777
9041098
36896956
42835423
5768445
26975529
2184591
9889075
27271494
35182364
7997969
21809762
1518713
33412364
16090441
770874
40805489
36168955
10214913
21222392
33928433
4639825
433175
-287343
771114
2675950
28517807
38856736
27321230
35996432
25898354
18844087
18905545
33836329
14381544
25118048
41646327
26925366
-762931
3159966
32026779
21377205
27870601
10292871
26839161
6365979
14882186
23338546
42237385
26652247
7454137
30365433
28053743
12055213
35860998
33494789
29539287
41358835
10854956
1647927
29327034
8442336
29746932
24762778
10581399
42508386
33293323
22279830
1376565
37983148
40190628
27464280
23907373
21452672
42423088
40474457
10714692
17651821
4662919
7275723
10602458
23702143
6071922
17525572
39059005
29694185
23846029
33560338
27333383
10281509
18663980
30703955
23129908
14288883
33913053
16408874
16332867
8460253
13410389
37114889
1249730
6005973
15789966
8730335
27664706
41773551
22321542
14963998
36254345
509681
30842168
37201853
15927017
26382090
5152865
34268818
31115413
17881778
1620741
39335022
27941585
-347039
32513357
20731055
21781018
26788081
30349503
-443377
41414988
9002960
15475345
19531178
124670
23912395
40727772
3203574
41526627
22004524
6549060
32975071
40364446
17477331
31571390
10266512
28572469
4406753
5706427
20326734
5846200
11232159
31197907
24718499
39680463
691784
29942693
27801766
172458
34852793
21301652
13946934
29339126
23192603
16594668
13693521
40538805
12705839
36198772
2123435
3037440
242838
7575983
5790641
32790202
-494060
18589827
31458188
24946312
43080281
21550660
14108283
43220096
30453635
2589487
41888269
-462649
43480662
8216659
16366632
12120557
5857088
31653900
20036401
31917378
11349135
9928086
11580265
6517268
27352697
24442689
40245507
27366158
19638355
28769589
16199505
28227137
32653772
19750677
2101863
9440050
28398824
16025405
26340438
6029175
7005901
-123578
10520576
13162468
11855149
4029467
39290077
14102037
8829489
6449568
26321718
19651987
16570336
5263918
27580028
41002951
12416943
10703716
13794740
24872020
3061394
9298477
12996376
42732163
16359401
16904591
-279717
17926216
29274601
705766
13608311
43511836
14147142
11519192
33347405
39043753
26238741
32782815
22679083
32871638
37366389
21736707
17235944
11539660
39183272
38316521
29209031
7728835
43293247
33653265
26429515
32234178
41912349
30007559
34929657
31262770
4826058
13748787
35576615
28579266
38571292
40022213
41472079
7903740
25835331
28863845
6394334
39862623
12019967
24664167
34719122
38584524
24903574
34932380
16132389
27031644
30628105
28610383
27095535
25143162
23902790
20489021
10703211
32810791
17212932
19199744
-251959
6553701
12551965
21074671
11770307
38297884
19569449
18727680
19673627
14280225
14400729
39968181
33344244
1582123
23535994
4042099
30852881
30652619
37644086
17806177
40017446
14097159
39158778
720253
40890497
9824783
39292718
7304208
23598968
36456329
22212104
21812040
15825946
5628327
9807090
33295501
24408691
22782065
14291372
25716543
16141092
28720513
13910819
33631888
12494363
24910111
6617808
5142162
16144932
32652357
43188368
22461145
43149153
23341566
27048606
39450292
17159070
23970811
9356865
39331572
43092147
29180978
39225380
8985857
20767955
15626398
22991395
5181298
35608387
32020446
13583623
16483447
38697446
31425677
32958809
25224829
18556499
23112961
34348618
42129272
-417749
28092925
27724946
34362882
13678925
29449796
7595704
16734515
39662526
26222277
-96176
21362200
34494476
36710004
12420142
11907295
35109760
30069372
6536642
24648559
3810724
31282299
15167593
22358976
14574887
24410055
5159979
9631368
30004709
11186072
15848535
1566013
40941160
4515292
28514586
41615070
14781692
24215056
29686396
17716713
5227707
16456937
14895037
16936470
6599666
9920443
14721119
35197381
29642005
10205780
18839677
4906802
6052345
23575703
38596434
38705526
27710785
2646781
2058617
5287281
35424081
-362478
41290978
6802785
36050215
25438099
21670744
31527031
20286542
34821258
31152125
12691976
9806728
8605576
3495348
10461999
22404998
43264890
9362376
37273951
36911342
23678159
9443044
24649837
19661623
8430192
14875489
6134221
14503204
2026368
6015036
7887763
5103257
43079035
32450269
23683807
21970896
21889960
36519273
23846600
32378883
27918919
31870264
13959558
15165858
37481975
-396595
16869934
8243040
27709618
26697657
10517405
25824075
18006133
28026911
15228952
29646341
27895699
15965526
40328556
16804889
36135594
4540172
5674962
1773235
6099864
6631843
19207572
38994716
1406871
7337103
20453937
25609418
39722458
35609715
28304760
30718321
22122213
20130897
18832909
17974413
40271536
14529929
36467027
33393142
4642763
19351628
16603234
2673924
11806883
26475302
29500345
30549278
42550401
29814634
4424705
40508203
148675
-55300
34386779
1413275
23792385
18018542
39627952
31511960
4441225
25948016
31455424
23155205
23713900
37029662
10045226
38130375
795394
38282089
-718818
20356201
29615962
17472839
1360436
37353159
39664340
10843156
43421182
26959633
30014752
731254
30627798
40467620
40365133
20380063
10360945
39131855
34737889
29360724
2213398
18436587
26024209
17096717
3427147
16653365
21853002
26312587
10305064
33268849
10551347
8001617
28674558
3875706
30872251
15302309
2299788
25764188
36411758
1975187
41651543
8907359
38592436
40298116
37756973
26529875
31907501
3670114
473241
6473949
28922660
19732494
20296575
19896965
31156725
14364703
30148085
16350613
38740561
19163063
26487916
8948036
26275613
22676874
8017305
10822352
31287678
22641925
16008441
19682659
20516672
451594
932843
36619265
43052699
4260986
39081369
36625113
31943255
34569914
8882616
8521524
10255951
33806165
21745494
8854526
23513235
7355820
7588879
6773078
17525741
10485323
35878300
24221779
26051512
2343768
23315051
29338587
23536743
16948037
13907434
30511564
24560505
28761273
2350408
19997598
31851546
34974521
28385999
7849530
22712431
4744338
42882541
8105475
9626671
39785047
40698519
20567824
21926712
41074536
12002668
6334641
8755774
24467095
22526241
23184794
42486640
9436050
17202977
30489968
14086979
8546983
39340083
18751165
28835953
18219454
10883774
14229077
31969103
7323962
6272804
20114877
-307658
7365858
37632692
41982103
27238711
40432871
31133152
-219749
3658184
25780582
41262565
26248443
32324498
3231104
-130016
8878586
1403830
28282682
42584924
35875686
19610038
36892106
14249932
42299000
25981345
4087572
-448864
42231785
39276037
2231961
9392845
28280428
22829453
35524031
20605503
32686139
8049443
10315543
27753660
34210668
15060066
8633575
17628961
6652025
2432369
3486453
23356325
43481789
3286495
39389002
19969049
43241031
37729498
4533444
4985209
28700661
7081001
4031428
11099554
-560277
28291230
39412446
34391382
17061205
4515198
466158
35203514
18689320
21662039
34428088
27279360
6025798
7291369
194452
12644957
2134453
9121557
17053293
635106
35067500
16105522
5318163
27257721
7455628
32248669
38641433
23787238
14750958
21999655
41664918
1858898
23059347
30872554
27669614
37520396
3944624
29023871
14679009
6674964
39924864
32706382
39262692
8335489
42628540
34781253
38676022
31804175
26253452
19029541
20081769
27206079
1880725
22143568
41850973
4330498
22355239
38771015
40488535
41287527
38998984
21388040
43456786
21840428
32942987
2840463
10803903
17855419
5493078
32623811
15071504
1777085
18277230
23129487
13157487
28248309
7228308
13694411
21064775
8857063
32653227
2176951
37387069
39791994
41864463
22740502
10020087
14479192
27462960
39304623
39685807
25067118
41917862
790929
22288387
13365852
35484183
41778243
3818953
23902488
3595358
6362620
30151987
20039486
41707136
16510779
8651493
1625805
38709603
15314677
38050444
34930533
28016312
16875071
36210535
33006142
24335660
11157393
14407654
1665531
13086143
35599611
20410811
42420369
9409471
38211150
20905857
19054097
20094010
27986131
16563951
15051701
25598485
34662027
695072
9152486
16324925
14597066
7618794
6337362
11784693
25538632
15252252
33213659
30379888
18473659
13158234
23299161
18046303
27154511
6141958
29144231
6221863
17442568
8036567
31374195
13096101
6348510
28777244
17434121
6741090
20362291
8933162
32870999
5467623
7151335
38272958
35010919
38562678
31070369
12577565
19969624
28188514
32397901
40403028
14651298
30721251
8023174
27006530
37082860
40923035
41968401
2675407
19103129
34165701
27176903
31553605
909338
41294291
30464662
-807078
31348958
2457268
25075850
27589407
38033474
38682974
43203369
19460522
19511080
25360593
37881609
22629778
1244463
34693209
24946187
9378470
25119198
36092486
939006
5397351
4580496
2238641
23347445
27406323
22201872
41324763
16444781
31545498
7867102
11957943
35659691
21343745
6461683
39138284
9832968
11175493
30514700
37740633
34176201
37880304
9997765
39926277
28306908
3183437
30188481
40026288
4571311
12988893
1164339
41940712
312850
1898615
31319727
10637884
10900191
24007493
29330487
19637685
20421585
26096905
29355416
1852090
1722205
36376982
7169932
26913793
11681053
34814893
9857558
31417316
5956191
28865162
8399953
3518566
16539527
31579938
4574647
8550353
36112200
16267164
38997405
15915331
17722228
37020983
21537188
40184678
30661793
1206453
38341862
9734132
26616625
18025157
8533337
10156647
31140963
34048425
16852777
34644186
296976
14949547
30204161
25856483
39290425
5358279
35679818
32992851
37008727
41515823
19724126
38605253
25391466
18032518
23651518
18133827
32456584
20502350
28052745
10518537
28965580
26902107
22500856
9825881
38749729
3583293
2334391
33050645
19063446
340486
7283691
35375778
20287283
41321869
12930120
27265694
28442697
5467805
26057059
11949008
6245683
33296753
34692747
26446673
12918756
9989475
33146332
13805554
30231514
11396357
2760517
34390422
8718638
24401797
18749860
16194429
10704411
39202466
5576696
21531643
7109368
-465014
34098771
7451761
5576659
18630460
23431275
12266493
2075703
40626960
42762426
18209148
4693513
33551045
41426019
30256993
43269264
31285036
37982015
10686117
18016621
33446764
9740693
32571729
12831838
2863395
30397035
19967894
34653974
25736777
29233677
26610570
22687270
34031626
22397914
5201220
26305649
16726954
20953995
35242975
27937638
11739283
15114398
41728501
9458239
21709040
18714410
-16387
9330198
25909024
5708708
11154406
20861329
26767395
4604195
41218621
39827276
34975500
36841539
35652641
20097889
5268582
11636951
26618079
41244423
23655258
1162136
17429687
9645120
28032845
34762396
3154061
3893317
31809775
20998641
15886267
8289264
30886723
2169394
16263003
14058755
32796003
7264003
23180245
7952394
7992157
25824667
42196157
30386688
19379766
31273140
28579038
28171252
25951558
20259540
21128958
40159819
42046400
22946482
9725770
38732713
42801122
20267118
-445988
-995292
31572807
33455234
4416299
14806612
19843821
33201282
38764715
21664672
40080510
39022789
35165098
28908791
3150445
18804634
-577609
33261150
23016603
11308020
1960591
16367888
12364771
16905294
25391191
25198463
13480983
17971672
25686679
21525236
37137352
2243952
4733496
617513
26860304
19712508
19098709
26973099
42100117
23073668
39329316
6743081
22197505
21821096
34907011
27373604
10827883
7580958
13415455
32158749
32053430
27345457
33371722
3115429
1315285
26909064
35554610
12379143
16949697
41949113
36727827
22451670
33800030
29520230
43286188
23581336
3676534
20524141
6612767
14866529
33834552
38989278
21896610
14436537
42818417
2859470
7945481
30525797
28548202
13823777
17889162
5948517
25061929
18996867
41526630
40737960
5434724
40517395
36921803
33997372
40559606
31244805
32543918
37400938
38577805
39283437
31225939
7158606
15437447
6548835
-348534
10965904
33962342
20935005
3212067
22187734
42120913
17298545
18634400
9877727
31416297
10734380
39113205
-292323
7399640
11493957
2762697
7352760
9011803
19964272
3025858
-146876
7810815
36174477
1364693
32430222
37365584
4891355
38636558
42510917
40846568
28344680
33292806
32171634
18569563
23521892
-764291
25933867
32091874
19171401
32115155
29421928
43272268
37307564
22233044
-954063
23542230
37987566
24089480
9764196
1695741
24093030
28847379
42401591
23952858
38397247
13885601
3780795
19813450
31984480
35492019
42990276
37354014
40081073
-942014
18630829
23315664
31730413
34448965
38004528
42153763
39613425
22751344
22094292
4274786
22907790
10067801
30316666
42550313
41164845
42382993
5019998
21515997
7847142
33287641
25512204
35936525
21744613
43223269
6798634
912282
34902157
35741911
-215896
-657992
21325526
32254165
20408712
30189224
22726435
15048759
19018462
37002504
34979321
12838838
6831185
28456190
15117912
21066514
22782246
20098198
17651522
38876810
19046149
17912509
15103178
22396977
38058709
1905149
15274320
37697271
39844278
33123010
27537440
8378789
25198901
15113443
-13607
3492240
6834446
14922288
12132519
29525830
6486169
33550427
11233745
39831412
13533979
2335963
5283755
16858617
30292566
36588312
24088394
28390793
30410959
29977912
24672324
3373828
10056522
11347004
31520090
16840098
28383865
26442498
11675275
19091194
41663674
12470809
24044592
28446294
22574586
25363118
12892816
13302983
18922914
2404625
31049577
18590628
14459484
4711871
20120
6953893
11579917
2904577
20445764
12967669
17319704
28251039
29380070
39927992
42774349
1633773
3004845
37130335
15115720
33314593
12429326
28061991
34499656
26713163
22914858
19911735
11201022
33867787
12339658
18050086
26009233
22805081
25258555
2742556
13814545
31519592
4724773
11679280
38204468
35871253
5686517
18387544
17322749
28794888
8291148
26744534
17951003
6815725
32969296
7217596
2122241
23616740
28901634
4396225
29677042
30710666
27214943
41553473
19893606
39411405
12258487
5765206
11971621
21023638
12370244
30075000
25503864
13171616
118477
37648698
7602794
18802200
8079158
4405740
27786482
4059145
5453453
-455912
33908336
37877809
10918114
-140601
25439516
23965789
17882209
39186027
4726349
23125686
36919379
40530588
31291455
2431848
13076139
2170413
14051600
16968829
38636653
34981113
29936900
11429363
75714
5296037
39750253
30543946
38002906
12505888
41236599
27906304
15364654
29308624
7472020
28872042
3872521
34543597
11889237
42506659
43118759
7415648
43363291
9683811
8161062
38765260
19757280
35036552
3635940
4714193
27198354
20959120
6363779
14213740
12612998
546052
14670734
15278713
19192650
40010794
6465437
15271800
5928276
40993467
37698894
3649213
6283182
23477656
11596077
13618351
15900473
18574105
32728509
3067222
28362962
20466699
34873212
2786412
40360519
25567124
26553693
6523289
29790608
2985038
5345425
19373061
36424721
9928981
33059811
32219858
42603060
17033551
10412114
3164388
27401776
9443076
5903739
9507743
17267904
41524076
39589116
13640337
12134323
4767388
42667942
1912687
6237051
42513984
5551387
19307194
22229577
22203227
23119737
859444
558450
-637032
36470761
41781775
1872560
33331829
24652499
17232786
23208290
35453556
38275962
7314390
2012880
19872065
29917734
35937327
42484478
20828458
9501053
28542579
14040686
438125
13051440
12435309
5147787
29796947
10467405
6924824
12645868
13304318
3598710
353246
16333491
20546203
42514948
26250514
43286891
26957811
6695112
19076625
40253660
-591021
15026285
25944803
10477086
40012371
17673836
2726015
9020195
3815180
37291776
2716588
39016451
15182228
17529850
35767203
6248361
29397294
10385392
39817434
34533351
31391280
23508359
27901233
11037022
15867210
30441273
10700141
43282376
41008040
17412712
128540
31562547
14527276
2939603
15151450
15175693
24342238
11282572
33311043
14028454
19068860
37232058
24317527
22470310
10778157
11439475
4898909
24008899
3475239
20602554
7197428
43338653
36316099
3398009
18832351
24914094
38510234
31160974
23187058
43349186
13988635
42656228
23514564
15003103
33632820
22948556
40789732
7245540
15047156
31111387
24151578
25828865
23356819
20095931
1245954
21163334
4874237
32969974
41341789
1311580
32095331
18200023
2139531
327760
23277868
24185497
23085261
17495922
16738042
43248107
5602114
13910875
9260914
30431332
33605657
19681181
26777681
28369581
30876147
34184442
14553884
7123483
23318461
-801465
40022418
14531160
12337285
18379580
1625600
17917283
18007508
4033339
37839829
28140688
8840033
-58212
4932005
10723902
39547321
29979221
31430309
27382958
3233438
15375645
109773
20961920
38327790
-846713
30907782
15089412
9153409
8131539
33019240
24749678
4904705
9707129
18018724
21799864
18230231
12286123
30831741
10756377
2838503
40748716
36794498
10877511
21758295
39250137
-28921
17252682
42405955
23028851
7869982
18196451
8546354
41046898
11366337
42607186
23781925
10763159
22608206
38179310
39258037
26816277
11463012
20304005
32808527
28556123
4274239
38590995
31956575
15762239
31436169
36960043
-769623
15181932
35118505
5475729
25684118
8829933
5983318
38866345
5190986
12836614
14060374
26545177
22451464
3602276
19546511
3671392
27294281
6121479
26220014
17438455
28278506
22723397
16618611
23421398
16179900
40808916
30085057
36898161
32573297
25444390
31990808
23067849
20919230
15763993
20009907
19321624
27594430
26690692
31518023
36870961
10146067
17346914
1438215
11017978
34716363
30665565
-871470
30171924
41483699
-479144
28320079
33605909
26251439
8884697
6224116
32451734
19552145
30619782
33154318
8604324
29594840
2112391
9935122
13626257
3636640
26981948
8146359
24302258
16791050
6954299
8645564
37366909
18753478
24137738
159383
24441031
14999709
26411254
10751372
11795761
1756728
18696967
42903489
2883293
14865061
1078941
27780583
6400541
21267323
12600469
43524694
1683415
10689337
19811947
4008200
1952148
26286823
267137
14981345
17205546
5321118
2084872
30623593
42642854
6844708
26053147
28458238
15309640
42310600
34563238
30378839
16164098
1255636
34782632
30221183
13259887
28429544
17813887
22768432
2868863
33832461
30308699
5456919
31499030
20630691
23410314
23749450
39313627
41235049
21172837
13228241
12276735
26992082
16571221
24987724
41133511
27658015
40131126
31178453
27628819
39331855
13919455
232510
9181055
24407816
9455206
22468663
12884678
32373358
15773493
18972441
7983112
5131340
37200163
41194114
35855641
42640764
21440127
18439898
10177093
26518470
38649643
40391178
30625027
9124282
9257324
5627352
6472138
17108711
4981045
1759328
29899054
11337905
23351699
1417561
29169020
15415701
17710007
3251817
39856713
4405798
2594732
5904634
20077254
32548701
2998628
26191308
35578732
33380686
6143618
30083388
1859877
5237694
34136563
24921766
27916451
-396079
23498166
15327622
10343290
1823864
5650161
42299820
9638695
15451055
18239648
26537676
10578834
28910433
9510309
17255880
32556451
33901882
38082614
10684457
16632708
27851290
39114638
30603093
26141226
12512678
9885025
13690120
25009966
35638521
24610289
22890888
17423900
19141286
11555578
12103355
26297932
40183937
7880617
40171448
4448511
25437124
17808811
10556893
32321453
9186319
38056783
32468334
36642500
31913242
5742914
38509865
9826491
30181380
39380096
7161594
12817515
16601743
21575495
21789654
17230180
38682338
11964922
6668221
33755639
12406000
39050874
2952000
14639235
15222047
29104943
10515517
847150
1720359
64923
26538455
29822964
18337370
2898742
41069648
13318893
7334997
6458863
30700437
43382109
27060153
32587703
3969884
24037850
9562389
13227854
-931836
2211288
32961895
42985272
29612651
12959270
20537111
12494267
13898447
16271792
33367348
506618
14023936
25463704
20227783
18255320
13631272
26085317
29764871
4901059
31245399
15515701
21741731
32094650
30671212
8150782
31337303
36042445
18716563
36555221
1056945
15954831
7172165
-228815
11813264
27268907
16733878
2894960
40617707
9209067
-150688
14552144
41327811
27366957
18587518
33420876
31662244
13559641
1287775
24712338
38999931
32869860
-283315
19376861
-437549
43525552
21951546
3906841
8570801
19227991
18829615
35109194
30668597
39126683
7293023
42746875
32688923
26287579
5107199
2530646
28749957
20365066
29066595
39033564
6962030
10126116
40937403
13142312
8536507
27937289
18715564
28164366
6638558
13889374
2389332
28759715
4581059
37494991
2908824
2690918
40191471
1373312
39955734
35298415
7998065
2594593
39504393
10145959
36415707
33106807
17094728
22153426
-708422
30013353
19552434
20051878
26534735
31461478
7267041
7490107
2476456
42785803
40035704
28442450
36076555
12943872
30109873
-923938
4145124
8566750
4782642
18620346
1110280
5198026
34041386
12375121
34818922
23352846
16198803
42590842
43366236
3271166
37744733
28048056
39381650
9999091
18975748
24894579
26913513
38997632
32826469
25446406
20163304
33978738
2216910
24904289
35671251
2151163
1586012
28897805
41516292
28092204
24852075
18428418
21397323
2262859
28027325
9507569
36669149
36502754
32485539
16880859
14780483
10253341
3593008
18000159
39996155
2437078
17657888
41581879
801814
6802949
40781555
36533360
36459622
24225038
626124
30506388
31269522
33157306
6555233
33953046
7864204
31809220
15943115
20286333
20600124
37590400
4658445
15176128
13130697
7070083
16344509
23934665
24341123
10021954
23950339
17288722
8521416
7675784
4260342
25041089
15625726
14225353
1663284
25287511
5637402
36259301
30158018
41080622
43273374
30385609
2557761
16469766
21838440
39889786
20045843
10837899
27932400
38104294
17013793
1842250
39258240
5778896
11541758
13688418
36570113
12450568
26049344
43029013
7144618
8053716
25179910
22769239
584430
14517061
20628674
11947008
40019512
9429291
18033671
433576
16237134
1775129
37777453
26716554
25505257
42555856
27810416
14776495
11234925
8748658
12970274
23575775
41433149
36748354
40438088
40918408
1337344
41068622
24494058
30727189
25125269
12394502
14683371
23805054
6351303
41149247
34376892
4970003
3855457
7432155
20527244
34028565
-190865
9290844
28864935
7785372
22090909
-503136
41816413
14478935
5153292
22019021
5404791
35929653
36950549
16267642
38766503
10449282
39710269
6654363
24156353
15564717
35635890
29250947
31502905
39321630
-727994
17590833
15005705
30132278
5229166
17441082
4895044
26872192
27707708
30686131
37680277
12565503
26373208
3148280
1010780
42379
39507922
-538343
-407857
13651782
39378128
9276011
25110742
404070
10608199
17656900
11943117
659980
42871511
11768256
-952595
32420443
3306165
7516837
6470952
34527033
3712185
28877370
5003814
27133453
38323212
6254244
10678642
30978763
42710208
12423989
35354270
18531318
32623317
4360902
2441403
28680726
15992225
37569540
29271324
25995477
35057161
19340740
34456842
15305999
32639491
29780233
2866562
27861270
36381434
2258520
40726833
577414
8227546
24042286
40382115
18342316
9018258
38595115
17670514
27552571
23460291
-214643
24238474
26479443
13388158
1898445
4077748
20841888
41116006
5869557
9909282
42300089
4457954
10848171
20319936
4928948
30835420
9910962
39960046
28626694
4894999
12869815
12771555
25392518
32388150
21688237
34841515
21759637
33475143
6371422
31386667
34319652
11573723
14370829
29726268
4371050
24909865
30542798
14022818
37693945
27768350
32102041
28120021
30528533
32267695
29635673
24380636
17110662
26182127
4548751
21708282
14411016
37532289
34612422
29215174
39577016
38808058
826550
19739332
1034863
20473112
2931155
552870
43322313
17786307
30516066
23410874
21055408
36206555
11399547
29097918
37792255
25131806
16114198
31712585
20127030
18495743
15120534
13258246
32100836
37374197
15497389
22947917
1626229
18175256
33929547
38128557
43235742
5190032
1255379
30131153
3094748
28636796
19242980
13120980
23363149
9404797
16749393
20504570
36309077
35024989
4666302
23993464
35688526
30255620
29530630
14941636
1602832
29170907
1204819
23306364
19819978
40029819
42051406
18896267
18378492
17204131
33962359
33909237
19220763
28335339
38605961
1050306
25064296
20547087
31870475
23925799
33263487
4364505
12972005
2322441
10157204
6753955
11593933
16430215
19575673
13806884
37721317
42455499
33374927
6044787
36349171
34460845
4418623
41746089
9246481
6707887
40225466
16471933
36344114
14428011
37036685
24633670
7609191
15481488
23429792
3418874
11276646
29414630
4932954
14892744
32584995
-883639
32850039
25459852
16801561
10543244
33478169
29801926
41226595
11850973
37992181
22718851
8309162
36715969
24058600
19280600
43435092
4679450
3183793
15741230
40730026
-656604
40292281
18808777
28509358
19404504
20263999
9233531
8251980
35373261
2529396
34453282
5213982
-87602
2757637
31740907
30525723
561941
34725456
21515628
3087702
21813352
14932525
39578536
41409246
25516893
10097609
8540763
24508905
216140
14741574
12821798
18798427
18461659
36174276
5138261
34940867
21702370
30232716
39180252
38151335
35214806
2017878
34442448
8216228
-50595
36413393
19330012
23977015
14577984
7055379
24581137
30643539
22010428
5721827
2103522
8993148
21553284
32590126
13237689
33036057
36668171
34791356
36280353
14666759
20747443
13623202
17288443
36103427
3643754
39706879
33844280
12908413
19206473
11380136
35132835
38378764
10387084
1254558
14177602
12761161
15168910
42400411
27589743
2739823
11024304
13271258
444893
7992389
3230699
34852939
14597946
39326601
9764727
12644010
4447143
12381126
5433261
7195511
35880189
17354191
16368967
14610634
-390129
32257849
42755232
30536781
24923065
26536961
33761763
14012181
37940091
29434357
30152968
43141417
10175782
1196832
5983187
12452778
3053448
21427968
22031530
32845886
22944485
31623445
6583625
22222671
14543930
30247423
23635644
19230637
29201640
42129995
31479277
22100259
33228039
35220040
20792684
14301854
22348829
39742030
34753033
31508547
14243406
16248387
31810298
27142607
29362724
926313
27405105
34640930
27788622
2729636
23937623
9334210
36113834
4059927
42695935
19157478
36791970
7102276
17490707
22999721
494212
31122373
42541246
25495990
23513542
9552063
32719927
37901771
34483042
11874677
7096784
26415532
14103359
42183459
598174
26215807
27755538
31258702
19591630
40991586
29120028
26048441
22237422
30987891
24619351
2003376
41364891
1188322
1168243
29031207
31290592
30939962
16109336
1257605
14862287
42592674
12534233
19756002
8829260
6318027
38828563
19853628
9917583
4507964
21745151
2394599
39607417
30459984
24091594
659398
13336736
27968543
4916270
14699356
39080029
15439159
9070899
4805979
22218210
39824180
28670852
26047773
42133887
21759351
23693663
17779223
16508504
18699603
36330155
13832580
32054045
14177680
21060555
22158455
13676764
29617284
15577042
-115641
35419532
17481154
12611979
3313964
40168220
20323759
8299044
38082479
8231473
36446206
39150636
41737650
305750
7188418
42539257
16671813
18354861
12614463
37968729
17183242
4227505
18020074
39702485
41999694
2501893
28343958
24775092
42632293
14776088
41118777
16264927
43399356
35595422
12563608
35084596
5366041
2098503
30131190
40104732
3417996
29098783
22639339
39109959
31057582
21335826
3960605
15218716
29119933
13473173
990781
22670047
5517617
33715179
1371792
33675738
38493284
41093174
36537537
11597704
22743727
35219986
16345474
27515701
42371689
36677841
2763434
-498343
38010777
774782
28871622
33952849
8966042
9215036
10792222
25971809
2465736
13694407
23556713
-446084
19123423
14170166
35288627
31682148
29704387
20963656
13967057
12251040
36180777
19062494
36776272
38740567
19981924
21584102
39386968
31671848
27759600
-344575
17412976
2686285
41212377
41110558
34092850
29769960
13425891
14397770
31549881
9309457
22393028
34098234
31906764
40818199
43389296
29687667
36157433
8440977
30007666
18131195
8857249
4634991
16263713
131110
41787077
-172924
205359
18325083
6310926
10230198
1822121
17394775
43313021
36904083
1414347
9682475
35738379
18473009
9413197
23206757
32892413
32442310
15598477
32804062
1617572
31049013
10115282
21506884
4281870
32068312
10119333
39187131
34028885
17451208
42859455
-751748
14604084
35636054
1977210
28475384
36023601
22044935
16718495
5848603
8259650
43146177
19514085
21235879
39275123
2076829
-471900
33722537
38068434
11038935
18323354
29647683
42939995
42986422
17046475
28020346
37060414
20945622
19617843
29166883
1256495
27624158
-309621
374002
15039926
37196617
39745899
10153362
14784771
21699062
-912341
17597853
15227798
2550436
26277281
9262671
7793206
6878303
22117126
2343756
31858738
16280755
17014830
14770623
19900019
-433620
25253052
43166416
34563928
43319329
14470184
30553862
17084321
9279814
31262926
11978834
31472593
24659682
7661602
6252476
39868285
35498922
20051588
9092676
9085048
19735008
8595631
18412165
-278219
-460818
41416056
13188804
8835948
14034499
11622965
7113462
36294323
55412
34809576
40873310
-957427
21886714
39982910
42248760
10570706
10415323
7159976
14502121
21758303
18508427
13739341
464629
19566652
11601525
26092762
43136107
20489463
29324444
23846660
5998833
33471923
18174949
5188590
26839901
13114060
10190535
25061551
2477281
23924518
13207949
40053149
23651680
39258747
15860172
39011238
5407802
20668216
11944987
4312606
37222106
13714425
5760528
11041723
10222749
18194290
4100916
40837155
5394233
9108763
26864791
23762867
41095768
31117338
33268276
18524955
12834369
27907668
14689331
36416331
39393875
6231520
35661886
42014270
7831459
24364230
23189859
26803703
28071303
12882528
20056469
11920884
3670304
27645154
25717342
29235742
13398662
34172549
22415607
32639168
24594862
24071470
19162111
2196507
21112229
7493053
10324645
8266523
15053289
40124542
32523112
2996768
5972193
32772504
22962003
32525671
-854629
3568297
15961882
39712137
3842210
18461168
41890013
1306538
30787843
-953244
13326965
11819250
26221481
822868
43112452
2943485
16049913
29597095
35371240
2299531
3899959
10237337
26233709
34435696
9319565
4273079
22810890
9822442
2321231
13889932
40094069
20092410
19380252
19056851
24127185
24924405
39565518
16390509
39424034
35462279
3197198
33131037
27748582
18012044
18964791
13814093
12466901
36924572
38413163
26217937
24925290
24907477
12916983
11124920
15469353
18156411
22571671
5307101
26911567
13196269
248174
15754895
41218408
23036331
7801236
31486125
26777267
11198295
6642111
27678452
2242416
29109530
16099579
-580934
3197190
17532254
26467822
42705887
37937507
1516240
2116892
31773582
33366925
18585012
-361472
2294648
2764944
24393419
32976724
1545840
29285035
3879970
28685782
1792113
31376553
43425259
25468840
28115884
37384571
1496100
5924045
11409115
24476288
16731403
39466798
23540274
18343721
43143836
25506015
13099625
41792297
23815619
15758132
17680006
16683874
32957305
19630320
26535041
27463131
4714626
37278730
40055544
7531219
31242504
35500398
22016294
30100429
37684313
16084458
19559465
15204616
16008046
31470123
33313913
8413521
15665467
38107420
32078233
37852133
3738846
20382131
34446735
2812487
11571119
34580051
32052882
41325502
17437855
32905293
1856126
6211872
37822577
15053605
1718466
38409477
18616413
31815188
2924484
42176720
18864634
20279440
34227660
40043837
6614164
41693856
40796865
35324304
19507884
188664
37602424
13433751
41025787
22419245
42191512
32529828
14652227
6895488
17342542
43017626
8197379
23799479
3439632
7657214
11092222
42709242
33984004
10399579
41941279
24339778
21954002
33069379
12158401
30149313
30192870
7501682
33197497
27426095
1087166
23581850
39556024
14609881
28633337
36604666
32615809
11888821
25074128
38456230
37767721
9706330
12817514
18573872
3323529
26832936
26389172
27354376
22454700
23502921
28366014
8828527
32396132
15136602
26270872
18698685
42266858
28440735
30242690
10250318
32243375
31710839
24940041
30047570
39705860
11669334
20164320
36952245
26278588
6680229
7675885
27062575
17524061
25929896
38210534
6054517
20891397
37419424
19348822
28927773
1276061
1521455
2649195
40119995
13547427
17173675
3643011
8956073
13363257
28990045
15948789
33258304
22930323
24404722
34660931
28189246
8026943
17947878
8820556
4204428
38335680
7983635
41367835
2264604
166948
17040666
2054971
39506879
716918
21175271
14806293
18200625
43465112
37719685
4095078
31834571
31289371
3141203
21400965
1776108
37335918
1906021
31689425
29476495
41539493
36106949
17597209
25089712
42414870
15590290
1368076
37324335
33152671
40959614
36189614
24673301
34984040
36974612
7772018
28656540
12487911
5607830
9886951
20065850
41748380
14468595
30058347
37989705
9581141
28534574
24827984
9195140
27694102
-221937
15754218
25583330
1201493
29778816
-682350
40465291
10320778
20968505
37051108
13140021
8683549
35773650
26262354
1153340
8666973
20091734
13512926
41509363
38652422
10735833
26611747
19086330
29165683
18871065
24805805
-942584
37465251
-932006
9248489
3195890
34518819
12976173
2315816
35676273
39766275
24152612
39312281
8135367
18942745
4936362
32201461
564309
36281015
35706136
5391633
15577501
26477518
39906428
24949279
2796887
36607910
2399962
14616577
28646301
26653510
11448712
27134229
21018871
22633584
946937
24269854
14270704
39645483
5833166
1973925
6101430
17525906
34324984
15666514
21535465
4628504
20942861
3043452
39388744
34354100
28098886
37325679
12820366
25165807
35662653
34617726
22494281
8000544
18697328
18660965
22048079
40880093
16126728
9414674
13893260
39601199
20938368
2301840
33922870
40058204
7652317
40791243
41593750
23185433
12501034
9958954
14966228
8256036
34503575
3776818
32625433
37490395
16307621
33245047
27335733
9522853
32605993
17792852
11777877
6588849
6041521
8867206
21898839
26081384
20793516
39299761
5605408
42116561
41215715
6970061
43179688
15577727
10327443
14704075
32620550
6096124
30030216
42664901
17236320
40718428
3200665
3460130
2579917
40897929
11220625
16866525
25631864
39333836
19326940
28728338
30660956
5656820
4500931
15176417
23701500
9188508
-929539
21145260
35931175
20439950
14156033
33557399
7623041
35992685
3668454
24796846
41991818
8845843
292886
3799487
42350468
27689031
27884184
21486045
38412200
40720306
34186550
18616064
40327320
10835144
36344762
41276489
17592712
20994232
14427007
41511017
5565022
37759064
2020741
22738998
25784813
5874478
32066768
40187899
28700446
37467349
13120984
11266761
20679948
7403723
39304788
36695803
5080776
12225703
40902037
1392135
13145880
12943808
5010947
12435612
34589595
37032526
30341945
20172828
41704996
8506870
16514264
36512500
28511309
5606623
39373076
25982229
26662481
3974489
6188894
27816188
30836613
27199519
35074565
7817838
16488672
13193635
16467765
28489738
3167854
31672837
43134185
18925795
38088070
3015315
39218646
19469408
16807973
43525064
20434673
18697086
-19887
25066392
32000083
3954491
5826613
18748103
4854524
38761505
12461677
36749488
16783322
13449209
31923931
12686656
25780570
3067405
21084793
24005486
35280364
17954516
7446775
15457170
31563365
20446331
27720794
6664462
14139016
10885065
39617419
6120137
38509144
19210670
23068692
40592973
33560481
35859341
10157510
19535803
42213356
6007672
11333343
11041227
3724363
23249796
8186367
39625659
503887
9791097
39105718
23050367
221434
1974446
10613774
43295821
172798
26702956
21137087
29366725
1770662
15967415
25045167
18288315
24793416
16576519
39666036
27602018
4183473
37401656
21103965
35841956
3991332
28779145
21063902
7802283
15062848
25498278
16378060
34838033
700099
9571655
7326447
-912052
16776686
17248298
37342590
630220
41929917
5967589
6819240
4739055
9235465
7087077
881698
18720643
33393922
18335256
19199585
7282985
33861285
11644816
8949358
5716897
36084181
10120977
39974905
33237376
13817348
11281303
2472578
9458564
4868411
11796947
838419
30259006
24072450
39048168
3753515
6533718
27478639
3007530
14823050
20934114
858682
22023855
15845648
12496061
-380503
4824056
29026488
6013807
22704080
35640669
35242114
17079297
32043623
20770830
27578250
1311791
32075372
15219963
35615145
19432619
21020747
-317550
31394323
1891885
15334650
11452209
16283923
8006151
32739355
12479179
12643674
1981028
29230725
38175883
30907866
18959362
2015958
-646912
25053707
12280583
30464957
35051606
26728014
18553522
28840410
2626522
13588405
12912975
36832122
33873343
39711503
13935218
181942
34585245
1925132
8577687
39615388
17758347
18947224
39434862
13036567
12681947
36593299
41530719
43424722
22593001
22382154
6963691
33169833
40227855
3492214
18699769
4327235
13758779
22422410
26995722
11510318
13522704
15196773
24439973
31164914
10073726
38687966
29272607
27585590
17029106
21334914
20024194
-962238
10497799
2462059
13682062
-386385
16037259
28170675
36283477
32744750
8487032
3959291
36161641
28638984
36360759
21583541
4715565
8997499
25605925
38036973
10634644
5514944
20249501
31217528
12398381
7338939
22448833
17734284
5557325
39500308
18048117
41405661
12921642
8051373
42195510
21026674
43104562
41531804
19374375
24124732
-964819
38690452
38559801
42463764
4859370
5637367
2145593
20537390
42549877
22719267
31687736
16433252
41725761
3607770
39788412
-109005
8535193
22205318
10989365
15250919
17645497
-484779
31005619
28388409
30124264
6779224
32026797
2687462
7233366
36100156
-94843
1352239
23746702
28906711
950521
6082672
32124673
27591552
32830298
13604499
16309103
989800
36903364
34305830
32092412
24376707
15356591
36225683
32339141
19263417
28587021
16459838
17152859
5609774
14629390
11161896
31178701
13935442
29273851
14265783
42541298
5742565
5078842
35926255
12455577
23030093
7594219
14942958
41389560
20698684
5450504
35969400
7439946
30930038
23591864
41945995
19861744
4983307
19613737
38837843
15156356
17893303
14030586
2706437
29440220
42844146
12706154
24317338
34125916
18785251
15569558
43324709
43255564
32067176
13213805
16439881
21834551
32823787
1924355
41574944
33914400
10752280
22467926
28768281
11742910
11358310
3056311
27036890
41098508
34775767
16185557
42952597
2049553
40821918
29689685
11092405
33649756
31834751
6555032
21933532
39919050
18957980
30999567
11948368
25712302
41737984
9213299
16921665
26087117
31569600
1650659
20059681
17203244
6572041
4613589
29692271
41627937
15912608
28470890
36226473
12022071
20933876
16661097
21612156
37891516
19511760
37983904
10242280
33282051
10176014
39943179
25766164
20341880
24899333
7709302
7799712
4006083
6304427
8862886
16366950
35304877
-792415
7507762
43245680
26725533
13358411
23244080
37367929
28815115
431735
3735909
31280770
7082418
15273836
8775548
34326122
12909345
-455436
7573334
18575709
40441299
27441159
21568955
38418101
16704010
17091845
9324311
18480705
24616300
26604370
30416105
34149144
43093130
11546602
7283630
41544821
18264438
-375064
9761615
9838580
40432816
4241603
38603836
20643347
22425079
41703279
36671337
12711203
16927131
28510668
-122668
20917806
29928491
42875969
23943988
32569756
10213009
37109182
20755661
21436885
10004972
17725218
16962259
17240732
13420974
26695112
14589007
15715827
33289052
42216424
35353788
16196401
8298861
2753654
34332782
25515170
36806990
9098911
4225144
25326701
17902967
22385923
6935423
28784448
1180934
19680024
33090182
12143892
11669686
14037665
-274512
8838061
24039747
16446189
29830962
12176372
18259693
35294572
5197509
36404149
28064187
16507235
41615510
13439358
34299554
16777183
31676172
43371608
31831596
19402941
23811332
17356113
29498101
1915472
12919553
14181179
35885092
10267096
2468450
39762026
2576369
18070862
35736618
18319109
744121
24523431
39325217
17804281
42343373
24022291
10225752
21278734
28091306
22892797
43153229
24177690
15821934
19640392
23654183
35854379
33834756
39640328
21635263
9326250
41924027
1252236
1417935
18132350
22874966
23726081
11125995
7187685
1596496
38890033
9006716
30453830
42424050
15212278
38203491
15965821
6038408
7745348
10923615
82875
8810197
7626621
22025780
31848091
11062451
23934273
11783527
27410026
23229290
2229905
16765157
35059920
9878272
11829374
12978865
-419112
8572899
32029393
37458495
25936233
24742889
38295155
12143316
24886773
41463191
33127160
231118
19553648
7036250
14679073
23103958
27365782
15874924
35980477
4131715
18516056
12417830
31709640
30496321
15302669
30153062
40791329
26884900
5243274
2076989
11101375
21335044
7107522
27534429
30294196
1936491
36567697
25948460
4497096
17200469
24979178
24143982
33437636
16270401
25417842
15690855
16978094
33749938
12588153
32520306
7032443
12002489
25936348
32149503
23817586
13022533
38371369
9813979
33857519
20072136
26216985
14739139
11772898
1708609
37047583
1260538
11754334
25927756
37609817
12891670
33184104
30110231
24227335
35898885
11415120
13457841
33043042
39324252
4673961
237998
40857572
11741986
28616756
2179343
36159817
17514524
3463373
22809645
1848958
5642244
30812829
19856014
12008500
22567086
4248160
4282657
26036402
3566733
26814137
31376629
26983037
34462780
34547371
25093427
17844327
22181448
35968020
33519013
37850833
4809795
10251832
14855317
40157574
41764322
22998542
25527668
34363227
32321639
28108951
14264817
2731918
377997
15666409
7986725
-150130
32852385
2527098
31629670
7095304
25247218
35853316
33533140
7033575
35080482
5700154
9435592
18229609
42443498
8734996
24042876
4252213
2811842
42371813
38770835
12262626
36011007
20882695
8755461
33742145
38479729
38014997
21901898
-358539
43351033
13548166
20777566
30274572
22534985
26702422
22484329
43037840
36084201
23059210
14860182
36797544
29538806
19437574
9797254
25702002
23643338
41583551
25167904
33154356
34113370
5872723
35921970
9024682
6562175
10304801
21442126
20894365
32691301
38252749
6765565
19265227
38897207
16259047
10789168
27235947
6531786
9732281
29020574
3898967
20879441
34107963
1554107
38044875
28679950
29165487
39651728
35454452
12937893
33135882
9071335
34603620
39641465
14285382
8159218
15185608
8204779
16596260
27641626
7333198
30992373
2413725
39456923
15642454
25803810
39920862
13583310
10714702
16055844
4017926
11102290
18286715
9860164
30114821
-408434
29759295
27953651
43162872
17651680
25594735
24670472
34169738
16594212
6591158
26872904
18970680
21406160
18171115
15359889
37696138
33737238
7278535
30027252
35449157
13511240
42985925
28685187
28721281
21703544
19305575
30564157
30785677
8410226
23160781
18912770
19278848
30691607
35185574
24355424
6200329
41248163
18043186
16887260
42076070
2936427
12153558
3570694
14909818
22084049
18350971
14855278
25245622
40095424
28171880
5166229
39253762
42248926
36042058
10898580
20166957
12122565
37229663
10339904
30023480
16013766
16801119
37637293
15399033
19320947
37225559
7481378
-511142
16353938
23203630
17646314
28921722
40152155
19554637
5846410
4613140
35875666
1532517
9228136
2934032
39363879
6003428
14542100
14392526
29519548
39333612
-187733
24558795
25789886
1992136
5822346
-708398
27933617
20739929
10977348
7423980
30479531
42432290
43470804
14068975
39102160
32141695
17726078
3706925
29820812
10221480
7459200
26820421
2859498
3165644
17035933
32116717
36480089
14905568
-20136
36364171
37900758
32414997
39923149
4352481
16183690
9161653
2130954
21743057
15125942
37098905
37443445
17547752
41117013
2626274
1646917
13513941
36838346
37882952
2335165
14058926
25602893
14653818
23969816
23734310
9528152
41537172
18765278
19458895
2217331
4893558
27074076
31540673
25565108
6744377
14385930
5711656
3430422
25503094
36580839
9963807
28681786
23611702
34457711
33040001
25499553
5668285
22278222
7112001
33447143
727670
33083685
13333951
19062873
15596170
25505069
8243534
38331537
12020966
40546856
25539035
19497417
4959435
3520740
33045011
14304027
31820077
27143001
41734012
37771500
40443225
13827720
40560443
5320599
12753541
38594776
4945952
10139340
7197013
100957
16262592
7653465
41568082
11662067
-549225
4780829
35921978
19896480
28324556
29836019
28876080
12972571
38531924
38272571
23605297
2318295
11909904
29724691
3615853
39927175
11737249
29157990
39808614
29627088
39890566
10611330
42980249
22354523
31868510
27832922
42942035
14501622
25748472
28424832
19971306
34851850
-693622
40760113
41504290
24864407
31403250
28180296
35023907
42106108
29965425
20772910
35801467
40469110
39600646
31183298
24094762
22066606
-193986
2683360
37272375
19374095
-142700
40357802
40489597
16370760
14234462
2811774
8559033
14519738
42387176
40481590
17446243
18426189
15072944
21545134
41711215
3669830
15452569
25962248
23077204
22821280
12460697
20881672
27649393
6501268
42504208
40960297
38037606
11666636
25816335
39004533
37829412
19473594
7498503
13212056
40599201
12036413
28029144
4528700
40807181
20542129
20651014
25211053
20988511
7918102
31699942
-328379
18634990
27057249
25749871
23445635
12888494
3904823
17712643
2305720
25122876
1224973
34258605
15203978
15921779
14689322
34713464
4136120
775943
31486025
14133785
1353571
2939063
41238465
29083239
25912321
27300626
5738887
23235206
21705872
22859474
32516902
21071218
35506554
35727967
13906162
43382666
34858875
10806814
23434950
11393737
7653733
31757572
29061441
9020688
29728837
24033002
18755045
4236501
36244828
2704863
3930263
29653633
3490192
32752162
40703407
4903475
31275591
25889739
16821966
24707135
31372962
17867554
38452243
6458266
34928471
1797474
10984679
11016969
40413543
42796690
3417442
12229219
40238528
2748182
30049266
30299990
24894727
31813773
14745963
8707598
11580211
35425993
28724445
32726084
4161219
30594643
20605908
41248933
10877611
30882113
22856018
19965949
37878980
19933530
5445095
6659093
40022175
37738004
37051526
3665254
2589088
8272082
13900625
18435851
22304083
35108364
2289041
16651220
19471121
16284825
11625279
10048945
41467626
6015762
29453981
23474326
41435283
30940893
3718404
35667906
34340151
18983285
18967481
10051083
13003792
18017550
34555236
28931353
23507329
29470925
14446376
11426377
43165101
4961350
42093589
31691008
4169603
27912406
4663302
33798623
29101006
28697609
4985986
15896623
33971087
11512935
30171639
2646480
32109221
14453596
18908929
22077725
38900528
1529263
17642174
15559029
32225789
35248697
10215930
41314724
-784588
7779146
9603997
32473026
12660156
2123780
27675032
31303979
39081226
32716894
38910242
22439756
41720187
14659128
41795637
37871804
16935770
30667873
3406288
5889047
37376599
29349454
15519815
1867563
6757074
7254466
344254
3493492
39149901
10228112
3819487
43236832
39167639
38144398
29738248
11692773
24394876
18903910
19203326
11526982
29739368
27084241
38499405
22502615
25911739
30118181
11476429
30768246
19333752
25813712
2610972
35358412
38921090
18540255
2685595
2750839
11169491
30611285
8286386
33894352
424216
39417027
3645794
6543228
35545753
8428339
41552293
22064181
41066958
38309266
20035161
277788
39192537
38699414
18304535
10728547
12870892
41226769
31598132
33422420
16994420
18195521
20226441
16152698
24632650
-704641
410900
27138288
9633702
42438363
1043590
14883745
24687652
32429450
29448194
40036678
32073825
36218928
37527998
14343203
17334456
16274049
12229861
41533569
16514025
42362557
14132750
11026658
41142333
9570661
35587803
23225718
13864485
11041212
1889588
34040921
6992580
20983088
40500035
27369984
37101647
14352898
33686228
27353521
41418872
36199808
22083305
10209956
7636880
23729369
29748562
38838395
10286635
35110362
18334893
12891502
29717469
38681227
36184720
32436320
8407152
26011148
16368303
31861675
19415172
20572508
25183577
25105277
37714851
1648768
19932910
27795979
39126033
29091235
21240793
8594248
13648547
18821589
28271921
41951707
30708733
25828727
33200861
21207913
699843
7019005
18963790
41892121
20528962
6441224
12187074
2934442
37922539
3870329
3225761
10454483
1313053
245888
15817121
25503864
3318013
10534045
25620086
7544882
41768686
421961
30903263
11206176
43332643
-720712
12051436
24194978
36935688
35775902
7874549
41214308
27505746
29544548
8039071
34593541
9108311
29378731
27532511
25275275
2974262
21316017
20286574
27481214
12810401
2990791
38174853
11899651
14669907
14201426
13430276
-240985
42809340
35238347
23320455
10866530
40875571
1224589
28569870
15173348
37919031
30212854
9614249
10573259
20296111
28395050
5544682
9720347
43293618
17621697
5940572
20426647
33212295
20223498
6913423
16618746
42180476
18497586
21445425
40803193
33161398
29872392
18730094
34167777
38360038
18068114
35196765
41358872
21653925
32909300
6158889
37820031
12395740
36871988
35318916
24242806
33139702
42675646
26173672
14382919
6299694
15549384
22457044
27577858
37032537
10974868
12547139
38738769
5070010
18724832
5912460
1395756
35491440
11468491
33335450
33354600
40501533
13645197
6176243
3738558
17681883
27781852
30265487
24442208
16391919
6749893
22377229
31663898
15835470
38433487
-648257
-593013
43196370
27338318
13940897
28363190
16071816
9592348
11660384
43304242
36601662
-513230
31015981
23231248
18864295
17080597
18177921
35043587
1654847
13310291
38651971
11253211
14347086
27918312
37501608
3317295
36279153
26164302
33284661
38393354
19243853
13486627
7927189
8220774
30713820
10563537
42176591
35587391
5573770
41188662
38551934
7536055
16230079
29378395
14817206
9852724
41736340
9022141
8765841
40712408
28118851
15551635
1975780
23080593
27971205
19993009
33427640
31539742
21631788
23239706
7891232
19544891
17712969
11244509
36917180
6463057
29144534
15033308
8310239
20185746
13747443
27681432
15297733
38038455
15500718
487466
42304008
34979383
29971566
16322085
42445163
27702051
2004069
19146927
2487561
217495
20055274
10568649
13002866
12607396
37587550
42563577
30039704
38254826
30890984
29603660
1349829
43378825
4862798
33443220
37772971
23060473
8418311
42467241
39768375
25540963
30979969
3741319
11772144
7087721
4329346
15568351
20237758
5941032
42453848
42436228
11908915
10201946
41986863
9573466
29792570
7795411
25316070
22191666
-138443
14131837
29480614
15306022
15605518
39650162
35404988
36538063
19258878
38148708
28414640
4335846
24638816
7925309
11876827
33095062
23170746
34610035
7454480
43250641
32820351
17694106
41947744
39980620
35718856
10995493
4262648
40909587
18990929
38435740
35960745
-928561
10608808
15007045
-303746
16389581
10436019
43075131
30397151
39639319
5230641
22708001
31284955
30518287
10241982
730571
7032610
26178382
35733622
11869208
22353050
27609837
28815967
20261614
37795932
30232915
33067648
4518343
1616995
15234487
4297922
4668999
4939067
14743199
40058771
19583159
26481677
41000711
9270667
27469571
25056951
20867211
34421248
12689828
18673689
4663864
41461732
13062105
17196965
32504402
19810165
24734193
10650487
32274990
-478135
31063372
12011201
36991390
29050043
2958197
7517485
22095306
40685544
681834
25332232
41544356
22134278
28139381
13864260
35002843
16102445
-366753
37936605
9897636
3437604
6465634
5145359
24677703
34185180
2381265
37303443
1965206
31362531
42099051
8319195
34966218
7479835
2060934
19477522
13367314
5862572
25783640
16944806
42801438
22378539
39573773
43373270
39260640
32145180
9607979
22810293
21074092
-763064
14411037
27053219
33039650
18102718
24745890
24086853
1432791
9674318
42654419
38126436
14849196
1572147
42700044
24196430
34696229
34299765
1190315
27303614
12933921
13871195
27362302
3807359
11870841
5394895
12967049
32065297
17653222
42767513
680826
31341601
14471558
14800941
1580144
28418137
37000578
40863507
22817156
6481751
35855851
6387382
23850384
34789749
17622826
22821078
34647908
19537295
22252487
30256326
20336681
43491586
24104274
35804188
42211116
10968229
21689015
5190833
23894903
42464650
33401057
10781568
26037935
3313957
14280787
5651307
22903012
23992281
6981928
42483154
36334485
486438
1954559
27641333
40937616
9791241
21602270
23074486
7474616
15779799
21115440
11182222
31878842
29105964
16764718
3702528
39231826
31535544
41982188
42556504
35333731
5142942
26267916
19582482
13603458
20963285
40963212
24020915
34206755
29392263
39575933
11944753
19749230
34297825
43377031
27463281
7634441
22319379
36869988
18207583
16096002
3492091
15826951
38094846
35624169
14090001
35739204
20346222
35685218
7902234
624389
9897640
16472821
39837923
25339648
39465745
31781140
37631867
42700826
42671503
3891972
19960161
33325700
1878527
26489375
29677760
11180781
21965066
27260838
5326838
41698887
34078801
27840168
40189694
31969783
5295378
40265562
40750826
40049223
6814429
28892559
40885959
35408692
30333437
27868886
11919596
43534335
17332631
31660259
25627356
15716257
27068197
10407886
29787822
10609192
41339503
27798258
2283564
15803683
38597748
36420544
19582004
18376138
12782254
43160359
14999091
11150218
15195794
16520737
31415993
14996308
3765657
32677056
18832813
2346821
7657770
6908594
37774180
43418837
5126618
-316676
24187605
37165995
15353813
25646585
18441174
35348378
25907234
5681258
24929767
9700157
22879828
6867210
30540418
-354650
25920827
21678624
1060775
28003767
27474789
27437002
40060206
31646907
20719734
40873567
5432184
38553924
9892491
18627010
33249640
41105401
20265525
9259100
9847062
3931046
43039609
37561100
12098493
24056027
34984328
27825532
36063978
6582943
5547577
17553422
32822239
33595781
11778071
36462386
41520576
9267224
35441490
2610904
12907559
33755330
-834872
33862922
23690940
11870034
1443156
14147863
34794543
36618515
5067463
24915852
21046507
16695967
36640127
4076160
19828982
39601103
-587290
8136542
6122633
24806947
43090442
22842222
18352518
38272615
23210652
25996953
31793039
774464
11838926
32908498
9941856
11860910
20785437
7622860
34194841
10907526
19630659
1065570
8057533
7180656
28984381
32859408
18994305
33644205
31391589
39980044
4879152
11518308
32306364
505027
12295625
26584578
23844916
929511
12512261
2638252
18035725
21201833
24461597
33547429
50031
19910520
21338286
23831808
33857001
23807754
21273435
37353769
14601540
37371030
39926322
-927938
3394222
35574344
41479592
20005020
5232218
25441357
18732170
15453014
19615655
28148517
17833194
1307031
7416874
41443626
32062374
27897351
9212171
16685829
16404373
4612707
572267
38168691
21082013
7160535
34739572
4503282
34269418
16116134
31791656
35262383
9397457
22874612
16707122
28967433
40914251
856221
27355617
28403931
25419260
42814297
5577949
6060080
32708014
24658568
9813433
31102819
20612376
33304082
3296563
39838590
27498274
23095651
-392401
15616831
8046137
24452335
3520188
40902990
13303383
5132194
10470622
30214351
11655772
1008012
28757115
30992407
33677219
6194512
37285070
13527139
29582919
12273373
37439420
38704122
8242606
29355259
23900567
40253297
31340898
25051843
34156773
23589576
7266417
31831403
13874834
8158256
35206058
17667106
41833182
42977284
2291625
42298853
42244932
5620681
23698853
3385447
37837907
42943299
3763651
19098992
32701812
40246393
35189833
32112565
22444747
5958547
6348178
41326292
28911412
6576460
27249059
40228977
33085353
5512833
12193680
29608434
-604293
14616209
6152383
42363014
40445615
36862597
8929685
14033112
5343218
4399539
42461733
6798287
11366235
13595550
18849957
7762771
16570680
21077388
15937722
13369454
11979117
17474816
29105517
7134200
3327216
4712219
15568596
40499096
22028914
26893110
4373551
9704231
17739265
40264776
25546542
14080964
22510482
42958113
6401392
27744076
31839106
31120483
13199239
7998029
42411297
42163740
38185358
26438921
42545036
23695562
11279670
13143180
42515895
10472827
22039610
20490339
15318930
25051956
30832883
39169022
37397411
14612344
6907925
40710099
15118356
37299805
21888496
1393915
43461626
4141037
1404836
37765768
9717927
41698859
6836262
35777437
3313019
12580400
3578880
5737792
24649792
18026956
13606522
36805028
20123272
35497655
23341035
43442683
13389406
29093538
38640889
33562301
1816487
25269525
7268059
9104035
29619506
11607208
24859870
12801254
29975623
1816520
12214671
16294205
300059
28144486
218635
9634477
919970
25159100
12137792
13082312
26975567
37993273
40263053
5325504
30227599
29667745
29043350
13472602
249464
12779593
12488428
20489860
11128238
5013748
6683564
32750209
22322780
36295708
3423370
34757488
23533786
387788
41176555
28241814
39308127
12959793
10786215
6004568
39873922
20906177
17549065
8404313
33462404
18637336
40363068
12620253
3594702
18149462
43250304
25737546
36837538
13633175
40681767
17565631
39638992
28336800
34846720
11484287
22949546
39184401
6528968
15207840
33617148
35595126
14456379
29399738
37179307
15902513
28077556
24839587
23157740
30919702
23930074
36177749
43041428
29907076
41726157
31332116
41616243
28892714
8845800
17148243
9881948
43091043
30222053
22908829
4280311
27139924
13982465
5754247
18023885
6916313
10919850
2067653
6082094
4472759
15146030
16226821
23889364
21550679
26215009
1290125
10187160
40872005
38858486
3068466
-659120
16078399
38592494
19609513
23857506
25742821
39558914
23182937
5017128
4121063
2617130
885776
4155121
7381824
32623596
39222675
30276977
22659283
26848042
11904565
3275273
17885175
14643106
33694462
1972266
22857060
32103113
8332565
35573174
9768420
32240955
31607551
487782
12980809
28697817
23678226
14980089
19986584
27743399
5405071
4519395
37336343
37779053
22341688
16593046
34714150
16537828
8828719
11959784
23480013
24175736
20163614
18767779
22563069
1392886
23537291
31617571
38340104
3302663
1635146
19216999
4211038
28407884
41971312
4821554
16158748
29428340
8103229
26714728
3807518
39949175
6557396
5223114
191157
21938974
43216289
24163239
9148612
805812
40006828
26658953
25722854
15147541
11205953
14808119
28949868
11520416
3779455
32701348
-356101
8324613
23060275
27870817
28848412
43318669
30945146
8641378
30266767
4325803
19555673
22301708
39547722
38279279
37775818
30606020
23450245
42342562
41167103
10165887
6913217
1163133
22476809
9669822
11189700
29465273
38692502
31095692
21770814
16861522
6906965
-305716
15160296
28086018
5717796
164776
7463214
8414153
40841463
26337132
23891219
-615583
24690096
18251343
30113304
4781619
16116485
27209404
29310711
42091106
8648765
34508064
1004168
22871095
22360357
2481791
32692076
1063734
33934293
360881
26549472
37736281
22429766
41415252
36496131
13344516
12729771
18106994
3592456
26895318
30799190
16554160
14493981
27376150
-793039
41743557
26087293
31001063
25433042
22365671
24776247
36538179
9503338
29010335
24143137
11173741
31869718
40252816
28338216
35944094
21051651
7469270
19640017
30098823
35520543
40535237
42593377
36279447
32703867
40347621
33793197
853018
42609890
5334329
10551670
15599015
30858994
39927609
4323800
34591163
35687430
21572020
17919032
4373138
19399561
4557714
30912776
17806906
42646445
21915304
4078323
36326822
38623687
-130515
36667469
22620439
501585
25238050
13849534
516349
16475449
41639462
42311839
1513219
4297564
-895789
19342394
20043185
39375543
39293409
33209345
23175831
11123716
24881392
14152031
8126955
21733273
4139123
33704992
40002357
8430986
14001549
20798671
36282393
7123437
33557546
13697262
17204812
5512951
9183861
27977990
9110929
10417964
17592391
6617059
7549807
4094970
32773126
17296043
2855254
11573465
33725320
21280174
16854579
32825579
8923702
-523284
27897072
16548420
4734250
35381046
31738681
2650499
42211029
16942247
11231063
9966221
35088163
34290549
24466450
29426667
34092555
32741200
41192573
24782832
17912683
14109772
36956790
4122151
8200748
38135600
10601063
40948856
886978
39381123
40845563
18158810
15166333
8486483
23153486
37862256
13979402
5428147
31027037
26358995
7683636
33895554
20096197
34896409
2705193
33543707
1176593
23140790
32810045
21824110
26875770
37841612
13891582
40335615
7341185
3483067
17882530
4520245
7327548
26752471
12421501
3034934
3219356
39884833
19717830
38644433
7257762
35423195
944959
42047908
24362346
19601814
18803237
11243143
31113052
34213231
1591285
6207224
24535249
40196696
33800819
10891343
24582980
22471892
3641525
26043270
27688379
34347827
21348546
38012264
43319032
1257289
41917275
26255814
4896522
30187039
13604630
599273
27155293
857250
24121445
37227153
2896369
2639173
38070176
28354529
23425531
20537957
4808568
17120116
23352542
40148356
17487474
24175471
14786958
32214231
55832
10521053
35875937
5602848
9075558
3771126
18919021
13446245
13388055
15578531
33103202
2000052
22744395
939429
1997060
20752428
22742360
12695242
20023220
38704145
11528515
15741987
42454824
43429177
26009850
41477413
37725001
3787051
24395253
35494773
27070915
7038992
7021942
34423058
33684523
34465200
35404101
36688158
4751622
423433
27757790
27779206
15835953
39228667
39186930
19459516
17640617
38057996
20231856
20742802
42418587
-826334
6753582
40756425
8864598
28112627
18739465
19142763
-603574
42464742
30165779
15573469
31667036
20173591
14227032
12476925
73821
40528247
781967
4143244
18853733
23922581
40456386
13326590
34605519
2436228
35436421
20491041
8393169
7569518
13506117
40484065
15916717
21885296
33719947
41323321
38470333
27750810
6762706
24582771
23184592
36912847
26443831
41696230
4342205
9722266
32134935
38720182
26356804
6769364
17216288
28475175
34010448
12239529
19418219
37934649
272583
33529320
40995606
4299665
28106662
22897584
35579512
9015701
21711212
27105326
40949425
42039640
6294448
17701524
35269182
23525302
35578062
11212740
33080193
5342415
14282530
8161373
5548987
19496739
1484872
40109700
6462341
34305086
43835
29839270
18131886
14154177
23503181
7927375
23913330
-245355
26541265
35041951
-256155
35229739
28899223
27358416
27848475
40372206
10016484
33021609
-4752
15897800
15891367
3060344
9677309
484245
6132480
24413075
33967770
33590811
17473488
228464
9482126
21574323
295545
41880475
36731777
25744555
20852674
24967058
1585445
3939438
1690171
21192156
32887260
31547447
16575101
10832840
2283843
4209311
7099261
31676212
43020014
11715347
36897669
24923328
18793667
36606525
14833835
8398270
38364532
21840595
2677786
21460712
20539270
20870844
35872392
14241291
40649887
41838796
23660792
34033806
23745558
18473613
5333019
28999486
41290447
1400580
21502348
31655035
12092468
10234061
38415523
35272474
7814149
-944653
12815986
15618277
5384547
27270029
38666310
35175730
1902827
10167074
5823581
12712922
10447436
40166876
6585656
11223769
19057857
14910609
15728647
34512767
11116454
43397036
30836780
32760049
-738433
24505984
20560379
39594069
13594058
13734507
27729089
28954349
23759273
4848498
18196080
5493988
10643709
36995476
28656828
-405336
32417083
42873024
17480523
35597408
27373432
21463077
37806875
1101196
20121409
19753981
18869415
33227711
3680320
28253138
34621773
9967299
38019845
40655612
33790901
16250
12740565
12382772
2092057
9184740
28086764
25694067
21122935
41389441
21425098
27438153
16662092
25806432
8590803
22164056
4889278
36263821
33263020
35861512
18210663
42840035
13753106
13365395
21367731
11546672
10183352
11479042
4768970
9386073
-772509
3664943
7959308
9296589
21028990
4124623
10583202
4677955
-918729
2397329
32715056
8063655
13254699
23621443
23987103
10109939
29766469
5782403
40746269
3651351
31902024
17251609
40524843
27174859
33166077
28131419
38073981
38175599
12499437
39847054
29377541
16433064
11031019
19483908
33338742
341609
-13869
26262865
39285936
17812156
35300155
14841814
20925719
32339251
2609659
28825318
28814097
710904
9549885
2630549
37814297
23045927
31745604
27510654
14993129
20337461
30718779
26869385
27497656
20467465
39513618
24705897
31890018
19205204
27719981
40340253
30379946
3439801
5432352
1621075
22162777
22528216
14828708
9496746
4669255
186692
32689209
15692945
13605512
7298612
32138986
19793869
31087442
16794325
14408709
6129592
25499050
657777
39054272
18040211
41848826
27242941
13114065
7897061
11115333
2451076
21175115
40931061
32461665
31371902
41793758
29511870
36825642
1432351
30100314
20490290
14469354
33889657
1320730
36771725
28299853
33879527
15754120
41407933
14814178
21449614
12476498
6561876
18791728
14242928
13047653
1357168
32325276
6645599
7217740
4453121
27933234
12712324
7446301
24100810
37044909
22007482
40254059
38356013
1656482
31741261
9030239
12138070
-590717
13524437
32809921
21993330
40729928
28219700
27466552
6610193
9089511
35645622
21445024
676984
42689079
13592755
19607747
15995194
37230196
33157844
10071423
38470946
27504369
32720289
38144263
28037595
41428848
2300254
25368100
18715249
10391354
26354354
41483114
21929159
19733869
14167781
22913903
7414107
32985036
36609267
14575876
-214671
41965137
19799349
32050408
19046411
22031825
37498952
42777540
5160220
26503587
37813545
1888608
-695201
-27781
321912
36472750
4570653
14417650
39236954
18665505
10852416
389230
33892452
14879954
42284267
7663040
15648039
34474634
18126179
21750193
13719171
20774846
31505150
748646
41364357
28175728
-575907
14197516
34562481
1276975
28134339
19462664
27088170
9116797
2979596
31880369
11189307
7621046
36984298
28426237
24598353
40419969
27082290
29031869
16187361
22359998
9473226
17383525
23318884
21673296
20906301
23585789
40631160
34430056
19887705
23447189
32681976
14200596
7262851
22736969
40086928
22820274
17610044
1937553
41433400
26916575
33510744
43513681
24574941
3336169
31359213
36653456
40769099
25913164
2988175
-248257
10693494
36651157
31664680
18245318
22043989
17029975
17317400
41288580
4889569
37245614
5846503
41586083
16056950
7078485
39163020
10882331
18663641
5593390
17992099
17698972
40490433
37710280
20040247
37272682
14274742
18030449
40087495
10645674
17890778
7996137
2400513
28012857
42024417
22659142
7696189
34566734
11596576
3662692
21845677
34174855
27889286
2410000
41046470
19478749
18228754
4232137
22820230
18369057
14348884
30160980
34222273
31514346
2924135
3865996
7933001
10655132
20205617
31831625
30692964
10071009
41115209
36453829
38690947
42859556
17774035
27516759
16387238
12293321
182532
2724435
31164518
37365802
39043242
25441615
4132837
29878361
40907422
35946206
10757471
37280461
17683578
28940001
13559338
41523358
2414406
33528199
38675450
42746082
10958937
25450155
39479436
654638
35714033
3243965
5205791
35873059
26219572
30661804
26091699
41585184
1352962
33191649
40826971
34777388
37549297
11619088
21317253
21080722
37487745
12601040
1254520
10187411
18592893
32241924
18736552
43436009
29601535
38318090
34518405
21783963
4049780
23262711
7467491
4198590
35790191
15139310
21267145
42767848
17211491
32891956
27321840
42566656
13629749
13736792
26814648
12285793
1216344
14185879
32620375
37812929
8839190
7727484
11076981
9241023
27615495
20931341
17691206
13204890
4113971
41905141
42438581
23493019
16820277
27642889
10077713
21248541
20592670
29699254
21011067
8755057
8761139
36831542
17963622
22571547
17224096
23619320
30134267
822988
23554736
2474429
21605527
25041786
41631591
43210134
15661866
5125312
31720476
34687661
3695900
25178853
15265559
18766420
31811202
4888262
10124214
32623099
20470986
42196599
4219787
13561647
20460978
40004495
22676155
37895174
29606351
5902697
41811053
9591884
20364128
23340218
24838392
34618787
14476589
37438134
40152076
24831340
41901320
11132033
28129475
34445170
33322221
19161716
18278798
22921542
34064477
36522806
16683250
20584442
1009972
10543163
33420725
8242785
17697015
3254201
16087146
34654232
31319342
10363972
17629256
26966291
43091300
24601129
26317037
7681083
31354033
32231928
34143857
29150876
34502648
36069354
14707130
1827113
-272899
23513368
11648290
31086418
2733102
40558808
1542324
11988860
6609820
1554611
30352339
25900242
13158324
16607969
5775179
31274028
21687116
28290522
25249215
30144909
16978923
18431577
29038191
22172728
8771265
22650950
14956086
17234865
715296
1362332
8532971
8460737
35575456
38124978
23326021
41649069
41510066
24995996
7226756
28169154
36028724
-457819
21923475
33753894
11067107
17447373
35743937
24366377
41167302
30618576
14395737
31306512
18170266
34274034
8030378
42201040
22542989
34097876
28682622
40820502
24838254
40846025
797425
28898375
40679268
34142415
33487265
19876626
18330588
5683650
18824800
3424048
4963988
38609935
14328695
34922083
40805382
31524356
22893406
8125149
17651824
6492975
7580186
14927178
16305670
31797558
28956386
7132752
35887220
13966861
3303030
22204561
14756831
888582
23992179
5765928
26588856
24077695
29927703
27892828
17071740
8064871
8766756
15520052
33660742
13845213
1692566
4705389
39135681
1065185
40410476
25307862
8174128
18324682
3964678
10141307
26669217
9288126
6716164
7796756
13363888
10920299
7941527
14143122
37014935
33878969
13583272
2377731
20051616
15180398
18282226
12919816
16007124
33775968
33574529
39579587
6365893
32229366
36429387
7369576
11006092
29478907
10436043
38003124
28283394
560291
8980614
15486800
2513781
17070507
22083289
30231425
30161427
25369411
30617453
29083765
41101332
25505303
35365109
31457504
35213657
37587304
26126469
32485033
1672003
9237220
3653741
10319900
13479681
37504037
11755980
22115240
6044053
28413972
15554552
35885918
42052356
35846189
25371829
32126565
8203897
34384391
10955729
14592962
9852813
15756232
7756107
12672604
33734028
36400253
41298419
11354084
6128666
14137420
31051844
5231890
18396126
29438563
25890839
34051108
4946518
39280406
20234649
-173973
8969122
39952323
21291059
119264
41937796
17928289
14802522
29092527
35216051
42827889
34993586
32219053
42176733
9399790
30225259
35061090
36144792
2790837
31997429
22497237
19729944
18573737
42444939
37967851
3355002
41301533
38320915
-947968
37215184
24675871
41604212
22818745
6697104
37611541
26220855
432633
542776
4482396
531939
33308825
14216977
1161907
41002190
18545778
28817842
22559469
24930579
12845857
16690569
6972622
6414240
4927752
5156292
6592655
20851257
37303837
26874258
390048
29789910
16654403
27718530
8361403
12362053
38788131
2477814
14734523
35912987
8339772
27566432
12758995
8024187
3362157
25241331
14841508
15280131
2824517
16276584
36816868
17234445
42831610
6522704
40848478
20603617
23759693
37557619
15575889
25037779
-217372
16697905
18786685
21521301
5352384
2047512
12975715
29588705
17285165
-886300
39073423
25157590
3591750
20778294
21114874
16258053
7683883
5064978
43174589
11953887
4504904
13629301
13880041
5329815
6755007
9568426
42342383
20437303
17368577
26790532
817429
21702550
6368877
22564531
17612146
19491566
36110060
33508496
121028
38189102
19002487
65416
26171571
253787
36002678
13796666
1307017
41807488
-817068
28453533
4225372
17229135
21876014
710093
12461695
30119642
17301262
33810313
24196163
9738090
37369789
10465793
40084155
26422892
34892084
24152118
623211
33292235
4511759
22638535
28696720
38618216
679386
10672247
28913488
13804633
31381338
11366655
23607222
13353504
19584434
8904876
18844694
17295896
8720180
-139381
26258025
41909643
31439341
24294980
27168155
42511156
16150361
32281974
10148589
39556570
20583900
40212531
20686271
524754
1926789
35638184
21818554
6365085
13313403
19917221
9367616
17621599
21795130
26496043
32251839
18291982
30419912
41616705
-431806
23182581
34740005
1648398
25644409
36245936
34267868
7273641
5352707
28799461
4218604
27980428
14913625
19221812
36370339
33134573
22932209
20142823
22979812
31775448
26556572
13777808
7685489
10432412
11462043
11672325
36714666
25008172
24006775
11716219
965667
16264326
6915215
1628033
36285249
36607403
3787561
30388112
6041529
17486202
5831199
34172909
34976187
13738612
12306708
22038340
995188
33668288
24161431
2461145
41991873
23035466
30459821
41847013
34495988
25556071
39177036
18391098
34435864
30984108
1108843
8329943
29881370
9650832
4156661
9215855
42070126
26509408
24327684
16412576
12682356
17283809
21969215
39742417
33415306
37423804
4756407
15228315
17298715
9007987
928043
306262
21872956
38835446
23941744
19273029
39323797
24141041
14376605
18071960
35442497
20043245
3581882
18716539
38987234
19075906
42828759
3628707
-46449
23836364
35823533
36106072
34013020
25231913
30122499
14464773
32401644
3859566
39339106
27189127
6214754
-624465
17426487
-499985
30782002
8642873
36856589
41855434
