31159392
32828143
4800852
9320523
31964729
40241216
37983737
39018092
13168254
8285864
19932647
3117041
40381277
40396833
21207848
34686578
38980421
4698164
26789318
16220401
43273061
4606062
26216085
19154564
10878572
19505043
31490015
22787039
40034570
12551194
43522002
39488989
25783192
16635965
39048174
21479728
22123885
10604213
14164650
6193111
43264409
43366740
11320570
38007756
37557025
33095212
-956398
17232236
29076417
35787
6229835
-251431
10013366
13089477
13746737
451675
37721979
41782728
8715947
6503870
26842255
17339492
24452906
4491135
31035007
19888251
26183079
42379031
13035719
1498687
30393357
18725058
6215101
30744907
29767578
23130177
42090805
9246276
35599037
9165903
21678085
43180470
35736272
20194740
18592862
28734033
42147055
10191051
37277300
5402438
27801781
13022895
39193687
29086335
343082
18714860
10977933
9118047
22506831
22632157
4874829
25273081
36979850
26973698
11629684
-898201
30043812
30451376
11481444
11532220
8712827
25400648
9970474
25594212
10067825
12995022
39640002
-724722
8764021
-469619
25958768
29801150
4637075
13772496
32102216
32385336
18755596
39342058
35927785
31452548
4195631
36764815
22023346
24860924
6414475
34878529
39365944
35931740
23214701
23963130
16717528
2922700
12394843
3916254
40883467
19408600
13184054
33532485
2830322
14294699
27851846
21158064
924274
29071617
17870490
29005091
19881732
13956913
32207734
43063906
22965472
20512243
6148004
21490210
21969499
33588319
14007684
33828775
33294877
6249840
24100341
42427226
26911015
15014966
40958397
38742418
4268661
14771230
22288052
42199387
14336811
23425514
9925290
30533164
27437969
10299655
10159348
8229800
29851936
40316989
40900498
38243922
-788049
25581856
12813714
14294165
38666425
10828106
41226523
25928189
16653499
41911957
12516535
34507129
12393184
21962948
4631732
43511139
41167790
12685539
43401646
29764722
17625365
29845740
29610082
35955652
8412470
34406121
5596229
2795889
37246490
6031241
13743410
28708330
23882883
42347220
1629860
33680123
1931146
38838052
27757301
33599668
11151887
12237735
37188669
29784795
22391910
39077603
27910546
12560633
12126300
20112454
29310859
7235815
13167285
24902816
38728621
29101534
24702705
24936877
30233902
42977237
11884445
2804164
20991933
2312188
12868755
35292382
17064695
5877557
22578847
3184936
25337889
13295279
35836398
26655955
36212697
27933206
8158637
26519937
20129294
16031870
37259891
19048092
20730093
2621445
26887998
12902283
620754
2122345
12947454
41108960
24070834
4238014
13728673
39167708
27651673
24919033
27642043
30533228
14721321
34886680
7394139
26504316
34219890
5265211
21230727
21969315
1324112
14026301
14112500
41892545
24694110
19767450
9673572
33325372
42731232
34564329
25967909
21414632
31235883
29661958
36420255
7405653
35886370
14519111
17836880
23264516
31753264
32383531
6229518
40313878
29203627
6671647
19743859
4360942
5549173
40158632
34886948
17743117
25764109
7217795
21808846
7099302
2892764
42258979
107237
14834817
35798576
25687230
36204157
35044435
36766904
41610751
7864771
24038200
31513872
25519067
27255339
7117683
8862861
23095190
799260
28328601
106315
-97368
30154475
17408756
24117647
21435752
43388624
1676687
2264641
31600857
25919188
9431054
32181238
4723238
807608
8609434
23732679
5742369
41267908
38577619
20310816
35838695
15791739
18446668
11023524
26361782
37693961
97473
43479598
41158907
30447768
7357023
21389397
19780545
19710895
3999591
30841653
30932999
4335815
11751850
19139439
17826116
29087456
24088257
23510307
2045231
24546992
11285841
11067817
31293669
34805119
26806664
11008622
22335119
5527372
21969730
700508
40175221
5922398
14427667
41442414
16817500
6387539
14398275
33652807
42121489
9436478
24963330
16853910
41066783
23717409
22070710
38488966
20027806
22521112
5231041
33519524
6983595
26628012
16624721
23645104
38372019
16950845
21965026
26639072
35291220
21224879
16832706
12192346
37732155
8418030
22112422
37177770
-914451
27349375
26522073
40399512
40042292
24577547
34158309
34642259
27793740
5043768
30630067
34704820
8966429
13990057
25253791
6925715
22393369
30835410
35989370
26640522
24603764
31312427
10976759
8732008
11760215
543989
5451660
22198865
2312320
9485749
43077105
8956615
14036448
23798717
1995094
39406736
18320672
23508855
35677414
12609185
34189776
1690662
8570435
4623365
16578432
15261352
9936585
14104653
9541677
21969457
32347611
22800846
6333927
4401860
1834770
15561925
18927026
32097076
11585047
32900794
17753609
40837009
-994540
29004412
32890526
9993967
27584223
41016729
4019446
39871392
7865703
37535572
36699947
26792286
25408292
30367888
-450259
22058113
24119476
34948593
26163908
41326529
35906836
24779205
29605898
24567033
252764
9247211
31134093
29473541
3960002
10574398
33707718
37299744
5487511
10219518
16214168
22692730
28904138
26452308
40906690
129866
5909320
11665794
9790552
34687374
6369763
29681338
37958950
27274431
18141834
19751741
21730171
11932244
30019043
18432312
7132122
21583624
12538782
948451
31191632
21229287
16164047
5326458
19627134
38615926
20933280
32723749
22890618
18856833
31678032
2090617
24388626
32554866
10120084
32152282
21797240
25294848
29663097
29250984
14875282
13044617
8679223
38877896
28439430
25798199
18962500
20503847
30773783
9129315
42623002
33012176
15796156
35686944
28865691
25147814
2544903
42852968
29908278
28308786
26272648
2034140
16295618
17721238
11385200
36001738
33646797
2264811
39382948
7788140
11412762
39808706
2324240
12371711
29188544
35313986
-668118
43531742
31849290
7928822
7792813
28877380
2841391
41511051
39538879
9611971
2106839
6424209
10811196
37394339
35705224
35983089
20085215
16923141
12881510
30597578
18210124
32611543
40406997
39693816
26969937
13274756
29046842
16400315
14920046
11095964
16134204
34361888
35850702
7511519
23119742
7668822
31842160
18843622
22894984
8738924
8466868
1928751
15059791
17420496
4734167
42225717
32633236
5393134
2270872
2466159
14055116
14202992
40899337
16603047
42146273
30371318
30716561
30658259
33741279
31926711
11064349
36131568
13741147
38581175
12557962
39080652
35014890
2473225
22088407
1369755
25302940
12298944
24873451
27289178
23448757
20441972
27224539
25360295
39347676
20451559
23772453
36012472
24442983
39935692
33873189
43310493
24123897
28822151
21327957
39791674
40656753
20757139
13970024
19200556
41634975
42814381
27242258
4566624
38285555
36585682
31156798
35591852
35839629
24255487
7946054
24884473
5242183
21164247
-590240
30609910
37108619
1598880
34339799
11326035
-62839
12663447
8261029
18470244
43441715
28903650
-948111
6562910
10347644
17725407
17574772
36689353
6509972
30098429
32511913
9483896
-181931
6333324
25115478
24171589
20021799
17377450
31460913
12446906
41630572
39573524
18078584
39664397
36557110
28200135
42370176
18700550
33602906
27119461
37328195
35545124
27949849
3441299
23056748
15401708
14727032
1682886
28790350
38785596
5346390
22841673
29126656
37431509
21957352
8997161
7885886
17373315
9507764
9837199
37214579
25791097
32121444
11203002
1209189
42747325
25342785
41129556
12551923
31857984
20535256
2288603
41288174
29214069
21901268
14115445
41242938
26872124
-867340
1884254
38902128
2567284
31341746
39568468
10912146
1683167
33683154
10597498
34957948
7657437
-553217
-243336
-589283
30629847
37583176
25931814
27338175
24003377
15687462
42209852
37304847
9397321
6424662
2704814
43255896
10024013
14564963
27684365
13475198
31392682
24662267
7582685
29074483
23925713
1214189
38566762
-162487
24220845
22708248
27990943
1192944
15488755
1748970
17195072
3784285
41342179
21433651
26641065
22987651
19879707
23816269
22697919
-385020
6648948
2797394
8233118
21981159
29047096
18180818
3793296
12183415
2121752
24509045
35447391
25503766
22164389
31230841
40153403
22551869
34370965
15751361
32668321
16224790
5829007
36237225
38490118
34995435
22689036
30115268
36577359
1007035
13144258
16709807
4472231
42295721
11036159
3025605
-377687
9463897
5494567
25865279
1657168
6078894
-644558
31313571
468227
39581643
29136720
41026698
21272086
41262948
21406841
35359333
8421976
25089550
17340784
39278601
36133943
3962513
23345227
35063603
37297762
2630519
31660756
26118714
32794105
9110736
23817896
17077626
21603554
5262106
22781456
6965179
26027973
30722719
8652640
23400959
26963756
7285688
5046509
5656336
42223982
39455915
22293819
41946719
26840536
16724640
19035541
4741218
-926226
26162173
35433845
43519458
34895345
10573260
2579214
7305842
19962591
23850596
2440764
2688073
11564428
22308709
30340557
27475935
13799937
8796237
19122010
10447807
21997663
3565109
3890077
6177411
40741215
42618918
35582185
15323340
30768483
38761282
38350646
43220378
26758888
110918
38479980
34670223
40388379
36174467
1607942
16917680
26797490
35356830
23156783
8634983
7180256
20423512
15710035
19706489
30635321
5468419
10932027
10806250
8716774
1763511
34945050
14677935
25995078
628916
22092285
1492430
6562260
24732905
14389158
4140498
11304401
6793403
43097728
22789175
20240472
7053234
38227584
12788330
27360725
30044400
20439318
29853449
7286183
36285888
21580491
11260129
-669914
42666969
27879899
9353309
6216663
30279515
15516507
37939747
26135667
33176287
3797976
25659845
30892337
11758243
13818980
37922525
17489373
15513092
30180240
24282055
35118497
43146846
26131585
1245851
20476544
26294670
37608894
37382094
3479261
37762397
-426854
2589179
-532807
556949
1510952
3891560
27773155
24127353
12106717
20783862
17463719
19436762
18039284
26839300
33054529
27126653
32293007
9452935
12008960
38011078
40735958
11133874
30779436
23065283
41078391
39691726
41423683
13075505
29482357
37855853
25914802
14767143
35602416
10068458
38136891
8399827
4963511
24068618
4138186
15989766
36264518
8580541
-800851
2386637
25558819
42840346
7582207
39799938
35666015
9042073
33861797
19123024
18919145
34656633
25536005
25413583
16885560
32827704
12651310
10561091
26894221
12829613
30583332
20596795
2415057
17130920
20160948
-831059
363262
15105034
4209354
36728394
32924476
34555517
6713509
8439192
6739319
20599184
14793015
1755817
1127549
6705323
5561837
26972541
26143339
23856274
17159827
23697416
29547386
8697210
23884155
18526702
858438
18180862
22655792
13800793
29918109
12218544
1052507
37125154
34723103
36699418
24623881
12798859
6864085
-839699
28482556
41219629
8833499
6399499
41363975
24835588
34236886
36363114
29893152
41953611
31180152
36971952
-916994
20160556
42634830
27783484
17611033
-462493
30063235
16977956
9416225
15194018
33352521
37163720
32768407
37892391
42650428
35387314
30510516
3139638
22522398
14559560
31422640
20946900
13308461
29032669
19854207
6193730
32708720
30435307
41601028
4321985
4762372
31602779
10014506
2198712
43470161
-559627
27421568
19619945
11515263
24871081
14720197
17292900
5622657
26758207
4661704
8774965
9729966
39425174
18274667
30251423
14748762
29271211
13729504
31176973
14103875
43081672
27070481
32477119
3279854
34613556
5998183
25875642
36870702
29391436
5674930
1042398
3897787
35095521
31511626
36232963
11726216
16627332
34003491
15638118
23032319
6795792
36653922
36287827
40455645
34088483
16436662
34564989
20688590
25182314
32793671
1108125
38381231
21118102
36411289
34985614
6289974
8212148
22819679
4425234
23252949
27801891
40441980
15290227
23547863
10010874
13585440
6655864
16902415
4765023
22302130
37066345
12497274
27067675
38298856
34103152
3824027
15127620
23589264
41742767
6956711
39336603
14494583
8928869
42089260
13810310
9834540
40664389
2256324
12261050
5661443
40938125
35471283
31365985
9462309
31069957
25939033
17460245
34143807
37415315
811787
41878958
42440612
33541185
19271048
7752876
17490432
5720001
9119513
17166572
37519685
11404402
26260826
28976146
26020455
32150233
30908069
43272596
2096287
24183576
18786788
18089562
20725159
28276861
21487319
13648321
4803935
42031757
42296376
16094090
-397205
36971414
10433382
8012763
27706968
5468419
17489082
7337879
34022032
32866294
39282982
11123458
40155395
35231351
4557080
22359184
34942859
6112762
15890432
33182915
5753206
2539530
1281913
41948842
4650391
41956434
39603945
26988790
23893793
3863882
24219904
27909021
43375491
17934111
12163332
15182577
18553574
26333037
33328488
38930909
5272440
14069840
5723915
18272569
31674456
14542452
8891059
39763484
1623513
6017394
20639458
12056557
26671949
34328932
-393608
5782887
25525572
37702496
17813262
39083312
19295483
16550242
21848283
38797126
21979060
18280770
33235738
35274056
14391575
7200416
30645520
37017367
7331266
-165455
32459032
41785331
31531705
15132757
4304171
5016634
14530822
10413696
41894433
17435160
19558284
24684078
24790467
15269846
27050445
38037995
6210451
26600157
7081717
7672628
13153533
3072544
22517306
39678486
31091007
13701136
16781547
-39409
28939786
1662121
20895782
43412138
847005
42494728
37269371
41123612
16609753
34582245
35561933
29062733
-692719
1680214
38794041
35442711
23585585
29911772
35596087
16415030
21177499
17862638
15001855
9942899
26751848
35376502
31523855
13646490
7034400
9593551
30210192
16536414
33964079
192642
27701503
1266054
28801148
43098422
11192431
-996086
31463921
2707032
26559521
6058193
28123009
7374723
36084916
24317998
23537642
17933373
11829880
16772892
39640008
37864918
11516448
30786094
17543189
-92184
38444947
9948607
38259135
30170256
15475382
30038289
42942893
38591678
35240908
43529889
15079881
3797704
38047270
5357088
6286287
32709431
30246736
5985104
39935835
18314787
8630770
21074412
5233326
16023540
28825882
39563456
27024691
25389791
481302
21927133
28788147
28880234
35784983
12806253
1003766
18049184
31252531
10156832
30027579
906615
23878591
27616080
2910101
31993079
4118917
37135681
3494420
15994031
13449984
21999830
14636471
21282471
40145834
21336367
9897735
23455062
6587036
2053454
6418304
10100170
28344842
30942252
18859514
3792472
26847936
4810145
1929407
2303009
43293513
38542326
32353064
32886
41273623
29207604
40891806
40121110
1606135
37802816
33284281
5785066
27346844
21368672
21074039
38929491
11487766
17547738
25059118
23267349
38472286
24141870
26668614
15693757
10865259
26029238
18119547
36086521
25544607
4137452
13556438
12539901
40706535
-190238
36849531
21315484
5366090
13423358
20324738
20905444
6220534
13322295
17950289
10845310
33566039
17585772
33004747
9641519
36596154
32382308
34840636
36831834
25467941
42774771
18370716
12949816
39814031
24715788
5588687
41123581
9936626
17300742
38118899
33508968
35948561
12203392
19530015
15264503
19306212
38644009
7932148
29317529
31830477
6560294
23432990
32835465
3523832
8151505
17776726
10086850
4549789
31051255
19386415
13555073
19301351
7768199
23917337
29823678
11207149
13916031
32635664
23423289
27956664
14143584
6784210
32856305
23269082
14500572
10623603
17968248
37065846
12989022
8335778
29119648
36152243
15219213
18523126
8801079
32415960
24149913
1858732
29407952
23264450
4244898
16394464
12622731
25727847
26498382
22564187
75610
21096263
30533358
24918494
28885445
26493782
23368324
7137064
38720517
4547028
20566219
18894121
22647382
28557147
20488371
16997846
15679896
25127916
14416358
26290037
8291961
27979289
13434852
14852174
24730012
32433799
20025291
32712655
11459691
24536345
14848883
30159975
31257745
17767961
28712242
24987585
40069403
38648349
23797092
42810629
37303330
-868501
3446851
38558125
12001485
12884818
24481156
4508715
14784270
42894102
695161
1194151
10125963
35286199
19581030
33166503
21459376
30807772
33089883
37673066
23105009
38699504
26382770
23201654
9846065
10485465
416101
16418471
41274491
-36302
1490015
20392158
22051910
3946305
39895697
-675589
40616179
8088156
19994568
37177569
445671
9058623
28944741
36326307
10436456
10169632
10656359
8955630
33699114
27293918
9956558
7427131
29694770
18546154
26682439
29245799
14844173
27595110
9777132
42131329
8563862
13497390
27556079
37520159
14426626
10172099
36818939
33846765
35603163
23159944
29038733
38901142
1213491
28412923
24645905
28674631
14163112
43364948
10396161
27466702
345170
40652039
12173772
42606722
26824369
18398641
26146548
24092210
8805165
18986632
16151047
29418505
12971368
34005593
8648887
6259345
39477470
25647908
18081719
16417547
18466411
32747691
34234140
31217793
8098884
33137205
32324215
11346714
17262605
14500355
7790
8503977
12991795
10232431
40215716
34186524
41336271
30641631
15717410
9743183
12207809
27673496
14943814
4055477
4512513
35575408
43133072
33625031
39773224
26915240
19023094
17563686
9880959
24790178
23878393
42009042
13284241
33021488
41639947
31745344
-96649
39852595
17453155
37407070
8310257
3203338
180163
17531025
40933686
38426051
12978315
6407856
29283093
23156242
41096405
16881208
7687888
33711786
4683459
26511949
38297324
28344785
40585510
1514847
6917802
24282084
3124070
37650807
42329875
18588136
41242523
26626276
17199913
20240400
15866385
9484809
6017853
14057887
5745857
41596499
35902678
41577087
38667046
26677084
34801937
25283580
28422640
24401817
4150330
37021969
35339243
22398187
1196703
21312085
32874246
10201727
18095011
26848131
26707104
43073910
43264241
4557676
1707461
14687323
28029131
2633653
2076243
3561006
24914635
23720982
20397358
32097995
27507896
39923027
42944691
35697260
39898825
25696880
15368351
5490488
9595039
28218015
27469478
43240202
39003001
15302298
30789603
34610207
42458300
42491812
42747728
11869851
-348491
-215576
13108103
21769249
40097948
12643175
18692661
42484864
6006932
683913
11330029
15603032
3304407
10589620
18006198
25655016
38971294
35445368
24377077
3177067
24141967
20366050
21427821
41044614
26210481
15035616
17022365
12978945
25791846
27181855
42180202
41742957
19110558
39384854
6240010
28685139
14336953
15471102
16061185
15512611
39463578
19721818
37699003
435010
17441583
13700536
20430995
33794902
15522843
2606340
21968635
20044028
17471998
37414778
6124605
25513677
2342920
29008067
4198033
35501918
5877953
23572471
-448014
31943893
33998885
8804372
1240317
22660421
27122391
37667415
15434153
25244665
8655777
15581642
14997985
34528412
17005056
30512992
15452167
40443196
33978404
35111129
-554915
11202458
29072246
21537413
489643
30649508
33436945
32662582
25245436
23612182
27350282
43086526
8317193
25192913
39966982
39896272
43284870
37521488
41650021
42938368
17590686
41804579
31995164
17726304
36176152
8780313
3849404
38473977
12273217
569012
259046
8558464
20396580
13285062
41059136
782986
22134576
38361253
32527510
29412852
794414
31995194
32629439
34958757
-653268
9039002
9109620
20631811
13210736
40987550
5207785
34638765
26834309
30482673
4600500
994788
41648605
10148081
9557626
26923745
29181342
15113695
16039149
29486895
39877499
24489500
31154451
27521555
30617142
13761734
2332167
24456228
25976338
19822044
23648811
9090629
17730913
42850020
36257032
29880297
24758424
14648132
16765129
41950145
20873382
6351632
1288654
13820655
10838430
779098
38026441
18064319
-90702
16509183
21349301
24427030
19985347
35257683
25840725
9237856
40716998
22687023
23855290
29850352
36380300
10513465
27555516
505862
31405125
16250064
33587699
14924178
30181754
19335960
14978037
40219724
6048246
34964016
24358122
34624120
38596527
19369821
5234675
-257266
27444871
21053694
38654164
5991015
41135565
40612910
1061486
20625405
30721240
40216287
10338374
3823767
33794106
20459336
15433054
22736932
15776670
31417213
14733749
4259347
28791720
43308570
39942649
17187755
32817919
23736162
42961399
33801320
27571470
19037139
19354777
40178937
41092124
10370413
12688821
36815352
5894764
9660113
4222817
34397723
33387339
1587904
11278937
39166328
7646206
31534878
37730997
2915065
9635788
6551213
43152883
17748782
35817739
40518395
1934464
2258877
27617443
27312482
28150644
43075031
30625021
10811902
25827409
23234174
28764319
31133919
32341972
33068080
38241286
455011
471367
4923248
15393471
2045820
34296454
22910100
33612448
-410359
32343171
39997397
18548661
419975
5466378
26587496
13713286
17199264
9809676
14548046
35116577
30307882
20084944
6656488
28423097
18961544
39287943
15324678
21157407
39387660
43432508
30594518
36596707
25687471
24495329
41248357
145637
35582837
5844418
39139623
43511056
866540
17846999
8842591
33336350
41452749
5117022
19950526
33940028
14433314
1339411
10893669
24608000
40693520
34252186
1269472
17448878
7427474
42700868
25494669
14848770
22116235
42510123
40848828
33587766
24787557
5584180
29454721
4502950
20665398
39827706
550556
24628655
25914318
15895282
41549001
24987717
38707739
2621192
15354026
40638635
34996157
6510771
-436321
42343943
22542852
25625439
23853016
550416
26535466
25231598
20333141
19916474
30213434
23379571
17114449
11813902
31025726
6992201
19436767
27960928
8912595
8454986
14110845
36677303
41245112
25057640
27375891
7117054
-963514
16714808
15372700
35999515
8387349
32577468
36231502
31150412
2547002
22204116
2705761
20701495
22287296
27705027
16631116
-124169
2282386
16451073
17150880
1716544
42686239
25629222
29974033
30145160
19419652
14627150
2426299
33795269
13724211
6865214
30077435
30379638
31092339
2062856
10441026
12368509
19959270
30818667
30939900
7977081
40548387
3300036
29609068
27104579
12425505
31347473
1453444
36314493
30079349
20979405
4672412
727581
21615904
33786175
24771302
32457138
9206780
34624707
39534581
36342976
29024655
43419593
30008016
15314578
37361139
125757
13607604
9075684
19000947
37174574
38689611
28995894
18880102
28528126
35246610
7927941
40513607
1377514
30107442
16789955
23180205
428930
39972775
33574697
42843667
23003835
6081568
22524883
2531493
42980004
4111003
986444
-890235
36819379
25276977
31350661
1534564
41862626
16967930
12811101
5911804
29648658
7701366
14518935
36617423
41293882
-494365
1725029
40264381
11507725
33415748
98210
32132143
23942357
17365245
-214833
18103663
25729395
1395417
1394510
34065541
23007970
37770378
38203391
12385531
42044029
41111729
21784431
33805616
5010350
16663707
12195065
36233762
16027910
38796569
39359443
18390034
27567535
33385958
38292963
8825154
41678744
29956606
35260285
32456949
29492104
12916783
3063187
24580599
8252612
13386232
14338162
26209736
29140584
-262258
42858765
38815810
10865133
40752913
31666426
26907374
11957121
39280862
663479
2908539
39636212
20493514
37020272
1932523
17635792
3968114
35094275
20578880
-943364
5776712
-379225
27989415
32463426
39947371
37419914
36194340
28896603
28428949
17198005
13030969
23419918
33635809
9405395
12406336
33366777
17778567
26360435
5678298
5711218
6645550
37322658
31958067
9102200
15487125
24009634
11843257
4138947
35444771
746962
24871
37201924
23812310
43506453
21718094
27231767
34541435
-439108
16101103
35652606
15217197
34559858
8517350
-514569
28918912
36785300
28330904
25078100
40094427
30445408
3088703
14462342
26688473
32518320
21546082
13147177
10494514
2305570
9648370
13522264
28367906
14093109
17954256
29889590
25490816
15854909
36332729
19630541
28042358
32738692
36706808
9659686
22465289
24661795
13518930
33462637
34138933
24091950
29653985
39357349
31451574
33068280
27426731
19823319
32830738
30832784
22812952
38662058
14404711
38819541
17590920
9097581
30335065
43134618
32462757
34633269
37846373
6289845
14709333
12980238
37718930
3645371
4328599
33029389
27414900
1025133
8794762
19413974
28776361
32142695
6757642
408855
36161589
24816400
23696834
34439541
10476747
1022926
18712536
20457672
11718201
24810443
-468130
5988828
24894256
11850268
23180653
25712948
28370948
7703714
13130812
41207152
24026879
25307139
42060254
25357886
42616158
39703927
8100094
30165540
20516447
34686137
16263080
11282818
15826869
41242072
-771380
19880560
12423118
35524584
16944954
36254396
37777596
26405305
-415701
25826791
6670931
27062162
3718188
38799690
10020175
22664731
18216434
32103764
34570493
27577217
22066834
29893614
19051372
11476277
15897580
7462659
3610821
838138
24951269
30405875
26892795
17569925
15109890
732764
19097647
4168061
42170131
30875500
34080599
6890997
21931519
13656789
28439874
5550300
13521195
39722941
31441779
39034338
22447450
1661711
12914598
13214712
27939139
6953461
14139903
42067838
17342232
14603773
28111712
40863607
17172809
24507834
4719376
12515785
32504127
1120134
8464480
13909107
31692975
14207616
18670160
42440610
12056031
17284921
14176696
36446388
13800558
20394563
31775510
38943002
19061569
36647936
9616070
29929532
41360456
17080910
11870372
19727898
9069962
7851096
20167253
5325698
17994726
16671103
15446912
23756532
15759899
7969625
14874771
8286900
29318758
33789737
22277872
36113097
11510168
40263440
31004038
7687318
2737161
28913176
-605433
29310996
27699334
14550974
39959740
3858360
9457826
2940339
16887818
16459913
30168033
18154636
40007233
35528261
20912984
19034657
3935054
30249220
36211352
22308943
122560
33285082
6735178
12617922
16707405
34562787
37268914
3554389
31554461
11212396
39581610
18524963
12695957
34647252
21271311
41560942
7865501
12019002
32414678
-670000
5258154
19478387
25026858
12143955
28287784
29589045
32325344
23340199
26444946
33390757
13137013
29488746
30503065
20353191
7321212
17712747
30822877
26262266
4785586
20251927
16088396
22821355
37946529
3636724
40481975
39345964
10027806
23993974
23034922
7869087
39885915
37673473
18682539
20021717
38817422
34452194
7307122
29833457
551158
13226679
6389494
12435561
25958663
15119774
38241736
22352962
7047717
1161848
25657125
40724956
10524801
18214293
41299310
36801043
36411161
39419458
37036980
34062977
27300061
-199128
35471211
37999544
21292791
27469818
28205723
7858179
16058849
3206680
16247359
20611850
42205853
42448139
22491498
974518
21338741
23607895
26483908
7556088
7407036
41226409
11479041
4594194
17734932
40079324
20920169
15509300
36964686
33828764
12476184
14964266
40244219
13466718
8635639
20333471
38420884
11508801
23423320
10856335
447609
20640330
6910428
18853743
5819374
24335113
29445439
12518540
31404472
9242804
41380205
27420474
39021746
5249543
14688714
42278516
22040073
26621220
18127
30885216
-414018
19109910
23329345
30834758
9177424
3231900
7502113
39344599
18899455
33050326
36340464
43279444
8011660
732004
42740930
21559863
25092652
18892453
-721279
5875342
38687419
38297562
17421074
41576256
20284993
30063790
32141601
14810955
21091977
36934728
3807541
8783318
11718276
14553344
38937791
8034325
1879190
40613801
2469376
29413591
27040743
20647131
5073745
1385171
18860943
21030379
5971774
21614674
33863888
711239
42099029
9917895
20207414
24606324
30258324
13171746
18883648
38056224
10658898
25263697
34712085
5786860
13925810
8728784
19223820
30338966
39977569
6397477
-915836
25475905
35513082
28780798
12152264
2642031
40820804
1078149
20475475
3931886
13461486
42808190
29186434
29139740
15069957
28947259
36225043
3895892
42044434
14596030
-834980
38685922
-954702
9183551
34454848
33370356
370112
34850146
21490565
14251225
39603673
34089141
40094438
34645948
35211521
33657098
34447010
10537031
1372639
24810492
27621546
31877964
4148375
-718670
10832029
42125974
437983
29429573
16532971
2955697
34873140
36763291
21092245
24592388
33467442
495128
13742602
18396102
11116179
114862
37354606
40863170
2178613
12074945
37174587
25435037
27648968
2637875
17054751
756528
2237904
8798388
25862160
6567784
22652600
39218301
1373448
24231977
42716618
33229598
28672253
32405944
1326124
18924135
9296371
3237035
39044949
40501119
14626354
40593848
35875741
21704079
7892425
41034931
8000898
31822673
8706800
10905680
10048951
34514706
40546882
1529014
37995041
10512829
28055613
26876997
42018653
14411208
16732397
11173492
32911732
11034195
1916602
5287374
18858569
28216104
27141913
9098151
16723131
4393558
20552513
1773108
26672222
26428778
25402922
23348719
21750209
33010903
19536350
12790073
35128258
12080088
11653158
42126358
12983663
2000769
12554712
8061036
12844465
5132547
34631347
26367373
14810062
33573873
22699067
17546991
25991488
3005369
11956542
33999625
5942137
6186603
19436918
31901811
19693771
12037287
36353920
18415443
21726435
23901168
34849702
40893409
31540070
-332383
31228842
13149668
24563867
11622631
10626948
11806152
12182063
37612762
32898271
15273008
1802157
3687073
39753935
39002406
1039844
34123978
18554468
41394144
3529126
31826568
14121764
4005344
35266528
14876012
399714
31133902
31713990
20788085
1413069
35219422
14200742
29168993
26060770
37533297
157245
9053377
37209580
-834677
10521461
33727480
11542043
43158520
29678075
10978476
11622464
17471408
-798214
22990796
27268338
36341417
13489318
3947346
25642522
12149096
13634037
35337725
40684234
39000584
36454227
30789712
2498465
23658249
25761688
15652315
32829479
7954846
7137600
28484483
29614552
2867823
15405466
1997950
11350381
13983874
13797215
1808490
11685878
31235022
20269346
2924321
22939634
25735152
33314832
16596708
18895953
-854811
29904934
28903502
14760294
42459386
8629518
41287331
13082449
31419916
806930
23959795
41182783
842539
32837885
9743751
5453703
5539396
11148100
42011986
10985464
1464387
39952850
31798596
2603538
35749030
11596610
18130659
42431711
11214978
34945657
39734276
10588001
25144192
17162133
27226874
37186849
41882711
17635415
42854958
27113206
23427228
42043107
2688612
8048730
16210211
10278653
36955189
7673137
27560589
42855205
24262541
19499049
24718250
2013049
33987953
16134664
4899240
2885516
9679215
19827670
38517264
12032201
33521157
43046215
38876301
-660557
20108363
38369907
3751540
35001368
2653423
41599916
9214581
15730367
7968159
37635329
4180192
35170812
35457836
15197730
6928844
24102667
6315834
28676997
15373791
6101926
33721708
22008474
3222856
7928619
20615245
8538501
30066639
11928505
40154536
40637147
24203235
20502901
23908742
33155716
13064689
23224357
37540179
17455934
1954384
6658105
26826019
27855298
40586457
8618441
28456044
33885236
28780465
18261437
22610030
7255106
25220308
35969598
26553751
12021093
12733853
37072113
430011
41992962
33446873
22786573
29303028
33172708
20904863
29004986
21813318
8051572
3400546
16980000
6566251
-891436
24331301
2143938
17200744
12639467
41638314
41895402
12106194
11499500
13929677
4301410
6427258
19327738
25376818
18593587
-520632
8322027
32763532
11733829
36680938
18216201
14946775
28687948
27149469
37422797
31662033
32422114
29906860
18324120
30811703
9823856
26583752
9934321
38198066
10368318
4082970
38531301
10501399
10813928
16649975
6636672
38937514
20753378
10794589
28647941
9291256
17308777
38293204
26439408
42575992
26826661
9000120
10560653
17887982
14238439
5211592
1775587
17172816
22069406
26726521
31078041
14309728
40420980
31082373
25974402
21707077
29784812
14130297
1833833
25521923
9766461
4599720
6744859
23625179
27876147
37860242
34212560
13174043
9011180
658421
30500549
40012967
403053
3540391
16229833
202023
26002146
39693887
12933111
6942313
6608812
14661709
16894331
35790476
995862
25839473
631780
1551057
21493299
19724263
17540364
28238580
2585749
29573536
1026753
36389457
41957107
18513062
18536264
42700347
1774604
28173419
13740528
12184781
15543466
41062521
35875462
34787655
21749050
8018066
14658367
7421698
38358031
1055657
10077662
36204938
33613612
41899665
30198055
903624
17616722
2742964
5721804
6551083
8257671
17498919
15699179
14707771
5031284
42816234
35396907
20569173
6864932
43383536
32615544
31992314
31344138
35126575
-787821
24966557
37714937
2470999
33049270
28363845
29175503
28590442
9636282
25347496
18872621
11125445
33689865
21297651
30041620
1916629
14739730
21767264
1477789
3730347
22543851
9632541
40535569
-799777
19432284
37384280
38904165
42232432
15016975
15375672
15908180
17007482
24598792
14341514
43277882
25748325
42344730
9313886
17492061
15848818
-179430
10750147
23829136
14324223
22061407
9818147
31380606
10871984
3548110
43292216
40578927
20668838
37690357
25194379
13192214
24817751
-255158
19325445
29239295
42701068
20980864
-982114
3109655
21525490
30794663
8977273
21893620
7935836
35324038
23189851
23243088
34849950
37383583
-158237
4422584
21344587
6204771
19883903
35884226
10324570
4510007
23744607
21036665
30331495
33647658
2776640
11923052
21646311
12452170
41708688
8857194
29395901
20252577
26482482
4171966
12942426
16199139
23559339
42195894
4702287
28227392
7591778
2196020
10569406
41890366
23149568
43017612
29771008
15000330
7823970
27250373
19761216
36251839
11424381
11967042
29428525
33492211
29724415
15151737
33636532
38038416
31354533
17989162
29544629
16356225
22722912
37664437
12914945
14098105
13470040
38697138
14386919
16837075
36880510
26494448
14655797
26521311
29157814
34211081
23511227
4900315
35167366
28467673
52571
1712509
24467754
2362101
42368009
2347696
7561434
23752200
7137762
17640884
20649337
3576436
30659130
22273450
23047620
8682335
16892223
17286509
-379609
16233104
17009768
42969715
26979944
29855959
-104398
1462215
30135915
38084017
1226433
11853026
15190837
25615116
43142286
16176104
13347765
9907422
36578800
2638500
3533954
29627624
9697936
17965138
23474443
2428334
39191155
283215
24005834
28335819
1279854
34021628
-902758
34503193
30444432
23580096
-925755
30055679
25391795
29841970
29824391
10366178
12704260
5129811
12210469
5131643
20943221
21319603
14904810
29760172
17727032
32630059
32689927
19562544
-890509
33897648
21771084
13610357
38669330
1993855
4757971
1038869
10517694
14743991
41623306
32464049
6766003
30985996
13353787
2673358
10703835
31886711
3530966
19676045
37464001
4547466
2378051
8733213
43458105
34149096
37035851
22442585
17952078
31441460
6053285
13498273
27096349
23956342
38644193
33587473
38621580
7596193
235581
24524183
16769018
28432462
24993167
30315456
10404344
14459919
32063090
29526443
26147981
26178457
6316726
30938813
29100344
28237807
28830047
11456996
25546378
3338492
11823717
40358790
5259347
38257958
9143514
42640976
10163115
23337206
7450522
20267844
18440994
22486147
37349923
-537518
2519993
4194647
24273262
11525707
22100590
150582
43384901
22039824
6103209
35450486
27928578
13584229
15091735
23098176
1020766
31216900
27035939
41030444
39913553
12853516
23447036
980390
34418351
18611239
35497610
31038372
8289602
15221163
36107713
12162671
41375030
34288077
30413106
39206574
24862040
43315618
31152411
29032298
5299360
7992116
24158234
9430822
18266698
30731831
34418150
23185544
19683639
3338642
18063340
-413050
33770270
1917932
39934710
8968562
36963129
22596416
10046743
17564087
43277111
9392364
4784012
-73602
740895
2473389
34320085
16678745
22121739
28325093
6711352
5138913
12272051
36093740
8840269
38753791
19677871
17104125
15793959
13269048
1426447
20563970
608746
13343646
39316904
13769349
9469459
20954093
25418142
21890969
43036455
16401736
12064102
36689431
2463910
36017093
10584316
15923462
19479730
6376565
35860707
25968032
34023946
35148206
3889182
36441225
3051365
14008942
40398571
-647286
7694658
13171968
5019567
-537819
2273188
41200349
14845697
25686158
13792537
30067970
42309817
5243327
1217597
42168206
20538728
-438511
33998946
24657832
34517959
35229602
18124317
40238397
39311522
7053000
35420989
5097720
39144727
4913627
13888795
22548954
22484163
24416134
8847980
28930782
30851998
40631756
28420272
5036053
2460506
14945853
25368067
11149841
29911222
4467944
27881963
17255051
20760386
39103287
3276127
28471617
6673015
32333646
22636277
32048159
35748953
27909089
6868935
31023248
15970421
612619
36291393
5530413
8594775
266325
28102498
30323350
13969609
36738174
11886779
31853879
16763894
18144729
-354010
70820
34074855
9851874
31096669
36057419
23808267
15927016
19919426
16780501
37560781
34237969
20282181
7463383
16442800
39822779
32265264
31011687
20026640
15655728
16128392
13095850
34850783
-144828
-991182
22152987
7887262
28515025
34770713
22821499
13904620
28371428
10813031
7332520
41468872
13724403
3011207
1664086
7969783
40138708
16925472
36397833
3357707
20491608
12578921
33253510
279826
19078640
37636379
25388740
922549
8167533
1067056
37851111
35192473
12248560
23851001
-231619
24431663
35546506
38444426
33095092
38037668
3954353
11853764
25912280
27537035
3238919
40664463
5097025
14408670
17596307
15364692
28319001
36750256
17508777
37215057
-686893
22012763
32020872
4849507
22232813
20455304
42985476
6448151
8038117
2575774
11143980
22503223
23551868
3883399
36387419
34106228
28595355
32782557
5084836
40899105
20659926
36048563
2140933
25767126
19242576
20670726
5777887
35988950
11432641
7225262
14016613
21079902
13265549
11544150
16885278
3003722
34288733
9801278
19350552
7282154
32108837
12373265
30783679
42958716
13623
-743311
36165044
41939131
40960156
24451846
1700823
11398080
-848345
39060623
7126039
9813423
35973932
12063852
41242618
1114120
35299307
8237521
42572786
32902448
32658794
23614201
32255891
28971510
33014308
4126786
37484475
12203198
396678
1128726
22801346
20941934
12077969
32874402
35949002
36744588
42940938
21320022
34355390
4688302
13740798
12758019
42091387
11954901
-840182
1007151
21584216
31010417
11564837
5852945
29912385
20638433
6379527
24345153
30545125
26755354
14997328
38880174
14714636
40055348
42117819
29221844
41472800
41637084
38200995
43192272
25910787
36314159
26992396
26656183
25043899
32166269
15475381
6086954
33865206
-596004
12547616
20435038
33063467
41488451
15271774
8297417
18128605
-618255
13418191
13313918
35674363
25883051
38884710
24978991
19642459
36096090
31054740
665116
36107506
15043637
474883
36980641
38010906
40579875
22680968
26667910
12733381
15001395
39219510
38852450
37560729
2510299
41181325
11359370
14562692
17497557
33725501
29865450
4619127
22886942
3741056
10136640
9009654
4767313
3317539
41923497
4241427
7104595
16563026
43434765
14083745
33335129
6180532
9499070
39271857
30751713
30363052
34726648
24428922
38646862
24517369
27170300
34580395
15494531
25333843
10215732
32060603
30080043
34095451
8235373
11282489
13282899
538498
35723287
31218421
26037234
20481257
42196231
38845694
37598438
37902604
7191372
32315430
39428428
645512
20363919
11441294
10917117
14764886
36276333
32463110
33629486
15145980
41099115
36135905
2228016
31274519
28102833
28956858
33921352
19571609
39688395
10216776
8832763
2935004
2022799
9583927
2942353
32710659
12428359
24436122
31143342
1648885
37312179
31073785
18715941
8332815
11023818
29151445
37852103
40558297
9575647
28922714
34557954
43109179
11159052
5148259
41308436
19183444
8579770
20963149
4918635
21223770
4848962
10869549
40943154
41662369
36858188
14307351
28755826
13332457
36269214
20606168
27813143
41351012
18907825
34265574
17023444
31636737
38222025
41425104
14320068
-391451
32056098
27905395
11352724
32782663
10598036
33818571
3237842
32329858
16386460
12325397
17140401
10004674
464647
11950029
34148273
39827048
10424766
20690412
3834638
-761717
143181
1144697
10379459
22345308
-920257
13259296
34417994
5388059
34255283
36926014
10223425
25643025
32390153
40129697
16370289
23524005
10442785
36425676
3198442
35459175
10639834
4316238
37507731
1847369
21570498
6254592
401754
32470374
15733989
29416583
4258982
11254278
24179498
40307745
28431724
23933537
25163573
31096832
10879442
20124613
8969941
31669678
8471477
16307310
27379065
4223440
622976
24488966
8363218
24175656
30593537
41090244
30739391
9186092
34842633
25867028
34137521
3854885
39539676
43456779
33044879
37228445
4724357
53000
20285680
37037818
20360524
25541803
27706870
25208989
14558361
42902415
1835100
8125084
19083116
107251
30363200
19817387
15330961
16925290
8303629
38739161
10068766
12217366
656861
36439020
20832099
17888392
43268299
36513970
39051519
3008656
32487122
24877849
36845928
31786121
20900978
13827915
27473534
13270375
6684676
41573293
29793918
16150623
8831241
33627294
18177399
40712592
4389470
18682653
9237667
30712359
16961243
22767325
25790571
2376579
6649474
20727975
11446794
34897904
34874578
19338116
32003175
33884192
42084969
509058
34264669
6615031
6297613
30538605
27974234
36327246
39685069
23237771
7196440
33213150
34646210
38330448
30169576
11509742
3469553
23053694
41198031
19738059
24188958
41430336
17010793
11389593
1979210
15260975
8775789
715408
29876511
2499477
5318158
31512213
24648578
8178140
12837161
33802708
36594913
34570881
40925349
9863702
1461312
28914464
29285298
11530829
-874356
7934048
32958543
30262869
30143978
38142634
34630381
13056823
39850199
38603884
27488141
12575485
38221105
11509839
18117113
20046852
38120431
19622592
26836932
36797837
20791335
20397301
21866269
19963954
18989304
40112644
3536509
5632215
16270402
35224440
8656198
29529092
17359284
4909197
36771723
16701126
2886880
40683893
24659853
27969615
14082274
11222603
20567620
206907
34656190
38660688
26766732
38625352
13819138
13275
8931540
19441460
3905293
2211695
9197071
38072942
31379957
35941620
38866814
43335901
39383586
18233480
8007073
11690389
6670992
13451871
1823825
40090681
30778518
33292709
28898825
25580807
31247700
33592481
41455742
41301540
9961372
41163626
479317
41311170
3838695
31828806
43031313
21267574
25870462
37948939
37953841
21212486
27415027
13765200
20981340
15922079
38762831
42335026
4068081
39992450
25945200
24016013
18194799
42522613
14536975
16408219
39479329
20945146
37951360
27768597
14499240
35637404
42867421
10091749
9409690
10866582
14555747
16762611
42160084
25631964
31974066
11068392
22170978
-977280
11429818
3943117
17830011
5520926
27154821
21889368
27740007
37548030
3196155
36312222
45412
13639254
504031
8141742
14175037
12598947
12673867
5230920
42284497
11267669
42240112
3513182
2943132
35066151
43196249
93584
32869733
14962064
23179565
25304151
8657934
13408425
35812108
818094
18666468
25915951
39441719
21661583
10148800
7559415
27818094
38967098
40667772
43007560
38622345
7748948
14640566
42920000
16183369
35553448
6149191
6931870
23173289
41470691
33651556
32179435
15501401
30856070
38859912
28530389
4969025
37691830
34558443
17504783
25390841
-366460
15157666
28802
34683081
16164373
9125814
36440976
38584983
40072318
38003034
28196118
30401498
6721553
9483976
15498545
5908205
31989269
42920920
28818992
3712599
34320227
4824577
41625703
12639150
11008488
17384829
11308480
37784158
7507512
3934511
2898367
9745091
9632927
39291620
23973354
33215508
13669754
26130894
39949926
7904298
28527777
9789138
36062543
17779534
23940570
43184762
14246458
-629893
17309441
12668295
10736673
35008672
38767538
5527984
28910244
14672294
33169293
14008921
28047840
3558774
20686536
33769178
32882032
1779074
43497710
9956249
26738041
13398202
6810115
12471270
43337286
15663982
13345072
4578739
28961873
14895546
27138678
35871701
27402623
5639494
18175796
36384498
6029393
41916386
25633046
8016364
35950556
35291495
42514870
8020001
27038035
9723199
31429528
26122343
978779
18349324
34039123
41338797
23145759
-599021
38931239
18827374
9455475
5267461
3928378
21810034
21623045
10590696
9961304
23061356
13205672
25271157
42954744
41262709
10054054
1262735
15449992
32635545
29215050
35606656
18043148
5395064
22537551
41043575
23979905
28326965
2566277
24043615
29098561
3610950
9286182
37351692
42940627
2798595
36457605
38420547
39217082
24973426
32139278
14595135
11205198
14522404
37696602
30584620
43156302
26362856
2676881
40206021
12628558
19630115
6823673
4606570
8233128
16693578
40832205
2211057
17979394
26512664
2394321
24816307
15351448
2285002
886672
417391
11036735
7599849
10397821
33843422
3534142
6408176
25066864
14804322
36401563
35436751
19315615
27817886
28115367
33047160
41328038
8953236
9806331
17269713
38062995
33364700
11704332
16264661
15759003
33549470
24925346
16553993
39076806
30850110
4099271
36192290
12907021
32169089
-62544
5025813
26128583
2026687
27813297
23726227
21036753
20732613
30475292
41301956
18098396
17285952
30809683
20362865
10134633
23977122
13988318
29197389
31132588
36485516
14142382
26114494
14411377
30776128
15809159
34658851
29400163
13149552
11590552
33626664
22197111
25929334
32349508
-93619
5785831
1243303
3890473
2567286
10297830
32153480
26583788
28181134
19936963
522568
10061718
20096895
31347529
18641232
17454560
28197467
24193651
16114341
5318467
41908332
8476019
37151957
39372360
29493509
24533442
28783632
-721980
8863780
8853173
14453669
4551908
30351150
37619221
41005177
35488967
12886614
20473688
30542166
22459461
35092706
41856377
835719
34344671
28018321
22021691
12339720
37257623
13272666
16236645
23751763
4103024
43136013
15148810
32665654
14513160
8693877
32074716
1156783
14973546
32446263
8909829
24236482
29223517
5419670
29867299
34847423
7691179
17821751
13735374
26449986
11875503
15300316
6824087
27134190
13052609
39405694
30574875
3710326
33106091
10563272
42143012
5825916
-527070
30777061
7030257
14840016
17466438
39909979
9858656
4230713
33031231
16235993
4816846
17770284
-553335
29647024
28254119
42647839
3936119
13993734
38018696
30835126
8867727
38232681
16232992
32730107
37863190
5260763
8700221
16304462
39977086
16293384
35146333
33038623
42927199
42935189
41947309
13308596
15969664
39150393
14920118
40789882
4563282
29105254
34214760
21031052
23690381
17079580
621106
2423106
29728108
27272400
38328732
42176491
26499073
30092481
6139233
6473233
20894744
13115731
22533630
99865
18741031
15750650
279148
41591520
13903250
4698865
24131991
4975795
29658070
3454638
1776573
-873338
40539715
1955175
20338685
31060968
13275094
22355031
28080228
15155963
26908816
6461864
38179081
5920537
26679309
24349476
34255380
33205424
35181843
18674825
7738719
15582571
2539470
38343908
34183049
6444421
6099394
25276702
34381548
16360948
39297967
15707638
25842482
2449330
3197752
24444483
38204965
8546716
33476536
31563460
18035713
38344153
12954288
21342832
34219683
4141590
17937656
-170299
7069750
10698265
1764035
34458475
22980883
29619925
34024979
26336510
20665354
23908175
15476935
12981067
41943496
30931094
41871549
23860112
42914644
25176762
35148323
2190862
25228520
6845370
38028724
20651961
6612484
19796481
39027561
29586356
4002871
10519863
14213451
9088337
32898815
17252290
10517457
11235280
37554456
22817864
41620422
39024814
11515915
1837003
1618562
6821587
23066255
1249998
1783801
40634499
24188590
22981717
27480862
18942681
27293940
25766233
37263831
2062725
41398132
1166061
12141507
34294974
67056
2574580
20566881
-578682
33543060
7668489
25897165
20921758
18255699
39995738
9349000
12345185
20188778
18249258
42971357
9860221
14087124
29974132
37319421
4069522
40078216
35620734
6469811
9486333
14921149
35025233
7095828
34152176
13599799
35787984
13283833
34053304
31017769
15389658
9713637
14929557
383082
21767335
-768305
-344250
16420083
16307208
25177980
41177210
8526251
26656612
25776789
347033
11944693
18053611
28230226
40850467
35354640
34813863
14481255
19334571
33057738
4356472
24241115
29870812
29650942
39821148
16718121
6079634
32833574
36679968
25068685
20112407
5756545
31390514
29792767
27067895
30951428
34654071
40956931
16398832
7646867
32194804
9798591
25443115
16541163
42772741
35864351
16090057
19211155
1334426
10485259
42286246
9436529
33594265
19160057
2120495
34991349
29355764
27592320
40996951
3470777
201016
12390686
26600336
5084458
4083280
-707435
38061593
4988401
37886701
19914977
5284012
21670987
29565080
16758597
29252721
16540414
36834031
24391577
18524898
36211072
18157427
15983179
4309959
25711268
42720561
21951301
36278812
26986746
22980132
5410889
613312
25113279
17716100
7781531
9138452
21398538
2946372
3338245
33377989
25603162
1665677
5215840
33119654
27695630
26716180
36514600
4029256
13154220
27608668
42477149
14307297
26479677
22083426
30088211
43419087
15213998
28964170
40024138
37825816
19819079
7843187
17534021
23896491
28141331
2606563
4549082
20760747
24665742
1562316
1108525
7339975
41615126
32939960
1539334
833729
31751566
21843920
19696399
22791455
26688005
42592864
2303660
509690
38463596
5110665
39184267
12537876
13330351
5032299
9081973
18925700
42938547
17713548
564345
38612268
5554299
10903756
16442481
17234143
13165627
23434531
-525100
43472940
32710671
30230537
25832570
2243736
32847920
125284
13448855
12604144
2711495
8961116
28286251
2114940
34385789
20922147
36726592
20500025
21103004
8473521
14190158
38824860
2789958
30988172
-786517
19751601
5518703
24625936
13246546
7090136
42713909
16797378
32657500
26177415
5329914
21168139
30971254
-875832
27034506
35273858
7097784
6656447
16748361
14783957
26888183
1645773
36811693
33326255
11978078
20420194
20747768
7054118
3373104
14744425
43151160
33360270
21962111
27857017
15989492
39929708
-916824
20814742
27465481
7092786
41537496
27462188
12377510
6551759
24884665
3766452
13837182
39280239
18771710
33644716
10732178
36494408
20438707
6079146
43189007
12012798
16301681
24255402
41801278
8789751
22889070
36370757
26350946
17639809
14234450
3669602
22060804
27837703
15486514
22089881
-493362
22453480
33463191
35903706
27151179
1146903
6221061
10329
8142154
28334391
2423763
39975398
33958897
19226826
25348005
2998278
39624153
17573974
18817953
13798355
17223157
22758790
8283543
39119188
40852998
8350134
34274609
40283159
28561096
6300109
18824297
6494648
6493891
806357
26326326
16020542
-400018
13229684
6646078
41022155
1770030
38174401
19393371
20565387
38605242
2506459
31626179
34423472
23446569
35070158
8774516
36334313
15979416
18826412
23347271
12515122
7047996
1638308
26040755
28949650
21863619
13094987
41372808
10515437
32577981
36000808
40082256
32350181
13515768
28256125
1424666
8108378
12235562
27072424
41933002
3700574
7363658
19528739
36034643
17894560
32821978
21944195
11301484
36946578
18495564
20318880
28925725
35247230
37602920
17917123
3554232
36569614
1776618
6003491
3896826
9964908
3036974
35155104
6306831
36258810
22785219
25916647
19152030
15234168
2768739
31493639
21875018
34236869
13389862
5720437
29092133
22063410
31025862
3373103
17036057
28086428
3365493
41567759
17680086
41710815
16210937
29270336
7468305
20344417
27301669
7509030
7174123
40712148
15476039
33642605
6990593
27482814
32219343
35419997
1608413
3439653
19655957
39765880
38572760
5413702
7586434
15499843
39688353
12582401
27602626
33052110
42740488
17829408
24230268
39515811
10041654
36885062
40171902
15612931
16171269
35776876
14446701
12673862
32020996
35884538
39358419
6656198
10285529
29369452
36572093
25544645
11936738
4291244
14412345
29842599
24702455
27116790
34773200
37523659
3856253
35948576
18157289
34791966
17168045
17424978
1765499
16920316
12176828
20481672
41813775
17431633
22648128
36583232
38556184
12132698
20490601
40334391
31879169
18590879
38512884
18397914
39171786
25911581
36684076
30154041
4294978
11184978
19113118
21279317
41107328
4592000
28199235
13690524
11038919
27907747
10198375
19539789
8025965
4567640
40255359
41401820
16958338
29927563
16896188
22810247
22460206
20964792
26068381
5907558
28029917
14399989
32834033
15901293
24696220
6756811
331336
14420075
30250023
20549429
42872067
4087795
8142369
6592180
40217940
25738827
41684422
19058451
30439096
32786094
31877484
33895696
9492737
-159061
25600061
29335224
14053153
20584434
26670970
-117527
31900290
6218637
21614967
16526516
30025579
266777
-949763
30012809
5742187
1638958
11663173
8508529
43129252
8421672
9163891
30286480
2697845
9816369
7376180
24381813
37339164
9540370
40536007
7974935
19015631
18282178
26948862
33921433
32227411
3356265
13238795
35416706
18077464
27942029
7282246
29128252
26333069
35274399
30296330
12543268
20751521
25664752
18850734
28446842
204277
29264817
41651466
22284051
41912016
8750463
13845222
6068628
4521142
21750811
19598553
-584272
17083647
42760010
20606025
28405220
13689615
31776989
8025410
15052409
27995150
28993346
29214552
28054444
36274922
38465900
15403403
31616660
633106
-684268
11665196
39480476
24503890
28248146
18686423
36320343
27358066
12395343
23113013
43219105
9727956
40144666
31257693
2082431
28887464
37770904
41538741
34404496
38865790
17333269
21628395
19009315
8320793
4270215
33890624
28307591
3766617
7158133
12205409
599325
7052918
17698042
23716392
36720515
35970890
3213344
29977443
1640095
3803848
25225558
19336787
14141108
17379937
26217403
13110002
28436403
-647479
4259789
36083136
26707359
16713133
16547051
24454247
17699560
1970669
23171404
10771163
18975398
38376951
16749388
8493284
14887560
77444
33944233
11937430
16505447
42965902
34150535
567538
209029
38092479
16864366
40538274
26147235
33136984
1950180
32212784
2047394
30427747
4633435
18287552
36493963
34688583
34154707
28529698
1764232
26689969
16473537
23472105
2194759
14542189
32702996
24694532
14869054
19204889
22526473
38684857
26198623
37185856
41265621
15673725
1968676
28520631
4657641
31709215
31024030
16124234
11279483
18047928
2301700
802021
9498984
4122358
24312013
38449425
35800506
16622926
40621241
26697844
20427667
35529763
28874505
6945260
38030157
10676246
1751567
37939093
28009898
10697557
570722
31965656
14583720
5206943
17341780
14753077
6743816
5697340
32030447
152676
15906878
4050432
18547212
22328650
8656099
15603440
16520132
25605466
1921403
6727724
41495978
24261839
11149397
31371652
39228807
40050259
15822498
21263320
2702138
16082763
20575064
40352458
11092590
4702054
11377296
26396975
-871430
-334548
8138413
1509854
14034217
19422496
153144
16193544
17422793
25835962
41315174
25783110
30586643
13186657
32528010
37798770
37794725
5563586
9001233
37941747
15680768
26587768
3455765
12111882
22967999
-30240
21263886
25113532
10844836
3235484
4409670
39538411
20800706
11506532
26917167
14985709
31086067
38129774
2697246
10233105
38282924
5250001
7618215
5020750
38334234
25561754
10038785
30438635
25494571
20133303
-236324
38778186
18953472
12679325
6194739
2721991
5500841
31944798
40968233
29043071
6704693
9992576
1743114
23211087
39671368
1205690
38169971
1332277
27705199
33195229
12026335
22641855
2268275
19430483
26031025
40974015
27325657
3965671
19481401
19172606
23806388
907158
39981401
35258077
16987154
1874965
-386324
33362546
5879839
25843795
24425162
34563080
8783260
23712893
27065800
-28629
4109910
30664174
41999811
17285841
14341551
26529677
15463902
23876751
25666025
41922871
41347560
27994206
35557417
38610485
4798032
4308269
2296649
25329488
7334420
20666449
12990319
32429539
18409190
7404047
4339106
14404952
3151026
38845844
37777160
43522459
-522937
16856618
15395563
28298175
11967887
9203306
13353948
-360114
15105127
22237750
13778347
37644707
8427707
14520306
15022646
25311998
24136839
18084423
24980599
13770664
30225979
19056561
33792823
4271667
15162331
24920114
41520576
1892467
34161524
14370364
41990754
22910541
5663150
36662187
848668
-103838
10407429
26601953
10581717
37517026
15553115
15970912
14116249
31095633
12175270
35782869
36493218
25321414
25060278
39435408
25988810
22034714
24373498
29068715
28433581
15659114
3817479
6602809
15573611
3606851
9242259
40123222
368567
4265695
11681414
39290185
18071001
15676193
9281778
26685547
30860921
6762370
16319956
18964251
34932561
15899999
34313914
5770567
41317825
39223846
26350079
41324078
5200514
3873109
2184488
2940186
20475742
564474
14759263
1733028
36141154
158560
40344092
6332062
34345860
22877286
89477
28909250
38237549
40765285
43065604
31112434
26727219
18798276
730914
14425557
27708479
24394815
32307890
36117658
39077364
4692126
26599129
-190020
32433463
25291038
32194842
18743055
35099464
34960729
6288495
41775628
4295419
35480031
12730114
38467374
15466848
27796215
2048506
7736636
40346127
37402426
21586053
6858881
41364477
11914421
40224535
-146692
12544503
34598731
27582572
6066345
5151931
22514959
4286773
38029870
20545844
35583381
38709117
2246322
25258143
7898377
27213371
10176239
7918218
3295459
38106981
11165821
5994292
34673125
9495337
18500829
24935717
39619463
9253310
16462917
18952615
28859535
26099916
9785841
3856975
6970726
24128571
35606747
20080686
27009170
33414761
14970574
32176457
22547664
12059985
6599847
24774115
3372550
42256353
31409129
4647141
1814036
5431435
13733623
4314756
29204301
39734003
30476051
31613232
24703199
36727022
27656643
12113757
38098186
39136269
14791961
43317950
14737980
15866732
4544701
9135939
31580366
-640530
37213736
34364808
22598154
41698314
11161483
32108792
32914249
34589878
39375376
40531374
3046844
8440663
279362
16357206
28303738
9523747
25107094
41374372
2918697
1012522
17623234
35353044
22527497
40903304
23958947
4285208
17151306
24537298
38490623
37224381
41475461
3115590
22963633
3147413
1199268
25448806
30548822
18767958
-204232
34757823
32650893
14199353
3320942
22803263
4049456
19961322
23537507
578569
32641207
28490190
37071853
11460211
25851305
37951432
33987507
16570573
35739321
36136798
32761068
7311650
27772896
5040659
12710122
5585916
5749838
27099168
23466968
37912469
30478286
37324659
36739156
4359015
18509324
8761383
28524404
696663
20045397
31136453
42618307
1759542
12497367
34616832
10062235
6279909
7649929
28679820
655448
8292939
39300885
15278
37597820
21573574
22647400
21460094
37590485
37501888
3349605
24805781
10414569
2098821
8735122
8595906
23765753
36337079
24843281
13097900
32212279
12529924
2509740
16216837
40793053
4722038
3078201
1657797
37443700
33699844
2309176
1232634
27521610
13180200
13463730
30621840
14904541
24611454
42307247
6006743
31858738
16024641
24749492
1120075
6803028
687682
20914394
14671848
34126172
6620017
21163895
19481729
38827762
5173322
11812197
26077837
976208
41086803
16990578
29380706
41897255
30857522
12057816
21051313
8056815
3246536
19888725
711998
21189190
23479908
27631009
26420805
17989103
41709464
29844329
31437791
36452798
7134454
15948114
21651639
15923374
11568985
16325729
17087479
26800617
1747142
37593734
21714083
10731609
28456679
25688993
39445762
8612004
13580795
35087601
10219523
7740247
38606967
38793441
12953825
26386534
41617259
2191614
20326224
14544546
24462611
32318783
1729640
3646151
8389447
33271834
28282819
42535075
26199861
30181599
34849193
7321144
12054018
33868852
14610791
36032254
16726634
29928163
38651316
11033390
22738480
27707229
6677989
35144361
23893248
27518826
6448197
32085290
22052450
18748480
20978406
8822358
13935549
29589896
18035717
14490495
21446724
24968046
-148478
13565476
17960065
11517101
21718431
23369723
7609769
13465121
11077374
14760710
34437371
245976
9295354
36038125
29844434
6635090
20954578
1351450
37866919
14289352
23575872
17277873
17772194
28799258
39209390
17553150
22608712
31318197
8232796
39528468
34120451
2649676
22003999
42781308
25435353
7321726
1002471
40644368
28850456
533646
3753576
15204284
18636047
32327026
616069
30425128
2916963
37418402
-210904
8010099
30434935
34107392
38640371
8323292
24763646
38854613
6587723
7001304
29916997
2291475
34815919
24071437
41882868
26041003
4586279
713140
40056770
11846069
35126464
30538824
8475727
41540598
19196076
28407091
15547600
30313496
28474665
5951819
17697449
29123395
25394370
17522253
27314249
38592186
6849503
35577006
41619328
25469578
35263312
16500227
2179576
40114270
26098887
23181141
29756257
16842601
38862343
42750768
27537928
38306095
26171888
33355858
20932968
34802847
41059743
1636328
42062911
27530374
22750064
24251420
39142498
39554447
35657167
23412990
40917066
4769707
15799659
24721646
15572778
35609325
35731971
33757137
5750386
28838884
31428348
36946893
34897404
-652914
14897806
12457813
20042773
35650491
10593651
15120910
15679070
31491270
29637609
20786587
4610347
11320117
39745531
26461047
-513017
31998170
32429872
32935579
11748282
6196247
29727233
9820135
13910273
1522874
22426405
335260
41190871
5013131
17406610
25873072
11058640
43434155
20487972
20859830
32316955
20075142
5465688
13281665
40740312
30152626
16373314
42604633
28026857
25496177
28918665
19150854
26093626
23096634
34501947
31745908
28457714
41862219
26605789
21937674
32116800
35897078
8391627
5321311
36068908
39810458
32532436
2621883
19845855
30712631
26781977
1813091
5563188
25187501
38828297
22383751
38525506
5168217
12113897
27729352
27169008
31165491
25543900
31386133
9466438
12935314
30227862
15309164
8533825
7710867
17484909
3749780
22265433
29093186
-739296
32011618
38907518
41985091
2229612
-316211
42521855
35971920
35948756
25876125
7859549
2894602
36022162
39474678
9040184
10015472
39791022
14818590
39861193
23840958
27803071
6765130
40567115
14821486
42543079
11176685
21030925
14010595
32953733
36231433
35693381
42317190
9435242
27245275
21014655
4146777
1106814
43440857
33229295
40705071
36933746
34031389
7388565
34494681
19502873
3674757
27493207
2847711
38788968
5968937
19070772
40209882
17238259
7624651
25571774
8494763
29624763
3889859
19643926
14878921
7859522
29144418
19356135
34814057
3251619
24528784
34920246
32619200
3274558
19535685
4019967
30066263
347658
37465726
1915781
13509590
14797438
38046683
35501282
294207
17797854
7342258
6159006
34891513
16640561
30439605
6600262
39175982
31545682
7091058
12463883
27446243
20831764
17818739
21899603
9027441
43418612
12434772
8265197
43281385
14522807
15619261
40939439
12569331
5648064
42915092
12630222
42333576
35882143
21334648
31081834
7928577
4942899
29867653
6089044
24427156
33703524
11845021
39786797
1162349
32418735
41797219
18752283
11794042
36076619
25549187
17278048
18390684
20012086
38704062
25761982
14613563
4914298
8172693
42854365
16842481
28718383
25313544
32734303
7844737
26985010
7312801
13545908
20304919
5219954
11525389
11034549
10036676
12715820
37426538
27524651
20794135
42054617
43495754
2188667
32834615
35701900
39829730
13088627
24025719
34651492
18863955
20854163
34697482
5700282
15243417
-67049
30337409
11811239
8708620
43289996
15690651
41546184
25579195
23184217
2511921
28902305
2880337
29052465
26304329
27568663
9860383
767282
35122314
42314979
38940407
25933869
35513832
40279422
31524140
18847588
39011648
41666447
21601147
34249316
32588782
-489319
14112534
27262867
35913145
7818621
13181008
34822985
43067142
15287632
25244136
22060951
30058504
227804
25547012
34236021
9935298
3123756
30449396
9344337
21559313
18394107
14851908
43043876
39920046
41963463
40322323
11949135
38199089
35833176
38747405
16518683
5586635
23166225
43213577
9124578
17921628
17724070
2147841
14019274
17962836
10953163
28743993
20226564
-885359
7837683
26552603
33109435
1460756
16742499
29250885
27476577
20002659
30916806
1707067
13042173
9977700
24250703
18226407
27771717
-178634
15162141
5602781
15249544
22650913
36892078
24455247
41307784
1092959
24306253
37827414
-128184
40099489
24511066
17918156
39094666
6320168
15775240
18490063
17445110
43070941
18113959
38496515
32095080
42952190
14770038
19570539
35856027
5796340
6583216
16854783
21606830
17573238
28488436
15787418
24897740
14068816
32242191
986951
23803326
6641712
3254762
17302355
12341055
38190296
19920567
43533613
18893744
2525831
24858361
39290287
25295347
40653552
919688
129081
18567292
42145427
37820695
31003977
24111146
40822739
42895074
39218489
42976984
28910743
13528435
30957729
11684758
32464144
35167285
41715310
8251129
12597724
21028786
16589766
1310990
13525606
15198682
27614941
11693931
22712815
-897164
17888905
17001805
12096392
10595139
17827864
30339718
4064253
14954763
39332521
21867355
16486779
36484315
15398337
43492978
36780370
21572325
15237657
2950885
41533864
23290558
24947764
6027707
38616494
25251361
29980264
29767585
31091569
17683522
26994436
2065684
3618904
38766748
10898737
42503341
32415826
11325098
39245931
35984581
12651484
17953939
40585230
20590302
5780128
12446439
23142284
30443288
18651584
42717176
11249639
21925027
28195033
18425131
40252972
-395955
8682990
18486368
22091465
35696058
40738639
37677572
35757750
23495937
33757793
11644442
19897582
26112178
11129296
27606632
3641064
9043954
1265156
22769098
16189561
40673996
24353219
41437467
13436738
16803354
18703839
10480867
29662426
-203642
18685251
19164082
7139063
22491080
35603352
10780524
22647536
42017901
32655577
16170505
42044841
19939308
3033108
40667327
37381612
17503018
7593577
8122771
18083875
43377973
9869721
6488539
21209956
42232158
23104508
19624131
21471667
29293074
43158419
10514704
24308437
10223237
35685152
33313055
4930923
33501925
30452506
11598516
10643917
24826570
27678378
22238295
43028158
28770916
1668994
19751965
20576569
9565148
30874899
31481181
4547942
6072608
22375027
14426721
33901712
21503166
34529799
42359735
28177461
1355463
5159774
34633442
28592534
36155986
28570502
1397786
25561693
12606109
2411104
32276850
19582491
14031935
42561524
35482008
37426411
14130580
18994542
20459882
412290
33980879
30678372
26384846
6634441
42614406
26431549
20397324
16361800
28187444
20176585
16622335
22621311
30047104
36434885
33617638
36156364
14847
6177158
41864474
10931455
17312732
33946054
17924599
30909182
23421773
26502633
10698802
6186094
14402737
7542659
22929969
12029328
39035340
41285180
302961
34712731
15785118
24169178
9883303
16080357
40468280
2035314
25867041
18201723
39346027
13891416
30128515
29010207
14900195
25019819
-675890
6807834
33903284
24255753
37676903
3583045
2322465
41138155
21247992
24561518
26305745
2838880
21152339
3161325
25519917
12600293
27043087
40584461
-131400
3311781
26816875
25061853
5419468
21607849
7922896
17734258
26589150
31397076
4377041
12693565
7375580
16460815
8242456
5490734
14250473
22523647
25674565
11699714
43441168
23112824
11467232
24889933
-900766
12269437
19598685
41357803
26543274
6398326
34244171
3410126
16570232
18919225
22246871
29858065
39332311
31248813
10704766
42928033
37095097
22928024
26199433
7332521
3439254
4609885
19396978
39083948
3186716
6843055
25805685
30576448
37660406
17401471
34960570
10879012
10731834
42332818
36151771
-553716
33321844
5439065
28114836
25471870
15837117
5898152
32648511
31796538
34220830
27742091
28804407
29473080
41214850
22177901
2080058
17235330
9270689
29678104
14389150
37437233
42637985
5329966
16813093
9418244
2158988
29549416
22572343
21346403
39715502
28229646
4071819
23055753
17290695
24320211
6236438
15264467
36572139
38885329
21917422
26896917
18973929
156680
22982356
21963892
18693065
34076885
464412
2956726
8747487
-27021
2339945
32296536
35746548
-476586
15492094
34060565
9708988
39745188
24280942
18895738
31689209
43242861
30055937
32373969
2313379
36737104
1008501
36868140
39773006
21583783
15424594
30954200
7593579
11342206
5848364
2637117
20531111
14064242
10306476
30759874
32520558
19302602
325064
42543923
23859410
31531952
23595164
8065238
4436586
32543911
3414820
34250906
4612421
18912307
7922336
22328429
38751144
4540316
4676455
29659008
20309230
13741446
17270638
1878753
17136513
10771592
31606353
15699379
34907620
8747327
5119711
19682542
35753836
10685183
41224859
5041875
10000222
24725494
20930280
14056210
40308105
39966869
12237888
31666275
18386137
14752956
13354204
33358311
37343319
5260717
30036877
21773614
28918235
3879281
38622356
24866261
24631066
16608031
34702832
31320752
33555517
40803263
3936367
12894652
39876841
19933755
13044003
30907590
18681680
23363869
33388084
22992379
17525542
29982717
41380869
9436948
38411595
38419807
21322948
26156404
39035729
14001823
29605389
20272515
14178157
16682352
22392184
39687321
36375334
43176917
13358488
29050506
40953228
11917292
41813529
7756171
30500984
17863382
30533244
11417010
42545675
41882343
33557021
11137840
31422232
20395043
37755255
43483057
30812089
34256164
22421760
32044969
18208396
42260865
10292541
27335083
38814314
27414979
34517377
29225654
9379906
34961259
25009100
8918489
8511254
18098901
1472390
26687542
5095169
33293638
9057572
5236462
24175905
36750183
5334722
30033258
13842537
29323605
23895812
10943296
39094655
-864041
13852895
14410013
15655694
9489405
20445290
20921756
16386167
36866846
33041692
22719051
30238323
29613127
1520327
3917920
950081
7199909
26806759
8959817
25281303
8027143
10927958
14330293
34643933
34646243
38069746
18586321
-952854
413209
34005952
846496
42662092
36547323
23180870
21348444
9250747
36175888
23575313
28025289
38474011
21087870
39221002
35027051
5276919
7115263
40941780
9114080
22773090
23743856
43130979
42194897
24584392
13216301
14596792
7081098
22109061
15343130
40653511
34916586
26499135
5239457
40744392
38607135
2837706
16471037
27743853
38660949
35665361
39033738
23785046
39100427
7154496
23282252
-727102
24702774
10276889
8624377
39997366
20862484
12512219
1515641
18126874
25488075
38187747
12033233
12662322
23584514
7163922
10153589
7174785
35261533
19414754
20705265
33527674
9161621
34302694
17063036
22782730
1547503
13987946
2850758
31986239
10073851
19644592
41396372
25567091
4214800
19273659
16462559
30694158
25834886
37410297
15022138
30111625
24057083
36880831
1064153
9847434
32694421
6134452
11399514
18063366
14573919
32936146
1731925
29152063
23486069
1367544
5320334
30650285
15500185
13829298
43485515
7792397
28688118
31648349
23911869
25706904
19895615
32283281
41529976
4530756
10371104
39594104
10056776
20776711
-512865
8737650
37161272
31509613
26936699
24541530
37797421
19724978
43407712
31135445
21541440
12585664
32395629
14572430
26583946
40692409
11484400
9492920
1597729
37386010
15547371
2163533
10292075
38987720
24529205
32277829
17838862
39430820
12173642
23706264
20603626
21007953
8181047
19311214
21099854
8616852
10289327
6045281
40841956
2718095
8470511
32073419
14920798
1821901
13856929
40193727
11545456
10167176
18084663
8160716
1508192
27595587
34133525
30652833
13629518
28836355
6102313
20896694
2509427
9005120
34902239
38606649
19421766
43245829
40377643
24002636
41503193
17480974
16167299
32817497
10028809
34720497
42104058
6912905
16898743
37699467
41578410
28470797
34045097
29070308
3024697
24485711
31673030
8216763
24796529
42261899
11722339
5428739
39210512
829528
15070175
14956443
808933
1740516
32507568
19450872
30899188
21236738
4973427
24893915
13298536
129111
39356757
8867299
39411189
12343163
27533688
13340642
5449406
61770
36816820
31210514
39063065
40529736
33772831
18208876
6105190
10553014
17642607
36825616
36179212
29107108
-654632
6951133
9079730
2179061
-726892
43406063
29453715
16675266
43027053
29375706
-5934
9002751
21544488
34227768
3261423
595443
39675463
43211108
27866359
40481806
498942
16414287
2880720
19842658
14145677
8077393
40411153
41405497
29564846
38424607
31379016
30300897
36327734
40026519
33138802
40124950
27052304
22236601
22787229
4890945
32084888
16645116
8269973
2258238
36788865
13601144
8763531
40314811
19129690
25220162
27798087
21175488
33949324
4597806
36234358
11875877
6668025
7099216
39568703
20023169
14200145
32519237
21727611
34339965
30932409
10047207
32038148
31397462
12118167
39742266
35808294
43073152
4904831
14327822
21054827
28535507
6995889
26485720
36325966
13224246
28593530
19860718
18568830
27913785
30607678
19344824
34591971
25637209
15013713
31537225
39663465
32408760
39728347
43533727
37892397
7424928
9323927
22789036
21148417
20025693
24055759
22464875
8568131
24982318
23876275
34959409
3742667
6993368
27636187
8855578
21022151
2419507
5871317
12352218
7512553
9680713
4426541
11522440
4325777
28249433
40466168
32279072
41610117
23691497
27074658
11962335
17227069
9202125
35655870
42843828
43267856
40344494
21161590
35995091
31631423
18755649
38795785
38898185
781348
35629106
3952310
37963238
1578505
9610876
43468523
17323769
7156139
37347522
853551
36402342
-607734
14360265
35943042
21221273
24259053
22790076
38790215
38640330
27148156
35452091
-453615
11595729
27734382
30984404
-324434
11691638
2215053
35698326
2590861
38136909
9439505
25865423
42393812
8124649
27701307
28429758
36337863
31356465
35202336
10236466
36489183
24113644
40788124
5153879
29350238
18696175
29217491
4304483
2423791
-266240
9181720
12908142
33707669
32348603
23980481
39136573
38313373
-845223
35234606
12063626
42510841
11179355
36853174
16027990
39460321
28107252
29512399
15376039
38048173
-30048
18391530
18042892
30667261
37266918
34137775
30545971
3549835
1952812
30863813
42306624
19955912
362134
28094442
23840129
-183009
25181309
9831537
24461861
20108525
26827940
12667236
12108510
9798495
41299462
39633648
37040788
31953130
21530397
25810483
2230950
-566701
21782256
29164710
22655315
28991260
18217828
40902484
985093
5844603
29462669
6136919
34493716
27550381
588099
5047449
15999155
10034268
39577794
31882264
15149303
1054232
27152139
33861364
37241796
25308478
18240912
28821296
23274957
4804543
9258358
37214468
29972711
30569294
24959782
26310272
4003641
24570383
15153560
36835198
39517392
31573111
34398329
10444729
41198708
22007449
24648371
13267046
15378852
29887144
40911155
19474756
37791524
16883034
7894477
26723795
729351
28962931
25977764
40146659
11933816
36295303
39454617
40656681
24924603
17202546
18813090
19495396
36480412
24594765
43389127
7550444
37567287
21618777
9336049
14152191
24187210
32108466
32351828
9344690
19684293
11423197
34499136
37108690
21023897
33515272
16773239
2504699
32597118
-852132
7123022
2500162
4562331
18193697
22773661
16328325
42398834
24350139
42659501
36926567
1793200
8321063
9451728
25623166
23028464
2470266
166216
43257497
43185245
36038246
25869713
41658498
17392554
26934786
29111118
25809637
11907495
9006795
18656710
27746704
15622784
35696092
25680087
10056356
34373926
41340076
109273
40750571
8387292
24416371
32422390
43408232
13417558
871725
20286333
36566630
2813600
19376446
2657270
617515
26437906
25528275
23861134
28511229
36510300
31436496
28515358
41336487
31628894
9806882
15305793
13619767
5258695
6178163
30733214
1747982
14346947
31696450
16487486
32044097
39301485
13269538
585226
26169406
24842274
8185147
16865681
24969524
24048556
18762665
31086003
21438076
11755953
41409346
26668488
4032974
20115596
36700857
2577224
5501848
12633247
33644021
15377927
25801285
8061732
27825327
406418
27618186
41122631
27353250
2129404
8324292
22010083
16741902
23590824
40606740
17556351
29618655
9075498
36298816
35043183
3577417
10545925
8578584
27342757
26867547
20323374
18992789
14548707
30984060
9692953
6156054
39951045
42377999
37207934
15547621
14090539
15614584
23473011
40265072
25402666
35490752
19007198
3927166
32222995
25873300
32230502
5677060
2981523
42158042
11771037
40757413
41929950
31328872
21945640
41368018
40875084
29330107
29640491
16518260
24843965
27493075
25773620
36448856
5889544
40082865
15400958
39537104
41477321
10580072
34768921
12066649
2963569
1717222
-783988
39342365
18767174
4300231
16799185
30729756
17314142
30285555
29511896
3584859
3529030
27340017
14978996
16959710
4275301
37502783
28873288
19778316
7319938
5656729
38973671
6906432
41737642
25091950
2958795
2002022
12890708
17370658
31362055
16853086
4829707
5830406
40769904
11488680
369470
32295323
10064432
4432400
23146050
9887074
26015758
-882401
-389965
16439035
6185099
38259947
37964108
23555992
33680455
21840803
37942051
5626259
15018910
11781021
42692164
31742139
13483196
28676492
37230882
31855253
7463875
32685299
20652052
21565655
10195637
36430232
26841623
40002912
39157512
15994588
29211833
11470376
27247553
15887122
27783337
1064204
22797122
23436705
37653969
10848514
34396854
37489022
36317466
15248381
11397465
4774161
13690955
579884
40542143
3853616
30398841
-679217
39051758
21644320
10445333
6414979
19675393
33526451
23848788
25855569
3612190
1073541
29671528
14328642
18420797
17909101
36283238
13909776
19726339
8125850
35477276
22598259
29576120
11226744
5330553
25263341
10502822
36477486
1227498
27764989
32528353
26720833
25092688
32039444
9758883
11017315
22641139
31912799
32223518
30327132
40033223
25353205
8727749
24012452
6448308
36884806
1944971
40028939
1965122
18121815
36666221
16491683
17184160
17646658
29281929
34687474
26452623
33540424
17523899
17809559
11706996
29807376
9131192
17711928
21907542
7293196
8513105
6591384
5552964
26158778
41472225
26037430
5221901
6670599
9215252
35341688
36093969
28075087
34173674
5412803
12189342
13095139
19231150
27420364
31876928
28309766
18008248
15521631
-268277
22419472
8379784
6891061
3987623
31501457
7389101
41569696
1421987
17364878
11247758
607063
41476358
26865929
39608025
2027921
6924479
19999282
24853074
7646121
32706031
31951560
29307563
3428643
20840927
34892122
40089243
14145636
38631086
36203462
40147947
28692138
16394483
8408516
40133782
1416956
36167709
25383950
36026173
8862004
15483099
36510959
14767547
32947099
16893586
10828561
34961101
33791422
41656645
29023218
33615046
18597134
41461886
7195809
42881308
16198484
40357662
19949895
21767972
30076089
8098311
17376786
23236783
9832204
28538747
-176877
18356736
23343075
10034760
36211647
19105737
28553959
31291383
24272695
40678361
1831299
18607627
-36605
368626
7929862
38622380
-925451
27578183
30050568
14976124
1488772
33840064
39410894
33874672
18448599
29772984
18160377
32035673
18959738
469125
28285484
19083986
19361351
26182564
36072472
11995288
32601597
36707224
12455113
36299024
42004670
40963571
13645595
12004797
12534179
18876501
16232226
24968573
33770091
15604430
3080215
23724489
40094734
34254112
39678620
8649028
16340570
28462202
5164392
30735453
35581517
3748025
2550345
26832743
29093288
38594363
5016506
38300150
37750533
36068962
31150105
29993250
23835524
11274108
20823563
30999370
33247758
2950489
41244586
23415564
22942097
11388897
8242300
40217676
24737169
10900364
12509869
23189741
16927230
34091143
11167716
16940150
4286141
16313712
37315728
33863375
4683761
31524149
3966728
10754066
35221497
6549154
40765256
40325330
16640447
17796839
19734143
22828779
11866312
16015305
5481973
33226862
23214582
15069906
3147515
38654958
18956324
9676621
949532
30218742
34577689
21372374
43465322
36085710
31543434
18341257
23756549
42576873
19725041
42890941
4368337
34536933
30200550
40054199
24455689
15700741
14088961
40456202
29375547
35133649
15187742
8221509
5655516
37151360
9003853
18817304
16277901
15473192
39293430
27862224
23106331
41391275
17965876
31089747
39371714
-571582
5768354
31901974
11239574
31739620
5932653
8304718
30046481
14748000
32456258
18088671
35622312
38800627
32509349
23152523
39027655
20378672
34116797
10455733
-409529
31367311
24835260
43476967
11797309
10272918
24387132
39141452
41142204
19326912
9921170
27136731
11178059
29508000
32598473
41105237
21223356
10710150
2069063
20302609
22530738
39653876
28720009
36568217
35055799
41476602
1169675
16196176
15462343
13020158
32360532
22581239
40177411
29362828
17957687
43297793
33332987
30188951
2312363
31333603
26183940
14213505
17442429
11843866
21481920
10797863
22075726
21989727
41416054
34788420
35826665
29363059
4031989
6942900
30818482
10794232
1755282
7592493
31837903
36004071
10195397
31994674
7249588
17655489
28641200
23691886
23999757
12059210
30540225
2110534
21680735
31220252
41615456
41224416
35872998
3986170
4722379
39363064
3486380
34663297
28833658
31653583
24454419
7909211
29393674
17402935
24891095
29493839
19603478
5516374
17435261
31386918
29182388
22515846
30246496
30696469
37493950
40066562
23757923
2167921
693724
34481082
26885188
22974472
20378248
33471725
6260550
29347524
41719752
624572
1206964
22364838
6314657
40040598
1606011
-615318
7346883
1598772
36099300
22920708
9463337
8084526
18602237
13864533
38564052
31792127
14010093
26435377
7750440
25851684
32318379
28953171
4509340
29668788
38174484
20927279
23669499
29178056
610830
12799720
37369707
24988976
24630946
38833321
40361172
25567535
29124040
4337815
22607
41714892
4649700
23418242
10063253
12639094
7514670
32970375
20195165
7799379
576849
36394149
36669595
26913798
15454534
37083515
2314173
10838065
8959405
26311451
15821393
6203668
21202300
22932906
618135
24855641
20737338
4407560
43240683
24542058
25562071
39335724
18304093
12716640
11453667
555060
1076687
8765227
151499
40849171
31936144
28581701
10597971
34266825
7886037
2368347
22743651
20933778
26195974
23678017
11926342
5288298
17137025
26694370
31715042
42995837
35478230
32006832
38987425
35819954
26185595
15990690
8744282
-262959
35789655
18830796
29703241
26160333
-250527
42701319
6260473
6029119
24219168
18647445
30753481
33132185
13676201
15967524
23258038
17350562
15812519
38248566
31598906
31049355
1331169
28464205
9365461
17082472
37577415
6721353
36171366
628375
16976134
-356551
10110993
39780006
1418957
42259180
15374915
43405883
6523378
24604585
4901733
10084032
27434135
7912476
36430329
19371830
39260763
16700536
13949249
8550470
21880209
19751581
30071119
38524617
8689868
1065835
33816919
7319214
9932073
19284886
29803775
5269945
39361075
19580062
9308265
11383221
10283693
30278461
42456702
19913977
40852573
30720652
19435130
11016282
32042978
3839155
-602632
36648669
14279906
42202297
27867957
20205209
14042703
37264765
20588396
2453200
33326636
985968
24362334
19383337
17151656
13640580
7834181
31600981
4988520
18327594
226937
10679620
40809984
22283556
19906758
41948274
15827975
31075585
22275520
10267962
43915
30770312
3298633
15551357
30827398
33752054
43085614
40862440
34874482
35909145
40082392
1736042
29262805
28331465
32549708
26512475
36850577
29837119
23490214
35111132
25706442
35537615
23992120
655495
31954224
41654430
4425444
12831686
21709935
29506940
17792416
23423167
7091527
17627851
14323037
18316944
34238045
29399312
7158463
12325661
11357125
34987484
11124621
36003076
30337141
34433109
28566351
16605837
3114054
16241098
9792106
3543955
21691935
8898574
12185314
42720910
3209501
15937580
37900940
18031430
39390638
33852211
24313857
3670606
6926498
608992
35655855
36564610
8066506
17831551
9347503
42754942
27102069
4610403
16070894
4014908
29468757
10474168
18720449
18974674
10313381
15306145
21919273
9160858
13073323
15659966
33298691
25819432
27320354
32080466
27065234
11474671
1596396
14811061
21702628
38510290
6757804
9167262
2952731
36986634
28553013
3943945
17422855
6741254
34095747
31676303
27642796
36413627
4106270
10502972
239191
27236662
30411878
36352671
17485234
27266782
39577661
1199781
38481966
21792054
36962024
1551701
15810186
19286262
18108610
28911537
29901018
21378696
9071215
40128414
20233117
14291901
29951333
29781379
21735995
30833622
23691492
-8457
15703772
32413174
15345741
43036845
8468818
23091064
17630381
34379695
13380450
42349764
41751705
1554697
27452177
27742089
1813611
2159062
39679564
27649260
3036673
41851739
37940693
5106177
326143
13537525
30401634
34921999
43090142
31428813
39857801
43250018
21843657
5215089
8536912
-756629
20959466
16123422
38350657
37155903
10745041
24381370
17228612
33782542
27940768
14838476
13015977
15150430
23361024
2132828
16569212
36804034
32464606
10677567
2465050
18733988
1591027
29349348
29388699
40637618
3114837
14605975
15914472
37373646
30926997
4403250
35492201
31779197
29099370
1618992
26168488
18875306
31695150
35549646
41214337
42779939
40274431
13758886
35419114
24564051
15696029
25922145
10231446
15315049
36199658
41627742
14849996
16768413
25276863
20885735
-820637
31456041
13519210
23729876
6168698
36946812
26391041
40178847
8674437
-758412
43357478
39410075
33334847
41866704
159251
8910281
9588778
27009995
28946988
18780871
6507915
36762161
38753907
18431548
6714799
16317309
1960726
3325378
14037377
31037392
26751332
6932852
35776209
28318861
10411282
29763914
25629348
38417532
27788468
32580220
11012839
40225368
25247901
13415775
12023151
36346933
42498792
9321642
15607713
25385895
2489895
18890096
18701950
5532998
39498850
14353897
22980941
23504543
18318885
11161444
34223500
38513586
957715
39621200
4099178
5427660
43276551
29692354
16897829
-250640
41260756
33545532
8082323
36065232
40236978
43322875
26142406
28252661
2387129
30120346
30454428
34282936
2781713
35935300
19861607
14977256
31511787
-781122
35050004
1545912
5846315
20348121
18523983
20541652
32673833
7089124
18862124
16352663
22026480
18363028
38677683
18188557
23039394
11825178
43487981
28162829
25422143
-123122
-158288
36213904
578899
6255108
22870192
17981805
17665750
38755471
24810826
24528528
15953397
35595784
22853600
23893786
-953076
30955381
29066661
14040646
6751369
16056046
42710543
5868243
2895931
13291454
40377395
161512
34396571
5439921
35181038
31666773
15482266
41096685
5181266
21401023
16164308
10779877
6298753
4718070
13143950
38911086
18703602
25942448
25640206
36270861
12846951
39935464
19051298
19994397
