7048248
14518439
34744376
34194250
15391521
21191344
11481051
5119450
4978695
20659735
40477604
39730834
569661
35141561
7683371
26163785
11415936
21984327
8487703
14782109
18958913
27742396
9045270
21957519
24156099
15309858
29709925
33377439
28018142
11808987
13170480
14631299
32645458
6862014
23879846
17449992
25271372
11517743
22283797
4489156
18107567
22688896
5646170
36241063
41351881
21964674
11937390
20600985
38102481
42767627
-902328
32110667
28587314
257577
6200230
19301045
23805128
32633661
29520486
29497346
21622987
8667684
42224186
30807076
38839978
30085681
39190808
31583820
40236565
2624524
1795215
37972466
38367389
33244998
32229454
36706564
31790072
41524922
39154225
34907343
35065042
27034379
17330770
39436985
19666210
23038749
3805002
39121882
10448224
28240245
21920987
31732284
29994364
11494866
8194142
4977927
40685328
24971517
25204952
4859764
3679403
23529300
34044107
30433696
31328599
578880
23821314
16366167
5025195
15736782
40334554
26268777
17771296
35424062
34006621
13319869
7048755
21062417
5409289
42858099
18206342
41157780
29760450
3223950
41033351
31462657
-912904
22746111
21339582
43175330
40402965
6074562
17014029
42784535
38124715
24780602
35250755
21531341
36458288
26412424
43056261
18581984
5635490
13720425
10369594
10951473
20025104
41746795
577768
3255374
28357569
9851312
13955842
17584853
13305464
32112938
26414084
29273211
-106660
17028790
34475903
23370065
12940869
8674697
10199968
14555536
4707755
11032599
39025385
27948892
7126831
22445677
43190862
33388094
40852178
25958974
25921049
27692356
-101763
9756998
13321298
20415216
16005297
43223301
26779711
29739649
8477208
4225251
7939364
10927121
3627291
34385549
39193664
23065882
41580929
17032438
42141787
8109379
6906891
24191697
39894758
2545987
12915266
42543107
40639254
3924210
1013991
24332804
28953879
25882742
17349726
24830052
5294871
4264416
14780235
-689858
30502859
8387223
38351089
12994106
9996981
20173248
14259827
32207654
36209725
18984010
21925901
13220521
17237937
14391961
11684062
32313460
12597855
28208972
1974622
7690311
34644721
12996619
-567991
31697369
19748235
20915539
8729206
14738750
389072
42683534
23180039
5486374
18808018
33084484
35461623
2021096
27988080
41253138
8066629
41041815
20030822
43327572
29962195
2944067
3082074
4753888
22606350
11718912
-232304
26054031
11749256
34199931
15914917
36753650
5929614
5469859
28335672
10689098
15473781
14540537
7517555
11171315
476189
17831484
38963520
3456802
9537718
27002630
13896434
29106969
24860920
17540407
23170688
3417472
29866859
9243811
12793698
23957896
29646381
19638936
36868261
-617100
14171703
23485523
1972482
30734811
27108032
28017432
23403535
14754773
28933356
20623047
6506033
10575499
1737547
22296786
42627043
41524059
1167209
31208502
466454
6942709
5489006
7062610
15634031
30161589
24140809
5714575
39653315
14401376
23985953
22042058
22377826
12404177
43030020
-246181
12690301
18365829
10544244
-81427
10276210
21403686
25148091
38436343
28116796
38302923
31041497
39790371
33690074
35984646
15596731
32379312
21102911
39312257
8697372
4430677
17437623
39138064
11221402
30027646
2666771
22915613
29620078
24394649
18086862
14415665
951991
16033192
27064746
23016119
31584420
8682737
1660966
30883115
41960193
810210
17947762
27782555
30580143
15477103
24259130
14776939
38921250
15265496
38317155
28501460
17440734
35845267
10313032
34767905
18061575
37879657
29072863
38621690
20451569
21495053
18301241
40534186
12153811
23214109
17710508
11713088
10769071
6876396
15989323
4454438
10240426
6125194
40404478
11993264
15221489
11811539
42366431
42766238
23819562
14414577
36625413
179681
17522433
25718377
2966965
41185577
33542005
42531720
10876749
14853794
-408544
16196179
38186778
12769906
38574107
23241153
22235377
2052246
30445629
9254683
363687
11054588
4478178
35863428
24467079
22786284
32655114
29062577
3348274
37765980
25424093
16704740
11282668
14164493
27404229
22575281
3994204
29946669
36094801
36014669
18871146
23578803
14907567
15864002
17863576
11836953
24978830
2387596
26440073
40749875
17887128
14695432
20632205
31524226
7414994
26781815
27280969
21041209
13144498
35621237
17290550
289054
21255334
9492718
15568032
32819487
17671084
29526780
8138155
29070380
31794361
13829860
36514822
40212161
35931662
9052443
31203799
17191574
13629455
41338955
11078971
7045370
29418080
11999885
33073424
19365034
136443
11773305
25264859
41934595
26435832
25420920
17228390
39617247
3376282
7844191
10738871
36412733
30795071
35557261
9480537
19574667
6368418
29682031
38918216
10900459
2423663
10948178
1844156
35165172
37026861
39673155
9952382
30590961
7253531
7406434
29965644
22698159
8600716
8990285
27845715
38705582
39454480
12570214
15970298
40575186
6163894
34251025
30446667
14446040
9556016
23470809
29375369
14967555
24303091
6618428
24494755
17398697
35398493
17484729
36748676
60797
36585107
10730563
26451622
39283068
38009269
38278658
33028895
42982203
8000036
33216211
24933713
17637759
25332987
11641847
-643011
21579664
18151702
17540298
25060436
25717872
28416744
28765149
28904816
37222234
35347222
16380708
27614737
17373974
5324558
9771122
16605716
13058628
40451384
1802059
28791753
43026077
11929357
8312565
24655015
16004448
35864310
37975979
12822173
21210014
15023499
13337550
18634163
42721734
40510528
41082507
19795181
38239637
2176060
1477765
26766980
12189825
30784448
3985998
8607121
23083459
42077567
43525502
8340081
23405170
30732868
27874554
10001935
25301234
41870424
26672038
37562450
5613789
42200986
35874959
25979533
850353
21347589
22197848
5613664
29342787
42094569
20361353
41555883
38458835
5421930
30930712
8739440
23822839
4742435
10043974
4110265
-897468
18550366
30221467
42633009
23935383
32895557
17407609
13375660
8952496
31264902
36070606
21402050
-593169
5705840
20618770
42614638
42748908
2335758
13332990
6113166
33187506
42532519
33839551
32242094
8810976
35654181
16459190
23482172
38563811
25653260
10690335
32010752
42259255
22818091
827857
13731887
15113383
27856903
20563359
40717191
23719354
33448662
12984555
33565897
7894835
43210780
7636089
3003812
18524320
42279925
15481120
20270715
16291510
30364178
32865220
14980282
22854607
39841012
29434434
27824320
9815678
33893346
24759475
22952521
14971862
25277163
1225120
9473825
43069576
34328848
8511638
30130212
10280039
40280750
13540343
10221047
11827919
22787724
37833356
19495305
37182377
25343337
2360467
9830676
36660933
41352641
26653850
1203053
631618
66949
39878544
697860
16767567
27075460
5882412
33874276
20777073
34704702
31307370
22638463
30509925
43498616
36881716
2559524
42782646
24036110
25867914
32557773
762776
25248171
7734166
37247441
4521485
26248229
40405913
40615260
33058812
30247354
8133392
39078384
18649547
9982821
27907509
21687842
20811394
13704066
24337855
1940761
11063526
30311631
42647775
9319215
13824872
5671146
6010137
5864459
30294092
33720667
9388679
40521336
13201634
1869803
39866734
8161050
32347344
38724223
21101339
2061850
10619569
36429641
24718854
27709596
-700100
20243468
3819963
6978843
2646494
7824229
4411953
1714794
5217777
7982388
24901779
15673848
15355589
6538378
35224849
25152496
19050996
25158542
19554165
11863621
23860510
29233213
8189387
10695104
18940565
18241185
4333450
-376964
-173521
33559200
11303864
30878299
20662797
15992978
2467078
18471111
23936685
31753467
9018355
15265909
42062406
29027318
33424669
41911097
6188491
14410115
41122260
15426874
39803400
-742034
10034489
8657831
38879273
25180589
29465315
27349020
25082442
26557603
30756807
-693128
26779852
26385244
3601153
2945725
3211618
13440821
40009402
34630363
22788065
29873696
7585126
5438372
22362537
8631680
27710871
43222928
428294
17755722
8947748
27757184
29005559
430114
36803509
1221612
35838819
34210868
25682392
11697499
16735352
19112973
27822222
39556638
11385428
11164651
-693124
65481
27804582
13970461
5011233
13580056
31993749
853185
32329537
20673068
27239056
21285566
40817443
6731368
24034749
24364562
-515807
26440272
10514460
6260011
31069369
33728697
22378265
11851688
23705730
17900959
21155464
34755647
37648747
35768309
39841092
30730175
35055028
39842713
9119711
41729784
17446195
1515084
3309826
26389703
31697390
19679125
33428879
35678928
41743933
19376911
36418681
11837951
34958211
26269116
23928505
12620926
31875938
13393044
36495951
36062285
33994982
3533231
13846344
25125934
4534877
33754968
32828025
29308152
43054499
26711154
20691784
1992500
40761596
41416178
26383023
-856402
1894364
22770547
22015861
453616
12603628
26562585
25966607
19266393
37137182
20344463
709347
6529414
22029665
17117509
21659169
2524491
40051505
26910691
34881907
7081335
18964961
16221740
37659522
25137049
5723115
11353939
19888564
3988931
17161642
2522452
27204856
42607870
21504202
12559713
13182983
41194171
10449510
12455373
10190363
6153890
4150210
21564995
5161051
2478741
38695031
6156690
27739847
39894551
6842459
15864638
33178982
23737814
29274445
13241191
4592827
11374482
18988450
-271583
18739804
40816492
7313401
7983042
6539929
8051285
16222554
7871524
14096093
39537891
6836870
33580100
11431549
31534184
24847662
29473911
-500648
25174693
30383114
39277859
28542607
20648519
22229735
1949479
37320624
41568855
8391546
2440092
11174988
1444901
33188703
29828463
39905616
36133435
15036593
4761200
43015346
9288040
14734724
36357531
23373243
7472019
17994186
9745709
40925832
41468341
18808618
8363942
6479048
16843564
14635471
34785695
20641465
36471273
21878413
40155989
5276339
26754370
7690383
8733580
33808314
31794060
37947726
18398020
37886621
22287961
10495158
13260769
188126
8721357
1122569
11192123
637314
42151862
43216440
6685654
37733942
42767096
33478238
8529408
28556004
6253111
13871250
28462069
23481627
18713880
14690329
781456
22449363
36473944
38464320
40446184
26401410
28560781
32854517
22642971
12964859
11516502
33326372
17280409
33877924
11284252
12157266
23302414
12075663
28474816
5228555
36826214
17015611
21674782
27813431
10429197
16997834
6551808
43401418
28378339
35941468
2549214
37618180
42637346
14225907
10930491
-145015
3207413
22420922
26264355
30226761
43034142
11588886
42949640
14530449
32838294
28650243
31090707
37396041
6650816
33868584
41075445
33582013
6553410
-477909
15213838
31875108
42542509
12048935
40495703
9941464
17468929
7688581
20325545
3349779
40243558
29316761
41548490
13136186
41202513
27733466
16982112
-290902
35641701
16054843
57944
23063830
41933643
34487212
15089412
9529658
3505676
12357561
4415878
28559558
1928640
10461548
31521035
37516080
8479567
14515118
11177521
15890470
35394952
16803430
16862757
24055799
31119033
5900469
6786135
223368
6963896
27875410
17300852
40227857
10764693
26317709
23565556
934137
35694853
9555218
4487267
40005671
36952679
5162426
19832457
29166487
5306716
9627655
9914483
4044292
5890419
17924809
41093277
18676056
6271465
42695120
2491880
37017117
16935661
30099528
18900049
7347334
16336015
33012981
16641608
-750010
7764206
9477679
8849492
26843966
4876494
27313511
31337153
34268498
41425848
17485766
33183315
37182854
-469687
13157441
5379503
12520371
34065186
18733928
24785086
8851718
32499281
23679769
43094431
22748266
33597333
36241876
33827280
18581421
20173261
-445298
6581315
14756884
36899437
8932838
2641713
37435563
15911977
36669472
-655180
28457454
34426874
8039849
40170248
26247450
37836482
11067097
20389443
13208782
-158600
13763361
35308009
38369097
41326901
39215450
9184339
41297743
38521973
31739357
41231759
29881319
19811074
32886538
38942598
21643144
35306611
11409827
30737955
528423
23426333
31764754
16338673
26175229
27867272
30405259
30859552
22946486
24347678
35954545
23404333
30313216
27195625
25809688
5692803
22526131
23791255
12573819
6559720
2754206
4128098
9415612
30184055
34245461
1683555
39489945
33558139
20466545
15764634
23921882
1049724
40128367
26253344
23721927
22122186
29608932
13208422
24354892
27170627
11460504
12277421
38739260
9001296
23219529
1240111
21538891
3928139
14132502
16758032
8551050
20067435
-801250
29993922
32445732
8154802
9317449
2196304
40776729
17980997
40310394
18288958
37100614
36836056
30317206
39347435
11713800
14316024
695094
22885158
28612495
25824627
7083638
11417977
2301473
35977524
3686892
-353473
24671643
6405180
19876278
5535876
20468028
4459645
33342418
3620807
20837521
12438312
30286200
34000833
7025375
11756710
26780831
33455864
20661068
20462138
35314991
32949857
13259813
41390911
11298049
33152460
25338731
7003440
18132307
24984490
26188516
7878042
37681142
25703248
14211903
30587221
1949761
39588703
23653992
11754362
22358292
17666381
40905801
25701144
-428199
8051519
-443186
34668727
38514732
10242745
25486418
12215921
2772271
597900
31162063
37512356
25063652
19744884
30848325
19766376
39227431
14973762
2210086
24453536
7367079
18692516
11798229
29526943
42665300
4519200
10390745
36014222
24773277
4348382
32905442
9439924
32277582
34031759
32719660
5397263
8960570
10304614
5955062
13331950
16653521
29137907
38617599
13573883
14910603
1294957
39171388
13763102
29065689
27568871
10652279
16475782
14243948
21509042
14526193
22848372
32003365
16632778
52515
19316437
16195963
23120528
22589406
15120856
4551765
21335843
42235827
-110897
26097236
27658837
6099121
28266411
1092844
32185580
-461369
6375642
14388108
40258666
38705017
22186181
18753026
22590625
5717016
30995093
-697899
34208564
17853682
20387133
365405
5375256
4464943
15227068
23698349
33971236
9004542
19749771
10434015
28846652
9778174
4724043
18468232
26618820
11525452
5680449
16292477
34915687
38109057
5018709
36622997
19274082
22360155
35248295
12464729
13317268
10989931
15546828
8253406
33047739
24005471
6439274
12677141
18288041
7614876
25319614
7870954
670499
34233598
3471497
28883862
18019256
41958872
39480943
43185662
42368954
5235247
6337364
35693998
14162793
27334168
1899761
14215771
4012091
22033875
43315984
42632163
41892882
21086109
43477898
14034943
9885115
11213626
23635789
32098228
5453466
17696540
40960927
39172906
22396744
9050832
21752035
6162978
24906237
37324798
28505754
184654
16727610
2343610
36549858
9004718
1310872
13294212
4898564
17243796
3197501
9014763
14203032
20736664
38157232
36835576
7654655
38683535
614817
41754596
41385857
16124911
3852106
4391537
13334652
10064764
-609891
25381048
23816127
2331218
12262053
26738012
43441512
28271742
27255045
15669911
3925321
13088468
21594499
21925371
20658244
12549689
30271529
31092706
1685374
30315792
42743121
11344235
28504472
22227410
41938083
30819196
29695917
28437824
8730583
42295033
29830763
2095688
26294789
39803543
39513205
27574137
-477994
42786486
6795142
22958576
11033273
33691829
37013574
40889191
2006354
18257078
14684815
39074818
10439570
39561481
36671699
5276226
9014493
34749528
40210085
33261514
12229034
15071259
31376117
24177311
21292207
2324642
15968762
14569804
23021577
239254
5027529
23021160
28472831
30551283
21326535
-157263
20442483
5476135
38810294
35931650
5286411
33758334
20077827
27058489
20227776
29721068
5963254
40422183
12651723
32111369
38407870
9636400
27265722
14863766
13603773
7828192
34544437
15709829
24293593
4408221
30950877
32573717
42184863
17589956
10158583
23684356
16277985
18468927
35717755
3241202
35423546
12516515
13775373
40545129
13920794
14003383
1920069
19622768
38498922
32106041
42967912
17297224
42903163
26672063
2225512
6541405
15762560
17047376
29754957
6568391
7887662
29539736
31146858
33013527
29556705
33135904
1865394
14834613
11863454
20134652
39218693
32709944
29387030
16921803
30469563
7128285
20080606
38280892
17907332
36436640
40246832
31032869
26773016
-871908
9481330
2397160
30908801
26734227
1145896
6940047
43117913
13946455
38969832
7581409
12885966
5440308
703685
-288560
28637431
38382020
25477605
29782922
3994810
31970616
16794870
21226096
17116316
42837611
12446820
36300828
15599099
12467086
30475698
35621027
19117331
34996503
3794109
6602380
17693358
4477309
29553549
18933299
42511720
29648257
22488847
8598304
35255049
32738353
21965431
30265035
16728109
36965753
28333421
7610414
22619046
4995236
24762102
28919110
26973289
15198260
6616531
27022421
5319155
38718635
3700978
32133865
18047801
34504852
33307789
27944300
24484025
665559
9711126
11083297
33720438
36430062
28897000
30920251
17963940
9258199
11575903
30926253
10168231
35912541
4335009
5092182
34589473
29192696
14225460
-331507
-17598
35522623
20355371
18351009
31260414
11328939
10290359
7301339
36950434
42710427
38431474
14627465
20064598
-719878
24674283
41439358
21462268
13857280
36609270
2026468
39548669
25442809
31245324
12542368
230641
3100506
1722251
41084641
4196311
31374259
35238161
10327733
42597211
18918636
24543810
18090823
37902230
42303326
15923871
40628204
8353602
6449639
5332574
42606173
11476197
34935293
13274172
36554531
3077130
31082440
17204451
41940185
34957544
39957761
20117923
20573013
41608506
10466076
41284696
19974718
35460287
32363123
37128683
2859386
42333102
28434287
40348888
3921879
35613054
-775950
29657938
20653630
5781821
36533320
35666221
-85211
18944581
15212074
28381206
7037608
38553446
35041697
23049037
43057385
42336056
7520484
35087887
39518863
21201533
12180140
25925224
12866327
10633141
23213167
11558729
-626190
4820300
1241734
4493339
20236418
14720656
10333389
26443901
2429812
9245551
37708309
12477569
3833571
32502616
37368351
22321206
43463812
8049703
39679951
26713306
2506024
27813364
43226911
368931
42445993
13816322
1809617
22759554
29567684
14085677
13420041
4914466
1106798
35356685
37531952
7018042
11184895
32213742
13416796
12660969
39968026
19934634
3179748
403008
16647432
10555394
20407699
3748540
20713633
37684317
3845888
21194757
8514032
38516636
16029401
38675334
19842043
186758
36656853
12469565
5030823
8170521
12756337
43375551
17328953
11826883
29470460
14913933
14804955
26988634
1723785
31700022
1248604
27329415
34296310
15695739
39186580
20717507
12550633
15802913
42429811
9130458
34721036
10967821
34512643
17251641
25504877
42914490
31841297
1780697
27852649
10589310
33229043
29202076
10956014
11413276
22868699
24510703
37182143
40431805
3488377
26019955
23742943
12638644
3398941
34593001
10304133
26500466
28140243
17340491
38682381
13356007
1294800
9816584
35917148
21668443
3230405
38999780
31819489
26980904
28566106
13635569
9141715
28894055
34104585
9528377
27428865
15630218
29491251
14726755
25977120
13599806
26697397
9347258
10868867
2710025
31828734
10122509
38727656
38259593
-40577
33410413
678180
647505
39871230
28250519
28579216
29176871
39667288
12534858
7552563
9658651
17283819
6579233
30794768
41933239
8556775
24448546
12081486
35769781
3229199
32439222
37286548
696090
14018324
42222601
27667585
9452131
30253533
27404960
10904016
17461138
12906119
13972758
12030186
11256391
14727975
7381221
26998150
23113078
32971079
22628996
13849041
22727445
40436673
27458884
8918268
27603368
23172262
29260501
2395012
31489837
4074851
-330171
15393113
1640001
20523201
1187360
21710592
8367783
23237866
3275247
12419349
35771099
12447364
26803172
26127293
5902398
1770894
28589402
5457769
6280526
18508436
7659289
321412
15656941
7172602
18091061
17812771
41861764
12047261
3739930
28333352
20019605
40206039
24119013
25870606
37715073
15729092
34510437
5585519
4527936
29442412
5917239
7012793
13996689
22696728
43461369
33809784
21650721
33688430
17434830
31499281
11437848
37132131
29602210
13995665
43355775
41337886
25358958
17329230
17385827
29370551
21835017
13497959
20859851
30592896
14038703
40538559
23493114
436343
4313752
3183634
12048449
28558122
5528453
42178022
41400973
30779001
4068765
25194690
25595692
37099854
15973300
23605223
39787067
28851292
18765376
41090315
519637
40642947
36923417
21480798
37612197
22554874
36556553
18662687
14825875
26031560
37035545
43267988
30371078
1441340
718576
23617183
35063566
10483200
6993331
32088721
479333
18767991
15182150
39834042
19465500
9770007
26076885
12987381
684088
5041736
4043862
41651208
34722742
36826308
5473893
11919251
3880091
19494850
27340931
5475364
18812246
25651111
-133558
9338942
6887986
39116079
15962930
41977239
4861591
6248097
25378271
1901196
15884155
43134023
42940685
385177
26207111
32142659
2201533
28033724
4367628
17207298
3432904
1131715
33567284
18861626
14643218
30417085
29992906
30443176
22106047
5346360
12907128
40117090
15060977
10842783
37541687
4412495
22591434
14943312
29978170
2451220
39456531
5594167
14580697
8605240
5877209
20162620
42709606
26117055
3461820
4175301
29758923
4963766
34292283
22206846
3735218
22816201
19153430
2334023
11580883
35645981
14269563
40705515
31082498
39285440
39053362
-217483
10605617
8559702
33133876
27165759
12549895
33370938
32946529
34420061
1105127
39598399
424662
37560438
36852353
30324637
3841028
26115767
31005059
11005436
27379734
20859415
30705332
35963989
8245802
43521729
7255195
17227875
14284165
12802410
4504918
41192402
7994793
14660819
28233680
24213124
9142313
9521481
20786947
12329637
36165799
14059036
42675405
15289479
40292868
37169815
7918563
5176915
42136062
8584499
39482107
25066504
10630398
2963368
4590806
5493675
37022064
23764323
13269828
7504540
20583982
4770030
22145287
11236802
9015252
42182427
-207082
2405373
7415404
13875178
32037574
26933774
16474346
20547768
17371446
16152763
35374885
40847878
22010033
22742315
40601914
39373173
15872268
2080287
15191060
32253630
5060105
43200411
32771755
2999521
3904424
29193162
10044876
38847873
7200095
5174534
34506031
9212096
24720330
1071202
813066
40753191
16152472
3205295
279593
22799152
20479709
6918304
39436649
33463725
10793112
7944069
39835897
3657049
30850668
33491401
10765128
27340317
2581370
15668990
43040786
5753873
511046
21985281
7410759
42700434
3545014
27024952
22351375
10440389
25941189
17223802
19154241
17994171
6909498
28751925
976357
18895712
36781601
8675973
35760658
34023639
13204240
36889819
21127675
17559399
20066955
41035943
34920444
9771851
2905304
39246603
9526429
7610501
17207771
36055972
14197283
5725092
18987796
14473930
18267856
12137617
14589423
33976424
22445039
17094003
39715314
28037342
41832437
13417078
9461973
27277801
14905591
27401983
7857169
24200138
9010443
19510857
31351376
20436991
7044001
31956773
31269772
-224009
42879395
13002025
30393458
41092311
8287698
20986043
34890377
33781625
38545416
28368720
10855954
12969330
42912661
15879479
36353888
9097420
27920396
9874409
38845650
43219539
15847056
11305754
23514260
6829018
19786858
18958497
6644539
32978833
41460246
-104717
37046272
14400509
36452280
146569
38144039
24487809
18604286
14773583
30454613
34471143
22219587
30206251
34182076
18875676
15260140
42520172
25161925
3865234
31661424
33997705
41608330
38939743
42156511
31083540
32610668
38604164
10757560
20713001
13975026
38695140
16740007
1338098
-58412
27019521
38885071
36311229
30089803
40292586
42083891
15320214
41194717
24267675
13009579
4099433
19406367
21622276
9149483
35583383
4716967
7371821
29855354
31961018
614579
39357437
26345477
2953390
40703939
31304032
14654977
17096262
20859957
40317355
22674324
13322150
12976852
6306808
2627136
2138693
27646108
-788467
5862904
31930741
41597857
33210842
-430955
27902793
35142943
37713687
15821549
39346438
12816239
24455514
36491740
5642054
19858672
15482777
18523727
29734706
23929623
34963710
10770783
1689741
33174474
2347776
918810
34335054
16248309
22126923
29672292
15104832
31009438
41098373
40542313
2187267
18891400
42631984
19973347
353068
25826723
33456051
42601590
27303643
29979128
5063547
26533200
25114520
79425
27635283
15671737
42700310
214781
5793944
36175660
22202340
36426496
22596821
10242820
14226445
572249
33959989
42110322
36068111
34684539
16524759
22761636
28941847
43500685
18643693
24796376
23016670
30588780
23107415
43446973
8488887
23928048
42680607
33835648
7207139
14406497
2051371
42655841
36076009
34667322
9642974
40290479
31316219
27083886
15399341
2196356
22607893
38827529
811273
-159925
39316425
31364750
38446660
24903158
18954607
22706229
2415554
11435208
15483423
30007321
43059976
-258754
27176181
14444890
40012274
2154841
31807217
3808200
4695734
29976802
24536085
16804782
37570769
334613
16070603
12964179
5555517
17652439
34313763
10540084
11927291
12470567
22816074
22556602
21603979
21952451
9481177
23441537
37328595
16208490
40607926
6874894
8881561
27692777
21831300
2735914
18696283
6500968
24975112
3064294
28184865
8015620
19481696
17319446
3369953
17775519
36853419
894442
18873034
1519932
6315307
28299290
3523397
30087591
14620686
30689564
12074988
21037649
30978942
41918087
28774040
32204531
8966678
35964348
4404579
24300705
38183056
4326828
42911558
35094700
16596224
20085183
38294775
24148003
6231931
27357279
9981154
8172975
40016865
22856942
4241357
17086110
32183675
31741284
1092625
1976495
33716234
6374882
13079465
17517074
21352170
29462664
40182374
13479570
7242397
40671762
10201973
13927137
20377840
38046144
39885138
3892312
38048533
30856675
5879956
25439874
33591687
4053017
38023907
33870581
38214085
24698929
34827354
33328252
24727061
16898065
31790759
7240259
33629940
15061484
28962414
8712013
14114152
27565637
32754226
26053586
8999099
38714684
8019902
4389441
7638280
2322017
23792344
27109413
37126265
9418248
23134684
39354686
10511338
20061084
25630558
5203661
30178250
21492119
42340548
6043658
6768893
30535840
7210540
18676150
17255916
39802409
10818098
12763201
17403981
16108953
12345534
-978649
36988239
2417916
32115821
14805576
38062450
14360085
1030472
42745740
11806249
145120
40704948
25401220
29589349
26409889
10206143
37025352
5771112
27407856
23394767
27687163
30804438
33459433
43365789
17126513
11087
8896166
27078907
20133558
34454205
-144735
13085273
35562526
5082749
19886261
30993177
41934420
26193370
8380055
13264505
36934746
23004054
20428362
13535092
22643762
6276232
690316
24456419
21778570
37039585
3589838
495942
1777830
23211054
32984297
8556680
3248027
41413449
17963505
26298591
35125965
20924918
36431578
37235282
9501180
42609345
28248460
2690144
33795222
7026482
15061925
37148605
6009548
21739322
10912377
39704018
32718682
34006397
21856206
40782271
35293396
5417537
23385490
35646472
17618670
30519030
43042614
12872618
34834914
42712911
40386317
41030641
35402981
472525
17718997
42531022
8877446
24271663
15212256
31944282
21021402
27511589
15828344
28985570
32225912
22830851
29439672
32108357
15452582
17419448
6452059
14588142
31658057
27744106
27709412
9500336
25187693
21115830
6988958
8298208
19335107
21684030
9699011
29825411
7377318
23331666
25400463
-394843
9746025
11579973
10202506
10663568
12021159
17736920
32282852
31007300
4407398
19712000
5920946
3547777
37810404
8274901
3133835
34377570
20437348
23819629
18642923
30129917
2670228
26759747
-234534
40446543
31279479
42856325
8551618
12092421
28447185
37114250
-521692
40271655
40157624
4841311
5434534
31111989
31261156
2421208
39882322
27800211
24007772
14230644
21364808
37342640
42336391
42676148
39850190
2198024
33480175
39262774
25739758
27106190
16139860
34690373
10324001
4213956
17700379
39790696
15183208
41425162
27295921
31327263
38254230
32257035
9479608
36000476
38185810
4547921
38538475
31000665
1411196
36207180
36693606
32763555
16416566
19891478
18678351
43438871
28307794
12320655
579364
33683480
40744197
31143466
24027746
40110602
42292027
39886011
12907961
37632348
23574461
18247595
11061524
2530982
10653841
33888923
37921496
17758052
23219756
20895019
19449550
8773604
6398141
40094740
2321229
18174136
3587083
35418297
26590572
33697329
32334944
28684458
33729771
32952590
4006952
11428517
8904991
37151523
21425062
35243105
5631841
198514
6043271
35519765
22295199
14847561
25801644
13767442
686201
11538053
-749889
19436696
40597644
-984377
24925460
22258487
7602984
13541026
29681906
19291026
8468455
35199892
20236781
9822640
22740394
17893512
1680964
12066952
42210974
39499962
41429484
29233931
36461971
32336933
6453921
37093931
43228252
35425129
5574453
19763606
35974972
1716066
22027918
4031456
21615066
37748838
24238547
42982332
17947469
40666585
16983985
11746185
40882481
-898277
11022851
26684593
27663852
2614199
15689121
33871061
42792457
21815689
9498848
10508828
15467726
34939353
8285811
21802134
11715176
19517257
403153
31996142
2717771
35552501
7479958
33736131
25111335
17035839
9025903
30815974
11535401
20249267
15793216
1393882
15714401
18339801
32615644
32170060
27900211
2121781
10675128
37558485
16340670
21737439
19113315
33801372
497105
25310684
4259098
37350666
10522435
9322909
13968669
2116942
39191091
21618430
24075571
20481573
6318524
23051716
32397143
8865510
21130171
7030771
5350527
32790263
8988702
24361731
6229476
5049744
21030754
35059967
3632049
21163063
22026620
7825213
40460038
4959664
42667944
26745323
40526225
23017055
39322350
42924201
40048647
21990464
34339669
34272085
4525534
19855894
915062
38930481
34118285
677020
14342202
7360950
5405667
31786045
23362343
40332481
38745313
4850695
7014406
9061959
25102781
22466521
26996446
15801871
-710819
7408472
32683402
42400451
24707458
21321660
9422399
26994564
16647844
40585956
4897700
35946397
1493185
14372996
35059441
6048722
3976210
28931005
38906714
40120511
2221388
32519802
14318139
41103388
35550600
14624115
12067751
32186916
37568406
32274578
-191895
7470445
698729
14429648
18047988
19719543
26346490
1111745
21607708
34352477
13964840
40948724
14452599
20371441
26318674
30273913
2745954
11811530
27849105
13285771
18360052
20009023
26485380
15191644
10687913
12398602
18510287
35194541
30844793
42233835
34891317
3838473
4992529
26244428
39203448
12250022
11754986
38720870
31299487
4738147
9602215
20177516
2003233
43100637
693174
38738027
16178956
26645363
6154721
25006111
32872056
26809327
1023389
25539548
20895977
42804343
5593387
6637870
28620003
23325766
8317773
39617082
4721866
38902869
21439692
9639506
26788661
13891740
-151676
4724645
5473112
14098316
13978634
20962328
13693370
16511124
6627327
26583807
42315479
14525619
10136855
31819097
43076944
25981607
-840669
12196296
22767857
41866512
26421862
29634663
19753489
11831065
30124690
34034214
29110599
17416389
28302317
1426161
18808686
26372260
17510985
-846599
8183780
23290511
7241668
7404302
25161171
27985796
29703283
42398683
25621011
7483001
33966660
29505518
2479912
8476185
5701747
20097635
4930004
1625025
38999908
37093405
17948321
39418728
4582965
27714676
42155782
42310572
29133094
13950923
15624610
1268409
40489706
29810817
33941291
21222427
8564490
13529716
42308242
18041040
33316060
13569802
5715685
357149
22260251
14177848
16882579
8851911
36164192
41985029
26464080
21244649
2400706
20549081
19169510
33027750
37301042
39557083
16088054
30539879
1605412
40457369
1886176
26267852
17084034
10905401
29908319
3381471
10649068
11149705
3636198
775244
22653516
1180266
16639074
31682772
15374689
18662984
20592683
38180881
20466866
21467492
42802919
43070209
2926658
40009297
13199751
22001148
22575340
37237174
40414637
24513429
32521128
37556404
21103524
4380440
12030417
21392693
38212026
23898985
26190816
2633738
31778393
16705582
32333251
30501462
30563683
11728751
23164013
29129961
39211111
9426472
332533
18663877
14959021
9488420
20185669
5370637
13772072
42515259
35113816
25731372
1951894
31330801
43088626
31802112
36386539
33090122
32856796
17434382
11533368
10865076
5376300
30036440
2354491
24028651
35227722
7490315
37000834
36759584
26307279
14547892
27469585
5498140
12810816
27632421
16761354
17727876
2275118
669680
36130292
38619926
21076258
38121276
1847281
5038989
7295173
15610143
41107882
2859808
6598992
31001842
35773343
28667648
39824527
8772589
41393718
40886559
24915423
25609720
13116017
19090140
22163044
43425194
4745563
25425799
7078917
40962617
38860838
28986719
17522344
12907315
37767772
3857231
23652228
10666134
24379869
36399665
1433108
21754617
8717991
8442517
18426156
13032481
32973913
39179105
21876498
8904346
42082878
43006201
28531617
23410149
15480363
9437050
33962204
4752287
40599558
30537796
22106761
29178529
10176665
4936289
29110702
2829334
1982449
21446514
33246328
43225552
35896238
23638489
23925392
5804658
-616037
5607786
31710447
33514517
16471491
-679093
37937382
10822096
41506928
33748181
42737213
39762025
4672423
23511372
4000218
26592819
13220386
31237911
12354941
19273378
4849772
27078858
23167105
37184936
2853890
16414250
39278904
38874007
13866299
35828981
21152227
8548525
17604479
40143149
34098331
29478113
16139863
22390133
23614715
25584274
31605207
11596035
2958114
7463868
24226186
20615981
22514788
14160011
12667278
36033448
14290635
28179946
31793348
42913599
33958962
5713540
35673335
-6741
38182219
42062773
19868058
28231532
27694994
35980212
12828901
11653779
35188905
25726159
12665431
12940833
17746222
18464832
29826063
30975477
24728583
35108012
36980176
39255216
31133491
18341171
24433979
12870656
28355815
42640752
15108714
641449
13430557
20767943
10384639
3679423
-367078
14008452
17010905
1954417
11815627
-257922
23990654
29628842
1341517
17648711
198992
42494431
2710686
17963366
2070905
38862025
36025197
10578143
7473139
33044233
38073849
10940318
23604647
35742663
3649181
8372909
285968
40189877
12509696
29122390
40577107
2939318
40651787
42974049
42497995
12156440
5251370
6831055
11452046
40403737
39372601
42077779
28927895
27957570
9625985
17717545
18836126
24858193
19506895
34069178
24462307
34860033
6944806
3692924
36653156
24357519
40626449
29445963
5678544
25050460
13411599
24658064
35510174
-126514
39302091
9000085
26453848
16823829
19338575
37523430
9095744
3052908
41001922
2822511
31915813
23343248
12408777
1627743
25947998
22440935
12325311
36145111
4230148
31208974
42849905
2146771
42594580
34973605
42854755
15998405
38505361
7583773
4107523
28910987
29644550
16542834
1085705
40383945
21608023
16827651
30251398
15149595
1691087
11892805
41282751
31078031
21315787
408543
9168766
43287100
30894883
20176453
7123902
9790024
42288582
787456
11698311
39416134
31176999
12957669
37489965
18537848
36817732
24992470
5306836
34646063
10971458
13057581
40866166
10221596
24012789
5518371
6865631
37002344
-943723
25014362
19108152
13766808
14582548
19590783
1965405
7303638
43013389
8939469
1894528
14240139
20432720
34882323
2330814
10756243
23812238
18477092
23635856
19597352
27187894
26013512
13965901
11556813
38669010
23986881
34266424
25849599
41038794
1744354
34861918
12130494
-856724
16621895
24261444
3044094
9581131
9231678
16168712
36805906
19219038
40592581
9626339
37244383
9664595
14435517
25264409
35641723
27975023
37512309
9954299
35548154
5424321
32602137
42039962
38154272
15496146
33313466
19318090
8386520
1929468
9739244
24185576
-714621
29500304
5577038
8057422
19237021
13547755
8048604
15172988
4742440
25165738
12369372
15941389
33732373
32519692
30914701
1910911
15663137
20128129
5614059
21451194
41398596
31903653
22676687
36542097
21214771
21357960
21466078
40739815
30237547
10400358
19416214
43014727
17644006
3028660
10445700
42300848
7732449
37813197
8766441
42774945
23828335
11879187
20779422
19865762
7773349
33880723
35718203
16110013
-443908
40956703
2148438
2128189
20887746
4111305
25481589
20817988
19109977
3233292
8495305
27425034
24148236
39543154
21209512
33619110
12864603
7461169
27067589
35747092
30803580
31018996
22350645
3067725
36241718
35325836
3388090
6881943
9209763
16908884
20145982
8837534
8950962
39423296
6640973
8503814
3773056
24120691
43302715
1621582
20332747
43393835
27438617
19455219
24906772
175424
5522302
22551820
31259953
18445765
8941422
11249769
24133555
19070276
22661081
31814676
33169652
3304914
31956724
27148488
17922117
6671661
31609894
14499696
30159516
5731634
18181865
31759280
34624589
22039012
15479081
19045274
10141313
4247404
-48849
15319247
5129256
1487157
15750333
30075776
43153427
19643100
5710659
39553589
42964975
28406139
26351324
3827272
33891537
33050717
31465683
42856274
22506465
30390893
37592627
24818180
8759494
39497895
19096160
-845596
21490493
15008299
27887924
36389609
42614203
6459124
7356272
7512389
3257285
29867983
26939564
35855948
16319320
26718240
6532444
25273600
30816547
20918981
10279672
20242733
26949418
18127495
14995849
30202575
27491743
-988910
6470188
39170963
12869088
5566301
12933176
27725421
5875768
43529852
42728227
31401767
19916528
36778055
28247355
29960993
30331909
39993616
38950327
1613759
23527399
24233293
40768869
937964
41677062
9821252
4468412
40593669
41195156
43333026
29296698
37276977
8581097
32297018
31439132
30967160
39124186
28433254
37716270
3226307
800487
42331509
6147108
6012452
35209115
34250303
28114838
22659107
25894466
10929370
41474793
43292358
831700
31428970
30220763
39855771
25867533
14785110
6538174
20252421
42209002
23030334
-369460
10619560
20297858
13437915
19928204
13097376
11043590
36721297
19464386
5983461
15776459
33193655
29008718
17492881
16185886
18620746
14796354
593839
11076539
16638956
29449474
40713866
11848515
12521328
8577903
39349424
42458147
36012155
40589985
25855991
7553822
17918705
10622411
3321393
3692439
772701
42303561
13629409
27730863
-833836
3119251
37499722
25712459
41417928
28023947
27732305
40113773
13498778
29391942
34675075
23097571
43212865
35201669
2659544
14956957
9469388
39257410
33503644
40820850
31390366
-987388
24291028
23094418
24655501
19896080
2989679
37540030
10828960
14864852
24218196
38969993
9849002
2202359
17214670
39206679
32092655
6791298
26499098
8580640
1995572
40781824
8475339
8718066
9761255
20000427
1752025
12986853
35485416
3822994
31838150
24560806
30208399
37622217
-429304
8550426
30499642
4226049
32740570
7727875
40328069
20171310
29698320
21106410
32823005
36836424
11649260
42683014
27247951
3085154
35856374
33242755
22085802
34409810
30539032
37850033
5708311
21728516
20243919
34874851
15162246
40969573
37960063
32809861
2741311
790332
14309209
28377718
31819568
8740267
23073177
20408228
-820199
14985715
15702089
2594550
42652445
3758071
33829556
35822726
31765662
43144516
4535238
34141381
14182347
27684771
18340322
22639204
29130624
30938769
1340853
41679871
5334021
35989404
11039371
17416637
25982026
32228195
22397001
12236790
21910795
5357198
18629240
6419437
746427
20788876
15191663
6571263
4207738
10915322
11817724
23022888
37057794
36758977
40587332
32004085
35245209
412402
41387723
38130367
7007854
370836
4774287
43220039
14364935
28569152
7597026
38884477
3904321
39447636
25250134
31988357
11768705
30137476
34469925
34726232
20859996
-805304
14347166
34051828
9398547
12578847
36877926
35050344
17263702
18300874
12216289
1212798
28081590
38136516
14139266
30744160
27427480
30844983
21975008
1920199
40670610
22145423
17457412
8000028
39530826
4128337
10763026
37215076
29632627
16098738
22804612
37085111
17285198
26625224
9466106
12867729
22815110
33040913
36082517
40242454
6990997
22048873
18824030
10339123
14702823
17509889
10967244
33789218
1560530
37583297
32139171
24946970
1160039
12883086
38189827
6201893
21738401
13236441
41965372
24128944
7035576
9555409
2361231
19323792
15931748
41531327
23864665
23116173
24573694
31305470
31092779
38183206
23056598
22151458
32870861
41372243
38841655
26151468
17644801
301682
22384067
28361170
9162259
18872637
15714377
41836904
18907382
3914800
34750313
23130172
17383658
38331490
11879901
14662044
2935955
7682954
7447199
27820608
40100715
7950858
34645811
42962654
25656336
13723244
720376
17215042
29679567
23748598
30797186
21167917
19342911
7163198
36374634
11315045
13390857
10029022
26794524
-540853
39984019
31338414
43295903
22567486
13639452
7747047
29791343
6902368
22893549
25040213
35216739
7678369
14088938
15629967
33164066
17923914
38346829
18648340
42905461
25093549
11840393
31781261
38428206
42719632
38945304
43524591
30515497
10376063
18209452
3929807
33668525
-550273
18045058
8277950
40324110
11199827
8277668
27938504
18678164
7141027
12158935
763877
8132840
27254877
3955552
32293248
22084118
-24192
15944651
13537188
29420898
21211700
19111252
23201204
1535533
28359993
7704748
10299605
33043399
1737963
10273115
34431535
24475181
36778083
23402682
26825361
33412982
7264564
23748299
30205351
11659725
29721488
34531401
6316780
20629561
7493839
34943139
38077466
27115063
4373092
40590416
9027691
16016704
34797730
37209
29646935
25428644
12667767
34198047
30198072
20317381
28030448
43249664
35304279
17097231
41399135
28453746
35150110
26091891
21184871
6176296
27548104
22084699
40763683
42009609
30223128
18443921
6901105
33027397
27743324
24525366
12533502
28186270
8495651
16214925
11418231
8705475
11159794
32728347
9168723
39449349
21468463
27664803
14995048
7158439
19206395
6767243
13369646
22993854
22796985
7797372
9068775
34834709
27812817
1975148
19234652
42174057
31127263
7754266
11686237
34832836
11560335
-71464
16662704
14854035
23055291
17838669
9408372
3482593
35719808
42221663
-942466
16360567
42260272
30640543
28370099
12145721
18058976
13963523
13946822
925474
43026302
-739555
12825614
12475444
1848059
23804264
26716471
19763465
16208355
34035589
7032283
19496147
5703608
18300152
21627340
18197546
40967095
43329001
40082568
27405430
23483317
29718708
14350668
27022777
3257382
18477368
-630967
30694643
33256733
17821167
36205669
37593742
35030880
27970531
17558543
33883538
7628585
18128888
5771944
17576015
20362403
41856698
42799788
13034185
7065448
27103782
32128171
6218164
21832578
40804367
9899502
6815687
30558308
2732642
1932816
24561245
38192165
31795396
43342779
31547994
12327702
17699820
-538109
42421167
16343085
39260588
12340970
33282332
6705624
12440128
-994653
-356727
23120462
681420
8324825
20545855
22136423
42309924
35842669
15039345
27379714
36498753
34665258
5993495
2336699
20342840
13211315
43236821
30331087
16161888
16870485
14931533
16834633
38242001
32636856
29344065
31041203
15778082
7455801
12640948
4115770
37269253
12000661
16497575
29726283
28756878
6187896
42654396
27297962
13743408
38555665
19983622
12125204
7516783
5424004
1919528
38203566
29326351
30233411
39826637
37616451
9778599
5601544
3220683
18033288
29264894
36351160
13927044
15544150
10033363
11141890
2974375
2628634
38474251
11655758
21805714
21292169
38240501
33754970
32106249
18895912
35844804
30723439
459153
23192593
42263555
26194601
21485445
17895697
20323374
29300434
38229816
32125820
3771660
5141978
28811316
21829322
10471035
7456751
37777518
-140908
40575771
36384884
19225268
15052408
-517085
1498586
12781109
4282031
21105366
29257814
1729125
42611413
32034954
17425372
34954976
31940110
39524237
37281451
35108174
35517208
1660881
12877730
9669502
35205571
22798660
41989100
25292361
13222166
20364271
26235394
13707547
13121397
7479936
27073439
5525813
12539783
30322271
-996344
26951746
3962439
31638922
352472
28193565
15488628
37067684
12396665
34859163
21728864
18708616
42091434
28929094
8542081
31434183
27063422
26826384
21013489
34511394
25599180
23756123
31082161
42108846
32321300
7723159
7497719
30673673
8012495
39695474
3780683
33057216
23258352
34792665
26818186
5374373
22391849
20457458
29078972
11375449
39333594
3888043
11114584
7404364
37417575
37291627
9351028
8695818
2520355
3662576
31106411
42275721
32710433
37379521
38124020
20947584
30480052
42232070
2389245
34320757
32811517
37703495
34537249
13074402
17098430
43176612
34763080
39229234
28693289
13039892
-993589
20239621
34530602
34224255
9144262
42481840
27997859
4598293
13031521
21056318
38551943
14322181
39155533
22713946
1077425
16683551
27095704
33973395
2234917
34859334
23485127
3776267
22542774
875088
27979979
2657323
17183013
35352390
11174178
35842511
8538241
41070372
41777080
42863526
20111336
21000466
21024893
42801648
1976659
28427075
35658378
24716187
9777633
36941378
3260113
19483706
24729893
33823222
5433147
43135018
588753
24543120
4892188
30060648
41714413
9078960
23659320
2565333
18057254
38704334
15579686
2925726
18830155
16116308
36808040
6500310
38667460
39397757
18954159
38544825
17957728
35335850
41608484
33748697
4681357
28512919
38561187
15431028
8425553
10854221
7975353
37564632
7692056
6592
11980596
20223490
15398360
10558713
29583835
20397079
4187456
17550838
31077797
39025963
15558786
7462080
23962710
36644032
15363406
462904
895869
8773433
23840949
15049907
3519351
31457519
6091635
1218259
6181777
29258626
37033068
38331766
17526072
29653264
23595413
40748418
13345224
26532252
6313792
14577697
7982787
31762355
25552107
3108310
22294533
24185317
13246259
41708754
26661677
5169763
35749510
16599266
14374163
30482744
7593250
40367278
15237514
40341643
42359513
19137524
36332714
23215841
-945763
33658612
23738408
39759006
17934280
35005709
924766
9040424
32300690
33555435
28482292
41013821
9205345
41231982
40544592
15735075
21018571
5961598
31013051
40563004
1452406
38123928
12210165
35590994
29337561
1453665
31686691
15213702
42944915
15443545
36508321
-65605
19512319
31410755
34722595
43210623
3632978
10719756
30091279
16189116
42094836
17419357
28066083
35394764
-355560
17117226
10322596
17507127
1135839
26265127
804588
41431923
37821833
28469871
33004178
535068
2314252
19889741
41986156
1265183
38412233
11164013
941091
20106665
27484152
13590084
-10360
30439546
38199845
30986765
11105652
3849275
11774011
20602659
1089803
20287654
5376505
41355268
15630820
41133548
5648469
9531677
18626175
24492081
12883160
41994704
7306253
10074843
21169079
16869219
42007705
42440567
6394578
17188821
18429470
20150652
20686955
19501119
42223709
23091373
34050103
31275354
40414095
31991507
4457612
31452653
41658651
20539458
2012403
21461131
16253239
36557013
28612839
17814382
23817712
41128397
35441632
5191353
32820026
-442758
16693021
41359557
25872047
42238507
27517477
34090873
7692400
36130139
21946410
3889122
31323863
11426471
17957178
28753965
14174325
21106036
21790796
4514677
5358075
8008169
26663392
3215747
21886103
10310699
1545789
14033448
9691046
30114684
32403310
15132952
1954613
27594274
42772776
5078683
3459923
31167663
4359923
22229202
31092695
-502637
18295944
5187304
37251914
28513343
39157338
40227790
5879852
33486951
17509540
23673228
16342084
4539005
25126131
35575835
23752883
5788427
34632833
4163402
40413919
20487813
1155746
4706911
16771280
7350181
1105796
29754824
27556483
40946609
21510026
17212201
24124905
23713092
21918842
31038251
33697436
35158232
28020228
6679753
13133489
-135197
36998231
13357311
14709748
23083195
29345887
2011
15206962
7951807
31220953
8175521
30171849
23955421
2334444
42368487
42226563
41576235
24875860
20803673
8768650
37712903
37335257
14225131
40000272
16965286
35954944
31392625
33307737
31805319
7901097
3678910
23277814
3058576
27345219
6887183
27857859
34852992
19218770
18743811
11976634
13039833
17041653
597818
17443346
24571626
1755228
29332358
31872120
6806031
11130864
21381239
3818242
17922025
121330
39229692
15225005
5590884
41431756
19265310
36535820
11890666
480644
23781672
31585678
33423362
33487768
41043909
22636678
37456631
7382536
23093393
36467332
-369155
332469
8407841
6363138
8235656
6441306
10011962
27811733
5468509
12808920
32880479
23167248
19821950
1626113
12093415
19251018
15815162
42221586
34689631
40454283
6234039
12301569
3643429
273769
30741909
7012052
9836551
23254873
2048834
4231028
41108896
34988735
25852138
12320264
12114224
29307449
21819894
38430077
2925842
36358018
19078670
25093400
32491266
8547380
38093076
33694796
40969479
30710119
14602674
33797187
19503080
41685779
10330967
19805797
10978766
6607257
21775921
19944310
3048207
12801013
14087558
12114529
7835908
-366444
38147363
39604987
463847
11459440
19948113
14833649
16574790
10181710
42075883
15930715
11983606
27298930
16198988
8921842
36495887
15111698
31087386
16515762
28528290
26512163
15837542
41995513
15268430
17454208
20275017
20752149
1239998
16793621
17326137
1928104
18559030
32909092
11436617
25216351
13427671
35991549
25854309
4822405
24419693
6887068
42285396
9750178
24039545
38039332
23418934
5633816
18362921
33443048
31059086
440115
19121964
16242510
43264179
470695
6186112
13926485
7608865
17258858
28594932
36286337
43365500
19343949
16571211
37320985
7706701
29329940
41184971
41419001
-132706
25681875
17162043
2509770
6697381
43107260
26436530
23645993
13223489
36512728
18645446
33275221
463561
1934992
42168603
33913890
20040737
17687478
10148477
19490286
29314264
22849596
31632117
19191304
12699259
25451695
-153624
27292889
24650480
20995117
34060404
8610309
2860325
42614895
40212894
35784431
32472598
6472778
27573811
11725749
4579424
27127186
14257036
13339258
38006076
11814483
21441254
20214732
7853986
4109416
22016682
13224585
41279684
21695040
-583787
40061331
30642513
21120705
25624616
22623631
2732114
37587131
36309024
41733309
37924418
20269876
24553471
39331633
10095253
20791639
4964987
17515967
14808181
4266625
14309052
22552650
36264783
7194771
16827930
4259898
17382723
34676865
13840235
39167682
37725041
39189416
1088547
37879978
10116243
15355444
7513348
10797140
32400173
16855283
18772232
39030371
36474102
42530933
7470440
10415264
8367283
24066925
38318527
1245366
38540071
34145198
30855300
757554
30803173
9737417
673496
3051741
19256421
6754129
40784711
7278008
30480567
4640988
23927335
23669813
37423208
26048054
22721106
31089696
20603805
1663237
4243444
38216166
21164733
6999211
4190160
33778035
27383804
40731816
7661080
11052372
16657629
5371485
32340473
19329308
29307935
6364781
21107636
38446326
32718207
31096333
28433794
28204801
28403799
30069596
-345754
12010760
20365653
9590763
41469180
39095941
25736879
18397189
1164579
26989936
20649219
35218928
26104658
28334834
12520345
10304332
13295662
24857152
1966380
29532641
30320378
28398310
30279849
35900598
11076608
35147375
31488535
17523583
28419919
35156513
3240131
11214846
8070292
27422799
6343471
4931384
7783919
36666650
22819332
33950776
5894329
42318439
15248837
26713519
8290831
31533072
31934811
25089055
24209886
25935431
30344120
32482858
38580471
32374897
18619821
8452877
3785062
14516897
17280535
-866357
6971650
24075041
22628115
7862060
12278093
39523776
27467573
18672944
13638652
38202883
7255173
38060237
1379598
34965590
26971650
11286980
35781075
22139807
20886958
2579293
25375720
14343550
19872549
33958199
28578819
43431459
43376780
16242930
5899478
17208749
20118084
2494704
17264841
32991565
1897128
38025843
18111556
42667040
35524443
23384430
15308961
40659600
43195186
19804009
9817314
22313607
42526342
31489390
42661405
39797975
23547811
34508362
41254428
6697065
7962863
32003992
6626845
26220742
1260886
11641608
2441603
281671
23738624
30829813
24214205
42104610
26499665
18448774
22132723
24363340
1401461
33239948
33974328
1985598
6754214
7936539
37048291
42164757
6775045
34616279
41372229
23784809
13561236
23924376
16837818
15445240
23600603
12471328
23383827
33149832
28962787
26247753
25163638
22699926
20812276
41476794
3612132
15653275
19036592
17507413
9147815
13326373
4289862
31212428
34511819
18063998
31463063
27557717
32812644
6801298
36158851
32781569
13473334
31737277
10106044
17240732
35015883
13961575
38904787
24423783
24532313
22557443
36860356
4009854
10421145
24192006
2199330
36116936
36378069
10813806
7676679
15609725
16311842
8684408
9684788
7439151
31528517
42816302
-22274
10637624
36182185
20587724
31146645
31316918
16693172
23196083
8032552
33033181
30978733
-316743
7767492
24034879
3943946
236078
31712269
38207856
30444938
27426825
25068522
12804783
38929964
11449540
31246427
23734152
30669249
22187040
41539964
42604098
29216607
10113908
21825537
3433932
21137295
25103586
12669171
36984591
43205478
6534985
12990448
5899133
17060181
35275236
13848769
39430157
7603858
23392488
23175640
21205951
27243678
14206692
395047
6814257
5125846
20974625
17268586
-341933
38402069
41824722
1496054
32221002
2415220
22929474
31584410
27490904
3386505
28733043
4460906
22154331
26492162
32524294
37633498
4740331
4756816
2624240
27611990
23050712
14784012
30844497
35432335
7774387
5813037
34944542
30120827
12159648
10247436
9495296
191935
5398667
36089127
29768684
35727714
3306913
13523084
37810715
12376440
39920033
18661842
42128054
26979739
3366742
27264145
7976278
16196238
15734436
6725622
5588848
26877949
376505
41364835
33225519
43344775
34045259
10556429
32084402
7319107
14364526
18461983
16510588
16336779
17387589
5306028
28111059
39321208
24210409
28005657
36225725
22540699
38680508
32210062
11945282
8209841
5357792
17606994
21012587
20641835
10098981
22005298
25399763
16631918
7152961
24910039
35615974
3706221
31829960
29599211
40888529
30855273
10206908
1392093
39528692
29642898
41973559
20246185
26218065
8105510
41653299
12200391
6186909
41110095
9394987
38006269
2521311
17862239
11207792
-137417
41688191
19985829
5710992
22114902
38897699
5460120
43170549
23197205
4899441
17103562
42170894
598551
-979744
25624294
16307010
38247830
19415629
14364195
43313466
16433716
25070361
10547200
19700012
25055453
43453610
30209482
29548448
6761045
34021574
23532021
31518145
14191558
-45434
2896204
3661270
38273358
2128853
3486303
7504524
43063950
26701916
12848283
34445599
19274318
42461940
492165
10418783
27100736
22470820
31986867
28482407
18975941
43316769
29820218
33362136
2681155
2299819
27673255
37470370
28386341
13350808
5638366
13543476
16976622
26033362
10622657
32824819
29680939
9172732
15545410
17937064
16891534
11890678
26707588
15469572
1640881
27058145
29426051
18570672
1085203
31433654
41463047
2679161
15919680
36984575
17455176
12268316
40293192
21460450
31436676
22504883
21834543
19655998
34289186
6384653
274862
20988336
23769632
32725691
23174854
35652633
14610868
19255342
16810858
4390567
15290832
4722551
21374461
27341974
38886643
42157771
11686951
22269995
34178444
7582886
8652639
-277103
36741313
11340792
14994048
12137890
22324283
21647742
4208920
35549852
29252320
16524001
38484527
12389138
30640246
7448358
11599000
33825051
17481444
19315723
27587630
34590491
32553125
32589847
-147221
9444734
25576943
38903672
8266210
38967818
4193165
34243706
43211416
23238693
7046558
43501913
23470065
9544280
850343
783892
26428149
11828619
31062361
15991267
19866293
14409277
13682144
13893777
24473465
8470756
38807461
30345515
39905043
15721088
38989029
-842452
3372203
9728262
36666535
-246924
631381
5380240
3204681
6957304
7768226
22844379
6426321
28466982
29902522
33788633
467573
-824124
38659197
7273201
3651568
22655283
40407142
34589570
33509690
12069639
19864192
16782039
10680589
12424587
20241097
17993731
30302956
37913983
32740479
40108300
35493774
20743422
4513904
26850083
30369688
24783913
19216164
10832385
24136601
39010265
15598533
12703396
33304385
5297912
14102851
18650822
42461309
915666
30158471
30054265
15672084
32346224
31861269
12707470
19520861
33829559
39948719
35230687
30399035
6656742
20478225
11927050
13661037
24867979
36023733
8812975
9903797
11594541
40818546
2013157
39114421
32214258
9737028
41324606
23351309
25089264
38136101
40024119
2975804
23831130
11192182
23580909
24923192
32458418
41235401
12369038
33458706
31805281
622599
10234408
11704346
28538724
5322991
6073756
30807311
12672225
21988755
11432575
40407033
22608835
6222777
13289326
12030219
37409598
34950284
31485711
3556113
40666109
13774243
15259398
33703058
39846524
42123237
41851003
13413060
8973724
13510401
176206
27737443
2809907
16784844
7074841
10829878
7441842
22276476
17378010
18650581
38261201
15680314
11405020
18804275
9473999
42199972
35397968
-696102
43115162
42097727
4756917
16206437
7638132
42597259
37108047
40938912
41246951
27372309
34072151
36579498
38545909
16461140
24220811
1613505
40476350
12012062
958791
30094356
3945427
38666472
17070982
10210737
29072348
40963679
40435948
37120424
43012046
11873612
22800766
30349390
-246690
33073725
21500970
33255205
32210729
42669177
9219172
33148083
21480583
43065417
17369838
39575879
14784038
37439914
4627626
8443289
20458735
12491694
23643427
18746997
2631213
8105479
3002960
21784543
3156131
22987361
15744375
29101934
10938896
37395610
17930602
-821835
12106019
3885685
21827131
20207586
23415429
43472634
7615802
8219367
8936421
23971915
4156716
27080191
9373675
8296592
16247684
38815335
16813189
26922457
4308316
26739667
3769226
-926900
31725916
7147765
10669204
1019291
16560222
14761661
11092525
5925738
26605875
42507746
8187410
4403214
15541267
10229413
29830690
-342985
24467013
40577518
8730332
9629811
30128712
34592126
15643930
18450748
4661628
36397993
29109650
15506713
13360078
1077672
33518521
27621889
16126359
23986080
41738134
36659523
16163934
13316100
22183977
5578439
30224533
25185904
5802726
7944695
27684395
5841030
1854224
28168413
23804553
41309361
4928264
32812842
16349765
35671669
13311463
-699394
30548189
4430184
37668698
38006930
28794652
15378063
42083814
20068816
33158997
37514298
-25193
5310664
36827630
15100308
4703898
7587436
18053777
29342769
18546847
-301161
23473324
19809224
9429489
227500
6079041
31035076
41559053
16512023
35905750
21179317
25535678
27488321
5882052
27068601
13365158
29584195
36427951
15041158
3018402
7594880
38044977
13868008
6103023
29258474
17481851
35055611
37417419
17193507
29230372
8917101
32869226
38220211
12163678
2861713
9775202
28536839
14602525
22342982
24902723
39173739
39759022
33430217
32040909
33109843
19438435
14173547
32894799
31080379
5452612
19815915
2803683
3507229
6313380
23728205
21234557
8480591
37640149
25768132
39122852
10545198
24240614
-408775
3901139
41390602
31008773
27148789
-632464
17561346
39169245
30367772
10185762
-633938
32995533
41742587
37722494
18833016
1230978
31038101
188414
11650354
38945871
4459242
37455376
31434731
17540986
16316700
42635173
28704785
34497646
35626310
9357136
37356967
1443115
33024281
39313347
35330935
30482404
39665273
3357071
28650358
8218547
13879955
1184783
17175930
8380139
16407209
9824247
2542489
20064699
1404013
26776630
35576263
4252648
10401495
25599559
8759311
24402694
37042186
6134690
14039958
11994573
8884065
6461422
37242405
13984572
10665991
8363157
35611726
41284420
32408635
36350948
15054459
39902296
28980998
12233249
14941838
31670736
36795610
35246992
26377304
32826255
19546177
31280396
33064883
25997785
19595210
1719687
33716715
33002148
8519959
-829877
18081902
42543161
16987257
25734747
10311130
37212612
3644396
33585733
15131527
7371080
30713012
16842934
14421768
25069868
16065806
5530450
9634648
28862319
31196053
10123335
40670039
20088955
9083961
30890196
999865
19187306
15514888
40699546
37027034
5335702
42361589
23884116
34022569
23745116
30652927
30711859
1043718
36693203
3860354
25169016
8657255
25829146
14740611
31534059
22681186
8239822
6263200
39739190
12873843
4120105
26899007
37434256
2999736
34263644
32309149
42957254
12547349
2220609
41736414
1496182
15442330
32856185
28678809
19275013
19282077
35484317
41836035
24273622
29678472
21020990
37669071
17386105
39654705
16476532
30426875
9411256
36717817
6840363
26241520
37911648
25201774
23019304
17364298
9341949
1905065
12232467
31220745
8621505
23931956
4246027
9959051
22029631
7037396
36230001
15078488
28336824
29496951
2403292
2300030
28785151
4498572
2691428
19442971
997493
31407106
35595443
6477822
21550620
23059982
31761520
20336756
32226973
33779394
9283994
38222295
41929218
1945784
28742265
30750894
41414331
9124324
17249828
11042478
21875231
27015625
4170236
36458128
5079597
43534173
410504
20958656
8938255
20494685
6858403
42102728
19783527
27514138
9204396
26912617
39882758
23937131
5648075
9836142
23951676
13581254
36215518
16993247
11086940
8912885
29332126
37389554
33019952
6300553
26100408
33468704
9789447
1125505
17115323
38266507
15239715
40102178
39720259
9862377
8670760
41538667
39759601
31522068
33977170
27711360
42066443
14234971
13472379
9344178
6349908
11468717
-972764
23661581
12167763
5107163
18069328
31769643
2514868
28082729
19099354
8780785
34100216
8751618
12418489
35585188
12055086
30467958
10303721
9159808
43468746
696318
23941095
13639215
29604410
35664309
10833683
12050967
10478374
22256755
11987413
561099
25068133
16866092
6756069
10909378
32074925
40635774
38801772
775521
3538161
11880600
15912080
42603234
28153627
38116550
9041783
27738891
19133090
41322965
19182787
-388824
36686334
-537806
27358156
25357391
28633505
2031237
41611602
11847031
38912703
43196300
42824238
30491261
35704351
19436417
29563326
7429162
13645898
7523002
10743984
32775751
23765342
16073210
9135446
30977316
34976387
32770318
8254834
22087411
40874020
1297029
10743300
21768448
12545201
4545933
1457339
26240535
16606299
39265712
37012490
1691333
8042126
5775339
32023786
17359047
43505513
8750159
31645511
20486130
32017409
10874186
3170133
37427411
26559146
33847880
4326419
-697261
23063584
31949298
22251839
25290202
6028350
15895837
-349120
8604002
3763951
13622002
35787849
20447650
42172081
24805171
24520798
1130275
1532709
40074486
21364379
17432298
41445526
32258632
2487192
36400752
1224360
6240954
27389526
24965002
26576359
25850903
17861854
16880971
-492736
6378641
35702457
21781466
15615902
10891792
34025105
12282620
25811694
29896810
40297023
9843550
29634575
11080780
22638691
24701372
13740092
20493894
29945163
13863389
29512955
2263452
19601444
4807689
3109370
29232092
8370463
3872947
2139655
43469030
32573359
43092189
8149873
25574512
37069927
21233965
17644656
18217413
25828327
33598504
40286313
41130052
15434203
34075895
1519205
18419244
23144613
28896813
19256014
43430626
24639968
29630923
14631629
14783625
17802630
39865996
4517984
18445830
36476105
34060294
5288318
8689591
27340998
485574
4295483
27225594
3519389
23187067
15372188
42829593
11679481
23809826
26667551
36052300
27686963
15050188
34234018
1207010
4997160
7781714
31017876
10374022
34393738
17295040
4846471
634797
12466464
-647724
19498683
36911095
14920715
30719585
31843646
31238374
15790188
25643150
20322140
19183889
728223
11873504
16832877
38473359
20368783
8582511
2682348
35701179
32504739
32676685
29464127
27950508
16503827
36658297
11470679
37949507
2237562
7413412
38716709
35692013
15389633
27453044
35978765
38795257
13923782
9602741
26502488
34784220
12470923
42634429
19022654
38580714
33318841
13988692
41695459
580828
22721111
3416916
19629925
21613207
37691577
5459862
41520307
31724649
43077399
28750514
41603552
3792955
30000585
25184120
-125602
37629331
11184422
1632491
38002794
14340551
31807734
27122148
14092519
35668436
36823966
7532226
10331664
1120268
34766490
1111284
26358757
28147223
25278306
33856225
12261519
31643859
-864904
14987621
36572995
-34479
25333873
25724902
37186379
31176066
43105797
40362754
15433355
37207286
12369680
-371523
11421337
40223682
24180456
10312642
34174215
12556138
40476132
34606852
21003438
29777765
41159171
25476053
9041662
24599339
32311191
-347523
38632302
11132592
40963119
12368144
3651307
33478652
19927528
4169053
20118895
2449764
19934732
34193492
13554582
12260230
25089773
13642988
35597100
12163976
22599510
35545826
38545741
37610292
8244204
7946650
36576960
36602825
32239329
6942172
6526050
23821801
30916848
28182691
39258627
8718864
15557014
6501498
14033083
502388
26176249
26639422
1912494
5501802
42910163
-94965
38202821
6757828
29194023
14186303
7611145
37988523
39924062
14081929
5038468
10722939
876183
8858292
29560779
37459773
25243214
9550071
30131688
25372978
29334172
5058862
13674449
7500709
10810768
15221617
10922948
30255657
42625944
32454983
40921012
-478165
36792457
3619295
7138686
31280749
35990730
25709668
7985199
22595107
32846662
1660757
8576350
35471889
36506103
39175108
30993767
20558767
201679
29222540
16802050
32684540
22706146
33067954
39873446
21880123
32437621
8103382
42738991
43088956
24077704
28753450
18738334
13851096
41081687
33519922
-820000
13244688
15030791
24176945
28998661
41742679
39306553
42748349
36862919
40055690
37946221
33751871
22904837
32455428
36023912
18579626
15906695
43461488
35706229
39823318
31757014
305994
26057099
41178369
42693297
34861345
18834227
24601854
14983002
15887538
11171008
1355572
38775900
42219376
11731482
37710002
37176098
30019928
25941178
2495378
33887277
22629204
5456052
37091507
4533595
39306876
16777228
31503823
9750329
4015464
39888868
15920564
18484995
42364804
25557218
16298474
31258883
12001184
13586974
28858893
1966861
40559921
4834857
18996162
9762736
37003114
26752163
11754539
7799260
11083862
33172378
2016979
10150941
33374845
4581448
5569160
37577245
14778511
33508129
14366967
4480043
36444735
11728713
21273315
33435016
12787212
38587837
18148550
6007095
34578678
3164134
24567266
18936480
8142099
32065560
16316365
25924239
13285388
3757244
37033390
23729666
8035028
31697406
21017082
31621445
7855516
17911530
39040249
12716945
34899060
5430466
-865918
37577801
23880365
8365023
27796790
8739243
10563154
36866152
8574715
19398063
19605834
15499795
5842570
35728451
9297031
22616596
27849148
-782686
34945092
20542228
5227355
38811569
22542296
20583264
42588031
27959848
10360349
24951140
26913344
40988842
10722869
23351136
39005716
14245352
7122473
38962347
25168989
32673884
39441950
22276079
20607362
14246507
39722447
43396024
739226
36487738
27531971
34855111
16859448
-839485
12992926
33968071
15215601
15373541
10608871
17555608
43390930
33788611
31469189
30497750
12433138
14278640
3694601
10483709
6978875
37121604
35630614
6937349
5938104
23408955
19452720
21691530
12366078
725650
37573790
42871653
15620041
21458465
20457248
6038226
27819289
393164
2075999
11638681
21103080
786777
21188356
43113095
6648320
9822740
22326103
10402135
3821393
22070148
14205042
42710973
38955140
11798213
29507415
11966977
38004876
12787919
36589579
16680505
9942771
40262900
16354069
35493506
28647920
31342491
2228273
8172872
13391076
15837033
1035655
12438285
21580663
7393766
8137125
35009402
19266884
8241082
9821697
31932846
9990223
3395462
40724020
6509411
6904803
21617401
10647063
2818412
-254669
22672355
33501315
4033474
32356379
8366315
20340818
40685531
7001921
-642962
7528567
1963651
-158483
12913671
9250273
33219707
752311
41518771
24119296
21529324
2353979
17773154
500462
33926921
28835692
11350464
35091847
1921609
2840451
36904538
10020313
37927889
19247003
8639725
35807122
12872913
10585553
15395174
22958328
13788284
33679208
2296355
35803495
15422187
13599162
35145090
38310981
3874733
27943284
16456525
732686
22523844
9095101
39301674
35039714
22941733
18309908
30335561
31584771
27107142
924815
5332620
34021435
11120349
15453904
18615436
39324937
4598534
11377769
21640435
27689691
1581166
20733787
25083729
7446372
12019696
12613336
27620849
31069653
42387097
42482131
20047492
-780476
3969129
11650634
33949151
18860486
12626391
25029898
10291555
26204096
24080339
35352411
30225481
11973889
29231326
24708786
33452704
22744073
37651710
12423771
19090956
36026954
27271445
632730
8771361
17581146
37953829
8175398
23730356
33071290
3452055
7875326
781891
33202809
1611747
35128782
-893634
29348173
16396977
26688741
31948429
39052303
12727222
31027495
17490082
35417
3924413
43494990
26736656
39949076
26264983
6990661
-103242
29537710
4031811
22252992
10723012
19944412
23062800
26228740
24666150
36105934
17523523
17059049
34960094
15064822
8084429
14285465
27210203
10088021
34188791
4479109
38241870
25330236
9960702
14878917
16049389
1129512
10746546
22998715
3084940
5751933
19240169
38304717
36185000
15566901
9632951
12428174
10542435
20178928
42616539
39826793
38845526
37854404
25239027
41371993
25508447
3691407
28478918
31850391
5581293
30056816
20512998
22470840
12621352
15782229
39830511
26318702
14981914
19442126
23037711
12287950
36715590
15722723
20906082
31004652
22832854
37968727
10189513
23558407
1540022
8450133
43074046
22614455
20817235
1813939
33447839
10368850
7521152
10045788
17255166
5328211
20833308
16542124
1526308
37953904
13212869
36881263
39660229
15267968
9975563
3139722
10319302
19408022
5554470
20371689
29749084
24608976
27748760
23505123
34318187
6832643
19738582
17254666
38068043
6906968
13309871
7131833
35259892
38449129
33245988
40712708
6471901
34347306
38912931
13106294
34925739
2264024
40466619
34442622
1911775
36352316
42281034
42944195
42443530
20079394
35746825
32192867
21884206
38652728
14751558
33874002
9208909
18184837
32168448
40246476
13213679
20035826
2732184
27094654
1200512
17831266
42878343
15813172
25047957
42065956
17494825
29032565
7266468
20425149
-929138
13653953
35801117
35030023
42676463
2411366
40886755
40770289
4013917
26435183
16808211
3715130
38296711
40849682
22763629
42513039
3241589
15078854
25201374
20738267
33595006
13773450
7953425
-36136
3403425
24239050
1958796
38107206
13986382
35736114
22336236
5759773
23540502
32815633
24261479
27071046
148083
33775214
36962468
3904987
22593063
20473844
12763330
22500887
14994812
6424088
28129648
12853069
-119555
43465570
9113902
23435503
3173934
17209306
8063746
20178445
35513666
38842725
2567656
37133145
13220710
35760723
14101529
23291408
36270801
30920773
12435274
40088670
38888138
28576134
13819333
22021443
2218716
40502778
16646778
32503948
15691342
32086110
331728
17010847
38828919
3520895
31235578
34617588
16239806
39515342
22616716
30461878
16457642
2740502
41893804
22510653
40352660
7865768
7873180
35041811
32625838
11050540
24286338
2433656
12797446
36622239
25017458
20774058
2143123
32076924
24080628
2055092
25473793
30232792
39276601
11308766
36026062
8971850
43002858
8365901
24215739
43318087
4586823
8338751
27483115
10334940
19127234
17498431
35009189
25094253
13811421
36093979
36226657
29513144
7969973
8768838
8578888
7929749
2963609
31878730
2544197
602360
28935910
36871884
-160537
35067538
17702694
-790222
42621528
6262805
28492916
-596187
4684805
28970726
42845830
37980996
38327375
25716769
19684773
35223201
14487042
27686431
22350834
8427577
42786349
18501218
29691062
2683231
23831043
24479781
4598979
19131377
43279436
42243047
11800551
23222951
40451703
16544036
11581572
30347154
15461522
30513714
21544921
11187970
230342
33177994
16839895
9700532
7024585
26026367
37782637
42299246
7776122
854186
29616766
13117121
1546358
32465658
24892905
41568943
-24285
4052361
23898397
15914006
10610673
29021304
29837737
24334271
17638549
32880467
12855503
11102667
33367770
22264220
22563905
37312798
40441879
3975055
20909441
40440665
11994456
9075945
20877776
21006948
32747788
34119094
42826119
41773877
38632337
36262738
35237313
40383932
27761130
1026139
16957591
29822702
8399090
2084058
29600753
31933038
38374588
-928639
35314905
4850998
15780705
30758884
32585011
34129126
33942566
37213404
9124101
11306373
570601
38049667
38756518
33828661
14287504
24804703
25283957
5208597
4447171
40267296
37307265
7673173
7832572
7665915
28877342
7659676
18002680
38631117
37585394
42412089
32274531
1934782
382094
6142379
33837639
443450
34572334
23984956
22902020
6446928
12676796
24692900
16212306
3992674
31738700
23991646
31851177
27780823
14393696
4629220
5537909
8016305
42864873
12423594
27529657
42303820
37747342
25700746
11226314
25832359
22955660
12898685
41288458
41948700
27221749
1998560
36194228
30712625
16949229
6275032
27845806
43127206
6378353
1954990
38826946
22037240
9854431
30495337
7039961
42144548
5566408
5233518
29141686
42318193
11553816
12334002
13250779
36382918
5036861
37846664
40243859
37176167
7591640
23616137
22011281
43219976
11227029
36487286
40723718
11729695
15565173
34673805
24030307
20259356
6125383
11824231
2097650
28516560
24702957
20518269
8548648
20133932
15240543
32359111
12751103
24071618
11310319
40639223
10883492
10635743
4673466
25018892
2774396
27705001
34914030
29819146
20016263
13994245
4720913
37698366
179324
22825555
29216260
25823840
30132871
30666306
32102438
37110302
27988697
20653283
3567250
38497994
28819077
19712330
17035246
40117430
19945221
4725308
27640028
9268328
37231278
8594578
35702133
9258930
18856231
24518446
26862925
30364134
25916926
22488749
30840027
12631122
6459509
13024786
14209784
27683705
11786871
3880450
38924482
30958519
15624402
31826932
3852555
26827996
25428788
27869270
14055686
247746
22130008
30089119
27907298
29970796
10472717
9955167
19399192
5631492
6924000
30897580
3674779
23464911
33305483
31586583
26807620
13089805
12344086
6884253
28417209
2778603
17545786
9678069
8082720
37112408
1218178
26075659
2657513
30642220
37190405
40197028
26911086
29311237
41416284
19521379
42636534
9392108
34919348
40195218
38429231
32845683
28302769
43318796
9870811
3933580
26075030
-448477
10795717
37491906
12450451
25611485
35544266
19333731
35260049
30399663
33549762
37741501
32869409
18008061
35316129
8231712
31877127
13017413
41927151
7522749
1510545
11286875
22344583
41560372
19079850
41155437
42692835
35197756
31663469
17012380
36770203
14765614
42591005
23736763
38256049
17255881
19324108
37156235
531484
9458355
33902698
1276655
11670194
25949277
38364792
7023528
2068614
9016284
3437246
36682872
6847472
1882049
37780540
42623455
41848485
9919225
17851223
40835122
1678189
19041192
41809159
452788
32997230
30808153
8724574
15972451
39668274
2156907
5538375
1039066
42586455
1420498
17042849
41948143
34059530
1560179
18032100
41965691
19203878
31550491
17191960
17357682
24213891
20969909
35970187
5417971
19670020
37532434
945567
13691912
38618150
20581456
29682068
8633305
43145735
22704208
38230172
-825562
6371658
30774389
13157273
18049923
29096971
39154179
32539745
27007088
7162669
23872045
22827238
26112993
2761222
17274055
42307764
22768771
1350333
31132154
12344178
11104418
29016344
20915788
42155036
23466431
28979014
792779
18428257
11952104
7566709
16632332
38977842
16868731
42435762
5774798
1966254
40361649
11797438
33830984
6831818
15026742
25815419
29109016
42824503
23116563
28867015
3905395
27713364
19066482
42456005
19140405
30037273
30197326
20580339
27816887
24193482
11460867
22044413
23095134
25216356
-152408
31635607
5676650
38127601
11571282
29368740
40164070
43380679
36157513
10045364
24854495
40607638
24923465
9504333
20541286
32269739
41031386
39732028
-393139
37607480
33332435
4138047
4691004
35089486
11728773
42318382
37482151
35968839
30270645
37900738
38755968
16439179
25853238
26548563
6059824
23374483
32279681
11494750
30813821
1645359
40475811
26268009
12605702
7740100
19947553
14525503
9343580
9093432
41973252
36629689
16828904
41621669
37347616
24987354
24982320
709117
17268261
25210464
24061205
20578167
11881193
3442206
39487671
21514718
17920568
26055634
30514813
33859476
25204472
43260295
15025637
34073088
30487416
22742752
17332768
33735198
40573825
5382518
27275781
9229726
24805772
40001023
31674342
8173532
37814242
22499442
19072508
32287172
35518171
24495700
12591971
21255178
22449219
33352712
21638645
40778719
13651396
11119662
6985236
382893
11686930
7131562
36191840
11172698
40340153
10212085
43073180
36785047
35752339
10605868
27738685
28738649
41214691
7264990
2688598
38310388
32124679
26705466
23288694
12405116
3621215
25192249
16169532
42304616
9639492
26481670
20004986
43378943
41179861
1528778
12024848
37262833
42960769
15610147
19208218
9151597
4661870
30776762
10708963
11700224
33115038
13525371
28270515
2149298
722018
24212773
36724179
21499292
36805681
32953052
37684448
1489121
1686762
2830540
39021602
41365542
33060809
24955142
9489478
7846386
39529532
36715255
23015943
24176885
27741649
11489379
24191197
4330977
23503570
37711092
8218641
31246423
17196964
17215782
32325880
35742107
11231321
16403157
42314542
16636946
22316497
41445500
18180585
10087025
52127
11163993
28424336
26541299
29017645
11220023
5778248
13671869
7228652
2207396
32815178
20875992
11545387
42321451
3280500
19533835
23454963
13635215
27076729
31676088
20865491
41613179
38620784
37593673
16275082
1213732
4664984
39474800
4795763
22668840
11637248
12164095
23889298
26868446
20952148
37352716
25039689
6349612
18565939
-134406
15427801
2743353
180634
6065382
16771206
23059494
8710272
12294118
43138514
37211068
42213243
22976404
8012276
42558616
16255158
41434808
37718549
16085550
23732215
35372244
25539803
41834222
23693179
41016873
11855711
28789216
-305690
37810825
10817673
17993246
31076790
35504897
33651672
13501845
21557489
4907505
34848724
24234794
4495212
1872323
43249132
23762715
35938843
28702632
42235362
21200803
27560876
20366015
41273292
6851782
3246242
15740736
34252173
42727642
8000103
20762001
11044880
12293594
21421194
10693710
5934722
4857559
21540676
20512364
26641428
2976255
39173119
38759969
10892463
17063289
7390167
40608710
11917462
33477954
31814650
4361974
2343418
32154900
36845366
28026529
28951365
28953012
10684026
18434277
8566445
26707004
17521788
27731540
17099405
41407663
8566714
17568396
17289000
31207584
23735292
18474049
15199947
35908422
9433591
17944811
29597601
4588203
40185544
20516178
23175213
33305854
28066251
38823811
2142020
8096171
-18084
12486804
40429286
8358158
10756071
5970370
17864208
25172390
17565976
19640732
3160163
24634752
22316488
38306474
-627099
7309779
15998747
41558393
9302510
15071961
26477689
5254970
42215193
28923738
13926076
5082738
13728715
22112827
31409637
35774394
2478585
26075705
15918554
24407335
12694361
26258893
27024794
36126932
25598122
326796
4279101
40827918
18185090
15071120
22462836
32075295
8319713
30255680
18459822
1369630
28393889
37823736
27616560
42156259
5619072
19940955
16095237
17017328
40810819
1356881
20835913
39398751
26968159
677206
10665671
1147937
17212007
30614960
7047800
28026695
33893230
25128097
7863117
4398363
1699138
29896072
2756040
1412568
20853486
11073646
40845889
28331790
32789211
37205327
14416185
1789013
-619955
1231014
23515988
6967373
22657303
34115420
10389411
31522023
5463379
24146271
33945018
31657017
69064
2984756
24850226
36715248
12875618
19810676
36409345
7481811
28584092
15495262
681690
29450079
16251559
25375396
16313181
17515047
30876003
30095648
20711076
35796698
5505430
12804338
1973128
956312
23074670
42446507
14547952
18533675
31650387
8305341
15024382
-385452
30228373
9202922
15767730
37798359
31411241
8360923
27160939
5360037
22012052
40267827
33579963
28610173
35260861
39577007
32651927
28113490
9216977
28441466
5619954
32276837
41068999
13656488
41637222
29164576
16559888
31782214
38758677
39894409
11014037
39955988
28656627
36309706
10919388
14260662
12700893
31776331
33886376
35327574
14816006
34429834
35752728
557092
10859473
11195301
38123633
15551296
29950813
21409805
40009247
31671719
42818389
15444779
32115282
26984962
20586118
39207480
36270941
27951109
5300106
16559803
17443285
5260311
42974361
34167066
27951369
18628304
14784435
26318876
20753841
36999080
36130753
26050798
3195754
4676955
27213594
34242158
21455390
36286684
23490728
13525787
14991378
22000342
31567232
10620517
19562044
31939081
30672948
20287440
32805264
42539209
4441627
38577009
12135849
29441919
22432138
41477361
38428771
17689577
5532910
18207914
12848367
25288487
10160839
15721038
21541094
21952313
27047029
9898599
26584304
39977546
35865190
2335757
27221212
21484631
35806009
14194957
25094591
35110341
17594632
42264122
6412806
10872071
3929725
41688013
6111671
18940187
40380555
41251598
12488905
7708496
27235962
8249980
12798664
39848866
5427255
13493171
5216142
30778595
6429753
40444873
18208909
6308484
37044332
15002348
21438560
21280079
38528208
938538
42139574
25916430
25482951
21549677
27976098
38778287
10840838
23225524
18106572
15539435
20698816
42953995
41653373
41677144
32626880
34974719
27096379
17032008
22946628
8665904
24088740
7626262
22110695
13242370
39500679
13853319
11692819
16416366
39560869
3177864
36791693
12605510
41075527
17602984
20012388
21855355
10662420
37332947
20907871
26995347
679755
4056893
10310380
33517945
35423230
30957811
40291271
38328015
9309382
24370793
13334203
20596085
3996742
8451617
30585687
14345755
11048016
34965174
12345913
14182383
36722668
7671134
-87509
26208213
29607803
25072159
13212133
22135592
3525015
8041729
42745442
34486421
6095938
8282219
29147052
41767213
9926351
13933718
23824682
11845825
29573729
27050353
2738325
7549246
12287199
25674153
9820517
1456419
7918883
33122362
9101835
28251192
17266852
5280518
38428314
-506579
28040139
21623744
8043451
39604553
21918110
3001380
43148181
7776229
24869416
15727650
33287136
10619818
38262638
11279128
22452186
37752691
1787720
39107441
36966600
-175727
38842827
39455319
18829768
40005799
30327483
23876161
23805270
37528316
37681467
12627426
1312573
5482657
23334696
35849602
22812415
35937149
28114467
18369693
38465715
13857598
7009305
2237503
6592831
33907121
4150248
1525281
26722667
1073886
24559213
8189547
3449202
20157754
26960701
9396691
27578125
17199550
22434283
1071570
6991761
42112258
7062922
35730776
42976650
29734769
31404867
30960549
30767908
30250140
26076160
31109889
11230411
40870815
22782033
20562794
16507876
28123705
37885460
32101846
40331162
39569534
34070056
35837041
21314278
38275042
35233271
17301205
40060104
7538793
39622002
38437254
2551285
8408118
41272725
3019468
6590519
40928225
425630
30407261
7579473
23212866
19342149
3739619
12971118
13828466
22832544
43163624
7894380
9376709
1449952
39044891
23091236
6134744
23105495
5270792
24792068
2619035
41898803
10661840
13608958
42575448
35333135
9168714
30479308
23629076
11810103
19014988
40536829
12136321
25951031
5085029
27106411
33758392
33695686
-849708
697620
14175277
1853012
26982189
27018017
28999788
-364415
19829525
23600058
10861391
8436232
41097611
-494497
16588414
6422489
34135138
43368688
14086282
33978820
30468212
15778521
22179173
17346671
3733398
5147297
33315778
17104757
36327993
33435803
30808010
2016517
42420452
31166305
2548089
33460462
-330960
10279594
42773531
40119508
31354279
28911355
31069555
25610563
856081
18662545
24068135
5686536
10436431
20471076
15979875
34780614
41300869
10903096
9708839
18673908
38298163
37123107
37244163
27021470
6072637
8481950
29326570
25790364
377697
23986649
40101480
37624397
4410492
8824417
22929212
25383334
31253967
18691913
13880428
38264026
3899080
15368460
8678770
35132039
11540354
40815693
12004002
24625128
30778367
15820594
10334051
2384650
4359651
18133204
35356731
22260876
37249081
24063515
9433462
13163463
919970
35644225
2038306
23280237
26090701
38928691
8621724
16956176
4626798
23251005
23135069
1366035
22227792
38608850
23215453
21935388
23434469
22310936
43387644
32693839
10172351
43443495
15234430
42453994
41475436
40734457
13898614
3084716
39906890
27927754
27773454
42526010
16392664
33552532
29616941
-144845
4724681
-807509
41465663
25014961
19096422
11019139
38869367
21736736
36315011
32143485
10612315
31045808
29183796
16360499
37284701
16150046
-261496
5964454
13691481
10302483
40839705
14032159
25675775
12573650
27134727
35771032
32534378
7586754
32423393
3362959
30440162
18010701
25776976
8336429
18467972
22350919
13656794
21063736
18688504
28146768
18295863
11607612
30222377
25006694
13616734
9194960
39029087
18774337
39906515
4343656
11400695
35488091
34406957
38345524
11216611
37819125
40088123
22455103
23763189
26624369
30188450
42042850
4849212
22153193
32234693
40448853
17264781
2022013
10537994
6024614
21076151
31382554
32154184
3242882
4571304
39774098
21564972
41917434
733510
41913573
5585620
36202627
23588412
20438605
5492370
-782370
33455419
32553455
22745699
42448210
23304213
14979901
41392379
12134876
13555750
26117881
25488812
15865658
31462118
15366592
26584207
18442420
24131907
34258622
15844943
32176580
33857172
13720901
28050138
21350337
886888
33817427
9599487
10983993
34889492
36882155
38983343
24649262
22366135
24185462
37729217
15578462
8807901
39128206
20028826
20766558
3118196
27814583
27647674
24040514
41441286
1169807
2485458
2105215
33265651
20163179
1874297
24287941
8773556
38108752
28750277
42104970
27918502
435163
37113509
8282345
20880403
30895751
12037013
2731767
326008
8216600
32496009
16671795
20467749
14467341
16196378
25400848
16315072
1837742
2968949
25865145
15188928
1722475
18656193
28720303
31643733
25114133
15743321
2898809
4140016
293893
31858706
39427796
26961677
11917300
4450344
29834382
38335685
36517862
26089603
