95681
31269114
13320092
3747885
12796313
9899059
4336703
31210557
29358570
16765334
9278225
42822003
30137107
14850260
21752217
7171556
33182539
21698521
40046295
37891199
37683586
37711787
43360536
35289147
42745188
37859698
17361440
810091
7648225
4669102
31865632
10924993
11312302
16891536
23032686
11911100
21435181
4383127
37645912
11596473
37012540
19437670
9780599
18993265
37847360
42822332
26601113
37987814
26481284
31950624
39258484
27307118
17178605
654120
42432471
30405857
24729273
29839519
8884193
10300723
364806
9653121
25907116
9775312
22874707
991346
43298661
20644439
29378622
2397607
25764997
20388993
15180506
6969499
34853193
354260
34356193
24158734
26413134
25878152
34469693
12367358
6704541
21194310
6236338
33948958
282939
952405
42617810
5569111
14702916
27565368
18144210
36934536
9736454
5459798
41097053
23106762
32156827
18711785
3395397
26265647
43274902
35086162
21414812
27388760
34058623
6674561
25231029
8675328
7266104
31905588
1936487
1744357
39300135
25482781
20765549
25335540
29428034
17137146
36268347
18236955
20651106
7637849
24291176
8301816
1890755
29763893
11391460
9555671
19123828
4286483
38325329
21808295
13055283
24917180
8451339
21869310
8015241
16091800
34098002
25471190
40145838
6844253
7670725
9297079
1487599
39555387
35414651
17751988
37980272
24574044
6875638
21163408
5826007
41213950
41731153
20388794
3867468
29878463
2682344
38141001
36820144
9641632
13562268
34339969
28851932
18147055
32158903
31328692
38317311
33657624
25245455
14112804
19516534
18507881
10090361
6468527
29198352
20181731
36981955
42005044
36449449
28760290
21520303
40795434
40131287
32400118
42532571
21870913
19046768
2081908
36254617
39542379
1486423
40775506
7211956
19323738
5979798
-855105
13596829
26915454
32203341
7285420
35252544
24632927
14206538
3922226
12628801
3434612
8881327
12508629
20296008
1
26481486
28584130
19051004
6974739
23023098
27664988
41923337
17888043
3444539
39431340
1626044
19665273
39765259
28310614
9306483
6459094
27774175
19241098
21038688
29378196
6796563
19738933
15959938
26244546
26572737
20555248
26781170
7783330
32664206
1625836
6386250
-254408
35337828
6109880
4165584
10295926
9969780
20120567
20429747
12452330
28067621
12468900
33885615
31340091
5131696
12095928
24604194
2514167
28353611
10659467
2318001
1626583
23732853
2951614
12694236
19965639
31852490
31619237
10670813
31537266
42169690
19314061
31661405
39569888
17776472
4089879
10693708
19985103
25236592
36830597
42169564
20233763
5783778
12185728
27554184
43413350
28902995
33798045
27971304
13103354
21352722
24150673
31750961
21411237
27622111
10368018
29739011
6169299
7234536
6046692
36622045
27151477
11033439
43077398
24968150
8220888
41266547
31005020
41966795
31242739
13665252
5498821
26302175
12100883
14079125
18856769
32068877
34108564
37088013
23076188
12139604
42193884
32953976
42679484
25350735
18862192
8935308
20621813
18104583
33620203
40430327
8301706
18285520
2647932
39887929
17351203
14225181
1472169
30308113
24765150
42608377
25619790
-797134
27573608
9451916
12289036
14714825
34704115
10137966
21220417
42634843
4610440
18094769
19048889
22394051
3323558
1406777
35064008
27712115
23124374
26426234
41592642
37346483
8078997
28321308
33176055
7246270
7814471
-565454
3721942
35672747
37613446
5231905
33394022
16652677
35059536
41265825
14788222
10556026
19202895
5488736
41186614
37608644
35761970
1866547
31541763
41116177
42385362
22801141
20824409
39847355
16580429
25449111
26600843
28163205
412932
41433508
11094466
14338266
2700715
38772940
28681013
16897454
19404556
25479702
12392287
16288509
8456847
24752070
22842769
12953213
39748697
26590773
34982377
22589624
14072778
23416137
2722478
8865580
439293
5388021
25766305
15222785
38980100
17935127
27417207
37811389
9000813
-759354
22722908
42011149
14121253
786522
5178075
119346
24364469
10088945
27865476
779612
35511884
5958487
28379933
29282143
29654431
28440000
34033069
10993156
8566699
25434945
13336335
40008534
1529708
10900396
38669120
33081970
24695371
21983461
26204235
23621909
14900627
24836713
38734965
16103676
2541840
31753946
15498803
11004255
12714051
27528296
27998575
23145481
40471720
22840057
29067567
21704832
24854034
20713119
29824929
32883410
30703493
23777862
33710608
3622797
10978895
25488834
26183194
35922267
19466904
8830008
23976856
22546015
26644579
19382732
25920543
19839984
10753152
24313301
15950439
28736021
9841900
39549299
8572422
25607743
11690041
15363662
32523012
31985376
9936476
202724
25976782
20431756
-263757
10080804
-145803
6827393
13202679
6563565
36406124
14612734
2279495
5072519
42821454
16704798
16266077
1470373
28288546
5781441
27833874
28957498
28184325
24171342
18716353
29163538
20639438
34071832
26740300
2799689
-795793
14551636
27989430
20620708
24776368
18616124
8964042
37633752
24596373
23294359
20887910
23734857
2670722
31048907
39420441
9397666
22170101
20423058
3123476
20612927
3163466
28706725
31742373
12814934
6199835
34095057
25601868
25482836
42034793
5020199
14642622
40294195
22519298
15629864
29912198
28472506
215249
25844087
11340161
14964675
2521290
16466766
16994115
36056027
15476686
385187
28740867
17014227
19175891
36494142
17287187
948805
9365437
24768956
27900320
38677961
37099365
29891938
17279067
11778708
5667136
818585
15780134
2246409
17483065
909332
30249349
29181049
-697799
5508191
17585217
39967626
17197149
3476011
1990429
2483838
18754863
29802728
33555912
19396530
32049395
11585836
30484392
6383683
35492622
18261869
24181756
10791043
21445965
13333422
33403651
-680333
12381429
921861
36940350
29110638
35885125
14128007
14309889
35259750
390065
29420033
30642895
38737708
958104
42764375
-248221
31363953
12908808
7765836
20809814
38212924
37329639
39484169
32411056
13321302
31705652
30776241
3495612
1532019
36845141
19570930
24400525
16964222
40430548
41939263
30980216
-573470
36241133
9381588
39303881
32255963
43385019
195845
11740387
11270461
15258796
27287585
37965136
36014274
37660300
24674102
32176025
39696901
32283622
36932288
9151565
428349
31744092
38020743
10591763
6217677
17443095
23192026
35160134
43473723
28597425
16108413
13733576
21600401
28963037
7064109
33255167
26639719
34185560
41725985
38414521
33733042
33680816
23044437
37670726
22077249
11385448
-58524
1819058
16136189
32753404
11468375
20749716
24065335
30131747
30884212
-516792
38244352
32504899
-11309
25710097
31907896
36992491
2403
36537067
22838510
7948216
28506667
7135758
29279004
22783365
2343326
31283882
42937445
19035728
36877556
30407387
39662697
42307889
38881722
13120710
26713129
19784310
35350639
10245058
9827192
32237737
41901907
7487687
8314385
3707093
29268107
13973127
39003945
37089961
22127073
43518971
39678633
36038754
35168109
19370224
35823153
7849506
6993755
33544820
42358955
8089854
20498672
33517188
17813619
1566310
38303029
21091157
20246609
30555149
27606815
9230143
14071447
40916363
21342839
14828950
10201492
40693230
38692800
14625289
42090298
38012532
32756191
4685693
13404018
26979798
-598456
32825348
5861765
40536732
28531419
19928676
25017016
22940993
7391213
25813893
2698545
38018531
39098713
29915242
31174348
43303065
31241446
14635293
20678745
40018754
22512697
30134111
42561372
22811944
16692049
34811423
-385391
12013318
4467253
36528034
15199934
1382854
18270863
43496757
29740541
4857938
18634747
37100969
35603837
27607589
29006419
4543373
6433760
2057867
40608304
42656472
35154780
8303091
14572297
15062674
3287648
-580531
38003606
24963861
9014080
32754610
39030929
37080724
22677433
38784694
19332316
42834438
8374791
20670729
29879394
25917235
43067501
2030472
32817350
4310360
10636342
8719879
33546415
13417847
16696958
1795896
34115716
42520983
34202307
19381758
37959873
35799804
39963074
7410079
9746435
8812444
22403367
8493780
578704
18976987
12278206
17173094
12851583
27303542
6933938
13152170
24400940
27376767
38007501
28459286
28710032
-237590
31233303
42715149
42180256
40474373
40332870
33404465
22765042
23830940
28918440
37839317
30139333
27683230
-830031
181042
28820730
43133967
8463111
41284880
-542330
10817645
29205695
25411650
26909233
6313346
37368440
25190488
28615294
7146182
34600920
7851536
8805388
-398941
8818521
8590419
43481244
235625
36128137
18699460
1666950
41201392
9041365
42769589
40419253
39069521
39793248
13594257
10972422
-922530
-435247
1230648
37610264
23391591
14387078
13880097
12110095
41363821
28245113
20165199
38223824
30274868
27536436
937901
37059975
40218366
31005010
19388420
23974678
29397902
6988649
30857110
12579027
1024535
32424477
18713131
2660598
33955722
27420782
41794526
13266216
22299070
4912832
31344070
30124845
13561786
35125382
17757246
15613013
4284127
28865718
35415182
991485
-114703
15149723
3471521
17520885
21647238
32318647
6236014
41810014
4321438
24292227
29734578
14684966
32563190
33279672
5436514
32943095
11137511
653445
24663299
14856979
25352891
24359394
38993108
27592894
27248730
5368894
-829793
30299100
39295951
-579615
42373275
43290985
20806936
23671917
8331784
30574426
41369790
9562285
22434393
36605922
8857308
3166093
15454177
43009537
8989906
12801126
31756950
16651138
23427773
2756168
4786758
14520008
35673775
19514284
23850551
1099195
8067359
23707266
11520483
3294475
40967523
1099787
39083901
14956957
8969034
39146247
3354616
34255351
17827786
17075
20938611
5880704
13138218
13067708
38482096
20543878
13691652
11199166
475921
2203248
40713994
19825601
42027043
17752994
38182563
23595224
7461868
25222726
16479949
30534237
6543906
41879576
25024834
21480384
41665133
11638779
22844218
13917855
31635847
17785822
12739024
22417822
13917769
13295419
32381235
1775176
32941030
21501760
12219880
7435763
36773058
18330067
14863560
12877266
10067824
31245395
40809471
5357245
25712430
6586882
33962094
35939280
33403155
14986482
36089211
2836062
29288658
21192705
38876513
39160628
17384448
12115122
37003648
9319163
14778856
29735682
15597510
42145362
38887362
23377496
28817817
17504171
37961065
25701696
32509427
29953568
9888142
1272759
15597497
14476357
28798588
29910832
32671073
35439333
4810511
8115088
10694314
1339911
15167713
10857335
22187651
37504235
5386315
9229795
35699009
5836444
24116013
6675592
38619680
31565625
41086613
5647962
34749310
9517895
39995523
17468303
33549920
39836888
1334363
35780457
7010870
34574060
12783710
12139482
20085258
42638964
39022972
40972055
27550515
15911886
35213434
13076717
8364587
6736532
29337220
16753987
33950652
2659271
30936279
34430226
43390233
515578
3373910
41318441
36440695
21195513
30859252
32923296
42923725
19310754
15059583
7460408
43112038
17524805
28421905
36125276
12334706
7417850
25667912
34970409
7891576
3018648
7144006
13623457
7370480
8918917
1235798
31320362
4168181
10681198
29555275
38874269
37799523
11312493
39541096
27204363
32505723
5299785
25240527
41965394
30875038
42295426
43481460
10318520
5701892
11731133
-244218
4134905
29557092
24850229
37690647
15461594
28710498
29264187
9903523
33602770
15071673
43492714
16817955
1349143
2524465
25545198
36106294
30988246
31870236
19373160
7218117
26425457
25849121
37373556
38837131
22706003
9086489
25510148
31202330
38565780
24347826
39271368
24673992
2552726
-402060
23151237
21050747
34083124
269468
30703830
17138651
38184691
-621752
22174380
8303706
24716511
8809238
31878877
4332634
4351921
-815464
13750566
13802
7920582
14143551
7689394
20773683
20836875
1403472
21832971
13056629
6112757
35840679
6569690
8120757
9080498
12327112
-342599
42952022
38574167
15786415
8950226
42025372
41061039
36856557
33605141
27397368
12991248
14560440
29185210
4938402
31440335
9950973
29396262
30725284
2779071
13473177
32143894
34367341
23867975
5795498
38290776
19955125
31853411
3663915
21372776
21571996
22809777
416974
17629545
31404984
22085730
7274078
-760454
16727294
4966419
-956938
22829477
20951540
37885494
19545619
18267679
7357181
6092486
23117090
5566264
14408367
15673902
43219433
19181206
37422304
23483479
5863511
11732235
25129726
14969098
26395602
17051135
39511696
37311625
27160812
41773339
24967490
21517864
6373683
26719621
19227886
20717753
27898972
26010044
7180801
18322970
14457178
14600752
13169976
3178752
1148706
11445943
14723130
10276114
17535420
18106188
17286826
37262310
29863640
24059846
2291567
24133949
11833287
43077694
39181517
34320173
24805046
22073475
31725909
29318575
29737381
12183725
-371714
23748508
12649478
11026675
6770344
27371846
3404298
38579583
6115368
15741171
6003929
3048820
26750649
24247781
13523764
37718532
23324050
43170251
30306988
22515296
9971403
31752651
17648806
12450390
16477397
30338162
6668449
25971438
1117794
24839134
5957838
18182217
33353705
24495043
8967467
21307765
37669092
28042603
43512848
6468717
42875680
36515640
15078749
37800571
21749235
14948453
27678886
18999522
30469120
3742792
17749742
10983852
8605522
13919359
22400182
31901446
35577856
33406446
21827113
32466006
31434322
39780205
26118125
43483601
41971160
19951215
37163939
3457138
34632140
6045657
9356730
1538591
10957605
16410388
37438364
16111484
25393763
11677037
20398310
15757740
16579039
30893989
5827316
1789307
-148486
34354465
41129797
11594051
35411885
28028181
17623819
2161142
17101385
17536238
6489921
23334744
6007519
8149877
7447885
10181575
8233531
13553914
25891544
33605219
22053749
30083810
15041634
37947939
43047189
43303436
1786145
23439510
27425932
31102271
3507216
4971217
40419124
35778258
8089068
10071322
21652976
18887039
37465247
5141518
1204343
43252660
38038883
11610177
25976548
36558904
-932477
25969191
27796178
23270570
36765820
20850692
5974768
4303210
19562541
18676120
1969878
39571802
28608979
37562259
1678102
11402521
39095243
31455296
18771120
16174705
38861629
1724429
14675771
37483521
34663041
16696029
7686972
40598233
34116733
42137905
35428602
36445158
3399894
26105509
14731607
41307814
37544917
35846783
30094207
32611432
-740200
5992523
6837555
14283171
1512243
4920632
26205873
14734640
28038179
33812671
22848461
12474837
32296737
10998162
26693556
38769677
4666921
27993847
1973752
34051898
40990845
24154067
27959370
37930943
32279500
16862171
40904218
25264640
26113157
14658306
37203830
18698895
-503132
24480290
9594629
3316813
41905515
3499485
11047411
27901484
-827236
17745813
14475612
36404288
20900802
39954236
39043262
11746641
26894798
9225775
24000168
24444525
13819186
40965376
39759545
4348325
19969795
23245770
17950170
883591
30308385
8821218
27339070
34771816
36573616
34856373
11348581
15035093
-700358
8487981
11498786
26737036
7843130
25732285
21667166
9542868
22541800
11479813
22393575
824313
17120139
-235559
1093707
42923726
34987347
43386020
8202233
30129087
21126607
22353650
10224978
29614812
22360169
939821
28822443
4991017
23863361
38480085
40679213
32214733
36356124
17347399
10781075
18740291
14339588
4591039
24010822
11919699
36379756
30627049
16333906
10504589
6082748
32473677
16536973
12676480
34788772
1270778
30902260
35712820
29455433
19230191
40967198
38788974
32641380
19077415
7567716
39930924
17989328
7192755
35895746
12691405
4174702
22018119
28378418
-321648
2371390
29149054
30304702
572089
14808493
1550666
28120218
37651813
18797298
27788176
17656937
27543711
37739114
28220121
38739077
11304524
9541696
1298115
9465995
13419793
22065063
39586068
40700068
40218720
17185356
27009938
35862495
25996197
33225623
30508258
33760930
20954407
39183744
16722871
18925038
24394251
18521814
10596148
31195812
37301246
7339816
38133129
36339786
30342599
38956223
40468943
13282097
2953864
7953333
5842794
30578725
43420255
4281692
38481736
42787128
21003566
6923324
29697333
38324350
34194184
20428694
36996707
22822810
9054669
42113405
24936859
20187553
9440666
36958806
32929707
22528357
31085433
2108721
17973619
41677937
11901248
15045197
12688715
26122067
6134991
22788481
39087351
14190937
18284263
6355161
19648971
41968800
13556612
43359666
-289149
10472896
41137362
4671238
8796070
9930091
19838931
32231847
31202337
12350603
9637848
17433491
30922764
-22663
-397723
5338157
2224786
13075237
12691155
14881430
5322283
24728572
4060805
35000100
42601391
16953545
30039725
38016118
33085173
27831319
2305084
32360150
14113352
10647349
38385049
19564404
21062357
3426481
20055086
16147359
33877886
22084404
42411995
20957607
35988510
31399281
11445686
29501323
27108554
8586650
27861679
39989542
17137637
1994964
40774769
29631529
715868
6799320
42325539
23346359
31485099
41036169
36403482
14140947
10087209
42042954
-239330
24510597
20094627
15764371
5375335
35524731
30788149
13998401
33576693
10127908
27387607
16908657
38622918
27494734
20435553
7852819
42680424
11870463
-985542
19834825
4303215
9868126
38769631
7382003
5667420
24786022
18420634
5637087
40719212
29911668
43189080
10156066
30928068
14434051
38621494
15537807
14838535
36303983
4053100
244397
42718177
32097065
12222147
20216646
29849217
16927543
1290294
12512461
16382235
31546769
14738241
40589623
10837281
356168
8739402
42904005
22830471
34429433
14783129
34293878
13823349
32922522
29362212
12806263
34972347
2503418
41962540
40616144
492406
35090525
23544948
15686538
18908920
32041548
25959585
15733797
15805456
-827065
26814547
1833161
9950470
31217980
9093666
24329495
41077146
10890823
22833761
8546403
29102961
35670819
26010824
38776423
28189527
3288226
8652458
19231420
27328383
14566002
35484383
18561805
-439722
42531667
40157880
5627911
5142986
11813823
11781860
14274346
13015087
1914487
29323060
1734843
26154412
39096189
24876199
43420936
43140291
39530040
35690151
23199997
28928303
32295002
9525033
29844031
2477259
19338305
29411747
11095623
23419087
8710746
31242858
33833283
34341857
28043829
5335416
24303702
32094350
38896025
8819240
16375998
38176818
18627300
-752235
20302084
32810743
40075253
23388969
16868915
6390478
3589380
37042839
2811272
7375905
17141208
26010645
31679158
31688757
27483528
17892228
2751611
34209596
5570455
3710483
8185364
39798268
39088381
3868790
18084299
7282220
37310331
1254578
5603156
32936714
10117502
29768345
24100233
31877
15837986
14611705
20863220
32150272
25209370
21548445
6754963
836966
42855431
10906356
20725346
16051033
-458182
33962437
36173329
42186682
12684363
33650295
15713001
6036328
38456738
32293596
10188935
4027016
35360374
9367290
37296749
37663846
11000784
39222489
37089822
27939298
11003588
40894309
36072060
37436372
31509310
20049658
23035971
12673870
28181941
16149987
12486333
1922086
26255250
29222711
10454175
25028349
11790276
5100488
8281209
29687710
36844018
16950053
29812188
38092308
29806621
7375405
26969919
30600379
14109307
41463826
-808245
41179616
180113
692145
32868969
15111826
6871439
15633187
43510524
-342413
37396777
24969943
25862964
40726732
20340515
29017746
35722059
21867783
27201244
3304332
342508
32906910
8116385
27410750
34245093
27010019
32914771
26345574
35155829
29242706
15636763
5761541
9894136
41333004
6629787
19346624
21964430
4289563
35320706
7936593
14790214
7716899
27308874
28884023
41993983
23828515
11295448
11125958
31977043
38652175
3748747
30608340
15914410
5022928
41177881
37719255
13879470
31404012
11480147
4589313
222730
13874325
30793340
19780389
12819349
4598110
19894549
2458105
43430988
33658225
22611910
33763377
30492651
13246651
16941845
39795483
42031015
31646735
36939680
42253914
13995575
13209343
7910606
29186672
21558234
40514300
18708686
26979137
38929018
40808198
29647042
27552941
15286194
28152944
21319074
34698374
137743
4617043
30096630
25108600
16773933
36263630
2665135
12173304
9367930
36088741
1216225
28382976
16786408
9408863
30107206
19995203
42631003
13095810
16020419
42182598
15270139
10576215
25428112
9120050
28244340
426049
19839988
10095637
31686541
41013594
28280843
856272
15480780
36741575
39763570
21485489
18459532
28154705
43182916
27085799
24929212
12052976
13820733
36855214
32265860
34075444
16931788
3484065
10653299
7876872
33786278
8210876
13169163
40679132
31305677
16318630
2220044
6806667
21317059
18412850
5920994
8229079
4948489
34750955
19388080
20484851
12414329
13280645
5525225
30508079
36603968
16323384
13585837
12973342
39670041
26920068
4748214
2858769
35416899
684186
38398786
12488690
27720059
42293776
18223558
9125309
22691596
8646296
26525872
41248759
29417175
20422073
36915836
19705419
15589242
13296855
24425578
41438863
34792825
8104837
35966998
20620461
31067730
13511171
16275531
40902793
38985009
6001068
3502798
32896618
27083348
40336736
9124087
30314593
27662787
21802405
28511033
27665076
34265052
33774654
-581573
21562565
10263776
6438554
10182452
21917298
41248101
33861298
1945283
1571247
30030630
37469182
43459680
18917622
23102067
12075753
36575807
17988225
30753919
41640105
18178005
6063804
35272266
16459858
6401246
28801026
8107717
30893764
8201558
9049441
41071769
21341292
2608954
29005569
27786494
26138277
39515174
42745082
21072410
40750436
24288579
23496557
9968685
22907169
-73869
5834750
42888547
18116415
30778966
21304320
33399987
19533419
16549777
36659911
28714178
17936056
11049144
14987577
39618315
19664701
27644387
1166195
34866750
42529124
37539070
38415295
9521461
6737302
22894502
23294671
5248674
29585189
19182025
37877477
14209219
42430521
24013907
14754307
2109308
35539091
2979697
41076893
1204318
17186187
12193110
17523788
18650744
1501212
12661888
32322218
20303181
32847065
9759864
37852444
42676253
34490921
20650517
7448094
19351795
37299106
8615433
7864710
467022
27340805
6033060
41154161
26193623
11454592
23850862
12135336
7772863
33285945
22630520
12484944
37370529
25990693
38338194
28309991
14229126
35791127
38262803
11239911
27722622
3004998
39502432
27192575
1733159
26279270
-145436
38799208
23709312
31352039
39338090
15824224
19157796
35940944
15770241
36922519
41733612
27830564
10009994
27562874
13317929
11495543
21648250
16696133
22387230
26142318
-615070
24339612
24603904
37328305
16955355
37858184
17415263
40229705
10799848
35850480
13100117
22374844
18352769
43486789
37022287
14732313
28500404
29109891
13732967
41921144
9751542
165357
-114469
1944812
22882931
41242890
27959275
31608088
-881928
38084363
39623614
35090409
20380739
3011677
38551735
13435029
1244690
-699101
30259874
1215128
1058638
32217123
41737356
42556304
16948687
37596833
24905554
14319405
16508664
28401284
31860804
27179166
36709635
31243689
28556624
30499604
1263227
12691193
6792507
19454285
3120380
9116477
1990636
11484681
17255644
39089217
9028080
35236597
26695336
41154755
2336863
33186289
33400408
32834740
22478231
18703609
13483365
32714101
6568128
43450037
28651499
4473030
30579453
35374931
30184333
9623224
11556331
13325754
8504880
14439408
23308421
38251888
28651022
13475738
37426850
11484632
28829645
10171359
40691000
31760511
3097183
35926472
16665823
21499786
42749347
10434360
32115149
5084841
11195449
23587222
39971630
41531448
41550127
36137951
11810541
15660524
11444130
16114276
20748325
15379346
39628519
35488498
23487637
36273261
41798446
40720246
3636737
20560444
34371855
8232747
26930148
1881451
1361835
26468661
10874839
19728543
-887002
35491667
5322774
34286416
-799466
40310580
5672216
12533139
43079498
17857193
3529088
43163662
20393641
19862896
30673383
3745701
24515306
28789706
28211852
4835321
25901160
2083167
31554073
4488422
19385921
15669916
6963789
1425198
36886986
25827290
33327256
3537211
35757380
1281909
4484482
33095620
9226387
23943714
119190
21951924
5877382
38005377
1622238
40744752
42395558
931230
38504007
3655882
37659837
35253643
13253816
34699472
470478
43442998
39860493
26260878
35055140
4099768
29488631
1528732
9967224
4946808
24850110
2664075
26326492
38631430
3885302
40736442
15704238
16634280
1908296
32927105
39317609
32269197
39396178
24145114
34016164
22753714
41554947
12758505
9230186
25066654
5917820
24663080
40473585
4654072
41415004
24601280
38479913
23154283
12177430
8137444
34027460
41276525
20332974
22231043
2667810
20699639
26380206
25583532
22031568
7679977
2855980
28181521
14925590
22349633
22809523
41992043
27098898
6898532
29999622
5675627
7792429
4303711
30617353
37591247
19226534
5364435
42116596
26501824
35072493
35301153
2550661
-627279
13065424
14651847
1354405
1476437
391444
18456888
22360077
25507411
24914788
26171664
2663210
832345
14814340
-512398
21100013
25381338
23727589
28830812
36252320
18306169
42629524
14949166
22301205
3066186
37967461
35321070
19389214
29474926
37769734
40963599
26564722
18780768
2594465
8645378
35559128
18585571
1762936
14532248
33214742
35652580
23530595
-970078
12627932
4543882
20508396
-580757
39280405
34279001
14101246
5242391
6516343
22695209
747306
19974406
25288732
1088209
28014224
35855280
37245037
4079220
12142193
5559134
21460749
28363667
14694534
22819485
7068391
22772914
11610496
40461780
34060447
26470939
6562182
26956364
28902971
12371775
28422870
22034844
35345091
17676105
21874428
3398200
36759303
19817628
8763080
39864408
12106460
13203308
40110266
18314073
32179210
20578310
41907846
26559412
15526728
38747301
12669278
36728378
12230708
23483312
22247715
7302613
41308351
35885702
895790
22399729
39639014
31416070
40695719
38819237
42729802
2192641
23004574
10300901
33422972
19062549
20239836
37571909
26299721
24249465
10569415
2269996
9373681
28956337
19240006
20678478
11107599
24186160
26183680
2549771
27938854
16623663
5036441
38344378
40861388
20059381
42461136
32187995
596448
32327201
38851257
24754732
35581523
23165679
27210855
32187270
34961199
24203478
35555398
24969982
15018442
37791647
18851999
31825922
22058186
-628491
1936944
2543086
9701125
398386
34792986
10398379
36718757
6672111
8129360
14054278
19840962
20152298
39421741
38543107
30435067
12997288
5861481
11142688
23474017
34356349
18407622
23755735
19086653
34138262
8293722
11787985
28480678
31327301
4728370
13575397
4747955
36665827
10858305
27028023
6918255
1233914
39591369
26184344
34779958
39612659
25629116
10751114
13271912
31115181
26260151
10395837
22289241
42521404
22589672
26188718
24712140
43169135
12976665
30924292
33738412
13629054
9335063
5256975
5813550
23567105
12388029
5357688
28837782
6505830
9942073
12844816
35345826
5710098
29207881
29846663
22649425
4622164
4298613
2581990
7346945
24370394
21520446
40648917
14866252
41024096
11719187
-444946
13980652
11866782
8097698
12204835
36626688
17968961
4225234
18009978
37830327
42764210
33928906
32553866
13708658
30206234
24063610
42788949
39914845
26401941
2073860
11627158
26653326
37523972
27708596
1095145
9598005
7520932
33478908
6224290
17509877
9900032
4289658
4673858
27180785
27048230
24195614
42809867
24996063
858904
16474755
17787035
42071516
20028644
33628484
43298663
31592690
33492383
1565940
10621995
33240888
19550487
21869638
17254813
18379106
20285352
23256660
15076626
18790551
32300214
35183036
30963385
1658675
11895260
8485298
4927559
36074237
33429661
9449830
31240421
-225594
30311823
39510080
8633707
22766872
32956669
4241475
5455516
3393191
4978844
14402858
28682633
17752488
1371124
33632937
1524035
19433372
34710300
33731885
6072893
22463785
42507511
3910293
25802162
32472017
7546309
16656001
10577281
2718550
43397437
7935507
20043020
32851507
57457
26340152
7976835
5955713
29552480
30720480
40621163
11856871
42792329
17667376
20717775
-180054
41302028
13100284
16701649
3696902
36540171
14346585
8199611
6578683
38530985
14289414
31119226
10151356
-794479
39489652
23304127
18414630
4041519
40250698
33164777
43042344
23094536
2056987
31741096
18104000
38114967
32814065
3564919
31985520
14656322
23971003
41669083
15691548
404468
8758919
20624887
882159
26934152
29744562
19443511
33823248
3976637
2925859
31317963
20237179
20553243
43348927
37934007
33676635
17574462
25618787
21615360
4696617
40851966
31435472
27962271
31109034
26818913
37433320
28084217
42163427
20807968
6027044
9662486
36071245
5023468
29530253
35302364
12549566
32798840
29590855
15598513
33960102
38813700
34302298
7716033
15253352
26737710
28276978
2573623
16658114
5902944
25263052
9011138
12948661
43290774
17619622
38822428
41631921
9141079
5339742
5547604
-833651
7888576
33023034
41758048
31258353
13591145
32633731
31235954
17754780
25399386
15170243
7796605
25830763
31528607
3974986
29533985
17467014
9580648
17501927
9233823
1728386
-826323
32217252
20679907
33537261
30964093
18746136
15830284
9289625
43084033
9694121
38225977
9393130
2398331
36321381
1437650
35808329
14486701
23420762
35498838
12760844
8075882
41849735
42478193
29273482
26123159
27348041
43129050
28540255
32602908
2213949
2861573
807022
1387594
8353703
11546678
4667043
14550246
18060240
22831457
38643291
35046322
6515735
3285014
16384187
35772445
39521981
1272806
13568806
29379171
15838258
27674955
9411987
2630447
20474643
41715923
31725860
985229
13007777
7521538
36983936
24655744
26809353
43214477
38108864
3476176
42289067
27911157
17734902
2601298
5973723
24401088
22627277
19050646
33538562
6048522
12210801
6016745
8276697
14587165
29967900
9217611
20299260
15257921
21618287
12465295
28176155
15666007
29202405
31725931
32776078
31131207
12909576
39562765
32574404
30157748
37329741
21813233
8355790
16591154
8354981
33907644
3954223
39966952
41940118
21063640
26233695
-374422
674055
36559670
24679800
38679025
4227938
13787830
1735487
27334547
7057703
17511879
8808549
29484192
38826866
17593957
34971864
13939885
31022767
28515509
13353274
13045386
10610261
35175060
3794587
25277174
14891301
12178965
-41188
30410007
33023456
17721449
8393916
8921373
23571452
29875874
13244030
31008595
25358553
37882807
39325267
13455337
23887613
22356494
18972066
10478378
7498800
41491663
10017569
17771045
10838475
26152663
38027980
30526066
30984357
43121142
29540063
38187643
13647233
41968329
40940757
12050630
-6580
34729257
36947883
21937642
26388644
11374322
5715266
2094359
27749008
157761
9316030
10277310
34586149
41997375
37313222
17639708
14540796
15511959
4393145
4634822
30318475
-400047
8918840
24766316
3589555
40245025
9337241
24696436
7280585
20361937
4418276
40555436
39441926
26922494
17381526
15736918
42377588
22485274
41255492
30155865
240433
23484654
36815830
10618001
22007987
19346228
20058640
29125762
20559981
31334474
11279142
22856509
3623443
24495485
36509696
41591710
3333289
19753849
20976801
479243
42817090
23914640
-661994
14474742
37473395
3025624
21957328
17761633
36582723
2387757
3274119
5672361
-569974
15235557
38446808
12460571
5447406
10316377
8959073
22743567
948037
23710900
21360099
16519497
29471421
5402566
42569521
12376626
31157378
33086153
8650819
39127194
29764501
32839150
33868562
31167583
23019577
32966179
33785484
40279767
6646114
29338464
37673404
39995398
24859793
31897138
22938312
-81586
24848984
17570629
9032566
15489607
18154584
27255238
18637564
18365071
5866874
2992188
31050824
15970506
25544244
42464972
19507062
38619
2871631
29369108
27007689
31340241
5292631
22026475
31380715
19431961
14878313
2238005
37870407
1282506
27857873
36537984
27126543
34806571
20775664
41881392
15982380
9430393
26984096
34035443
14720329
25851839
30042348
39692147
22183323
13664715
37361971
27986951
25899918
33981420
9938099
27807577
36867142
18965268
1446178
27243897
42550081
33482679
27160025
27607308
3018059
15517323
7578266
12130149
41114123
61646
24117027
6930078
18253987
14732190
13944116
20689589
2055050
34508530
9612877
43314427
23914556
22491044
27135904
19208776
36637221
19574972
21193516
8577051
12458320
7262594
6559502
40130057
24484438
40154809
18598156
8141400
36315931
2921091
14771318
26180885
21905042
23208900
36771524
36649067
33279881
29573310
27077177
29224773
12619279
5383535
43098208
5372186
40339585
32872368
4292861
28791931
240967
14729229
5984300
15310684
23379229
42580191
31915733
6181483
14053283
42118542
20980603
22160421
474090
13519902
22606757
30280895
39930070
25811019
33516961
10584180
28408979
37951384
21843004
6583403
39744780
41829563
11439887
25043712
38986494
9369217
537332
25463714
187719
1056969
36664293
29876541
28668150
25781024
285465
1019882
43020617
5427881
10009526
12710375
43146333
42299617
30805782
22106258
7334118
24576487
13809712
26751117
887037
5206632
4187213
15766699
23804516
39373974
8094894
14408034
29732821
3041346
4118138
35812280
14490381
16242500
36850092
6162315
1403779
-99428
40432682
725013
15637031
28382053
34686771
23889130
29679998
31034479
39971955
31625890
11078051
15122041
2740274
12414588
7827178
15006808
25580897
17150453
24240067
33875483
29051867
25272425
12003437
16568770
-855858
9642355
4384657
18742874
13328480
43502456
2864344
36896619
25720946
2023743
29981501
31088779
42586399
37132012
22333012
3570703
27271862
24178935
1652856
3238613
-876085
650483
26436294
39792170
21173229
30818956
7413314
10501186
6858067
-329624
7137006
20402637
27843804
19283014
20947619
1728577
39922403
29748370
32708269
40069798
9119129
10192703
1486482
17085185
19861731
29935135
3346194
9136324
25456047
27687012
1617681
16318568
27162643
29428642
37948074
3265465
8832591
37984849
35842700
17517211
5795200
33819275
24890506
25290689
10404415
6363121
4524030
3893396
32608866
41560820
26599878
9820225
18375295
18678690
39573401
2912051
19562149
38152436
38189630
17070145
8175100
35295789
664059
24547840
24725863
3617233
19090108
9124325
10460489
16363087
20959969
2994746
13392980
23553161
23734447
4922246
5743614
43447650
34779910
10936810
17578370
2125484
6022222
7631858
15354114
16889285
35848756
13850985
12883719
42822001
15984797
10862325
13368285
-932807
3352069
26920148
29460837
3693966
30344407
34702584
37932611
6070953
31007247
21790446
35117500
29553129
39120734
20479993
29921398
13106993
4325904
513631
9410056
18109652
30362740
24450467
11396432
2212622
4255871
23552987
-360524
17180148
32289209
32679473
30237196
22697945
34588660
32170959
33101517
18092933
26737062
4937659
19862290
35520049
32457057
33452904
28684008
26506683
33080581
31214913
455973
13389214
4831929
12466964
39491629
14782390
8842932
15571226
34166070
21325358
3488919
21390289
13596837
34023376
21175914
11814171
40816842
11296767
9382892
28850274
27429500
25626708
14976416
38239573
39412950
-993156
5659370
18994066
2058020
19999307
16870298
20859042
17675964
40612049
-181304
37565611
32286794
7338820
11730983
37666375
35213139
39984871
21598798
29383690
30598873
3929981
7005878
20873081
41667773
10642731
33744447
39209260
29627647
6030083
43297343
1937946
28175344
26747379
9691903
41037502
13158217
38648568
20380622
13958692
39868796
34923841
17532905
35096378
35693611
1431161
33480685
11163678
18028047
21165376
19930562
11535793
11454675
36456149
23749007
39215058
10497315
5368253
10617954
12901659
14213771
42720455
32427658
21129743
17620507
27517656
42029393
893634
19610634
4075751
-946293
10441862
5271808
32420165
5108542
566910
6762328
2994244
23735753
40958614
40172635
10182256
14760394
42761726
36010441
33105252
41472959
21457944
16982240
25891728
12981077
43445404
41102893
17549975
4891476
11596124
32389126
37714433
8317100
22265292
13093508
27141723
29076145
27989177
35185405
2424553
40870052
12367344
6896520
17185464
34202324
7255630
22062931
39156698
8718156
2554859
27928090
25193947
33932643
658858
12049232
38853942
1591227
31970080
16050897
26796926
11728218
34067828
34216899
3420906
7976746
22536277
33006130
29871145
17772224
11927495
26660653
25190552
17193103
43383248
13893149
42508762
27538247
413796
27029730
30253830
36777746
27619771
21139480
27279133
38175966
16594426
8831948
2332883
5449398
3217704
34131244
27107044
20056258
160709
21957294
40523139
28556100
1728647
14330580
26808008
31472335
31977881
16637646
13566189
32189344
29299207
19301147
37259289
34989412
7774137
24314178
33948300
13608830
428218
37426920
38166510
25770879
7265370
34507789
42571383
21268692
9117292
41846209
1722362
12315381
3527993
1547381
16508410
18036383
12916831
32853629
31938076
34852072
3987262
-983246
14770569
2923982
18943729
9499127
33674722
11524155
32289930
14028563
27969312
29307939
16027719
33190022
977857
1619478
24780301
30879636
15958009
5176606
1114423
13029145
24431785
4812422
10521291
31035197
30616488
28402520
22259215
8509675
20412772
26624239
27505525
41715227
601728
13107743
6946255
15873799
36920108
167199
14311230
42430973
38292518
36637974
11647277
10989135
6679109
38881020
13713879
11215797
2013661
11477022
37365263
23105525
10481792
28165838
6947809
26121779
17905409
34910046
12417360
30204069
5796162
31102612
9911547
18619556
11057505
35820278
43257221
21468130
38186591
2489658
25890170
24380832
8622540
34429518
36861512
28034785
16364857
11514216
5290686
30980202
24766563
29647309
25372653
8909202
3480053
21947800
21710282
32799406
18441029
10368220
35729711
38630610
32573441
1666523
1201865
24396205
17660234
38475373
8438190
12673422
13192934
42196863
40857919
28528012
17098681
14489134
4214081
32821006
18858115
30963584
38381321
4984106
35456727
34457983
37044899
19376814
39147783
42905630
981873
21040567
30873164
39129062
16379223
18419700
17249731
25893924
21677462
32528643
-449065
40182280
6348381
42358149
19063012
13583024
29116708
20780832
31926621
35936204
6437099
10714618
19810457
12890495
24403381
1136080
12759847
23794180
7362717
18982906
34760065
36771363
24351966
6594673
30248082
33598061
27647073
15656575
41033212
15617314
2765887
16572072
25930748
19293942
23429456
19151220
29685975
32256073
40941559
21995220
25652467
27936408
42215521
12734269
22845350
33403371
37397027
15731566
35999156
3206086
25136202
33596999
3499155
22054467
26208816
28018006
24424287
3469561
7408913
37263334
13002294
16323616
14712817
28819493
4810648
39426668
22089891
35824750
26775787
30373661
31416130
30915299
22184115
28657952
347195
19667007
15854071
27287433
-970755
28533291
38167571
29239645
8010522
26347619
4850444
1475682
37410567
41420862
16501217
42501675
31421686
4230202
7498482
9133544
35727554
10137750
26167136
34725568
15819156
14820504
3072283
30463451
12277336
3396941
29158645
27347287
4987853
40023188
38761076
18426091
42117971
14945555
4721783
35729569
19500664
8736202
13086254
21622278
925346
5918027
7407904
40237714
23165984
22986482
40989393
31608221
34902202
432593
8802550
27593692
13801588
31467150
25072546
7900266
15750586
19298942
20000884
34601108
26238595
41338690
35369851
1961094
32941181
24482567
22762622
11678078
20866027
34856759
13267931
34263525
22473214
7076955
186965
29804002
8753203
8878192
37177531
20022206
6740141
34567575
35722835
24113044
36914399
25296733
854877
9356516
33554733
16252326
16009403
36205556
24086175
22299868
11272840
33470361
40867763
15769846
5238964
22726420
40424616
18852372
6663058
14171323
892663
9993820
24359826
42494545
35897728
35787964
35407434
309131
37542295
13900979
42925742
16177420
34041219
-371503
24966301
4932718
1618996
39235477
33668068
18404837
625680
9830967
43406961
30376831
35533946
35977350
8613189
3448469
38275011
21177122
27886662
36950368
24603576
6201363
12699697
18074141
7868978
7659441
32425868
11459763
17753248
28274183
11741180
38600176
17475005
12772274
42245604
42478142
42358224
6863249
43481369
42082208
14939706
22622551
9304467
10581500
3025501
4136629
13690195
20293282
25101491
12510611
6790278
8649924
22598992
26386584
42024109
24242187
39626044
9229441
12891955
33314979
24826968
13779102
24277260
30972356
24493239
7831962
16374289
11131668
25917667
14480109
27502761
7992222
36352704
31036446
6447974
31784731
23321770
21287119
11675678
37951107
8886528
2190396
15428807
12532560
2052672
15987201
28069574
34664229
37200242
19124016
11890134
35243885
23887848
3438971
33846239
38214720
15495349
4227834
37578117
35913049
14222177
9664069
7569175
-723379
39743807
40474682
39130114
20425751
11045230
31483575
34154380
12969844
43069467
-868224
5129783
22939106
25591089
17707116
43284576
9162127
37770704
15655978
1396792
7378941
16544663
3219859
28907820
34535137
18632545
7381901
23866912
18870489
23875000
9625589
22332372
21870666
37526198
35521505
38247123
2469367
14387796
32094070
43017071
34073974
17587846
17856882
25256590
30609556
26592890
33443846
25454878
38356619
41840999
40455996
12366477
38074529
33759857
31749406
28047304
4087811
3049807
36035095
22867300
7538107
39013794
20526605
3896932
42938418
21949879
13907393
25205708
10586343
17503518
1172062
3564501
29085708
2138492
18046147
9109102
39872712
22155613
35991946
15341550
27199900
39458155
7801813
6898978
13596174
860250
31845309
16146981
12533444
9230512
16756756
10459129
12135841
41811267
36296621
3304853
39118080
28111212
23480343
8223136
41783358
30950154
25969188
32040152
13970068
40455718
30118074
28632601
36940424
13395632
30962556
32017411
38712164
6641230
13488599
17710463
34448083
27869942
18055957
12831772
12514801
3678773
40118152
7431855
28116925
40182733
36950573
21087420
10802595
15916957
15549550
22286257
28935200
7677609
36048152
2701197
3623207
17329502
32125338
6441148
16954098
16263387
14860413
7092
24464644
24365838
-920674
23398810
37248766
39779056
34344991
8631259
31942331
15279211
13365005
37097447
34500747
40433262
40896758
31083666
34324258
21278791
32645542
13061646
12384701
2546708
18430010
29211409
9732719
14464757
35015072
28565491
28288096
35198575
17519249
40766337
34618518
42318246
15601199
30612808
12859908
11496436
37579170
10956513
4981235
9534548
21785961
41718633
39176355
725452
31148980
7528771
41314610
9293983
32290497
30602298
34412238
2762115
41704124
15737183
13136648
20291134
-144162
9541424
3574801
21077280
26958186
19901235
798135
26979951
42426946
8466275
19182462
41138657
42587356
5630449
1909433
33237690
34880208
20145521
6081694
39277602
19591308
6926140
41257746
27953146
10514653
21175354
37628823
16871712
38490641
6202063
13036122
21979779
38730204
14120738
25056461
35067310
6201685
25523623
31204743
6047031
38145515
22655896
28714566
1362662
35079558
14515269
16167095
6874922
28717304
42965550
33934268
27791251
42317099
15375565
9396164
31224211
29784168
14695293
14154865
30836989
7221937
16910153
38885010
6711048
42802582
13494155
375337
35628855
12341726
30934329
31538637
21647439
19901034
34830309
22301863
3755051
2559231
37701229
12217865
7029111
11453335
33524586
36337508
34601312
14613668
24997697
32523022
19004804
34377604
4520173
4526696
13298291
23207747
25102558
35333698
23882902
9311095
37174464
4022408
22843887
29895584
10579109
2782495
7432914
29497209
35006217
35363088
15790879
18939924
11943079
27974056
35106449
20672114
5185137
42461227
38397261
13383829
8799455
3150098
40850232
28655838
4644751
23346481
16760582
42696027
43026641
17637215
10487391
6564232
13043637
25516792
41078283
34226423
22457881
37495428
1554016
17716441
28406566
42984310
12449002
4924481
22362332
28158181
35974711
4559676
31228700
32187195
33858816
33723247
14139484
19247390
4895508
31227557
19671419
23744501
20737721
28858544
32644900
19068088
11708723
34619256
13285134
7218238
13012843
36788905
6445531
41410497
6019025
30739789
16113031
38731670
41315076
8966435
21156539
41281455
19470642
27763215
18927341
34118205
4540553
40710170
19308159
15146825
33761392
40421447
28531726
32655863
25570982
30948803
30439908
8991841
29831399
741111
22604942
7649831
19623041
28539756
23487872
27217580
17789631
22686303
18485941
19173815
38940504
26271554
33039027
38810040
21892114
6159261
27629687
43190396
29326166
30772142
22273042
26937511
7951687
13850730
24408365
40958848
7383707
25574277
41012914
14893333
3843898
22083678
37684100
6614887
15393953
21433526
15635922
19040618
12956495
23777909
36872384
41567757
32032529
-641236
34934692
38517820
7690697
20391692
34279552
29713492
33226817
3914752
13643955
33731597
24013146
34516734
899910
12932261
42720778
8219286
1872846
3548239
13920109
28712607
26063419
43095902
11619366
22546455
11963470
23572218
31441529
485032
4649275
10398040
24308712
15165589
35472063
41276593
42741558
13727872
11057384
15652140
37232624
33074798
28533751
14199463
31088790
42604391
22677834
33603252
13410323
2947731
18879512
43229565
26317965
13185905
32703348
40687516
34591219
1825262
7219772
39204952
32388925
22138114
22569839
7502667
41283689
37725442
28964054
38675709
18150372
32130212
23598432
19669313
30425088
38031191
2623533
40987509
9446187
30564126
33160040
37783270
5452413
21487410
24251003
41567006
40667571
23941540
7225472
7452309
28211437
26287827
18113304
29793816
42947100
35525248
18596455
42491638
30496222
10339635
32177552
2381280
29162142
24644078
7203797
15560606
3990839
29085683
5033705
42923168
21078941
11033145
17426148
13427355
4285599
11370510
34316874
18250478
-702398
7525600
9475177
18242593
8179018
27600407
28720837
2798682
-544201
6625769
1736125
41041606
3791450
22228575
27577334
22268016
38359170
630496
28219994
32268617
41147134
24758022
30917733
-994544
8177049
6918583
40311621
25870876
7627626
33391877
31126311
3162264
35145653
5829893
5270454
3035240
647398
5285590
19810633
20939062
22173950
10945911
29644842
10604332
3561331
34217006
24272918
40277482
33202291
19715331
2498790
37493138
39179461
33558025
19512880
24455107
26907567
10631173
5337129
14275416
38267083
10693337
-282552
43012539
29852198
10437456
41056127
25314091
8473998
515791
2190418
23680988
8091616
9720909
13106311
11297541
29387422
16185249
8237836
38511802
29185440
18812312
28308365
33979572
28056569
30647959
34542845
26456776
27714855
37257282
35535250
23556271
18041632
19682027
40894010
40108063
29785011
40481028
15272348
43288055
28367272
41717987
2855475
11664545
26559237
11222639
38554815
18631117
11608735
37201168
4142073
18474473
11080409
753826
40356765
33257063
42299537
11718212
43266341
9870553
12445823
9329166
23081898
27013590
4591936
38093100
39012583
6693043
3197667
37043357
41837907
12182436
25351958
33698626
26486037
5843308
32693655
13763028
3152120
5104472
11479790
14188172
-51411
30991092
4999526
25361254
29365033
39066324
15361797
18607663
10345771
485256
16472312
4337152
3174049
36993334
17825516
18650976
790301
5683458
31791930
11864686
23427267
27407472
27881887
31064541
36830254
14366923
35832296
37489379
10831646
1739481
22431562
14451690
1940721
13913574
5432789
11869292
10279495
32607808
1773083
15730943
26095412
19357938
30078541
31533522
38909611
4470805
26964581
23900856
21633781
12461156
32023128
20439645
26993710
4614592
17159442
24828862
18512210
15661742
5813563
16045069
221981
4840963
1038952
-714054
12452787
25217426
1091783
23121223
20261418
23808973
17487585
15197449
21993305
5052685
34624059
32778237
16631236
4090935
20810947
34207279
42188495
24651000
9138393
27096117
4550374
33980065
21697987
9107759
3621505
21030392
6750618
3709220
16726854
12495779
28425220
7212344
3895833
20370638
10488195
12788717
4677296
7037782
38388327
10837507
15677851
28685259
38749048
17280480
1946919
8267534
5735282
19794469
37346659
33967163
20445526
43344575
4072627
32898083
21975927
33111911
8174210
8196747
29769837
10703052
15230665
38080437
43327439
9529090
39388259
24352583
33966616
18138825
27819794
21789874
42338733
39743509
15112347
1118681
42703199
36950266
33997780
23695673
33175373
41743505
38032058
2705851
26033010
17859430
8170292
31801696
21305239
11335247
6384137
17280623
20456055
5242838
37194849
6153455
34789528
27228987
42420810
31192198
4129880
13722373
24063841
15095915
25471739
33163997
28633582
21129827
38547705
10889588
20430494
33793789
3016204
42129539
20294139
21335737
43140865
27974961
16878688
11574138
14192196
21293505
9027343
28328135
10443879
22651255
7128268
29001889
22043359
17660972
13112832
37192276
41953766
40441899
12389057
24152930
40104350
38995403
17175715
35429909
13384145
35514064
20689304
30578824
4435121
19884347
16006613
41005485
33226194
22552038
-544574
18202283
2286159
39879127
8668092
9685628
12245230
41173233
1420931
6357408
7935777
13917572
16568756
15958174
11023032
3708636
5056317
26037004
42505106
39831056
683081
11594641
35878275
29195056
21432381
33276199
22644940
33494219
27931140
21690908
20713940
13829425
-898996
16542534
31387053
6423593
14902271
10715685
38698747
15978193
10464091
34033086
31501130
3702947
8320766
-29627
1600493
1382535
33961185
36556149
13196384
18475308
24392988
4157547
8686665
1984348
9365787
21660676
33089258
42593507
38413284
38650088
22362006
18885385
26397039
23572305
1452730
12767617
5449948
11916223
9976581
5341098
35394500
26395673
15181191
40329265
4229038
18707482
19693097
37236857
26696073
15309695
8250760
9513908
35589997
25688612
19289376
25105078
14771883
13956760
13676324
2542696
33484087
36110691
30170705
21834835
33615132
18247400
17761376
26333794
39837819
18661654
39067080
30908697
7528666
6346572
41243135
35928260
-798298
7206549
-723979
16876527
9910701
16781254
956193
37363997
18612250
19794398
796753
33296642
24678437
34180607
37336896
3212033
5770755
3632885
8209978
35343484
16439754
16926988
290605
41726553
43313685
12512135
41754216
28102568
40097160
16504323
6601869
32306305
26236823
24627117
19041886
6945074
6531915
12051166
901820
27454958
37704918
25661381
8591828
40246384
7029332
22249364
26969107
11427058
10616970
17099411
37577859
38508750
40232239
34550021
26380209
23157059
24781814
29194309
21026166
27792366
31875861
26339603
20344843
4600867
-79192
24313122
24562434
26813216
37801365
30004750
35314799
18048712
33402176
39876720
19824971
35429887
25937071
9582761
8881350
29300748
5480588
35321910
6607251
5215726
33386069
21715606
40815953
11811986
32671836
-704482
19520979
26123881
43070726
38462709
146162
5864296
30690797
1968449
7688103
33084741
20002468
13322531
21002153
21879023
31690960
34695599
27356910
26181957
32354968
15685254
37225597
17900649
-306952
22552199
2511075
19645318
22647263
29697147
30612569
4484344
9119330
13495596
30390910
26270091
21918693
4293699
28655508
11226701
31787971
21311954
32876059
12114232
16675602
11725297
27930833
25491310
42703713
33501468
25159843
38135036
20709814
9438804
15459381
22672467
18906468
28698288
40800576
10393344
28882654
18856767
34834512
34290848
8711657
35015877
6005435
27774688
35465016
37851856
40212300
18501270
3723250
38238771
6480606
37540164
16632201
11960978
8166260
40901600
25653972
17825720
35453627
26017525
2673128
42224403
13990228
37223499
3829723
29842051
33300929
19896782
18118903
5662034
36844519
32159960
23996724
27173116
21330008
8513576
19418131
8705241
14580010
33368102
40306533
5927553
19784857
27235446
14623683
1376551
27828635
36183487
6551856
17271537
36199048
-970872
6785832
39795860
41117199
2622447
2939700
6468694
37160926
43340238
3186465
18326646
29831336
15909377
1188167
5463
35055554
43103589
9155950
18318734
351194
37541918
19013235
34031588
28889798
28139683
33799055
18047702
18378156
18327556
8028167
29517193
34096936
22534311
31953437
20582809
29749606
1932935
42681199
36491906
30459557
21959062
2665222
17342811
38008333
31631583
17665266
-210627
30175404
26040192
13831567
16979888
13569338
24898743
41658023
13880966
8998817
31563181
42416940
32751608
28915811
15591258
15189915
14524057
10939859
32299509
1066998
4636852
38939080
16464116
28902523
30205567
8668443
27617786
3034002
15019731
10196116
12936539
19604487
20777320
9936536
28426581
-366177
31771079
25910889
29610393
12624822
30287659
24919129
40111623
14331682
24780018
16676492
8454309
21371273
5906778
18863846
30580260
-28841
10701003
16290123
42694334
9073387
37455374
42902026
25895594
26381597
586531
36309466
38553618
24339281
6425593
30405261
1029448
4322003
11232787
17633169
10753458
22647436
9736545
17047222
1763858
3845481
43209547
29206819
35634767
1562357
34185398
36548878
11629005
36287265
5846772
20216146
21194003
11883586
40024085
5788891
21374764
37214594
20874350
14818004
24448485
16290354
26641809
32911048
16881153
8656207
765289
23471324
19256033
15336335
10157518
23549158
24392132
31713995
7787879
6585730
10637478
40201160
25584867
2508851
14647337
15945404
28889760
-597559
42719350
16797556
18066521
4924343
13178594
9394175
15452042
15803128
8962058
16379417
10650698
37138084
14285598
28744728
25141672
16694101
15135286
42596170
14918238
43059598
43114713
21297550
25446787
37941338
20638404
-435901
39154637
24558923
42968314
5850981
40329290
30011490
28546767
5487366
41945970
8184614
27174749
4381104
28009000
2080676
11446824
18645591
38190527
5421754
-54727
30631713
23066798
6728568
22470066
41099951
9433063
28516078
26757334
19205706
8932931
8428402
7442332
30310432
36154898
16028149
32418475
24970018
1151752
4932075
29041667
17488924
6026859
1233261
26799467
15566955
34075244
25792982
14570650
22947018
24419299
35976003
6056644
30376232
9572211
15372764
37215027
21269314
38609778
27561951
20720857
4882304
5745043
28396557
15609663
39640085
6401376
39064692
13098525
4119643
30745315
2562442
42347240
9833465
28510918
43116724
36065459
21365614
21750552
24302352
31498587
9907453
5123391
32769719
20740596
33167177
21010584
34004869
5760536
14961532
10265354
36760767
20709561
31448988
37188409
1265024
2170103
31639751
22886246
37978169
25710105
34223271
41377199
42327748
23533935
29129685
42322194
42596613
29954889
21165461
15342285
32795605
41149087
12999422
6736641
52491
32495914
17592908
24705710
8826831
14865143
30392122
14598112
9725633
1606749
33473278
32032809
42044277
42800495
16062837
38762673
1164852
21002933
26202636
38000844
5799119
18292103
-801788
16883632
16168753
5845897
38624360
820344
9989239
19837527
6581100
3358664
39022360
6756177
42751478
20513894
37465702
27502386
664791
18303573
9826577
9323695
16227384
40931000
36809044
34611416
4422417
8598667
33403541
42796515
2680238
30886916
23293524
299250
42676856
20758093
12278892
16243880
14909450
20872308
11697608
37172848
14690453
14995734
39342444
1718054
28894740
9084699
15389357
35927731
4119278
13683198
20804559
18922800
5490557
13053004
15156282
41831529
32286073
24524128
19894517
16996509
29122047
36031927
2447571
38658205
8223575
40467568
424540
24710948
718574
30215646
30402581
28764436
32048559
24349630
22626365
-417800
11505937
18592956
18860042
20631644
34724546
24413063
7630683
914141
16056860
477221
22829899
28660458
23448785
21763712
29054752
7845769
27309136
39745477
27021951
20490363
3681137
20736367
20312091
28558273
20012354
4709753
7796003
40698954
35907566
27467428
28587861
34594735
26668457
16401400
36782561
6271673
13352692
10147550
11844875
31837778
-432569
19529796
19773844
23963292
9020678
25739644
30774348
16963259
16575420
14359979
24119039
42368473
43061793
7248052
15225297
34383223
13129975
3501696
31299246
39218072
11566529
39162935
29450934
5330901
8784003
28953904
1440332
9602813
10066968
32190776
5512823
3884554
6934438
91309
20252960
40789996
17627789
38141748
36929141
20319415
6789823
33233828
24799223
7953621
3381933
30536248
37820027
4441494
19903922
42204798
40101507
6184100
756285
33230536
33645847
18421586
20231083
20626666
28333167
20344946
8871024
29721410
14106554
36009691
30158331
39448343
5145464
38338558
3822229
34344145
32215061
40026531
38665925
23987137
20541835
14255095
13740300
27224064
22892868
23722319
28036740
33103658
38253904
42812188
37751523
25193980
34462310
21484397
8111134
5717327
7149647
2109049
9242320
33411725
40292454
31598017
26884993
27119807
17492745
5903037
19634199
21594732
38961289
21763272
23421862
16127882
37581630
42817577
36766416
-695007
42666532
26755170
30013321
36605940
28564799
17159397
14042570
9601990
13717862
14542901
5365137
14366044
23440436
22054471
23306155
16136206
32018926
19556909
4219948
28836180
7425575
15794130
19554060
17775520
16205447
15297814
42517865
7666144
25049965
5156857
24989672
35508810
24847748
23483077
39022988
42359242
34565127
12352566
10414685
5056521
32827281
36156811
-746121
24124963
21493152
30487303
19333665
28468808
11656761
17167624
16029776
11211558
21577643
33668101
19386663
14275520
16411776
16885960
18533887
6245754
20180479
18354186
40225561
43414046
15794149
20183720
7200929
6337281
28705618
9367959
35213759
18908445
42576881
20273511
38799793
14950657
30480393
-411149
967068
22911065
43104474
17017741
5460715
8945676
38489283
12221297
41602031
7009018
21621667
35689758
19127172
5576148
4231651
32583728
25920167
4686419
669776
2217993
32647233
1122165
29773901
23523982
27394353
38204317
11546135
16908058
29239289
9802302
877465
19722832
21296278
4388833
11046008
22053948
9153281
42300900
26955784
257295
37683932
11835424
16294627
14276675
18223172
34162747
11729405
20023551
18240757
35102398
6828966
21418732
8414497
43019411
38467370
881095
30910802
23578655
28647580
3377067
25307417
2229929
-503969
42590531
33004123
41561889
10088395
36576906
36670466
13246071
23564950
38662547
37405270
8537363
25400066
19507789
33188357
8448947
2419131
20208873
29644133
9899030
558630
17850816
6587319
37601161
32977216
35005221
3232639
29651051
20267777
10625679
8573530
15358741
27110380
572351
9793951
12571623
21901552
27760507
9148396
16619638
15982329
30893762
30072108
31449300
18656665
6933459
38090934
33727058
31317368
1928051
20992623
14454085
7297144
17005897
18476316
39578542
41763752
40752429
19782092
8612064
26703421
40310731
15224249
41565139
16056488
9399370
16754969
34421606
16764451
7184605
7639490
41730200
11489999
27554374
5414959
5780722
25066738
14075675
25338577
32701531
28430487
21020950
21390826
34401236
39558728
8324702
37456103
38777114
33617344
5395531
21522730
18555405
5435419
19110628
32346643
34199957
20626282
8875293
34043544
31292319
13575212
9955547
42336221
39096914
36852406
10826204
41800461
36521049
1955183
7757814
37588108
35048121
7517047
15802644
-338269
19728076
4434897
5053211
35740594
36149874
33440904
28168947
7751125
12307032
29613418
37650304
11612626
3452413
31872328
25544719
9378636
28680411
24253833
11830409
8238548
1323810
7875768
17757544
15652054
22805531
20112996
16485904
41224369
27017209
34141341
35534793
10084425
22609508
43261135
34038289
5255837
364666
8208957
14547518
41506634
19754539
38940550
19253636
7703601
39374261
43254562
16054299
35388855
31701795
26683085
2218054
33591981
42143699
9141137
630668
36100012
10355992
27768363
13416614
-714767
5952004
25853895
24486287
23336
41473127
18625242
34329438
22252200
18558168
22905440
32899549
26311556
4546401
21471150
32423005
28935756
11615967
1666100
30100020
2177387
18042566
18070588
14186192
39520184
19614724
16073433
19377778
27999528
20628990
7677160
35284718
1534829
41165497
951564
36490728
19496614
13826396
32305157
20861401
16705875
34586350
25685389
28717164
10951443
30567712
27573695
35303174
36222845
42972980
5789827
12540135
36265365
33368415
34383409
30450443
153093
22334084
24087713
39313102
5425492
-694207
19071830
9276786
32679409
30694479
25443177
6983494
13540446
19293094
25709646
11710261
35493638
13764752
23219204
43427750
34343255
33640163
24157379
22511675
17208848
-656282
7312795
35481799
39699930
22178825
29290299
7927073
26400917
8887572
42660645
5119678
42181156
39615948
35297524
3795247
18022934
31234510
23769484
24409343
4785628
37365349
40393849
5751000
17141150
39842207
17722944
27153319
17236251
24423669
1159442
14675180
37235168
29338692
1838435
31848273
282625
29346132
29119476
38086027
3227369
20473686
27255144
9421506
14739302
1742055
39229331
11952947
2377601
32130213
20353447
10359029
21269358
9157914
34475593
15914410
-108439
33101290
81096
21207619
31644534
11350509
22092385
23342032
36855073
14099339
9356774
20877603
2041199
31738844
11836259
24366904
41673860
3211214
-426788
21865510
13389032
34571827
32037085
19397344
22462762
25031731
7951516
2813021
18238792
2790705
8955149
10729151
1093739
40110037
29576672
13666213
-241343
14925370
21066924
6033485
25433761
37241133
32723895
5494519
18458006
25949331
25935484
11155274
30016689
11018843
43462609
13191167
10841068
29614160
16141490
42631881
14498260
39981532
31903147
-310847
24296513
656294
27193959
13213638
5219244
9190949
10387197
24411250
6320249
5134822
21347289
4778610
30707468
6071874
40191596
25887468
33254776
7755040
12970253
8100843
10490807
6523832
4300873
41786168
2221544
3098629
23421059
34757312
28063896
40921522
35728185
9735370
4414222
26826219
25535374
41924262
7368579
23570897
28802114
30017935
13827187
42775652
26839334
14180643
-368866
29131537
26732663
43332137
37412940
37231006
5668777
23602763
11963839
28721599
27130466
30756779
19507734
42700690
34522869
26875373
40241077
40608799
40326665
39000189
14558883
13551484
1046740
17126401
10646992
13914111
26387664
37742632
-778792
580476
22246785
26199894
42664615
10931107
8827077
21356346
10339510
3804134
15679110
14594005
20868352
8634126
38777807
14334315
42767837
32986488
41169648
20424182
20506221
36131638
10834751
3078333
21708154
36177688
1760744
22931406
23169776
41851595
1376302
1896256
18003314
34327000
39686071
11950893
22343881
12092450
39125858
13953102
15654770
14987179
24707568
21135058
28191639
33182410
19625656
8999426
36819932
34191630
23363704
3466452
15006815
24083812
12235420
13900388
2664379
33213762
10733654
4974198
21352941
7949668
42614364
6715769
-141021
12566772
13494402
11784043
34939526
23691776
25467893
15046841
-180692
-255831
29312984
10912972
29808873
26018697
31666402
34760452
20312899
5137142
13727003
8167814
30659995
24446121
33319476
37104450
4625932
29622963
17911213
26726229
42083012
35808636
19874861
27243825
21094698
41649327
14896481
-959979
18155170
40885360
27061639
7732447
17422130
9811882
5817501
31694251
26245093
10954746
9700634
1866384
11520173
38570361
20656465
5757967
39188725
17287756
35855012
23904481
5738722
28069204
15503285
24608693
4269481
42417898
36194803
3847309
771049
34241538
15377600
22042755
17381372
18202572
12436854
19084687
23666434
34926978
25541911
35183516
-91787
26129691
2033520
11629208
17315256
20602446
35479796
17011910
27137455
42619047
34063431
12673305
19668297
23167801
5015237
13391331
39779000
2709252
6703817
36136175
42610605
42324607
3244305
25162772
12612423
7609558
1114928
24220438
25637234
9939778
36517589
-897507
42182531
20057093
13085051
3701479
22563923
14490050
39756417
16460474
26164511
20625867
11009591
34473884
32869317
-897124
35291142
33295596
19747581
8412632
9041934
37214799
2800234
41996244
36913937
28175762
18753640
-534076
4628634
3243837
5840803
7613192
26927726
22151452
11409189
35931533
27460471
27415381
27463172
25012202
5739834
7917171
42053742
28508073
12995858
10839607
17298440
31367524
36288426
39945472
41649059
14861631
26890538
32224779
-327495
34088851
-239080
33100673
25071116
20742717
30011936
32532786
8133294
25121210
26594693
29840441
5527500
39759209
19739623
33533412
14260489
25098341
40210658
4365210
42577357
16862525
37069476
7808451
6130446
1340074
7758411
26996570
40869359
12231377
18438356
14517819
42897189
39223688
36001411
24034734
27766904
20022245
18798867
2270513
1704959
41412226
36137187
18988647
20431122
11423954
2313018
28080344
32620595
3217692
36529659
41689928
9823078
23491321
36942002
5715989
11823300
15273398
21087370
4401443
33244487
27875579
11294527
18499074
17144348
7841079
25331380
7115468
7265562
31378425
2283453
3602945
33560948
32057909
23771259
37272476
3284218
41694374
40078915
36260962
37296772
5740098
1612775
31999266
1440177
14894476
24288290
26989724
17380584
18082552
25141231
37717354
32825000
3250489
39972428
29398906
33716030
199919
40916626
34150363
33790633
28861414
36528217
31419948
39585740
5243815
27354945
496741
10752727
20725597
2181265
30248320
41712428
10453158
15773523
33584193
31004095
28074525
17946768
41578489
19009606
33841479
6552078
33340346
8910503
29301840
15178106
22585630
30882459
4663697
39460615
35297916
35518747
29198968
24459037
31800294
9086804
35890539
12337143
12501901
15638709
29761978
29087356
43302384
14557638
8758
31919508
17055216
37533866
30967426
30870461
40682589
36197732
32780542
29341168
5912011
5765704
17563242
20669764
18125253
11851903
2009006
29311444
41348825
43513215
1130956
43289098
35817417
38513346
18916474
17738857
2450464
23156416
13414957
42701949
24206179
26905925
252706
34192856
37449256
41306062
12306352
10398058
5771074
35423045
140461
17620838
33499946
16048643
28900877
12646907
17814826
32836221
22212664
4268102
32995915
1695292
11054938
28143071
7065474
17249961
27925437
26354012
32494819
39483590
9369306
30174150
26140482
11034279
28514317
43135042
-29456
36125231
24442879
28783122
9506609
30805141
19031604
21117671
12331618
12790178
34571125
27900766
19034371
24661550
23092797
16669187
783345
21080015
29349457
28202262
5420776
36935406
13923524
43367045
30286330
38202214
23128221
26202318
11926403
24546109
13866886
18332988
6297389
31137718
21459224
6757243
27172935
4448085
36423813
10478311
22022628
6805099
2968096
19839025
41926256
5177729
15714354
30852988
10056292
31543618
13987381
11133453
24057647
20083451
15363857
21574012
6088828
39936485
25103901
26205297
22209703
22023984
7372424
36848788
24012559
1621566
5498654
39509797
2171503
18952208
7297084
33105566
16271198
18719373
16778315
12007861
40188743
2559425
33797406
17410971
23089635
21057691
18269707
42220696
22457212
10040811
42891934
38094262
8280515
38046115
12399839
37908266
24594414
23948470
43470197
20371104
24860563
1420614
31275890
18424966
2852769
29927223
7252704
37719995
42033703
10892516
21006592
40351328
14673996
16990936
34249983
4257298
475959
12582362
13125381
18851851
28175970
19656512
38615093
43078076
37553372
18718884
27634839
30228276
10698952
29525039
20539518
9798017
34367075
18879797
16317631
26795530
6437624
584160
39185120
34871080
31713864
31749487
38284229
11704171
34529862
27448030
41929620
6262220
983014
8069372
30248256
20812752
24720502
10806685
9049501
13801536
6313087
34780158
13829089
7504169
39894872
9104185
30362491
10822398
39521917
41984133
31040812
39117285
4218880
17483189
20625165
36195666
31220178
34406782
38526453
18930466
29679072
14242215
25254369
30093085
27861451
40427598
40406274
28864842
33811150
15926155
25677944
36226771
33821546
16303728
42499749
27892510
43434894
26510543
6713722
27127688
34663191
10878003
2537582
23762573
25885262
32338132
31193616
26503244
19931791
12773309
19271795
6602747
34772359
9974985
28022163
14335015
37654322
40806338
34483285
26488381
28261850
12816510
21269886
16117839
40082911
39992636
822220
28821895
36112013
39344448
38541199
2401516
34494009
10841985
17347770
29559756
24171649
11914371
36119483
2851680
18500035
23224193
41491606
5115194
27954700
34150556
27229197
21787018
-671931
23116701
4943241
14956885
5341596
42523105
5598210
-673509
24383134
26069563
35283755
38820544
40808151
5006791
40037187
32074635
21326234
34983091
4480003
4599233
10486347
8647786
32307429
18851356
21600070
41238741
9164713
28908767
31936733
8992718
3248192
34127634
4739715
37755982
34205961
27220646
22221536
31395817
14560908
41834872
10291957
42085574
38612512
35909521
18360835
28598975
28576047
2215481
501292
30357343
37010431
23852899
3912274
23282991
13620315
41875434
554744
531109
39898311
41522624
40278619
36108538
39935365
41030762
25261698
19140401
32300289
28313738
-876172
-28223
39475679
29877484
2599954
38480008
25118169
29796330
20057298
13936538
20270831
33658295
25964968
43415363
18474348
31589521
32979630
8918959
5791262
40540839
11328608
34912989
9057623
2514539
38182353
9401560
31417754
28388249
41295915
28998638
1762389
309380
3650464
36260368
5565898
25488343
37178069
26577753
23009892
41876224
23523561
24539161
8117427
6388817
29344340
22362295
10897342
42295197
22700992
20257348
18624415
10595316
704473
32195528
10210107
2144180
21269448
26027932
13194406
12740285
5767427
34590552
14131161
27549290
38326027
2732184
33526624
31813825
28036696
11071589
15780493
19488262
15391999
-210287
29359929
20122176
40315345
11003974
19252768
7575314
4100757
18330061
20265348
21710504
7599663
33277982
12274712
20171292
7495767
1305935
11274076
9849128
11854566
36090821
1702437
33431487
14421559
12356222
19843519
27303732
24251140
32982105
26450760
34603636
22332209
-635890
22971754
3998916
6256552
1209561
12087644
29486143
25693989
32504429
3856633
25757943
12504415
11160711
33391842
20751230
-980177
-631381
19144140
27575649
27181025
28282696
7016115
4315675
668054
21866996
18926475
38356208
28847330
5721943
-308196
38604595
16739734
2446904
43532597
12026576
13894497
19063773
34036572
38192242
19478518
21453813
20272274
1159108
2744940
35039543
43382701
558673
36534641
5357896
4417959
4842525
20944047
31982223
42942212
9038550
29568575
34412649
37512099
15445796
467729
33418004
9529539
25970197
12856184
730544
7706898
27498549
-47982
33371623
27147640
5064681
43507318
4402746
18566204
38449513
34142473
580802
11582038
35736801
39758300
15011602
7932733
38847993
34378569
12193038
29364469
20252152
37729290
12334156
11319555
3232417
24187228
2580869
31519057
33425577
25989384
14857427
20907148
8493186
18829961
27816715
41325459
19697378
26221456
17754077
32368618
5260300
31283508
3586430
29368767
40009491
37152779
15210844
7171122
20186625
27817050
-653375
9802794
-309042
6083735
29194959
17008532
18656273
33667491
5217023
14175982
38943976
37104362
29683858
31823957
17724410
33242016
12396807
3207070
5491133
31803216
24964953
13881951
43250549
24032409
35056
34630616
21316856
3915495
11491816
15261579
7867581
11294444
36845151
33032790
20665591
11008713
6899056
1284396
28288844
26306972
29766170
18040663
27685156
34326068
18621814
13079725
4042029
1642816
40402204
22322282
37745387
8156669
20362045
-518779
2690423
7416306
23904034
6197532
16862315
33806747
9940040
6750992
39597864
4371687
27889769
28986948
21115319
-784949
17743593
12843593
7444705
31884008
24752901
38416145
15091909
34391347
22597650
4206231
5540466
36489708
20395887
2530254
27504526
3091736
10325727
6612750
14111940
-976903
31187571
15445479
26245940
33319818
29461924
8968047
3451766
38214688
14463245
14017460
-956387
1453163
20954764
38260074
10850457
22579255
33106832
13525250
37124531
21573059
20228121
33487263
-775504
22686374
12599550
5486083
2245147
14736207
13920920
18471625
10957152
23374560
2970309
16997581
9264899
21548002
7617744
12443124
42740791
27113099
23586135
-248293
33810844
35007932
11819846
4286838
31390041
6331527
771792
13055777
20437120
42564160
34401147
40212264
10595014
22077385
4364416
35850335
31278532
14858562
18223194
1155036
14897520
38272947
30837889
19921217
15130092
4876402
1476096
31905169
22373580
17663156
23282265
17601925
25156447
30606875
28383964
6349253
32562816
1166480
1276795
37841254
6877984
41811337
38016369
38364823
12333839
43128301
2092160
1988133
3255161
34081554
-762844
5444524
18916384
1490754
36436169
36974698
32551211
15632585
43446955
3606604
33809004
3133721
7718532
-858528
33240626
19584750
12176114
29057549
16364249
27618410
4859775
22885842
12542741
18213555
8555058
41743323
26799262
32484341
16177011
18575631
8611807
2159689
6339829
21109786
41928189
35843539
1492401
25528114
6184757
1019498
41157532
-175632
23300275
28090739
37033334
2896275
15779851
26048813
28341101
31821277
36840861
42524544
32272363
10232207
3850970
10418815
5784868
13352907
23838280
12074404
941892
18963607
2924967
6020534
5448393
8553959
38189335
2871193
38466727
9903024
28884161
23806691
41702059
25529987
39313369
29925438
16394630
34609837
30348328
38613362
20891870
33377779
1085375
17430451
10565575
27497381
37627178
31775528
17634609
2059645
43152749
8948544
33916727
9755453
33685049
3104038
10626741
24039667
6677988
25829965
15678341
40233788
12317813
4959127
26611350
29005517
16714679
2403299
40246592
28025472
13250484
8625387
40051868
39620294
7217176
4572638
7505712
3919313
36186732
8235486
11697988
14051137
33814068
542083
39383440
28481557
21254784
15623964
42648238
14930410
33073747
12957069
-397213
22574097
41955530
43478833
16460088
6751655
38138631
32385240
33627323
6072119
24458229
16903295
41344327
3700121
20567246
5305980
16285086
34866075
28451491
35811104
6149019
10982414
9575217
42992196
35335393
24575123
22725711
33112469
30983444
5933229
22387832
40644539
29555445
28530865
35249824
27813145
12056063
38327025
10347891
34670169
13191269
12039008
23657559
38450081
17997329
6712403
38729990
27164839
39193534
218933
14360174
26685472
33132652
30416629
5385527
19620992
2237342
38837751
41842522
35750130
7409856
3202097
-755528
29718428
9081024
4289770
29948513
7953597
31420494
32308181
22925942
31499015
37633786
38982619
26758861
12258959
24567939
3049715
39563759
8481113
11494020
21589900
30670135
43005229
11682300
23049109
25965973
365636
4271276
32506222
10143091
21124669
18317343
12694331
12066332
14542642
37984491
8669725
16776091
42423007
35871449
22314661
30891322
5516453
8830374
40265066
16765218
11438072
14746580
31387133
7041066
37457699
24916849
27965756
1766625
5377244
2168904
29697760
19106697
18887726
17831310
1699570
2035285
11737524
7973619
12030651
3488211
31352312
14662605
21727397
18947484
32773147
37882768
36737026
7185040
6895267
14556928
29637900
29946156
39795674
14248070
21607462
1890699
24162035
1967638
20307884
36618822
30559914
33669228
3864083
4941557
27557330
39488837
38153976
8498547
6550051
37028707
9536241
35160172
-877970
19896807
11499197
21841311
288232
28952639
9132940
37780051
42798764
15068640
26477890
17568422
15197158
39576299
7452812
12771432
21064883
8434791
3910717
27052059
26126482
43109910
13856336
18236971
15408474
7537391
41532792
29640851
2064866
22112443
37845300
9315920
33621585
14584025
43455659
3861701
22920185
21216549
863263
14118684
5867638
27783722
8266535
32271706
14308189
27282155
1206980
16653650
32070218
37076017
36025780
-491498
37818071
27861054
14996426
6921305
17170300
18854608
-879134
24921014
8032012
37854579
2468620
2878598
9142235
-714654
1913018
36683744
96494
40989405
20220882
43434866
5368394
12734916
8367362
12378369
14669377
33571767
27809802
36893985
24220153
24751289
18436361
10662129
34790530
42098415
20525171
7581734
42945110
16096771
1008248
12844620
14998213
34382008
2872411
18849417
-293002
26555164
36110828
17637201
21530448
1147953
9694574
20101919
19017129
6563821
38872304
4480603
38521773
33304100
2239103
37220435
21643516
19145168
28916081
42356588
5466118
17762826
31444463
33664729
21872987
7600375
24842637
34662197
20319256
14309136
24385385
29260899
26723677
18714453
43102992
32962358
32701358
1798609
9786669
1831432
18451910
17242936
41336059
7874346
30967000
3471419
41194565
10318826
18854241
1417595
19219274
8750270
13274364
30317837
3501245
28980423
38212644
13793400
17926548
14761343
17253583
18555528
2733841
7849604
3428885
36313459
4372833
25420911
1737727
36049735
14824467
8888114
11305109
29467112
18060833
31004053
11394238
19957606
26814376
11377868
19401274
18012844
24307390
9634171
36576978
36828596
32303337
40822879
7921301
9376988
26770445
823957
32573128
27797983
37716907
18338059
31882115
35083012
4408297
18167524
29690265
10414268
276414
7983882
23162701
17387907
5777396
38671554
19785002
39225143
14373945
21842595
10138444
6333631
15215927
27896235
26488050
16125945
19873274
33577622
27424016
39008639
22676195
17428912
22751248
27254607
37261486
8049059
5372491
10124451
39205575
31104883
34690783
12907943
-32656
14299663
30921651
6404428
12546776
42782016
30158579
13731723
22604722
15517485
40856692
39517703
35954388
10330765
16209661
37447331
33559471
9461842
424626
40502346
528820
-300336
8620061
24091847
21467906
8960332
32431560
4776105
1795748
29622990
14908823
30821362
26574154
-585130
8777892
8052460
29575159
23149506
320988
40416365
36640223
31347256
33749786
31697560
7551939
23665492
20524407
31433632
19500898
36292
28027
20774680
4154224
14173420
8697031
13160085
29224989
21600221
38711134
16904329
4168655
31649165
23780090
30154841
6002816
5932182
40323441
37992484
43125335
4472940
13080448
40429133
37921736
31169066
42467980
26713384
9298392
7900076
13275340
5570514
11467051
20084823
6817076
-514745
24216893
13806059
2422077
8137355
39519251
14886479
28485952
1463924
10887819
3847004
24740888
22117279
9278204
20597079
32620888
17002605
7373761
25943270
40953941
4900915
20899930
12566658
18068677
10735288
38704657
13726436
19806897
27785092
38994437
9282811
16709576
42820464
17954590
7440447
34355924
16095209
40127494
18735539
15903358
-395560
42137269
9116439
7489741
35796124
12644734
6478915
30477201
13282783
17781213
18079195
19600711
17065708
29360617
15357700
5206628
29419683
2141206
8262831
8559982
22851804
29570724
35519652
9511279
32923127
38510872
17333138
18011990
22374806
1520964
40784942
39277714
38729722
42426298
8023442
35840416
26566198
11090698
30088953
2065561
26877572
10694134
703777
26567845
18885399
4984711
30091150
24115387
9162906
24585258
10298578
34116869
41271384
25414455
26409008
31966521
22343576
22667720
29146717
25631378
43436218
35942233
42998025
23552058
23018775
41115753
1352280
38626699
13494318
22195213
34357505
26993031
20303630
7551081
6197296
17662894
28065680
18882849
20324019
33430610
17409298
34624724
28228213
8763626
1668782
42389109
6895826
31877740
-804628
3230745
43453883
43244946
20655484
20579482
17811947
11898173
4425390
22600456
42892673
9476773
32667928
33096179
37934613
14977925
3010532
15312879
41501981
21371609
4724425
35515765
9163865
15099240
39073383
15543103
33733970
25511402
12272271
26444197
20643886
42838399
5645821
37234813
10920062
18929688
21538223
17641802
12716922
15055705
34679208
32217043
19807740
22552477
39907877
33224931
3320091
-487113
32448713
8914693
41604921
2704494
35580481
22956388
1163463
16279590
17132764
942618
35691643
40628809
16868729
16864353
779652
28140538
40458361
13148767
25890914
32240683
19335365
-768621
24050045
-30366
43418011
13329722
6198147
16862655
41857943
41483008
16620495
9095723
27253755
25564862
6142142
39854935
36750389
11096036
37576999
28408907
12298207
42313998
22243774
20076361
32847490
36125133
6576725
25125502
33560064
10845998
41552879
38016260
7842924
23010130
8854594
634701
15206495
38128319
393196
6811888
11525647
36603001
24448614
33595588
683109
39312642
17135014
11547202
25105600
27678406
238103
2110829
7427109
37818073
9643401
13238765
30224464
23543061
19234577
20956931
41854871
9306409
22061613
16541549
31227178
39122658
42458101
42046787
12562171
21912075
38237710
5299479
8870000
42621793
10058616
8590961
-237831
12886085
12004148
11218150
14832348
36055248
13084026
36604313
7950404
22233273
35042384
991065
27664293
42499588
31323028
11968568
19241064
5384594
35409000
5317743
12490875
36613396
13852307
30467277
20154390
19109532
4752718
38105852
4551104
11754722
31370642
28623544
29441201
21179764
30590129
18032623
245135
7054425
10265499
21936203
24008823
8545215
21448513
8436644
24030400
16814741
39106930
6992960
13908405
14089864
16655593
41846043
23734561
1590034
42453584
2509900
10291670
27202973
1013949
21546812
37382766
38753882
28191576
7499124
20800787
2819226
42402254
3533887
11477205
36517084
6764908
21069236
31334723
6649094
13196124
25277714
22517505
2663304
16440256
2301474
20588467
14978512
25241031
6317502
2664857
35081004
39939032
6780791
9825922
26438924
5623127
25752103
6662856
21579997
18686514
15012924
35662314
27253552
25120951
287241
14055461
1409281
27933551
2280784
7231811
13589305
83161
41889809
19124670
37343405
38657195
33107550
13744372
26462872
4987684
42369065
15259664
31653948
5761521
3734186
40369189
15593069
9844139
27573392
32686631
40895331
9848468
23760767
41381680
-283227
27663918
30668840
9560937
-929150
25528725
18367424
22867864
39418952
8753502
37008071
6713256
11232898
5877915
10173254
34097075
36472807
42834779
10283572
23164115
30622491
37355216
18743973
10071430
27204639
24195184
43051241
43390579
34233973
42973168
10163729
12539185
13292222
24505760
28767414
27516903
33983376
618557
28212456
6842396
34121138
41688775
441625
24468096
5985495
14955367
11552708
28216279
22461724
23100423
31901612
3937038
34575555
32444208
15678883
40672353
26836478
34367791
8463693
35375719
29860364
36114232
16842159
17228555
11095457
36979804
32213362
29564790
12272340
40043866
17920224
2122257
7105620
6461262
19251655
21055505
38820327
3202387
35593363
37484868
25477677
1894413
12745103
36769966
14543817
30576896
4775572
39019540
36709339
20476787
2508943
17468483
7224243
20762530
22034032
42996088
40753483
8056032
30847799
14295252
18836333
21787127
6949897
4421769
995699
25410183
29209101
29785657
41298345
26159632
21377317
13914347
14304444
3727610
25520682
1207898
40724371
11164249
22463994
9636482
15556730
23261107
38982191
42406249
18724902
6289838
28849439
7435126
7301773
40832577
28158008
9563525
3987070
30204254
17611920
9533455
7276985
23137110
42390239
28612062
9537834
21629140
28941776
42780832
37747266
14686254
14629903
17668129
28324632
20322079
22281238
6225258
9066448
23204937
9526806
27719783
29470192
24957074
2982553
26740942
11250753
7123008
130019
32183621
4358462
16697963
597266
40010048
3666485
12327758
36189060
17150434
38805369
13567056
14678062
-177373
19869723
34952291
7457264
25306149
5537855
38997318
34955665
6792177
8853030
14468888
20011521
28558511
31796993
29766564
25434367
25264813
11550651
11163571
35505856
6868358
42897970
27348515
35984929
26710683
2279178
16849976
36679912
9686278
17255364
31290175
-610929
29203310
28812972
28506019
11224384
29558679
5584056
8817253
31931569
11115170
42116089
15239692
30857296
24691511
36353637
7322211
6315538
9600196
17696639
20994010
15432905
34987352
20799525
16827249
17636846
14645856
15060546
8530972
22482029
34383498
41546756
21260150
28120162
19037100
19318866
25580947
39400359
28697915
14479162
6615954
20500823
12264823
1161826
5613503
17362136
39560600
32536542
6196893
24846202
6319102
17088177
1109714
42745137
13672783
3020965
15840772
32818217
273263
21997075
22178157
2119270
17941538
28848846
30227547
32206705
30742687
27849841
43428327
33150538
28298124
11015056
1062327
39166886
10838222
20790810
35875413
9606495
43486584
26478951
-231957
84420
8322049
26529923
37866240
227394
2641809
15707281
12440383
3522764
42618868
30910016
36683183
23706811
21918548
1086612
43190720
23738670
36230348
24037886
13809799
3485554
-585534
33903521
18847772
27837971
11558197
19120270
30365718
14451870
30439982
6075349
18480297
35658741
6066492
29731864
15024610
28819587
8951027
2175840
3471979
4602546
41083544
17370273
22349494
37708714
42741125
9439584
20761128
12183416
3299274
5394226
39524444
19238077
38006855
18391595
26821834
36752189
14113134
2143442
26343548
42092838
18222565
30036181
41476489
20949102
2876321
24056082
24281360
10675004
27984118
25515450
39788223
15279030
23601349
19091876
3898952
7187660
21026311
17628623
12039516
2574414
29450652
30266316
25803059
21683818
24181880
8698767
41092010
20671906
24810731
5592155
19567834
32338582
24647109
34605383
17100364
1968856
8711836
5565668
36904122
32561354
4103396
514725
7295115
7179592
17798134
20589232
36343218
23499121
29914086
11017505
13155076
36454016
39912246
18099810
10504439
23883174
3435737
16266482
27619434
3519494
1312510
19680255
19770535
28148375
1399142
6882657
39672246
1578406
20813288
20908345
44842
11883037
2342153
8516535
27816900
35779379
23082125
29273265
17742931
16966896
4063252
6330119
28703044
32095989
8800400
40765124
37835652
39223868
1585378
28838520
36526057
22388644
14552670
7876804
16557237
33047372
31213590
14755545
5289496
33636012
39746906
21800471
10381328
12806139
26974455
15981159
34430931
8420481
42094238
36439636
31528158
2577517
7608929
25302173
23127363
6207738
32846830
8618922
15814437
21399570
6898368
26116829
38597473
17516680
6224813
11481029
6773071
4748433
42866401
23287331
28327704
5358156
38170828
9929064
20049029
39743627
37560485
19101568
30343780
34120317
41979462
4383498
19289267
39283511
34091293
9134869
1585989
41967557
37674417
42903105
3500654
4133986
22057486
-810077
42564240
11659005
23079030
28056183
26808442
2814284
26815216
11415236
37126519
40598902
37719211
33446939
30244598
7735420
20766392
34338768
12034607
38455210
