36060590
38549277
12394092
39832593
36306615
28962321
15853277
15155236
6309868
39591981
32795680
24055893
25634222
42011714
12630308
17361133
18472641
37106880
39280320
14337378
34462804
9328751
43082277
26784876
29839186
8237415
34805047
37426206
23964898
752972
38108531
17830215
30179434
12545922
26843094
30884166
23578452
18878626
-216105
16446251
42001469
42333835
25881738
34182701
43489670
18173060
31279266
38288172
38905731
33758574
24224041
4255225
42268046
28498639
22226476
24718802
19516920
38273815
26731155
20931649
9464962
26929263
42098066
5276888
485794
17667335
3267324
37345427
24673605
39554545
10060554
6872377
42978528
39235270
34757576
26989458
16439750
2801389
15051131
-646111
34476386
14922318
42656078
34240574
40662017
17338712
25142319
8109552
9985320
5395533
30184520
39997629
154303
8349777
43009436
6846240
23131478
13087793
18891639
4596170
30874025
23606345
32958495
24739325
26412941
10814445
34622829
3350715
30782824
-379974
24152127
31666348
2601488
41346140
39128369
16994055
37951829
31689877
34748249
36000843
8663451
9998204
27883046
28663343
17992967
3601608
40935575
1387389
3215280
41388562
11906602
32797075
43526234
30162266
39763377
37717071
26448091
27891324
16122586
38809321
18066326
35167639
2582494
33521932
39216919
17717628
18211320
19430820
18700220
42355871
28735591
37939208
42741909
7904828
35291837
866461
33637379
37591580
19164643
30677124
13846515
22652366
15777046
39654137
8652231
7363048
5925945
-756115
3227957
3350510
43318493
43149463
34715108
26584474
6205267
37176769
32832424
21768349
12129293
14812603
26094695
24617668
39573423
5738239
2448584
3699775
40150979
19930773
12668199
25639844
30415035
12667337
11652008
6156778
17208919
7533040
29107591
24909437
8630707
33766245
115664
9522816
22440476
23376100
31032193
20356156
17119160
37967292
34190652
-138911
16062764
4037879
29573042
7395196
31118395
11327804
22005177
16925601
8428114
17485032
42297946
37197879
12262384
42053613
8648323
-932920
33424858
151262
11762405
25158128
21595380
23705829
946717
16038269
12767950
4583602
3963706
23734077
39667471
12191316
21287162
13732684
-159336
28859235
20504495
39758528
41870732
2358008
42594873
26899261
31614173
6138638
4741589
18480936
27516812
16599580
38353458
33799443
37226125
4713731
31943945
2855735
34224112
21948454
20823714
30223756
40706128
25028224
1837196
16969287
8568724
29574836
1283993
37171357
36906230
41284769
25619195
28206500
39741335
37505613
15048348
18906158
38472293
16677905
33383954
16241998
-395134
13456111
3563418
1695627
23817563
20609486
18606704
34750977
8821022
36290586
4390342
13653030
5761732
5552539
33908579
18481901
10404684
14951654
20466565
4706256
33824753
791625
17602279
36588302
975353
17020506
31294409
7604043
14135555
29217338
38174411
21839103
14764287
33097297
-696159
2177017
41222369
30010883
24736828
22364725
32126116
34993748
20791719
32582871
6405082
16910825
31256665
40207335
12862022
31556931
1918234
21637374
36963554
11206937
4175172
40773734
37418339
12379040
9287723
39225521
19037061
20594129
2065906
3933286
13881104
16931793
27817005
14175044
27535909
24682825
1975906
40892225
40296691
16031619
21885012
25865144
24985166
37459594
23714222
21521372
20372866
28504221
40569600
19442569
40471260
25765326
33671384
28717278
18510676
8727767
17767446
35647846
4678556
41746283
41775471
21160100
18067581
42835759
21407378
5767533
41882487
32936381
5722028
2706953
37434757
26027336
42053404
697688
19802297
5921649
38117779
34117532
37484460
-981779
30079366
32619429
36662323
5800447
7887907
41412420
3253298
2333210
16394680
1514527
10544237
24102290
17779133
2381665
18369320
39537137
3779671
42362489
38933767
23507808
511725
21693476
10460118
30078033
15598533
39078933
36876154
36972053
23397506
41555173
21055673
10317282
13669885
2268913
16233379
39667283
17774370
12125293
40402213
3627767
39644436
292879
39530515
41760732
31756542
8474628
35804268
1008279
9772441
38306479
30881148
34431951
42656646
21810713
26683129
13851325
840400
-518635
37951979
25226123
39692410
41643541
29891981
1000600
42170464
23500471
12426967
36807048
43015969
9329101
24391377
9415347
21010577
11658390
37882493
24462196
12635766
9487058
4882785
16137303
32625807
43232729
4969631
22216580
30110772
7917986
34441695
340554
6672293
14816819
35508095
7368456
10190484
11077494
23849409
10504556
26853874
12202288
33595429
12721378
12633510
8168534
38294595
12341179
26446209
12213572
26249436
30216532
34704470
28008341
18336206
29179779
1497529
20435319
18083515
34737953
1940599
39698958
31262462
26385025
28136328
20808507
13624173
5821891
10734305
35638265
3344838
40560015
149603
7318019
20778966
22433680
14613479
42094996
20625883
12672815
9172853
5061901
22831830
22519187
42635602
2125476
4919225
4015058
9953704
28744842
876288
17157545
36952575
40996491
12425164
16951228
34637117
30537906
28567568
14332472
40551172
11295869
43474043
35017642
4742887
2873703
35305838
918080
30854398
13665536
939723
40785886
3961374
22417908
36548393
17940981
39086849
24248412
25845098
33413459
-576010
41788052
28832994
16839233
28912136
39238236
29783371
27969722
40274802
31113871
17981184
29106522
37770150
33138809
5331023
15454772
1426899
6371048
23212125
43450925
30962237
41989800
-179870
24548457
43338365
11237959
32694168
11489592
29813346
24122939
19587784
15448546
43143049
28419892
25570513
38980816
40365752
26765557
6011406
40454791
30534202
34139336
42277938
21546694
546071
7785836
31772937
77799
34410450
28823714
2037208
26678236
9125030
10904657
26744453
-147888
40695960
40969684
19657699
37561038
9466108
25384471
17941881
33617289
-11485
18972656
22082828
41468949
3448360
20675371
40672179
542716
29230810
21259373
12898898
43306846
18508089
-666459
37105953
9049861
6034623
11419051
29382621
30547379
3610462
542269
29275907
4937142
23049001
13810915
37550470
34512891
27851485
34938848
20920782
27624403
34207349
42233788
19233120
9291207
5036011
38807471
17935237
36974228
40698719
34491091
40302468
20612143
841
19780021
20181087
39453336
41991154
-948609
21402417
30893326
6901974
15473544
12405278
2790675
37082723
32596207
-894860
32049387
41932796
1090971
43514349
69878
12393665
23108088
29437203
5421119
13260053
10419113
33479393
8053605
33281635
18822801
29661036
27770875
28635071
20643147
37732771
33536178
-814542
6954380
21494109
40156753
28771764
43112320
2491052
3036345
37818654
12172573
1528724
14976456
1906688
10117729
6243839
42046106
18091783
25364780
7269754
36816896
17354181
979928
13973017
1353273
5823908
13071174
9697074
36556802
33553109
36431938
33172371
24856093
34627185
37803282
9288787
20207648
30839508
6691119
31075325
6787567
20721099
39354834
13944755
13135970
23134000
8913019
28904173
24260431
15591468
9144144
38811176
33511370
30017974
17150674
10728463
35761126
34595951
7985001
12035968
729396
28837724
31173782
43241160
5977793
39006665
9956014
17137740
39379926
1272162
6983505
14095312
10629004
30310327
6317164
30873012
8424307
11498900
40601603
13088988
29733769
2713849
28976509
24359006
39523733
10191504
21101208
31602202
7207329
40706598
4617885
37997965
23148869
21902339
30971445
34540371
25529517
21042545
14695549
34300051
24577430
3668265
20103104
26175510
39279629
7760443
36137186
39728679
33112275
26653025
689376
286553
40858856
26044317
6149514
7809865
41138896
18913727
37556882
25378623
22948528
14959279
16389124
1090720
38502452
14099475
21992890
42474129
10582899
25128893
32367977
-455528
2373045
4402241
19248718
37630469
41447241
13290447
30951870
20185025
34358802
21785230
18888821
18023985
43142223
15653687
36791455
16145348
40702483
29771258
866710
5417914
39939580
17768218
21689683
29490519
7080615
40805584
40824751
5256742
22492035
27135922
33127448
7171705
2573900
2010054
10326490
42843163
30184448
23277430
15695545
2959442
20709937
15320782
24329773
11966865
19444478
26011880
4443412
22071760
41000255
39733495
14317488
11055341
11776721
18524827
18559436
27939792
13345566
12051705
37405686
41017621
34510255
34448021
40475841
13962087
6074004
35892924
39939304
780721
18790905
18393688
14823709
22089593
39018980
2305572
28468564
18843382
30133401
4317540
14668389
6059522
3103936
26157862
19042937
5480234
19916409
8029650
17056792
32625139
34777596
20285916
43442570
16429135
32881895
15186565
25759120
3202918
32078966
13789815
32661492
42620254
11481164
3717457
15376603
8137322
37696701
21301695
16556890
34585897
28887227
17687635
37364359
1730886
3978918
39908683
37258624
24417088
27594289
42844296
24977362
42300329
34857969
42791247
7352508
26839663
3022307
6392179
2525065
-449842
9611196
25014367
18912969
13544356
37131900
2627717
4683967
1757592
39856306
12623434
30805977
311003
43059365
22044427
6388712
11392423
42942514
39161976
39447832
42790874
14927663
-464511
31503197
40858168
5486860
34705883
31468489
10754587
21228209
34532217
3035341
15235934
36855874
22417400
28318427
12985073
18145491
41396621
30487407
11221851
-80531
34658872
22139504
16431802
34661929
28878197
19525521
24665579
24691875
4764748
11589860
960165
31708485
32200365
24013163
41363734
32997211
18802769
11476572
29629931
29912891
17847464
-252131
37570906
19184345
12409778
31629596
25452243
4242056
10632078
26489102
4563573
10149678
13252942
29670561
9430485
38593423
4933625
32112259
10295357
1833209
31128737
23960290
-727131
9068031
29052188
36807081
17778258
18624761
19616397
35457777
34642113
22695749
22503287
40566676
21297221
15861982
-433693
26970671
14279424
15293174
42809045
37487461
32386115
12231847
33113361
32649329
32696574
1437269
-79077
30749231
5802299
16724476
22146667
4591797
37274876
8048735
6128870
33055747
27183341
38764016
15884021
10162756
9852156
41630840
11397763
26809084
731017
28249615
3528894
20381710
28115053
17395554
36982384
10630565
3578400
25037076
34444850
30216958
26658927
18229226
11836580
16603752
18323130
43170039
32507039
29577135
9033426
22832563
22447767
11886491
5159678
7893228
14063522
26750831
43134651
26100420
6031367
24684382
10638730
974186
9537501
25628153
38194600
2313155
38705647
15472890
27231023
1270850
41544153
30999836
7496575
8934116
15558865
19313409
36936106
23913238
32724913
9926375
36912382
18892412
42105200
27640602
41527884
28207568
21202233
41677398
26663897
18411473
10788082
14044407
3436364
6482997
24740778
40791100
10514525
11405676
29582891
15145
41510479
22993594
21708181
11135676
17435298
31944716
27830951
38384437
38722076
25942307
28499469
39043511
23243728
25751493
31736170
7784473
2019255
41659327
30403087
12636348
16826516
11352758
28978222
16620003
28006552
14274226
27798600
3170914
11641153
34144845
35191801
20913140
38502014
37361964
33940569
10999128
30935126
18108258
40775815
34037259
32267937
17389946
14723852
29787412
16782762
12510885
5827563
4576285
5166198
35331350
36258132
21049801
25108217
30891912
6896782
17905919
1652134
29278993
26002245
33909027
3011605
7999738
14013351
5600311
27393825
16527091
42046457
38367075
33761883
37741829
18769266
15133956
18508191
4343374
41249135
37029034
10032723
2949886
42959565
19169114
17567297
35769965
4485927
15681951
27513312
17894333
30280854
42809343
32282980
15425801
-602006
12453525
12971490
-582232
14356037
8797741
10394673
10287617
20228133
-352944
40202249
26440691
40327568
18345861
21719195
-149730
9538890
39506636
36440724
37660933
14459343
35884401
6933745
29658432
24917616
41438530
39202751
36367550
9883908
9065745
699938
41349452
13010919
10258901
10338408
37960717
23397910
34356374
40026448
10613865
19703080
12036984
2495779
1617893
18383072
6730213
35964011
36693848
5619349
3737651
19499843
9550662
29385185
9036023
2649858
26971436
19613661
4082374
25877081
34283676
42396187
39786272
38369666
29437298
36097976
17678247
5056498
40131666
29513543
39656256
19653302
37643173
15391906
29243367
3015676
-151577
4811829
26309736
1714790
40950762
14376619
41739714
29414192
30328849
34907900
-651359
9244762
28266258
24199202
15339231
39358560
-388604
33378492
15737671
2658883
38645869
923765
15062218
18595027
14535224
19348797
37937520
24167228
22396992
36824063
38902242
37131459
14875893
31780040
29304066
9193933
42932200
14220101
6418539
28908955
-206777
35374423
11032535
41769993
4131149
42751236
14096428
40678275
328384
23299478
29862316
15141384
35031945
9944329
25733990
11363658
5660526
26531929
7959305
34631914
12768464
11812959
1574840
12508908
33064158
12637368
7252619
23709853
42166449
30688339
7233299
14009896
33423752
22880588
42473425
4244653
22225332
35378855
7449005
8691645
18545369
22672269
8775886
14006034
-373882
28980155
33987163
9389336
-368341
23047044
39745693
20887446
12598768
30176441
23259114
24437494
20282156
14099248
30953901
19802687
35561018
9748365
36197483
28395981
33078455
40038881
8755928
1263862
15427218
37533128
28306310
37980818
38880213
34972398
36510767
35081118
42796886
23716123
871230
24901027
30265962
15293454
21876700
19825053
23476650
26361735
3434200
8718031
39632493
39669795
39162494
14491646
41268005
10746004
34049711
26686573
41612448
17109702
21080683
-7136
6900840
23665420
3899223
17720617
22171933
1882375
38207852
14140500
14252672
27699673
2923953
28461346
10573178
10888545
32354600
8610563
8225223
33846838
28547032
26976053
41222414
22119333
38773528
27271695
18365152
28212898
37373759
18449306
12677496
7872160
40478152
13514193
36691526
1681180
41138922
3680650
20915694
18301813
2283270
12216095
37059655
28831206
20159252
38053972
39365019
24958919
7312185
14407077
28783806
27609723
30623132
27383885
41134415
10285627
1067859
15722854
22266642
41372826
29383968
8580724
6460549
10549875
36495800
40448761
26423105
3664807
26602505
28053098
2970493
-10180
22726182
15770394
-638200
4284676
9506859
41646114
12712476
12549410
42138913
9268193
12558481
10639047
15613860
1235109
7117118
6925313
36404668
39515850
36640787
18205513
34626245
42789798
38684498
7472580
3091594
15498618
1074156
20898417
30927502
25759747
43411843
186196
6037383
32344895
3298817
14864283
5611073
7604874
7223820
2231414
29194372
35425805
-36094
34188370
22702300
36428140
23467694
42051620
30212047
8557641
5213126
29586323
37916392
30470840
37723084
11729917
12489211
17449736
31840947
24646197
35521797
7018590
29634234
27617348
40524553
40277399
8525949
31079677
31601947
34808735
28083355
26379148
5954917
23154649
22801955
36094670
37041731
30707188
5390233
1118612
3480539
33231485
37750602
31726647
20986979
16704966
40156527
33484320
33851113
7973016
23437903
41986044
31146212
38254153
30026359
3044464
32545498
27783033
11361377
10444189
43045627
8517207
12475047
1730837
38598287
36270913
28798681
2306697
27408898
5285051
27027198
22855553
27249100
36457477
7149499
28574643
1797643
7691811
28792933
26961583
34483104
14367987
16692810
25447627
28178250
5608732
7081291
41603319
16593452
1007846
-30184
21553992
34913390
41626179
28522802
9663999
6328836
12371445
8283636
29223329
8096657
16038145
19565144
19363548
40851746
13034982
2073890
34184502
2234298
28581881
19437098
6738780
29636418
1172491
16774122
21111895
6445084
6685359
28502887
28574591
-977463
2011302
34435700
14144598
34600998
18365536
39473811
31276581
7323847
26632344
41632975
8167561
22079463
24034261
26763110
17532087
11183868
20296810
603528
43531008
23681173
42759843
24396737
41683985
2236317
30058863
16679100
13088200
30046022
2626042
32705956
19083757
11560698
581717
3999464
35108745
2571132
18194829
12379813
58260
17136237
30769782
7675739
36773920
21638066
30936698
18409880
42449752
38324747
814122
34391207
30786301
14641865
10785463
12347872
3870506
22587309
2338729
2311214
30343901
27550462
18770660
31417842
25709785
27362916
15138518
15828229
15003761
21134822
13344698
6559963
13176459
9512949
106580
-25134
8611223
40207440
40316865
15274433
22835908
20075283
7152704
921420
41630645
23813879
15922753
28837350
42319363
6691069
7594391
32873972
18463062
35170599
24236177
21039094
7371158
15987097
33030823
24623646
6648222
29104271
25877975
26766626
27767202
12423768
2810372
13911846
39930876
22768374
8313032
32606950
25392931
5869941
43497991
13609298
35414131
39984833
19548713
24118994
16480391
-690638
9174879
2070410
24098340
21693312
23198655
4105593
11493126
38937963
39549843
14559697
10427226
30718283
28348150
9075459
11838292
30077139
15605680
30217996
21154047
20577651
19082918
20007710
16463505
16681062
24848728
4730050
5092658
21943077
5312655
42849170
37223782
40944964
17457246
35167651
7346113
22868619
28138204
-126461
34219234
1247463
41824971
40096728
6938024
-506177
29471103
20594690
37110918
24243513
28205909
29435259
12712311
9005192
11576987
14640747
12150371
1575271
33061685
34200233
3284598
15712486
27046565
14296845
27243028
26150546
2549102
40617606
19025262
5086276
26806112
12297417
41302549
33986205
38951865
9197052
10708019
16494025
13529995
17942401
23778335
9309478
10305824
4090621
42645894
7844130
15452271
90379
273369
18210830
19703839
13638531
3421995
25468610
10366662
39269010
33954322
11912000
23231333
9599897
694743
9150682
39143580
843367
-366910
30489913
10705204
20395935
39375597
9433026
2746596
14942768
24083120
24271595
26203466
14349960
34597062
30036638
5392088
28668471
21743640
9464243
17967059
24548980
10954686
30667478
29819093
1328090
1861066
4681983
42935129
37422557
11827953
-741294
39593437
10516247
20425980
7956721
10530510
17733254
22376501
19069384
41971050
40736960
37029907
34283002
24795048
11475582
29978245
24128615
5230527
17964852
39226501
42810354
28890147
8250244
2192365
33607149
42594671
10654549
30388411
29380443
39120630
9250239
427143
12158017
23693260
30457471
2544085
11557081
924369
27527182
28497396
17805
19587533
20209760
21542286
35759484
37844736
23912397
25792285
21362922
12542029
35436411
11756080
4229994
35977149
41490117
9262491
27907806
10984668
26197675
3230225
22962957
7137439
6772477
15636542
33227327
24517901
41935362
41800037
17282830
3055616
28454884
26940143
22106094
20818102
35588013
15245298
30781540
40404359
3687057
3040065
42288050
899729
4520680
14230850
1846131
23275312
3658184
8255134
4501212
26328811
11988232
37652985
10543268
7750160
58123
40047353
38323928
39702103
28540884
40553660
10161561
6155958
42531099
39300613
25571551
42301587
2564554
5094308
18078001
39375729
17778373
29703940
42734695
32480752
35076920
13698510
20385921
32175469
12215454
1482169
32786592
11510068
9471048
34821895
23592707
14882613
15593642
35507267
14226463
19647421
125638
29496887
19727077
24878884
238116
9022866
28174452
764650
14440985
10733562
13128217
6579162
41770104
7301123
11224998
22971789
41672735
29356395
9681123
7657723
10440484
33214487
31765374
42887713
42509757
36628021
36225153
10251702
34982988
14053858
36630116
38098910
37606594
11892041
28675240
38452332
25105536
5164377
33877282
18228770
27431946
13127444
42170990
3903163
2912794
21213993
13394070
39713414
25383859
40675977
3645537
2062546
3309039
42156378
-651171
33434307
667862
19817045
21684093
30575599
7895675
29560234
35528212
15488823
7213768
34318224
42825265
30537993
8524480
1253128
39864411
745291
183407
8469875
19446159
5317705
13686290
11461780
28525522
38600521
36572796
4069335
6695813
223952
38890848
31420316
2047188
28896616
38755017
910443
4040091
33606735
40013597
23438578
34943573
4991785
15794693
30373419
15991887
24851336
23811589
103704
6424789
29373915
24639224
5843271
30270406
43526668
9017461
1182931
8056441
2704535
1111061
20346268
11167325
24394091
35075019
7557745
21987042
31536488
22057402
13233096
28419060
16058507
25350421
39062825
13870186
16398353
18673889
17143592
12154089
4541532
848669
22237809
2739170
5017306
36784048
18845898
1809466
43095457
5356937
13387194
20159221
39392308
7459071
19732407
30051708
6072451
43123449
11396271
17883537
4443843
10661631
38198238
13777702
20923303
42455958
23647754
9559080
19122836
33492366
34010627
34662467
10718131
-670025
30405021
9690004
5729657
20934359
8628880
15418490
23539295
8442165
27169122
24495950
25280807
34350862
38635990
28123734
15618092
4023950
15288831
31470073
42098460
31056166
33166595
9225293
21087734
42023044
12075008
16248685
37827654
15450913
21472735
29146747
2303221
37722616
23020908
17908358
5776740
13425806
34909900
24157496
11332416
12937555
15193703
30863103
16778591
19063724
-154375
12387141
3987387
1316242
34436880
6312821
4781233
35664749
27910342
7738293
41611375
5436638
23271747
30036896
14898250
38050816
41817055
42708158
10945423
36990300
40014130
12706655
40584104
20983652
31265245
18183130
13875778
30767105
484882
33634595
41652089
19819527
30173398
21260321
10860079
20807158
6563241
19824112
38935602
-642690
37929278
172153
40524622
20478382
33883546
19272230
41729283
34565541
3938267
29182225
8245272
31414623
20453610
34111659
31170770
39003462
4912401
7917110
12956673
13641833
21645787
13925968
25062549
34315513
33619515
-517350
9395122
13396020
18851120
2274720
22257499
9661028
2369805
11883001
22200974
41210640
14951912
29863073
1342864
34117218
34006043
-918300
25300156
25284051
2881340
32580354
18699554
5253339
3088064
9607950
38777323
18861183
15566911
36066836
33349907
30163688
40766201
40856539
25228134
13132066
3042558
26973326
41341771
36121448
-825488
23055839
29224219
383659
6263959
16685471
17946857
33235637
24603798
11865308
37091001
42473228
15259857
14686713
42892585
14044566
18356331
41143395
-116325
9467599
13426963
21132096
2236542
41441226
21653562
26056842
37011053
31150373
28931728
23535995
23279602
27032599
1264495
6501718
22630963
35949566
39140850
4599369
4346723
40611964
23300372
34009827
39739066
26242238
34430764
23072592
12252074
27676020
27579179
23308051
24915250
21996542
17431405
3192864
20903534
23745184
2721683
691953
29721774
14544453
16361258
19651737
25854089
26896724
37644948
39750319
25362558
29366457
38219303
35154114
-446483
19133413
4974069
39446486
10278710
16776043
34971298
28008390
2075707
2465769
13916752
19046338
13121185
37414921
16835497
32942555
1613615
27277052
13152846
15716719
34013538
25503566
670593
20310797
18525906
26600542
1317149
13474592
15387107
32825052
31365246
17016889
33062371
1890814
3266147
3697872
1718103
16369712
20004892
-744634
1703009
39943354
26090038
27037939
14725321
-122172
23746865
26801252
18222089
10184679
33458563
23333007
21691894
37410888
40252270
15620898
5726773
38389371
22479071
39827755
35416795
37949701
40771270
641398
3330686
4500674
22438077
1896271
22362271
19489175
17532405
8098254
17924093
32263648
37723873
5973613
18199127
33390629
15600728
18984541
13255977
11151617
364610
17264124
23092113
11291785
35142995
40056804
35026099
21033139
1084908
3342918
30096029
38194422
11559998
37480641
9828706
41721256
32797783
42447239
7867394
29395071
14918506
18141581
9011820
42981780
7775616
-180132
3894243
22702484
13736495
-266235
17474290
16993638
32993815
6315875
23533597
32865460
36747462
19770018
33027364
43173044
37407699
21266318
43088675
27726945
43312582
12252933
42704063
21830552
12763541
10393877
33683903
1482923
6381359
531911
2927429
5357764
22319068
23210409
7669906
16285955
26071380
26441296
8317768
10926989
19509672
40202820
25802507
41370945
27069464
5601288
23515414
38967517
1530259
1334871
16203900
42239525
17139031
3878777
24494014
7281310
3153854
40680846
37490748
1696390
32601731
13798580
11531729
16132764
4541466
25055199
27346497
6409399
2573213
15407295
40307762
17472974
13810157
24059639
10361212
12302399
1246478
24088544
41091630
42772051
32387953
16172307
38246127
29005889
27086670
25220795
7963846
31434998
30470096
25205775
2923016
26701882
101005
41232219
13671218
15796229
8996829
40284894
22365936
41257682
8882664
12369853
43495013
40950733
33715053
26881697
7371044
140878
8239373
15003097
8341305
29635214
6847522
2525130
42544450
20090992
22123609
22950540
11657817
30814019
4060076
-47334
22473931
16556172
32598635
10170045
13079256
40223852
24950246
15702550
1507992
236927
23092781
42400615
31476763
24856318
33627237
35934708
4416602
16360922
18075994
23909853
41326969
-323552
1861002
25680338
42445826
4869368
40802114
17106421
17560036
27457920
29625169
15184944
19003291
4875544
22726166
39532188
11123607
22306981
15476861
11974745
40677159
6364553
31846215
5788922
31311704
-772045
40570668
3294255
19828345
21434777
25177187
21698254
28784296
27738702
36470581
13656763
17489045
10229185
-586706
33850991
42320411
22395956
35169444
34579531
10618892
18313470
17295754
21862558
10877998
3907970
25613717
13256508
25577932
16260313
40448653
51720
39694206
21718805
4442582
37506957
4446679
25128882
33351253
21507499
41267604
9120343
24714786
15079113
22198300
24285265
3193737
42242097
35079712
19178289
40142271
12391137
33586183
30103886
36918533
39482592
25915519
21394726
39406072
3603581
8017897
36613959
42569765
39137086
3333333
7764417
23504326
20484568
30089627
4227083
-653089
20427129
16967294
27863468
21797056
17931825
26348738
-935941
27335335
26967632
20801770
30214798
15383815
18143376
28416910
28435027
6962302
39258606
26876289
26948487
-826352
10332358
31477129
42374020
7587790
4865655
40166773
18006481
17010841
21672
11422986
26211406
38938109
43087418
11523437
23688902
32566465
8221205
-199475
2965093
25228616
6047358
20707544
4501741
30830411
15687349
15917505
35620144
31777490
40647452
38604273
2777625
23315845
28370401
41766291
1848799
20413982
14714291
5901619
39162314
27121858
37708695
12465428
27195293
24160024
41119508
41241461
18572598
7957082
5148172
35073292
10324516
28064452
-266659
29651900
43347354
26827697
9083914
33370412
16884930
20503242
2159314
519367
36542981
1998382
1782941
35087546
27461254
-279438
17210911
32920596
9172237
38469625
37126129
7026442
41113994
26533967
39426469
33506553
41096822
31876554
25422776
15975169
2297540
16691529
651471
4963711
3348193
854305
42156738
8411587
38045572
12303977
25481833
34209634
-895835
33497420
22779360
37201333
7257298
21745790
22863990
21490449
37620376
23321844
9421399
23658618
28062881
2176693
455202
8275216
11939782
37170877
13673643
43284354
11210023
25229790
24681856
34191648
35574302
12117549
4991671
4739162
6258184
25647435
30460779
31508598
26131256
8753188
30454053
13367884
25124735
28240629
8130375
15875571
43421230
13695245
43176608
23690637
3492737
14029132
35010167
42115444
25800550
32669421
29461837
34826559
10307473
15079274
3271195
1269157
18644864
2175659
20520661
8640210
6186134
20305471
36388638
34138421
13021310
13830616
18904024
19105559
6679742
33208459
34145550
5812885
18051791
9449945
3873594
10043902
26520032
40293929
28141144
22119363
20323374
4157619
7344182
11477821
31253947
28725390
-177754
18632354
18140721
1257573
14858025
19319346
9497356
28418303
37088340
4609709
26563883
18226573
26184446
7035192
39202179
21926356
30555390
13627870
12067336
42282331
20294617
28031191
8769413
683420
4594793
17563064
30722803
35705723
22212684
16549135
24620813
26813860
23004801
10142199
8726911
35818346
7961945
30364771
24979433
27810378
40767969
16235605
10507360
36700737
27059144
26902311
40918595
21005232
33930276
29458771
29352130
8631315
12861265
23923300
25629411
42501742
42995203
34416584
31123187
34639946
33512879
28869738
431992
503314
14766732
13402166
41037880
12447503
41271727
5599579
8274223
41805186
21645205
5124364
27967288
38485757
38085469
634860
34926179
41571605
23200899
22992323
23807491
4050402
11886985
25770591
35309552
38276266
9466659
36514143
42649759
5189009
14036446
17391101
29161630
27428707
3293796
13380985
38197502
17633546
17581009
11208280
35945990
33939672
23687873
33856103
6382746
32128115
15440256
18115620
7330705
14681445
17312534
10334004
4879018
25317808
21394744
28753007
42924934
37299649
31647704
28757101
18489384
12782165
39298587
5340973
36162374
28599795
19981903
20013744
15645274
8370716
19898089
33557298
43247561
43022727
26110271
26583168
23210071
12976134
1837309
15793386
13434027
38303528
37156851
17654715
14452223
36608255
35024621
27465811
34357777
30167551
23659742
4370400
38828136
37799163
6811369
25336046
9953949
33553413
27422930
20230638
9610215
8191304
-698257
5413041
35170206
36387617
25570612
27156121
25461041
40980242
16608666
2723578
36550120
7213539
31656064
4034122
21539142
9788726
41789829
20435216
3739350
15419551
35155418
105673
42456557
33667584
11063338
31130978
6925836
7837534
6529370
30312093
27710918
42134535
6151297
9651836
6366780
13746174
30568419
43227444
18282993
13736346
3135721
15555183
13662823
39845955
18146853
42055800
15597757
4506244
13308440
16198968
21173798
12803496
33193698
480734
28713047
38050475
18366183
25358750
21100372
11122665
36674415
4863736
28612179
7989356
7487688
15913750
24908801
5712276
-9490
30022921
31954226
26766795
17313180
21877851
7187105
29574249
33762516
16114471
42117819
8966974
15379231
22573878
31841815
33848687
-375936
37052142
17092101
25821120
38401255
2963631
31287543
24410761
23949745
1910303
17453367
1302497
14752430
28324206
29522450
33367637
9237025
39968917
30108562
35291109
41413311
24990341
23752992
42585739
16734071
22387193
18173976
32615718
29289885
3334188
41052049
3843565
23680649
19039575
4131905
4778499
25905065
29027730
12330321
28425264
10892584
17134071
9145424
10425554
10244545
34546596
28855671
39395582
11660583
33167353
8172558
19723863
33613302
-486248
20227133
11070198
29909861
39285691
22638440
4116009
38671742
19092169
25255321
21229920
5324718
23040341
13592561
17289068
14039510
26478237
30544623
34547248
18376062
20070703
33037526
31450002
26126619
33759447
30097508
15424572
5238821
9969844
269660
38282997
19902080
9965636
2049055
19133840
34449641
21278602
21363123
10466873
37304602
1767628
25932835
28975179
31750733
19660039
16759095
14129461
13853983
2218021
20792947
24873252
14729067
1635628
26891347
11738282
16687921
543211
21388314
33387417
-775819
25169922
22617292
25588552
36190868
1815668
17116305
20259986
29039136
26980527
7755591
8715851
12705384
26496895
23807581
32997394
27259575
39443865
29270353
36092547
11687035
29478515
20574346
25719334
3988758
24990863
35436415
39003190
18545960
11943537
27004523
33180090
39095921
36694803
14953295
24278293
1104409
42972414
7264165
8868279
21092986
4775610
6477146
23916085
5674498
18488567
18560743
22586947
20199807
741966
5030907
11382331
26527528
8787768
131783
2974779
10373740
16755271
35117621
10152673
27223494
37404112
11061849
36767987
5434975
30931679
10215315
20654021
6488345
13286993
30606507
6360232
32030421
25413270
3777852
29265386
32801420
16552323
36697399
5631623
14028384
4051372
17254493
34952553
19561762
21245879
38690609
27583226
15987303
19280469
13976408
35164340
34655420
33413162
32146831
3345211
21060172
11171825
7313485
790750
18195996
21218218
16519903
4779441
35446380
26765291
8839850
41325554
39329860
2576502
9790000
37044543
23366389
8079235
24110461
38973599
12547399
5079578
17012598
36079146
6495525
8863892
22880235
13220376
-805497
24151081
30654540
15567438
39452277
34752455
31583144
23187499
27884955
35151154
33843217
22221695
14990832
35261535
6217534
20369997
15668225
28161423
42649533
5280927
26189586
21443057
23045553
9567936
10819413
33381163
18069166
26110634
30203364
15681035
42445430
15076778
30489371
40754308
23185678
30789767
8646563
25129940
27075578
9293704
29064851
2293317
30646903
-982969
17931582
20291407
29465653
29458780
9030755
21131939
38961191
24997458
30652905
32934609
8877867
12315445
7932643
30687244
36289527
35683988
26187689
13195228
18069600
17851483
10283987
3279217
32581626
37686633
21799291
40718034
16824447
30032386
30496354
28892778
19918165
33406580
32769874
10578352
26034066
8608904
15088415
2112284
13416450
24371334
11346729
2811791
12257164
33464451
16532220
3987775
2472673
8295168
34264205
35658108
2700232
28426562
2801427
29994747
17116098
2446327
41155347
-589378
37212024
38001180
34885201
26589021
18653071
3893003
28189778
18589928
7932218
40638795
16905821
18449072
40658166
2808833
13717023
15049907
26125077
38403437
29149320
7474738
29253176
42222977
11660977
12638825
18377151
5786412
14163641
12890385
21761605
24209831
25167814
21323605
27834717
40438435
443984
33186368
29981218
20817539
19051344
10808371
6668620
42174558
34896595
2050955
6672708
34132066
40333915
-88803
27061803
11469370
41600207
7875486
8641624
33306324
22461241
11865456
14786360
508655
37064033
31143235
2170063
18808356
42178724
41571390
20467104
28767556
29850534
31733727
27613953
1948179
37749221
38220773
3067854
29072581
-585994
13051304
1051720
36059435
24729198
14782597
36433057
33678665
43119895
21249482
14070203
42877115
30408213
11192030
36548190
23842033
19666500
6135762
40901665
31516626
20197662
10309711
18891444
5342323
31682531
2790355
42615651
32305720
27539990
11436135
24883065
4026341
37243824
24905705
35581604
17037985
24550918
39825163
19021124
27539078
5858516
7651016
2015549
34156040
41580221
25332074
42153366
12078595
36538658
22842252
26739133
20487782
23505916
6228619
33628523
29981616
39155133
43090681
37334384
19199055
3304495
36762328
32831624
5895463
40847918
12292132
41204923
42102965
7758809
18755793
29609705
19021195
343668
33109640
7221556
20988458
38091062
42620501
42263691
34984504
4178810
12154391
43106374
7328899
42508716
40645960
33805826
10886146
17769156
40495879
24736369
2211436
13414039
26204341
7615536
22973769
23145525
4092129
26911364
19648421
30286419
22228684
27920224
42669528
40738227
39987530
18661091
33654700
8029427
13829542
24709174
20194085
29964131
15728589
37264997
5478990
29706877
39805670
626533
15410849
2236994
30714277
19946529
17023517
23256090
6588580
41748466
17382363
41386230
42594154
24386189
8081702
13358533
12578102
33589698
2773466
4986414
23134126
4680965
21215962
21748222
37493323
27453157
18515083
32794909
27827908
36414872
41896919
16412869
41230002
39106032
20151587
24887256
40191201
26535138
5955138
14269248
6501231
2115948
40269806
39126069
33346759
34433142
38834477
10551361
25040279
1606314
279138
-714853
32341910
-171065
4194321
36274804
24759288
35196786
25916112
2775169
14216781
24251465
35130120
19557056
30617743
41704493
14859895
20788384
26515257
30620146
6956443
30143518
4202943
19809568
42281086
2132975
29328635
42798107
-817829
642697
22305089
18467803
19645769
2905790
3409389
9432115
-35418
3275767
37511827
22183795
18494884
1116818
20608060
14726012
42567284
14968587
27775943
9895151
26191138
31887591
19596162
29711368
15335322
32144254
2406957
23532669
32134113
11120413
25366821
3950878
12019711
20900385
39369258
13722557
38326535
36345744
39542353
37419988
13595559
15586756
10266715
25642901
3277196
7139138
8846579
33938656
7510597
14408861
41120301
42436231
21972409
-682323
39804636
28725295
3485881
38527845
16004820
-676842
35113183
12121875
18181650
37554938
24365211
34733336
13884518
20876891
33094426
21381816
470553
12172825
43313342
12991769
3555013
38132115
8729010
32930866
4591592
13836247
39256025
430382
7232086
8837099
22930601
10232986
15729564
43418163
30217557
17915484
29713916
5614340
3303971
7338033
6993205
12043101
-498868
17554852
9313306
28921540
39242584
1672766
2388661
13673895
20997956
25207414
3150555
36662651
21148877
20575756
12430053
6717159
42528731
3034918
33125827
25357230
28672098
6771903
43056895
13845755
26303731
2372423
30009628
41231025
4927157
31839783
22804980
27393924
32177999
32742062
22633585
17041867
27061436
33490116
12131999
2517274
19116424
32604627
26018276
41524954
5941624
20449373
18079947
34590662
28615441
11012431
30184671
38810871
26662537
40846868
25684628
39914950
14505465
29844258
3829389
32336877
8077471
37870050
2546800
9452929
205789
15484477
6448736
28735844
3716829
30840353
14336155
29620082
-561457
-540335
32035254
2156904
14505304
21300112
37673848
19468170
38369046
2890032
20667748
38287217
20166174
40372785
20981108
26533708
17443605
8399351
39480433
27117749
19857491
21404182
3911867
41001187
7862342
14595056
2610367
295211
1048255
10073233
36342481
28849797
9394255
36914751
40793858
1726499
37478809
8254769
1236991
-152948
20055800
40962861
872469
2483552
33863955
27061408
4718012
8882857
41832964
31547557
40825701
38548820
38692098
21086198
33627155
-980634
35781892
6237535
5150976
15088993
3065379
14378193
18768470
9232762
5223134
2117697
8824534
32509215
29326541
39021639
27278347
18278189
29562629
22849706
33361652
9371244
24320176
26823066
8715722
21122044
40277677
42527227
31057721
27257922
23173560
16241631
42546836
36702049
13358707
13660215
1573757
9503542
34227935
15923707
38412375
27816487
43119407
17371792
1172823
23103800
39203272
43250345
34758741
6523474
15327254
6183094
36973476
42495424
16382816
28774950
3190827
41504115
16264810
30338929
28671223
41051163
1238703
36586550
4364315
16449772
15979819
9427740
-268701
20564499
38873337
36007383
19247269
34886342
17112624
31118981
15891173
28342244
21220626
5061256
10755452
15178335
40596697
5890702
1682789
34966541
37939953
33035681
8151208
38024563
20138544
-771036
39379387
17778001
12459432
7501736
16194627
16249660
29624336
34208788
24042323
18586277
12443513
3961911
27033283
8280772
24980429
9567737
33886173
31742279
-103139
26520164
36441643
33316095
6581835
8823912
31528505
32553778
19847239
28745065
19204854
17698280
41911961
17205970
18565279
38233656
23727106
40041793
12043934
19217816
11661456
148157
28076257
38939675
12652308
28769838
26066294
9439807
30790687
40136032
9965023
31014969
36626853
13469720
42354572
17608253
14047545
25120450
25765298
29791172
1089340
8973447
30622346
9205235
39182523
26101504
8135325
-908699
5806054
4559683
29546781
8922196
12932730
35292944
40015245
20819333
25341243
5282927
39901348
37716338
12069594
18750349
17943684
43446046
9690150
18565459
17849217
37411721
15271235
3836278
28265743
20828500
12854469
11570765
30817677
163268
4676542
19340731
9336088
8504285
42330175
20510783
40600987
19967518
15684687
33549481
31619632
3476140
39772364
9310794
29309202
13651091
17759396
36049071
397941
11877277
27534360
5730306
13431269
-982822
29372984
20740135
11889358
40804230
4376098
11830648
16600067
40210569
29890766
5475622
14673525
9596079
12143408
40415629
10143843
9828463
40924466
41455200
29709835
10586923
11070105
27846243
14073420
36293958
17042485
36347736
15069097
11708393
40730559
1813076
20775506
5278488
32927292
21891233
1029713
20719055
21092184
3796409
24647708
16802480
14724944
39564101
39942080
42849645
-86224
18192823
11580167
34371716
-681972
38774995
30173938
7540133
41921824
36071299
586000
33409252
998501
10090206
15942415
10480541
3684721
38082403
19828243
27388195
38185342
12181502
28213100
30819983
38200228
30620358
7134233
35122920
19536249
4981221
31853273
3043532
33154247
795573
24892164
22537402
37997593
-942346
5763687
32409867
37058356
16271379
9449736
12327039
31892343
10731961
19268434
29173024
26280122
63309
19673601
7741271
17688850
4403395
17022563
30474164
12996853
35212183
6079172
-166543
39150173
10991902
21013818
24109506
41808683
23145201
6798860
13735237
4995656
14795778
38006542
37276104
41632414
13226190
16077206
23673727
5225234
11036147
39774308
40873577
25016986
9353729
18600623
41307335
23597895
31806923
13294560
-53102
4599259
35815114
38960837
541410
38406722
40781180
24376034
30136578
29854871
15125383
27813001
28355729
35324707
20606524
29740836
31172627
14253189
32287889
15235800
35074489
35700522
31598752
25961826
38966986
13212894
26884904
13556928
7779329
2901953
1018319
36101795
41090289
2111726
21175235
39214047
4652018
26142984
2375181
24248862
17219950
27936944
21739400
20188136
30732205
6114680
20275923
40336815
4127902
1438700
2129023
38674666
18598674
31115405
34624520
28424897
13675777
33024725
26499791
17697968
13613684
35802214
13520257
3431329
18644772
-31530
30459784
2968843
5312810
7558170
10089484
22462696
19138844
26665843
32239828
6618994
30350714
32729835
30666977
8046876
4758187
-591943
26713281
6587400
11300149
33550780
15503385
21264524
17628817
25370138
37359981
2058064
41079078
10902491
31575932
33459161
16444829
13688283
30557295
33409092
31476501
33951193
19999280
12957629
17334762
14720991
38674670
28030360
7449610
25321490
27192143
35670029
15255747
25034300
13548298
25559185
31653660
40626804
4212730
24004878
21959549
40338279
12891169
41322364
32982209
10265766
34163091
28952637
8818971
-40353
11163762
15383495
11351073
828048
11260521
4502040
5799729
33391748
26415457
36650797
20304910
26036993
4370402
38092739
33192287
7772812
6478793
17275752
5046387
20844120
36204649
30694253
41209171
846378
40654505
38628402
22140497
18119218
41678555
12351161
26051024
10591514
40977708
32126037
6828776
27147173
30740774
36016815
3899196
15363720
28061493
24792757
17843475
10692170
13946569
1556829
22863916
10907795
30966074
23334078
34491595
3916621
14066345
38764891
16048017
20086972
25715223
9074169
7702384
39346610
4814109
12510402
18652352
6382403
17964851
37830226
36402718
2923020
26738502
19952828
20265443
19163283
30133770
20657527
27158797
16381770
10411392
27414473
33447285
22938032
621996
5688870
9349127
2083687
21727847
6651541
30783389
28323058
5479757
38927344
22558877
41699760
978304
13043775
30175253
23256082
3259417
2314785
11868638
26127614
24604205
28757461
5678095
41073733
38309093
40865219
35253963
33980672
33907227
24865764
40438802
33320273
28197932
36248240
3586331
42801590
11958651
-8681
25825356
26072267
28777813
28914994
38012294
10856150
39066809
3814479
21623785
38472922
17956953
5422920
16177968
10490468
1361862
29879200
12994887
4435415
23748684
18079780
40546394
31677123
27372220
21161906
28613472
2181453
6497006
25448811
28916951
1671880
37672640
25171753
28892970
37683520
10640178
7171047
35769482
21329307
21149309
24089442
-149120
12110208
12949425
1646579
33691935
27900099
22775805
41934717
10522822
7364487
12031644
37419965
6526928
20142916
36548711
19296476
18313864
26076259
4034046
9193819
6139020
14225695
25679777
20091535
35047200
28600584
29453137
9413100
5547053
43376253
17132397
23405150
27323591
22242493
42352423
31125171
35013234
32561763
42056597
40001390
7566886
37382866
30254241
29231513
12146162
16017449
39645458
1697320
34820663
3840789
11997970
21226362
25141530
3145714
12057547
7125431
13018768
31226531
26041670
19333164
32201693
14311517
34448766
12732731
12206413
22410392
10438094
35265425
8296617
1226356
3739716
39132244
3106627
10107941
13149965
9751327
42344027
27273478
26567224
10246602
16020727
8920276
27743137
2746175
43452547
33981643
42495304
25594205
41258503
10312309
15651334
39842261
28536580
23340794
1592078
2939860
19986449
8245960
32521204
28051807
12515013
32562673
43380641
24368660
43203650
30968467
32290822
15158694
28406028
3040217
19515411
18692648
43026729
18395046
31897475
28034901
35793575
19892800
20497249
32613479
8684595
6000494
31900667
31211086
38936903
7412157
627581
35232580
21021020
5012360
41988063
38612714
1429261
15407568
28879520
11127863
10061680
94031
7419233
25956242
17893249
32399477
29263113
30281623
31421296
40539533
12595315
9955107
10474245
24577573
4173752
28410573
27395929
13901911
7325657
3604840
7270730
33117189
39030695
15207327
22538585
36638913
18112503
13301704
36453242
28572171
39981268
14121070
15801407
20013686
28689160
38784877
7439781
21235015
30929657
3758318
41086178
28760807
2046858
28716468
5904220
31531380
34047384
37741344
14645946
3157513
8950074
20297381
1547469
22685271
27822949
6431444
4472792
27703316
12145194
20019947
16422869
41014301
1935534
10801585
5562207
39048009
28539865
43252764
2765502
14971609
26510853
18140332
16634194
32709510
23309300
39450237
15052565
-95477
32150959
14203259
30695869
41450168
20612904
23531124
6925206
11351326
35907703
29511303
10473844
10936114
27106054
22037830
20583733
16917711
13568074
13865128
484440
21636483
7671039
25385511
19192926
38679985
10834629
26182674
13492052
31823581
3887552
-22281
26156469
39033057
5979092
20121389
30574897
42059062
12742369
34605047
30286356
37131199
16211257
34059249
9356642
1300286
43275534
29848093
19519773
4904928
7146299
5850608
33854087
2853022
41118588
28612318
12079235
35111816
9750833
22646628
24826977
2367761
-11190
22043903
17801449
26965890
36631717
15163148
15957934
17515604
15445758
5087864
18186780
31900865
22527437
24380758
22292732
32570385
39902687
11521936
39323145
41140253
22671966
14154940
32393920
20545415
30205186
13953489
15857937
36544725
24029293
4983118
12475110
17847598
7749097
5982590
18538074
13748232
1604471
805859
7018672
3030082
20652505
16837121
27272700
32644567
-293628
-941639
9089255
38223432
37956870
24312281
7494897
30587775
-637236
26511232
39664917
41308523
33537094
1050166
33918854
27037148
157639
27991279
24471423
6382089
33815717
36056295
32731297
42809118
4987818
23200558
24614249
33668710
21999829
12193125
33209910
38627211
38065111
2005814
15272182
22655544
18938216
42510928
42973601
30051470
41419508
36778406
20234938
25024399
2255205
30853152
6653303
20361516
9197924
16463641
2107150
21556418
41359085
22701018
29362088
26305707
41901016
13656719
9778264
24466031
15958606
18923775
38381755
25756177
5406132
24073951
40166725
21495436
5164811
18053801
35470629
26167035
750756
8763656
25981845
22070141
14200593
22425806
24403069
-423723
14097567
28111724
25782761
7436427
39321316
37842995
23657639
3980322
21843939
40365766
37725658
2510310
33345869
20524050
33940929
14866440
11261183
30300693
36740709
17172923
5001035
3420457
21323679
1406676
29061942
20491913
26557480
12293910
35453546
39811658
8109036
935479
15731270
33775023
12486974
15908258
31055750
36000892
41195640
14792701
37036884
6540704
42386970
30364740
27791535
8768524
24647792
10082879
19312107
13589546
12027810
11846773
30168808
21533564
7781519
37326075
41545762
30590418
40052160
26357323
13029599
29150559
17047397
21264750
22049533
6425265
27292438
14960984
35507560
11734715
29819816
5069564
25935834
35314153
11359853
33639694
40292952
3366873
25255701
28076291
21298007
33560359
21913752
29833926
24970526
40821344
17606086
10162190
18092119
26395754
23675136
8357948
11021040
16903447
42567088
21854002
2471910
15143846
24589944
30925209
30660307
5348590
2249280
13599286
11277972
10231196
41287663
12769406
36530227
31239557
30313154
27604348
42626161
37964947
28281662
13557503
32156155
42808692
18674533
43352167
42220946
32707618
43509289
-425532
25568437
18871477
22355219
29710962
22301402
30740530
41579803
40116696
29000590
18263542
16291450
23563787
28980907
14309448
25842644
33401208
33787265
-384127
20157967
30314668
39420157
39849073
14472971
23497145
4012875
32752870
16045726
30358639
40709985
24824884
5325970
19472335
28055366
4202136
28835686
41937754
-563071
12377563
5402943
-679421
175008
25001920
35472859
15416154
42600496
27278045
5340755
5839485
41311564
6711738
22692200
26708616
23745127
36560637
24625728
41822682
42400639
15412706
2452969
42288299
28577178
36848144
22159895
2315288
5476437
23859803
35677819
41169296
17261485
11342222
17840716
8818914
37909499
28011109
8875978
5119754
29086635
28030543
28500597
12158864
-194874
6964415
20968258
29899511
39733688
19780668
5487048
16697010
-99356
25469637
2430134
41851411
42099283
34886162
20229988
11254994
19104633
26497207
-749335
23816144
27273701
22065302
4620618
26252930
24531640
23841898
41552546
31606095
5824211
31072116
5195437
43155203
13643660
20335187
36044615
26868656
35714905
18660684
9048557
11434544
26227574
5531838
38694953
14607279
43465892
20236210
41622833
38134683
40904495
9357906
2141694
42903899
21608258
16773309
8996021
35451869
36429495
41055871
18390093
2647111
4051273
33495090
3020850
24116003
9645199
14320975
5479601
10286991
37589440
501476
-586090
617346
31028092
-191400
17370300
26812578
15505387
27724852
615489
24392530
20834269
13963013
12698295
14497202
16351810
450597
19426174
22355220
20104100
5029027
19568671
31145811
31349349
40572575
20879668
31284008
21461581
19957243
20390651
2582800
17539499
27627518
20102483
37306195
31594334
15327793
22032305
29112830
24806874
2975036
17553684
9593636
24683192
27329703
6700911
4777934
20369858
38562563
6497892
37418668
18503727
33548003
4810890
30115917
33819639
37817035
8382124
41381180
39627544
30882323
15594978
5428628
30003910
42508036
21592591
162764
3352908
30746306
126807
3966765
480350
16339003
31401516
3758789
1661934
19797728
37490450
16921235
2937815
23352969
33425160
41260690
22712480
39719408
15441805
27986889
7579349
26451489
11266113
14586405
29020302
16442198
8240063
24480204
31524851
42355499
26517757
19500880
24175890
23810082
11248309
5739140
22919267
28616820
1199710
1592748
17024744
3761607
41735614
114463
10535626
38439959
9222741
6660113
20911895
35325763
20949412
13968812
10153209
29489186
38823340
14082852
15333188
29649440
39008417
2285488
13551168
2422909
3269059
42669418
26348322
18211126
41598628
25493082
21373309
40712111
23430611
29136359
43142081
14000530
38936785
43340781
27688710
24930316
19632969
42849856
898679
6517949
37620937
28126128
18383931
25835221
34237666
30478040
42421323
36723354
6388640
30245949
21274307
10365767
22111663
39534732
23964499
6840494
19768753
343791
22505165
10877711
9322867
27194833
34420555
17428848
26447152
7662506
30565814
4461643
33088879
1248668
5610866
5132007
33753313
26216966
42867618
34215673
19434147
38945085
14243585
42873760
13473072
32717627
19813280
34422578
8600136
26396204
5090315
38486144
42432450
19292113
6177269
20532956
30988333
38030438
36620413
26098735
38557144
34260717
22839278
9691148
9081952
36715099
12840775
9059932
16251485
26945517
8997262
43403862
31368896
379103
41560706
42788281
38684162
41400098
40260323
35609039
19712757
18804810
31941251
33312465
5060166
4189404
21787587
2372217
18370655
23932708
38402127
16691416
37286732
26604979
19905362
26204656
33978156
30099725
28171569
27442289
34153699
29409989
15027973
14749232
34213397
33683430
39316087
30703279
34166735
29067135
-573750
21360897
39398369
36406500
2561376
22687294
11003128
42169691
17218774
22752612
42779682
41713233
3108742
17763648
14327210
25203521
10669723
4266950
19802433
17867496
10054058
22269339
12537786
35519210
18783917
27046737
3544379
26122713
3053868
25219763
38735718
31507939
3824676
10817658
23247801
21614712
41941727
26876415
18551537
39696306
37735866
3823184
42890936
25487344
24212757
3032872
29261342
32252948
21904601
21295567
23100236
38508025
35815786
1297448
42833009
14205212
12946138
7152900
29389919
22537497
33335551
30365350
20942414
39725560
15722915
25677587
38792286
39444632
30725125
2928409
37404692
38529855
38562558
27814594
36273813
12198593
10595150
14355166
24020437
39117555
20843134
33461162
16377659
-534275
29109137
22073908
1337143
12659781
-645554
1772725
23975421
18139857
12428810
-392361
26387587
18803003
42543162
27071396
41013854
30217313
14229856
37710227
33099428
16904766
17585630
40650371
24167583
22995187
32947123
5573005
34784452
15672152
28252521
19370686
10546284
10219509
39446901
13111072
20886624
1523965
24237176
22932795
16430307
3144526
15793550
10017900
30028965
37925078
1029568
1234518
30055324
14565340
37375478
8478327
-791534
37451576
27232244
28374094
26759635
2922226
9290373
9934154
19697040
21204620
28029599
37893644
21711546
31997465
4910985
29586086
13718023
38225010
23380784
16194199
32409069
38470478
28521676
32466126
31041126
9267253
36699449
29646777
25134329
9444612
28969227
9201622
5675295
681057
14360289
40103102
28060396
9847524
17686731
13703154
2953778
2867696
20660594
28055174
16827452
137000
7597606
31707846
5169311
22519241
35757821
27473589
36922798
20517392
10348839
37543065
32512213
6949596
18576615
15545871
5175451
5619315
38323727
43366984
77914
42575773
15153645
24090168
42288103
28849923
27737556
39016625
27540186
34848695
33302947
3379282
28987804
28069096
25051791
27845297
2721274
29066522
18879284
2888966
16281386
28481396
40101032
23181981
3618354
10382064
20255184
22870574
33049106
29115231
14239133
30937345
38366192
8601047
41585283
2462682
4285765
-500224
39033112
12589507
18821925
26573634
41087425
7602919
10123910
22954122
22037873
36275891
6738098
23009142
16533377
4341455
15451295
25366650
42882834
11102755
12995788
-813326
30511511
38116290
17604447
15893084
42340520
20969385
32301645
33424950
35446949
14185539
36289313
6101129
33501101
3696227
11923922
8207730
29318142
19769624
-392466
35370913
15109661
19871953
29906806
22868980
25308233
38097642
35928970
5236342
17197771
40635838
37176115
8100209
13589802
38798989
41059725
-122818
34206646
13370889
25625109
22523191
19933550
7180055
31402525
31669559
2825554
38702325
21647008
849531
41897862
39843533
11517689
11813345
2195865
43478602
39391324
39731564
34629915
149460
21261847
26625415
22488728
24780762
38802733
40931749
22330228
-184340
2072548
22843223
741348
7085540
8122810
33755812
28707479
36916051
12837557
31355118
8429764
27032889
1030483
33263127
15029627
16450535
23510243
4852242
1095886
21068558
10714679
3111755
1788075
4426785
3038853
36091098
14447669
31189734
148185
42992525
34320120
33117818
10150895
21831692
30713468
40273113
9871031
17938709
27026401
17812481
38464253
37363621
4781782
30660016
25564475
25155467
40750721
14599817
33782520
38760509
19898889
38977683
384537
21701991
24180810
28446206
16892174
37244204
39640428
39852441
15169274
26946331
3229300
7439226
3133045
24889113
31727741
390321
11304094
9552968
38455527
40087425
7395396
6117776
26081672
4289079
18215116
23570870
7464871
17382069
23140651
1132414
40659899
17078718
38014991
15521297
25094481
25776781
14659072
42619221
25603165
1699446
1311802
6269878
21797908
42146188
19076843
9421935
20472030
8204758
30726696
35879176
24573001
28701119
4713631
11761129
9006320
-688237
36623278
31561870
13022896
13234508
14306525
28517918
3843477
5001723
17778504
9314865
41791662
32523387
41926070
32604841
18470905
15304430
22087670
16770933
10515125
3719904
32130236
26820938
10589899
40857804
27103467
18225798
34356226
3468771
13130611
26559201
20288454
3490667
15690062
22918074
23085889
4645407
42142089
15496032
31930532
11089282
19820096
13098207
37077302
18664593
41329560
32827884
16253755
13775125
34300846
18957956
17525685
9655947
375285
38082637
28046280
6006860
27914607
19173320
40192597
6175690
6285431
42247905
6405989
-106343
4352312
21846865
16785520
24732264
3245905
16480338
3943464
23531859
26145745
5423313
25140041
36905832
4689011
31499522
-7758
18810349
31703526
12980363
34146296
38685510
26036641
39802580
13654742
15626932
11111113
7520789
36104594
39297978
38358315
7914881
5179050
19842308
4158342
42313928
-69807
39464571
12888166
32375276
7807457
22998750
13123532
7350845
8307663
6463736
893451
23254037
41411654
11724919
38299232
9627923
27103321
16096147
14688322
33279883
36980195
7449203
20494107
15175687
36140487
37663696
21456745
9008575
30696273
12371414
21718561
20214391
6764529
10466587
42244405
28095104
27127251
39933609
19137106
30198146
43313314
43238052
17187237
39874513
41524516
2083131
22733967
37664014
19381597
10274535
6514050
20190072
30135283
6194199
6137377
8101572
41030237
35611355
29048586
126553
15132090
1505619
37931083
25370888
3354913
11691941
24819306
39812633
1107359
161964
7848193
33814383
1228766
23350930
25898349
37569010
22937914
7930818
24879732
15348177
11899814
36252649
5080359
36712149
31812090
12929359
9274391
6210610
18949865
27199732
35973399
29480248
22645703
39381847
12725872
39908656
22858073
9282711
34617476
13357315
26397086
40487407
13264697
31342827
26184580
36466944
9433254
25327210
41777677
28257682
24799994
39038820
361442
43082453
30745362
26519837
5416728
15314335
16430823
-675095
34298608
26913558
13191998
40480364
26864355
839195
38076602
29284634
32533360
11533547
39534182
40357306
35921368
43047621
21421247
4117749
34273437
25781126
29523217
11933767
466207
5263716
38340698
16766610
28238468
20617481
6975683
523835
18247037
23432856
259496
29358728
42360963
2668454
13617558
15986276
40881577
1885872
16517568
26893523
30444289
42789515
-654201
31075773
4375767
24793184
27539340
-666158
28122629
39451084
9799487
22807605
11902630
26754629
27347899
11484517
12315963
1145755
28319333
34793508
29285728
11133333
19853362
19697087
504415
1842535
6276959
3883235
30901464
39573915
3887625
31561072
7716577
27774258
26494349
32197685
7465746
29503580
21925429
29258224
-242469
38615969
5436056
26075836
5079264
31520616
32941306
24876563
21436160
11804867
7275473
38773577
21222051
12864091
30101689
2930399
3671126
27176057
33249994
1998284
24016855
24687080
20530220
19364169
42614537
5752919
8863301
20375487
14154298
1422116
13303835
35003973
16557282
34720543
4693050
20734522
31682281
6555857
36754820
5897879
40193118
27903037
23860986
9285275
15350097
27068609
13283361
12370422
37567697
2399029
4106544
11904440
32778499
25078172
33167085
27260769
14248844
18307638
14015783
13983472
40422164
27758654
20322368
34045874
19069301
35765963
7621478
27772669
34649675
9365419
2043069
6231651
14760211
8409194
37122638
29141549
35687064
29393895
36704657
20168705
32070916
37600359
5292741
25534662
23863993
8181790
35031523
31430782
4959229
10703068
13258550
37707300
2729785
42450163
28063290
4294621
17516853
25567903
37895911
3024108
18611006
18216503
33294086
13578051
31275384
28186457
27101834
32593862
38961270
24028608
15355174
-615054
41457616
-661164
41303897
27154152
13830134
28875070
17517839
13043042
21326119
-556283
35159210
38995497
16888249
8795909
12665952
39266825
43213035
7316132
13541112
2828781
10153300
11362155
17056343
16476865
21279301
16389219
6081482
103011
26642547
2592183
22641324
33533768
37194636
3275343
26541431
37494289
27377387
18512505
24072212
19486242
26299628
15685547
37440480
6814152
9947187
41388475
6202778
27184108
36584134
20178853
14253549
25233631
30043433
25611699
27598447
33832285
4542940
14348947
42118044
42029058
31668756
36416125
43221510
26398177
9662070
4288509
9878661
28397693
32365480
25016524
33750873
25850369
2447773
-82226
37065333
23869526
20232198
12792053
20269011
10781977
26410799
31024022
35968564
25907113
2526173
12686518
1054327
325392
5209858
21298005
32160203
27385439
23002394
33100912
4673367
26251888
38148918
27237117
18324261
23237122
17906137
28189259
4763120
11978182
14392995
22131848
40380831
15611350
33879450
1979843
32623675
18084033
4144900
25710535
20691444
41785964
28222085
4213912
5770187
32337562
40099853
28859776
25096367
14661407
20272687
37840754
15356072
26669399
35175404
23168714
19715556
8620200
13876639
36869048
33853310
4261446
29249329
587587
33074945
35811052
37286250
35050748
34593662
4391823
477410
19627323
35570259
6598536
31334570
33173693
35977483
20208221
16461807
13087381
7714301
15301222
26907819
37400575
34040286
26580845
-921600
27363044
24786349
29958797
42378270
15404345
1722419
-419940
16580585
22075197
357817
19192607
26280962
33853939
22523392
17104403
16646034
35034608
26896495
37691475
10005655
33962330
1022421
26429458
8349538
12320012
2318891
24642373
43040512
21098039
21400355
35689355
39251542
21475952
-403971
5443879
22347895
43249029
17513971
4733078
17002220
29406999
7491136
40672970
4440648
29613328
4770678
37326783
40538160
19503733
27036948
41169072
27713473
18284217
35237142
15988968
23409435
42601901
6715888
23397202
11306331
-565755
24366408
19268879
40105980
34842534
1516438
8458842
17647301
-356517
32546493
9338527
34102477
36636700
39163024
33741791
33652702
13812912
9182435
26419606
34397208
14020583
5060225
8797891
31103228
28023501
43228131
1150205
37679425
19841336
16612199
24689670
5737702
27930730
29704971
17307212
26060321
15343247
37301672
-550327
5435788
20159556
1868097
41122117
33644640
30800981
4067503
24212792
21069090
27667114
37206549
12389223
31620632
33990828
33801610
10815858
14408654
29794636
23902659
33255040
31258194
31035641
16245477
6401339
17328431
32560399
2859481
2200295
40378635
26918553
13452197
39418397
15600657
25079237
29630450
22782672
28700778
41548914
19353687
12006757
4424728
31149753
-170346
28738526
33819702
12692988
17530000
32059419
38300450
16052710
-613320
557067
13170711
16988625
41629669
21838986
35417955
17957158
36939730
35384998
17572807
6315327
21848617
35000563
28015458
15946421
5257398
6030515
43068390
4269538
30708757
8259818
22594300
18141869
5961613
30061200
29379381
43515331
6438738
36035218
10326739
38569281
34629387
34599803
40399766
36633615
2959769
39908515
476584
43279239
27601259
39924547
39518646
35161598
25830984
42141191
11462606
27934502
41669985
15650285
7723439
23855911
15180047
13869818
25804654
25022454
3563655
2580812
4613849
731013
11672841
20847342
7189749
18664785
34202748
19202297
20476600
35605421
32734101
16071250
36345602
25623903
13683873
4780887
14623089
27149844
42516886
497441
34362939
22274735
12928053
36685343
6546319
18381037
8785248
18213175
1863332
3932105
10735397
6174524
18838839
22352797
16405924
40738046
3308469
40252573
38113321
36217657
18424013
2075076
16821836
-858523
31417002
21767137
19707854
15942794
38500804
34989971
28460425
25589326
21925592
2823971
42004736
3136182
17057344
41920769
36546556
36153735
39570221
38574913
15995770
14646566
24656920
21361069
22681089
8627979
38584598
4105565
10201929
21933679
5303171
20022662
-245987
13831375
16530200
9930194
34528006
27559271
26188677
23403926
11509671
33642013
38878251
32440721
2674090
20883722
20562465
41425529
11433163
26379837
22435719
9578195
17886443
25566959
21452221
39230745
24153391
22203414
14115122
26702915
40996198
19021160
2808651
32808277
42127742
24296876
2927978
31051194
13210429
22252443
24859443
10173771
22052720
12849481
23190101
19065182
11385073
36075479
6991027
14746413
11427662
30223014
12571177
31135796
20193517
14429467
-493693
40575118
25252476
33846229
27344975
21653655
13779882
30103231
43521356
27316683
35328477
29231621
23980261
32838341
9185861
30154107
15430902
363635
1070693
8130600
26156407
20698130
20523206
27361761
22489899
42377695
10176759
17888364
34005102
12499077
19231525
42989568
32086970
2237306
21234815
29641540
19648324
28624863
27735349
20900135
42538979
38728299
24857366
17842000
40517630
16782453
36879287
26355501
34414384
33310322
29995725
38490111
12885790
19420267
20264442
41724365
29433103
23127856
1429719
19643428
28945003
25281875
13706920
5310158
41011307
29718205
31020250
28955845
33988446
12357534
43400634
34931839
8218995
6545819
15785698
4427600
7193351
9947350
6259549
38735431
22612836
-25111
1331884
30716082
25657590
17589854
25322195
21168959
15091623
31310916
7831456
30611603
36942393
21160529
12101466
26866988
6851945
21286519
-456605
3750767
703391
17073557
2458206
12397560
31379218
39876222
42442825
4858313
39715730
13352800
29928190
31435464
14516208
39438279
28117677
1348848
17669328
26553572
35683026
34528435
43040721
28784261
24780526
23741247
16582331
32751392
42608961
41014318
14256603
41141106
25173327
27098821
27934753
24979147
17817638
6741267
25036869
1496434
33796828
25554281
3155303
22958640
27847104
16027225
16128870
36122296
23556015
41953049
39615060
14460615
11698841
13546612
38430868
4130255
41978787
32661443
39424783
23213151
13712715
32807292
39871762
25267988
33571854
40747874
1517870
35086629
3399171
11265167
42279992
17073293
9653396
-854963
39092978
14758232
42099434
1089780
32854532
4783436
27867858
14160559
10519120
35322028
19904083
40381275
39418004
18537875
16758479
39968595
37649403
28311245
33972782
28655798
33099150
24805329
37423592
158003
3781604
43043709
36142064
13535780
23771868
41082790
17295961
39054174
37157654
28694380
19406766
39512830
26701068
8803533
14425049
28819994
25120870
35934908
1504198
34436137
43398907
30528921
42032739
-489371
1848155
37432960
25465434
1216359
3658358
39235101
4392579
39096628
27537191
11725237
4826970
10746219
21616408
35548891
33971078
34303313
10938518
3584419
39057736
8206757
21671531
30777254
5440926
4471247
11059292
13322961
35382883
2798641
31608748
14257878
628039
18178362
39393116
42897268
29062830
2750004
23800472
4388892
-178252
28467435
23143031
23717143
5608676
41260499
24185404
32884980
13775216
27842328
31442080
11007533
22483799
11961782
21302305
2446684
9056882
20313140
6716727
7764226
41897304
22112030
16928815
43328319
4229213
26260621
17439231
3236896
29621935
7237727
13566125
10408955
23316370
16374259
21524588
1787166
12933635
878204
22417787
28185834
539573
30968155
36290276
15929819
22419074
29021147
34886034
20751139
27129483
5089979
14858352
19934180
6076662
18180071
19533850
13596950
34575315
36236568
11533537
32589487
19190110
22212769
15300008
14437122
1352226
14730563
28706519
25950601
20084235
33070663
43291417
9874830
3085877
15317133
11527898
20506256
23983142
28416380
27660403
21808440
28330935
60985
12493192
19248558
34818391
41202217
28488328
25798795
-548209
18254128
31738250
41752023
31525553
42730486
30349118
36534406
1017618
22179137
35236901
35368490
35675608
33610864
11011556
22488486
33759022
29444344
18957133
9168709
14297688
12382283
41426339
-501701
6970539
40129866
23021569
40821062
35531682
24240311
17532375
21293853
18287856
21154859
41034143
17457363
41652218
21637535
41596338
9337075
-707156
500091
40356533
2432909
18448698
30109919
9819709
31747750
7873947
32767550
6644154
34267628
40253926
15562837
36971756
10198098
11873247
35333128
36492659
36721707
37959000
12880668
28530751
16318328
37474231
18501373
30991294
9472546
22534963
3017068
38856848
11916852
18776103
4580719
25076945
17071416
31411112
30340332
21921883
37771394
9972078
16642339
27301929
2474887
27223284
15432468
25281186
34331237
810777
-329554
8282530
33151958
5535445
22772351
12041367
12186038
7592733
33210572
43011878
39832159
10130396
39827463
25375734
28632299
13836210
15973719
34676246
40441387
11517325
9888962
28009626
37613312
8805802
32011906
23507731
1469630
36942354
25311478
10399714
5340890
35787255
13164494
23324543
26561361
9831646
1841618
-629814
13286856
2069063
25306479
24520197
25830816
36023137
35135978
19124165
162380
8459680
29616816
35530996
39938278
30921031
11388752
41218833
26723959
32182301
6181099
37954444
15223077
32400292
25738558
9835776
19472666
27676288
22899499
40575032
21598225
12812591
42225746
34938025
21079980
31556998
21210971
34356233
14941905
21631630
37604472
35146142
16125888
22078189
43245047
30602023
18395547
3373254
29473988
39694817
35197547
39184142
36040758
19039115
30200566
2822141
34223489
28240423
22766208
6861888
40957698
4962921
10025066
-56813
19903059
5706794
21179126
7644832
25351604
20606309
20706923
22210683
40952047
-981372
40386578
26212476
28741202
23517610
37588836
6077669
1946477
41333838
38030565
39049766
40383172
37403418
41765243
34144405
25589342
11447760
26033869
13524638
21795995
14989099
7069452
9418868
22878990
42289766
32195518
21122387
5545229
17280433
22179707
21962785
19719551
39583421
30454186
18837565
19705816
37380401
8423666
3190366
41570284
34490147
2379195
15895177
87422
39230173
43397935
15068793
-68416
42460647
24967434
1518185
3665353
17072523
31639849
15312297
962339
23041077
40118189
25672577
10433551
27855526
39195859
29030197
17583428
43345565
34377649
6757042
11201
41713680
36282298
23384499
14335501
25744626
4489924
38066004
39307391
19037021
42484027
15163866
24301302
39476080
26087808
5954323
31792839
4956498
28487211
8815383
956786
37235802
42770528
40147509
41237350
39323674
14428299
27132937
20494841
39406697
29894680
3705758
4607243
22617342
29577443
10938751
11834323
35255253
32756199
33997044
10241710
11530757
30772302
4880731
41470541
9361179
14203438
43181307
40229897
9526648
27969296
20747967
29552078
39161141
24790761
19998753
38781701
41435092
25220317
7350489
12024039
37559455
29816446
7212557
31789159
7227738
43127238
42440642
19444488
32688122
23401330
13868966
38780110
2449528
1154859
32438370
35571180
7718458
20171321
42632868
17433650
42566189
1154951
40874617
1670210
21922958
27451693
39369359
21187307
17762986
30492410
42980112
12883834
18551873
25571721
25748802
11829192
11873605
35513832
22739632
5664834
15715265
36766825
12262364
19774489
32123764
21686858
22586708
27990666
38860977
25296651
23414263
6110110
38089716
16285611
13048077
5342152
21195090
28712426
24363415
33500991
36782681
16683937
29011488
14808010
2284196
25425506
11949537
19123635
36243377
34799966
38816683
40715126
26228434
17625770
9327009
30511507
13062767
28488067
11949044
25099401
21548763
24522456
32563969
1651898
6362089
36997608
5947251
33830560
38915845
8098586
5914825
4864916
4481892
15669268
34091058
41338794
26023832
24632293
23433247
29035363
38480995
5093249
39805616
29358898
15665711
39608436
23134196
16211559
28713577
5813068
40764929
13798980
28701838
41484009
11713953
37556547
28759083
28029061
27714076
4733055
33873586
15548875
29733776
3856672
36290282
3611130
39709367
32406725
3655018
33756085
19476720
10630702
32546367
27234475
12928590
10541015
9713776
29417481
7764965
23086563
21316307
15594313
8516740
21456057
14300514
6887891
21414404
32465549
1044685
-10038
37805757
2850491
21601516
13253341
28457740
19661046
20576547
7660101
21242921
43215731
40851386
-114516
41974768
24066227
41678849
20271812
37241037
6040963
7174917
29787927
20798856
18378665
9911144
39622838
35626545
19068961
19067911
13119071
18194202
30604152
8886025
19545996
7697823
35175544
30449905
30005808
11122881
23584919
29578959
34212304
27828203
10268292
2072239
6888326
35603730
17775021
20259462
43361109
16204203
37683667
41472585
30605799
25839875
29593321
18279127
6207701
29609606
16257214
24158508
23288688
18686747
41855212
8874738
39170194
6002793
41309767
12583678
9295399
30514908
14410012
17078244
16791776
41975063
30781888
1212425
9914997
11484657
8764186
41270018
8376015
24249821
41338236
4454065
26282485
19684376
1299813
39029724
23842210
38741369
41851721
14248394
15189997
40727764
13582506
7870569
9910459
26397502
16889773
36074153
37260650
12695564
20583570
21168338
32227147
24563661
28434459
41011488
36319080
14939365
15910735
23501011
3360317
27925510
8336553
38486901
1102983
31320389
22379433
26678878
12820201
17462394
259403
35277825
5377524
6553603
-214100
23171830
34448628
22653297
32321377
31168060
6329757
39516752
40907671
10588740
25636159
15070155
1056056
21221108
40594438
12876391
25024265
11284677
29351890
920336
41882186
31278862
34969925
4141365
27490311
26107486
7857325
10117301
13651511
11496678
10851448
6477605
30139074
10213198
5095545
-446999
41740367
16153119
19623607
33894027
6219426
24386816
42792869
7866299
-792943
22605570
16304033
38067848
43063718
12996995
29044622
38394265
8180374
10586853
1392359
16401631
8315138
43481591
33105985
38790158
35338183
16376377
27950476
33379858
29810208
25939205
21070988
39202559
446213
21249161
26116163
5177160
9806894
6725880
5194944
27198550
11592772
39477708
26158634
18437094
7847120
42949736
8091515
20039099
1107224
33177570
31006513
39753335
1776157
22603165
8974267
6643939
25765318
21478595
23627356
14661622
599091
30574560
17407878
19734480
7293000
7483378
21786884
40671958
4553945
21591338
43411103
41607654
30827798
36125098
5295970
14568662
29851156
2747155
15397389
18486695
10179784
28906783
28223850
3253141
18554034
16538457
5714324
10462822
19081898
5760816
34981990
14817577
4692928
22586862
21271258
177676
17039708
26773013
33475796
3561962
29176045
37839785
14401409
5972854
2187614
10277937
2610213
1214759
-229825
39079422
3992041
39262722
34363318
13804868
2402846
10664616
2797485
11774605
31236254
41069015
36868524
41825286
22309309
6529373
37435425
24001870
5993725
-848343
28583585
39323236
27144348
187053
23794757
14166032
43124530
37966327
26464543
28169832
40217369
24653933
14248362
8899891
5745249
22949663
2345888
41757924
30540009
19486578
19052259
39241152
14792072
12551020
23512770
36926669
3279811
13937829
28059270
27016037
10947022
18928470
9227574
2747534
30119935
13519791
28221093
14481081
10340703
18587961
11507114
16712052
13736856
2644082
38757325
34213315
33568447
20982435
15616368
8302741
776683
1968657
31048512
29309037
28451251
24399341
36725192
16677415
24836096
40877672
12927519
1118638
21281378
2351661
2692831
28008690
15231740
41308990
41722359
2350169
20860161
41144815
13737624
30992441
16854929
35847814
22417872
13927625
25662369
26794906
13360891
23716425
10248814
29959100
11657348
1816047
13487961
7842308
9792845
36540368
26137866
21639691
17841097
18009268
20830064
42231758
21111511
13472891
38627036
43429159
35472441
31854061
18005756
21282127
27341679
33925466
39274479
42101999
23693455
2536332
7388296
41527066
1843465
40575207
30325185
3644081
52189
17835655
33154063
6647587
15643940
7944925
2793077
41777113
4376900
29015190
30183264
10967164
32405937
35089461
12495400
3795147
5697456
25493201
40717530
4726909
23353744
30073166
26157205
33045873
5700505
26450395
12336593
13501704
16438048
33249625
41477653
33158348
6622971
33989058
2956695
17787483
6193110
42584983
6602055
28816006
26710732
9425766
33875509
32491076
9363315
16759859
1641500
890917
2941294
2423125
40843238
5676738
13808683
40466242
2829915
-1764
24180901
-337590
42019376
14333371
19941081
6055616
11185709
8947783
22035527
35721283
15490315
6729693
39588090
37978710
23477846
24721947
16541900
15182511
31866906
14586143
4942138
37922912
14798599
-509468
6864281
5449930
21125298
35728360
23356084
25882784
14267886
37367371
26956595
11571144
5317482
7346375
1364197
4896917
8549149
28617659
32768782
31263466
34951334
10172010
36079947
19126853
8602943
34276155
4746218
22396988
39470770
38649957
25976111
26651412
37886275
39361586
22217369
23605023
27136799
9530209
37652248
13525426
25422963
38264593
36654974
39706983
22069072
18958552
41065199
14445523
22660009
20295213
12056130
20226456
13801151
19702900
14048247
3840815
28148097
40922336
22101438
36051770
24542212
28611898
35799016
8660988
21925961
42524833
12200442
36160264
19518741
26407587
40069157
35059334
43409528
35039556
1730539
15219273
26380786
9214941
14608079
38776809
32993142
22116260
13115837
17116023
23158614
238523
2587030
4919062
2352999
6810574
1403456
33604652
27407467
27987416
4116788
37858548
20003974
15046092
10882057
31302258
22564115
468028
31583930
-194081
25662099
-244896
22180459
4846267
17855939
38945784
24780495
12088300
30566955
21238522
34983022
15929846
23032117
28344657
3762946
13566872
42017723
5564716
30267224
21238094
12369482
22573933
547090
21826679
6704754
9727913
4276660
37274069
11454223
17986058
-406625
30130426
14572730
27331613
32293549
36440594
9908976
22148933
36453656
3650481
2212045
7458854
32560390
28338747
33569859
12567853
42614748
1517667
6407939
35503424
32587420
2936886
26909661
20525865
36977062
33190758
23874493
12504830
23245004
33403335
11677834
43212958
23357530
40278138
21139401
9905547
37291886
41863719
12127909
39059513
35012480
22247200
22110178
679916
8301369
13283851
14646705
2415856
12664393
29681488
28479042
33565443
9296392
29824116
38988248
30618502
16227822
41718114
33819865
31644749
482490
4565233
27648213
40926095
15497224
14022197
1404299
38891108
7315755
33156842
43083535
-278263
33792600
30138065
3238687
21365027
33303763
32486973
29300370
33121697
4330240
265706
10022546
1622895
3121103
1102721
-714259
4859194
25337774
24358252
23879299
30449257
3061484
12884032
22839576
29346126
5152033
11574693
29191950
2214847
33936124
32061431
28959627
37718303
1404727
34143597
43025260
25885663
11848854
39764585
31648512
16130680
29407902
22821991
7357914
4759152
12764538
12660544
17810440
13452571
34446825
22012956
40338058
16784942
38414406
17538929
41507488
11793131
31097617
38743198
32620958
19304330
4375926
38857234
8337520
12505965
4508891
39893379
38666346
38860357
38414852
12724233
38634758
20931869
16604872
7684167
752998
36629721
22731584
37976715
12179292
5878101
9304641
2936693
4597151
38487389
17059580
20916846
-554754
5485915
22916538
40496821
9800856
41281075
28100193
39634059
11819574
9211077
4279185
37133211
5887226
36840272
24802188
26198224
13024003
8522255
5358542
19019376
15955759
19616158
24614107
38109052
12484762
12259785
33005107
2079911
33277196
5338142
21568912
5718182
21225438
14624557
37498317
22929330
38361906
20587221
12422662
1571115
17753651
1127988
38725685
40438521
10388020
3972071
22193403
27622491
32264724
30482612
13199227
-720963
21718386
12926122
31890334
12230328
7546779
20634509
37059977
38483415
31403047
16632762
13643911
25281093
19959062
4190065
43482788
171783
3598419
3795128
26796027
33320151
37262137
19403254
27738161
20531045
34542381
18458941
39803990
29683102
8523661
31515050
5456122
3413375
19873735
1668689
36692367
30803033
22837402
25354143
15218110
31129144
30128753
19004750
26561482
42368915
12048075
17220258
7650814
2577491
27362029
10120673
41234825
25157128
30194717
5957319
1423268
30940104
17194006
31890311
7561931
37197052
43305246
16288885
7706682
2610009
29088080
20712352
41754711
41733005
32131293
29692750
3910392
22012113
27372536
34411716
22734717
8348573
17320802
1750173
18846145
14218822
39182326
2234440
21310591
2309909
28163174
25282023
17580411
16304063
25850022
34080520
27813956
20729317
7420610
507834
-73606
6251995
22999479
37973492
12271454
9171397
37603118
10627774
9320313
23614607
5218869
29662772
24819977
13531402
5740677
33462198
43279580
10841681
19575055
5177480
40507423
4646034
27219563
30090288
7663508
42849519
13535544
25473202
6585706
33111056
17458119
6859038
3810057
13572860
19287941
4065236
6172741
17607237
38668064
-352122
31561273
17002423
1435313
943166
39362261
19198520
12697401
4060863
42787736
33714697
40213178
15024304
28521387
7869979
23689266
13341445
24006230
20222409
41404715
2435708
20102296
42156795
42129467
42775637
43459643
15304348
14066584
3540851
860894
10949342
3958210
11893455
31690246
16848678
10412409
13927158
25320488
12109952
14958940
15085445
34270315
18588083
5582305
24581899
15236671
18796915
7534860
8741791
9877768
3269936
11289709
10712419
32134778
480505
6400213
34164817
19539210
15211121
34545122
15535940
15895790
27785007
23688484
31754185
31496695
42012589
31779341
24520908
13850250
636974
10309197
14422734
14842139
17257778
17481686
2619
32791908
30816830
19966597
37042241
25073417
9113064
29583525
42545927
25448491
30560879
1097225
39978494
12833487
18978409
35540403
28841307
26602736
30695202
42947410
42767441
38838273
29460478
1011544
36458513
6124121
24323176
6313232
5557628
13007934
1124011
3299662
35883153
35220808
42019113
-996547
4546054
17592102
37066012
11340165
35354203
36708301
24558428
7832669
18174503
21816202
27061314
34495539
11272967
18351094
23762062
29636454
167157
-164303
35705192
20779641
2733503
27647425
13011058
39047267
6440630
4503642
26158739
10303692
19395975
3673746
8466730
6006968
38139849
24569577
15849244
-131193
38787264
23418259
9668144
36652216
24441753
11205119
6090260
29968673
41087596
11625728
38592415
8484155
37014454
31430894
4108704
5705186
39308279
3667039
32322547
5908543
27627155
10947774
3728618
37595425
36648110
15274113
1914466
23578554
42332703
22741753
33817279
8190738
9757099
18308386
27817408
8962351
7111662
23776119
8253938
30631018
12864047
-940251
9449715
19499383
14197779
29668636
38351987
19010027
6830426
37080328
13469777
40107159
29837333
16592248
35851527
33641250
26734828
22119009
6404650
27045187
16206872
35038490
41618748
41396789
-801658
25446621
688283
16233800
2798999
2835655
6738265
21342240
16016370
1349745
43153843
14103401
-466019
21094687
14812360
20459653
27356049
1533858
-183586
30647935
5185047
35933928
20545953
18430479
21671506
4031130
41230531
31656196
25318647
8202657
36693968
6536245
34935536
41412303
7864386
-898943
36289354
10084029
4655368
42258049
10985455
32708607
17951878
175293
19034374
9436079
6708573
4396365
33111308
9413988
19128944
8476988
19871153
31593665
41404054
37055914
37919512
952764
23139297
34575124
20838650
1269864
34724422
3899629
22947808
27439008
2248261
28534159
35281058
25842499
34207802
14637356
24658584
23216343
34970304
25899602
3136909
17200762
8901076
19341674
38612450
19791106
22864654
22588042
28370356
21587003
-156798
23900950
6693776
8058740
9750227
3056220
19029816
40859484
6154748
26128771
-876124
998382
32168697
17765709
1118810
-565188
13178095
6776563
4327840
12052784
29276984
3212128
37972888
22486406
31477009
41951487
17824551
9959535
1717083
7247752
38382131
36170620
37977763
1155028
11377811
36235384
38641638
39800006
36818378
39431558
19264651
2026519
27739041
42767921
19079909
30263637
7468416
21830468
660256
10029865
40426329
15337300
29382552
2745260
6467351
4600660
22255927
16598424
6673911
4906016
26371216
19448760
26019616
43416727
33897078
17717428
20008746
1003588
12988035
36505141
32887273
27343387
4407729
26145973
1567411
31686100
27816986
18515621
33085379
16198259
26512798
35695923
1039644
43290808
18289511
10460044
26095977
28131920
20819330
38743145
22421307
40780297
20146112
9009107
-400147
28006197
30928806
9999182
983664
2364793
7931143
25038909
8919817
34578317
13592431
3783063
4306565
27847354
5989006
32654465
14596591
23942463
4846211
11094841
16408331
23354097
20753022
-582047
7668120
16679734
14512226
17467485
5844864
2694064
14190359
34429210
5972576
1818490
11692433
26328087
25899197
2516213
5022062
23863097
943107
12838314
19698961
11962102
17020154
35349383
32241285
24495115
23143930
8260615
7376463
1881827
24340231
22280778
-328369
38540165
6204786
32921808
32102451
3892614
18892328
19638251
1955617
28207071
26061631
18290062
20254256
6430705
4519026
24628917
18119865
11105168
19067690
7756377
17019227
38500089
38784199
33237023
15466741
43063441
41900635
34397242
13554485
11674547
2883934
9850388
25448823
26134191
33114165
33751208
7167505
27649305
4303181
39111023
28878288
36937411
16592971
23245045
27991481
9501233
23267054
37502386
26104103
16380040
28066231
15979794
5182498
32523634
-132065
25566396
23543893
5488417
12298872
39079305
23322706
14505089
24650104
9652057
26331617
31574686
38139425
19318589
33969612
24866072
37273702
25461361
28163729
27481888
43467452
23764664
3219481
10517348
10488786
38684648
35856154
26870337
38412770
21479945
30466877
6106297
30897438
19131117
36378118
39834752
7923877
34779644
36920699
23289344
14865150
3037366
16552769
17471074
43403718
21954647
34660781
271876
2378001
41728517
24949946
33523580
39775051
27133297
42492908
13859725
29478686
37237417
15191818
24413884
7432930
16916560
12676773
31941926
33795978
24688814
7467000
35347569
3807602
26896194
22584605
40122520
8554936
35022290
13007688
29403677
28287155
21708709
41823545
28327458
37212293
42449722
39551365
19044826
42584040
4753117
6950512
4297574
29657379
40300643
39226198
12898137
34589665
36402514
-287667
40525664
20339075
2019561
7192825
8319198
37813067
33390554
9265362
27087287
35676163
32831855
40241540
33348793
5095371
34089513
36790860
25947401
12832797
41634690
30548086
19495586
39450316
533223
19500656
37897425
16465541
29709746
1941335
16184530
36059443
13882836
42895162
23492604
21422933
23501796
19691548
12021856
3182780
4201045
-452797
8035417
37781736
22163384
19157028
39083569
5964508
32444433
19002853
2513860
28895944
-696338
11554903
25641321
6462345
31415372
6202743
16225895
17369342
42354832
25225145
29965119
21945372
36400474
35193186
38036173
14791011
24053113
40300880
30353565
12475155
17653737
9289241
22176225
4357843
8031482
40039331
13295826
37788646
38357291
38302505
43186162
15753241
42809755
31880585
15642750
33929646
12683605
-372190
849418
25644018
27009223
21736310
40669100
32454362
5404301
26894636
23352996
40301473
5109680
29535892
2994903
9994352
30453392
41873386
15968891
2603688
29829164
31947137
27305714
35283979
41550011
3970395
1050808
35414119
5713833
9482099
26040473
37066379
32111811
17632367
27394225
18856845
23388049
5694968
25637639
10628308
9215172
39091012
39896505
35090186
38800250
41237389
9025334
31505653
