20863138
4723748
7562655
31247161
11291412
11212096
3132271
12855935
19443443
12358967
3777042
23762787
31036994
24888114
14965791
33531817
14254782
-642256
21463107
27688239
31123703
30834551
24300916
19445815
29813274
32092409
6431823
27115689
38231637
27699630
7281819
6984138
33285658
12202349
9170917
16974194
31137178
40431063
28623699
-273556
37857032
9103797
7191135
14958743
8680375
13245073
2297746
21336784
2014374
36580010
24536661
13352896
7723596
18752329
20172773
33956543
23345862
30902394
819640
31060091
31703893
71957
23657380
3538142
19250900
7019181
38664949
9492400
39965873
25206060
29161905
1099063
31523009
804869
20995110
4461660
6135589
30165117
5142489
28604257
31338600
12480312
37137642
26141279
28981760
1059036
16862035
24834622
27772317
10085080
27621290
35993712
881643
32326568
38923949
42437238
1760737
17947363
25385263
21592284
21037674
4521873
39114472
33170421
13172894
43222255
31326599
6455509
26685828
34387404
18327990
8498906
9412550
24340586
16458042
23991202
32853079
18110352
21019381
42492186
41339093
5494017
38416102
27536394
14155726
8194875
8654345
38314837
39818076
37578850
12821485
4873992
31194585
15685637
15725562
2166202
39441600
41489621
344444
2349555
19135556
23203799
13639231
32509384
10349596
15329983
40684348
19415116
22957258
12793607
26809695
36448317
1588892
34994908
31217386
15120677
15396037
42866515
1901505
29050281
19871814
19120080
6213210
7339096
9586937
6244878
39715229
6827213
7951032
16344699
-252746
42360884
3976098
33109440
5955714
4542942
42011856
28611325
15475948
31304902
27078548
29689357
2128524
33525334
15173010
16133145
4716756
7855705
17450827
40215595
1259891
22220551
1435918
20484089
40541771
21585837
8378738
-456211
38794270
28675861
30578606
26494653
11658613
6041002
2317804
15563609
34914976
18484488
5521140
12195138
34031372
21673136
7840104
6520071
11048075
2034235
5805710
490008
27714037
1797199
27302366
6140303
42918936
32162183
956887
36494897
19091231
38783952
33136194
20155777
25021260
42855113
2073472
25769462
4725820
2787177
38439134
21789895
7080804
18651104
22139126
27186725
7866403
14244004
15833281
1786399
9683312
27877321
24847514
5670765
17556660
25677537
36194739
8816037
36029268
43185435
38999965
28694069
30342708
12819223
18551750
3666411
3609218
10989896
42716197
39814258
21354122
1506192
39635085
7354118
19354548
42456206
31424358
19187180
38353051
38458479
12070166
18129360
13254762
-198790
33853333
29140363
7059679
32136775
30333150
9308460
21601205
39847052
36557728
3028721
40927738
-764440
18730801
40711280
18629803
17270856
38542439
35852633
36981057
38151148
37152199
42382242
15538067
-392044
17648846
27698092
12951405
42380418
25676034
39624966
39971906
17647487
27472673
39538880
38206933
28406602
32877571
5579844
23687380
13956801
12278240
39356759
6787922
21026965
29390389
39738720
5684824
16037238
12640984
18433320
6653560
40181941
32052819
33839670
15820570
20420632
28161691
22175290
5177373
8681436
30553396
10914504
24535980
35678925
19819672
4471442
1532554
14782507
37668392
10918448
42232015
37053985
2438912
13026327
32704617
26831111
11894746
12545578
24036732
6648800
10998892
10742195
32970783
24940654
-822844
6049896
-857936
43077787
4778533
6832977
40323190
8007687
-45619
4711809
11105309
27675714
19970305
35182204
33266457
7005560
38979805
29219825
28080326
33157518
8466111
17352982
9906600
39810629
27095846
23367549
35358041
28956618
14878917
25607986
2594557
19369811
34392634
4392643
30834533
1744087
41832518
35845927
39239844
5375837
28973209
23557897
21373924
36730501
26190937
10598710
15685007
26013384
17383730
42587454
25408659
35311418
29218952
14867356
19994193
22233622
11207485
11606879
41121886
17139283
385134
10612935
6990804
7794173
22364179
11742714
1153798
3041393
19152804
29895277
38123159
36938505
40595493
12040645
1401472
1600139
-2920
40934758
27702658
31846679
22461333
41108845
22520013
20323339
5018945
4179420
31331419
5326693
32081645
22029278
34759010
33887064
26769002
32445102
32472139
9500418
27968144
13729786
22472219
274742
8934096
22483005
43020158
43313081
40156189
16042258
33598964
1134000
38891180
24511177
20121085
18153382
41528436
17707061
32391913
4510853
16927040
12916210
30515902
30336112
10264142
3481682
10598917
10626221
10312714
36603299
14420333
17580630
8098947
18895562
26210378
40290267
13219625
18981425
14859340
31628328
8203463
36002188
4232714
30231203
41890838
13547709
18931132
31257672
20281144
16650539
38573412
13928465
37683234
4854358
40185849
38430130
20523556
10123680
35529840
22962986
21306
22603625
35579464
26116271
38614286
40325367
30784983
23173403
13418204
10139694
36679308
18678111
39346265
33183904
39593845
1098358
13522292
16461661
25496050
27096010
1546641
4559542
36387780
19487103
7724899
19833120
12249977
20745017
9944718
-199922
13623153
7571537
36472960
23897370
26069714
11026849
-213427
41710720
7871697
4498914
2339102
7734654
19853797
24269109
1406822
24313966
30332810
16088021
-470049
34602834
12877722
-161272
31913781
5706544
36723484
41556865
40260933
3708014
12045345
39556059
27235339
14634199
36046771
10493921
6551210
167471
41609794
41831579
18836621
5624784
14336061
28978689
1441821
33910064
32033989
1259776
17492013
34726787
29626066
25148448
29597326
23963733
22791841
24357819
42479568
28224498
27411645
23707010
38563309
9150570
21872363
31077004
17462058
3193439
2434390
21037074
18395660
12553554
24436865
15330612
6274648
17759577
4698615
3390645
26115823
35833299
25579679
4495409
32907120
42286952
29396966
3186321
38286771
2585408
24366301
18775827
20366485
37439199
21384843
11270860
30150279
39951454
14867807
2470803
24098845
-864099
17280079
17051480
37453594
36705564
10344352
4448915
7594795
23117145
40939529
42112623
3241097
5772730
19252008
33536593
37679013
21776302
39597321
30986201
38517849
41093372
28719617
31340595
22471147
4047461
38988470
38478727
30819226
27849574
36066714
37199363
28060528
9497673
18817012
35850094
29444608
4522945
42484253
23952933
26212719
40259977
23802743
21245421
7694405
13709597
28128838
23666189
22264484
5562990
3247222
32058201
25115003
16661452
2372691
20237139
5071345
5664455
34027120
12140082
27176070
43204862
16402590
22275356
37689701
7068436
22076549
-669087
11460290
20536909
2359599
167715
9592358
42353467
19794569
9889981
33202178
12355293
16683799
39325988
22009426
18933467
14421793
28068984
19391359
43509590
18093823
4561058
23506180
-425520
19254459
13679985
4753309
2230377
38545283
28371179
40156399
7584034
25131923
2703289
7651475
70284
39619043
36752040
21658224
17282653
27640396
21582372
521759
35938001
30897397
1150565
37390985
20239507
8002978
32618918
15417859
13449655
34873286
1432991
16478381
36692708
21031502
950095
19163539
25725311
12132225
3480401
38503534
23225990
2779763
9161620
24321378
5634287
28494674
12863577
17153662
27031312
12170073
1682420
40433476
24233553
25381372
22192725
32867161
23435490
24521045
18949637
27752767
28698743
39202817
27763640
10072495
41063568
621479
20634794
32756402
24164950
20886489
79147
28501606
5337177
21164952
36621798
21370404
32666023
32934205
37458601
5142109
41220029
33252772
23501973
40338809
18742638
38181655
23752131
33692300
42961946
19083859
-289776
27397794
10924533
30430714
11596509
42561210
461780
27792252
19876201
40136708
18022297
32589661
2596309
10616258
2710399
35429309
39956447
6282099
21017652
13461080
9982986
36127514
24282161
14597601
28961899
41663942
16694405
20480471
8287126
7168939
25731941
24350604
10054744
5151986
30928564
12186715
8133138
29910026
30767934
34812161
6568859
35154511
3545554
23522495
33244463
3540409
33234388
30177004
40126858
4955828
34878244
39286532
34835796
33935844
-364388
33311838
41514567
41544418
13660353
7431371
38084650
37939418
22000716
1461943
13703136
40954251
16414492
41692519
17777333
36145769
40220793
27291085
10836621
25531590
41956091
43090141
40068174
10380674
13676289
38140498
40227335
23750968
14940427
24438520
8103099
41827910
34343811
1848916
18779654
28315804
138161
12583932
22502867
9179491
26919397
7650500
-457182
26090095
36624461
3448909
22460012
9633636
-122141
32405987
20418042
5072392
22428248
4453152
18636455
41254360
23176719
23845100
19943801
1962894
39147416
33628925
30275398
36567558
32696496
39066050
33498707
27903604
14239326
32719464
21179264
27956572
30426404
38486899
37730931
29932554
41261270
8520813
23928794
27786022
18531556
32487291
25795886
37815552
25474356
34502761
43005818
19086014
36139662
35975375
41884078
40119197
38551821
4887314
13075933
267347
15576846
1465126
6023717
39465690
49884
24631899
29070835
24357733
40826328
25729386
10466516
32479697
31763069
3958201
28328087
28084616
14745477
11572197
33521539
40216597
17638202
900160
22935385
11633444
31781903
12421480
17436497
6584473
33721985
18550559
36743246
22208673
42123425
4002746
9936306
14113623
6755779
2896917
37713954
32517973
15263722
32681511
26924583
16821502
13888596
24263583
40158002
23361728
9190165
9885983
3554875
26653870
2538401
8757516
13540733
1000616
11658278
24785239
22792049
11591532
31694475
16641334
37135351
33511622
10704557
16148320
9976076
29533964
27921567
39893571
27678608
2848968
40725907
14374117
30768035
29502293
42008067
17893752
35324504
27051761
34023225
28146323
8940749
30512675
-541730
6122937
25884939
17215487
18924795
21715801
24015860
387366
36651102
40376240
6983401
25773295
1409111
2204678
6948439
11614041
1428415
1654338
6605653
18692173
40227199
21291194
14994684
14437491
1471496
27175200
7356705
-968783
1575173
30566589
31464545
6225375
16376443
6220302
31486521
14370886
15139875
13253144
28248899
13059155
39583536
17007474
13596665
24006072
35029187
37539378
-514872
13096228
24745029
34211195
7263404
26709578
14346400
16072676
20584920
15471482
29008429
40212850
26930241
32262804
33638950
18968770
12495134
12068413
17934537
15619915
22206915
32845416
17239288
40714252
39052700
24104989
10824105
33923441
38563144
37893793
-752787
39418026
40581065
4995461
24744826
33112344
16925172
23336883
-796876
24272546
29311670
2473729
31949046
2814119
10188508
31791070
40903829
28010242
6742674
32139569
21148025
41687702
34725148
14023820
3455034
41721508
13592860
-909097
12708208
24031525
43225227
17496745
12096404
3766493
30693616
32468187
34428578
5212791
9657155
26116944
6504555
-437115
41075
12350134
35738389
7121260
101960
11952370
2469167
-352385
27188927
41294284
6048069
2144423
9171665
12059594
33078881
23793223
16250764
35448315
34144644
33991373
8221487
43117447
20839483
2942267
7718762
659062
2483061
33333945
39654776
24269243
13564035
-580768
-192120
39282348
12332938
9218164
9286856
2579433
8254701
6760042
10873231
3151175
22058162
41944474
2606309
25874891
29172388
41962353
4732953
12745571
24996838
35704208
2625979
14290071
19100261
28763206
28771851
30532756
35943634
19269881
25339797
27337607
6460288
5151756
4341593
11723763
27118975
11838876
17611026
18914095
11481292
36821388
13454739
3341153
16843470
32697925
22709908
26172983
23085347
36917250
24435176
19531875
33342734
12783143
9327796
22059595
34309639
1038281
13235999
2487513
24262861
13342213
5986352
15609542
1148150
12850967
9061346
7155288
23916863
12239112
22727332
25765262
5493995
1045357
14262247
2909229
37906591
25910307
4695182
41172123
29525906
41137344
19249741
16904400
43382493
43115349
8255948
19805732
15389097
35355599
6586655
24527564
12374375
32623330
26090727
14326318
14885896
22597846
8596572
1971469
27612984
6934547
22493924
17274933
41639199
37575300
2848749
40441030
19582871
8010816
15965227
42420974
23919333
5504177
12205614
37104629
25662859
18194172
38351484
27370795
18085556
41381785
32568881
2165424
7559080
25205194
2494507
15650618
22311747
24188630
15127453
33748547
40350198
27543414
42183598
3172490
31180312
41507685
9612332
-804498
37553551
11997048
10973894
11640683
22141907
30223805
4513145
31366995
21059009
41589207
39860627
8155033
16433201
36225746
6532928
16127153
21483248
32131498
6822479
27082404
18563977
7344248
12308416
5203266
24313210
32210077
14814577
37264623
23469709
20800703
32727581
33790414
21936727
27338806
7189729
19063351
8377541
7867684
-966191
6077018
143566
39056716
1327234
10456342
18659271
27783556
7520224
4219517
17593701
38323472
32631529
11306366
5764752
4759380
10578404
21383305
25318882
41582553
27968178
6423113
21048714
19013346
31593320
19408466
21295816
30839340
21824658
6904093
43465220
6160795
144379
34613978
27225210
2787707
7901695
19114711
33641587
3899156
38287271
7726215
42858090
18002852
38234007
16466100
27049280
18151743
24955248
5710744
26890727
26960186
370234
41172730
2225267
-676144
41857361
1726499
32362766
33125361
29463399
27105998
24458662
9925099
27380205
26000837
43343682
7926449
40744030
34636329
36576212
19598434
2879185
37391332
22230336
15313407
32121300
43022236
25440269
24179141
22772776
38018838
38067357
4376666
39770961
30580963
10990464
30232417
3868676
17226686
40089756
11901660
16864279
11810985
34476880
599503
22042155
21120088
8974200
28294434
42371795
26851905
25241683
23437340
42450142
16586846
-38002
6043265
23595665
20815785
27212639
27890572
15303235
25970324
23439436
36793831
22002193
23836528
29555244
878847
13472390
9774386
4860373
13585365
34416271
25614297
33761630
42886726
7713445
17956231
23503490
37548656
14065629
32183768
14776511
15636189
43081107
10963713
-934770
42024272
37011313
13485420
17515977
1145321
7437812
30625219
40449904
34886843
27655581
30381099
3927945
-450584
22436146
32802219
6270222
8952238
13290702
24688463
24774836
26005497
23217827
16955780
40432928
34264849
33126858
20608933
22768468
2289418
5187342
-459004
29295261
28149099
31655990
41816346
18800444
22331397
5093196
6124633
32715070
5154017
39371585
18674930
43186658
11921114
8984438
15003253
24539270
20405245
20712976
38445163
17209002
3044256
40091998
5040399
36875475
6826185
33881560
1361156
32339322
26348111
-380839
42475420
28598766
42095570
-35144
41480583
43297675
35076463
265614
4949058
18372365
21964981
11669270
6036357
7533767
34819655
14716204
34178529
800980
8288037
36012404
732608
23748597
37512139
39004223
27526935
42971786
41645590
18809813
21186394
21263521
33958626
27973727
30643364
43038298
20436245
1346148
11481024
15316498
13249710
27197777
34090096
43072146
26201406
20752314
39946597
22187991
42670474
14181726
18899216
33877474
7651943
3295609
7187255
27961289
27796762
10224622
26087206
19068506
18616205
14888979
28858403
3372871
21921665
43373267
41887693
9732204
33771435
29959217
40478275
31393097
39358702
26125498
34005780
11839049
13000005
36909758
31372289
10537911
5758533
41877109
7287061
5526014
35793342
37957237
6610030
9481261
40541513
-209455
6309831
35977962
37632454
41177652
9449513
32230636
39910522
17896723
7907441
30176392
25284414
7944141
23132961
20351172
2924459
11195426
33536625
34309600
35478578
13256876
41708264
40600024
16005533
15523385
10743895
23728740
41606194
14972366
24753436
28122176
1861546
34183188
513694
6485366
24880327
18161592
14536955
4084584
38816555
5424236
19058547
11873873
28674062
6581847
18571716
23098203
20271201
34335391
41965496
36254736
34890084
33546003
1268684
27142003
2062566
36115773
9371333
40431174
35772348
40342353
9329362
36612233
8369393
12798329
34131995
33255829
24735917
6199232
2345292
36382074
-636663
43267604
40955637
25397753
12648815
35182765
1654512
35577928
35520124
16206947
20943665
15184781
26833626
42367306
41789344
-938802
15108444
16031472
6323596
5304038
28143984
8635436
4126776
-496876
-681153
36586065
949236
38008840
30286021
23139305
29332349
41103311
33471092
52193
11832876
22896574
6748638
38133654
23067795
6937021
37875148
28862418
29649459
15610631
24250492
25149716
33339331
7119214
30492011
24931874
31604400
30440278
19985849
3333481
3468960
16966146
41479041
39442869
8337919
30471808
25003183
43488831
11559381
25320165
-68481
12677982
10551842
11550947
19349782
10208995
2112972
34572311
27999441
7000565
8071818
751121
25547594
26125024
26629265
31923745
28546500
37588828
22134216
6544818
1752419
42704667
28988598
14550936
9601118
11700351
10996436
21914835
8668086
35721711
36565604
19323519
32357455
38379646
39181973
10675454
7866505
7525099
28795936
1314660
10788645
4287698
27676130
3618975
26680246
4082908
11532766
41852569
332835
1459710
24989130
14565981
9064751
22796884
2068903
7131145
30898159
10265160
37817795
13380532
11834912
31538083
-201860
21243398
36825478
40527214
26595911
28689385
5410556
38085555
29350610
43305859
19469900
8099389
26771295
37942994
13422153
35301633
42090375
29227333
9236131
14344684
20156192
29130513
36016368
27285935
43165171
14785757
13535556
26914578
17183979
32646545
18162725
14464354
12204080
4537811
40937166
12778726
-175039
17385096
16286405
30289565
6759021
-5581
26902738
34476015
27144545
23741358
15435513
4658817
10900007
8883790
26663919
27415345
4531264
33376980
7628268
30436528
38454234
-149756
22803848
3800612
26092778
796949
14620976
6212869
27548344
31330408
15520955
9529022
11219004
9129815
16895538
1831215
39181057
15609864
42917919
22340368
38715032
12377061
30717826
8256102
20904049
2084968
16424521
43272726
28729066
25922842
26940092
13752566
23806054
4990155
9987210
37019653
27168095
21109949
20453888
38526271
34353897
4025146
29026246
40057127
37797942
37240073
18384896
24723579
14469570
31385159
12769642
24823214
27662944
27547421
29952198
25725694
31815000
28531973
18539318
-495929
36295194
30272363
28700943
25668590
34524001
16604761
40579863
12937073
13984562
7793141
19109446
-543151
11722363
23990151
7759159
20805973
-775323
11881714
7168944
21634078
9273481
39878671
26933840
40017991
545445
39309835
26014870
17861522
5259847
8788625
1967304
17782617
28398905
21937804
29766114
7854221
32624868
16613757
2160987
3435359
978321
40524620
14396470
37476960
23711626
31716237
5504504
20722706
4368461
15548825
13418172
21470649
42182451
36358131
4787661
35117338
12815393
32709366
19924539
34518127
5314369
25457633
3492133
32529793
20417400
30244432
30817392
-847486
270314
30722317
4547159
20088485
21533888
15441826
21351629
42511899
20802789
14076092
25585226
23622702
34669623
35625566
37010749
3765201
2494917
9919036
19392841
41132820
12533596
718558
15080305
14899073
17727041
3574923
12802542
31183329
36370965
466751
34278634
26856099
28784218
6687610
24449001
10716138
28030915
42618174
39390012
18923960
26020045
26596838
16693928
11552920
9747733
9973433
3764651
36353778
8111484
22367774
27105136
26494937
36744828
24192200
15382798
24738777
33172120
4222085
41725146
37184131
13395894
13966786
5646868
12465518
22034688
5679833
26966515
21955593
3596631
1154923
27369572
8832250
15275975
18979670
7640262
23625971
5630090
19437217
13900052
3432938
13883708
16022662
35100540
2325395
35833666
13978466
8283793
5337204
27035049
30792904
24700488
12151031
9771501
17085285
996033
36558952
19785905
17874970
41401984
12450694
37680274
7430843
20647925
43344377
18762311
27467612
4067582
-691485
23226941
34276127
3510226
37447540
37136123
7012981
18825844
1233851
22853224
8271571
27754516
23666167
27380499
8971779
-73290
16237569
13311227
25818372
21392892
7930078
8050910
39858813
35650944
26229406
7720479
25822744
23913146
23633919
30889123
42643117
10147915
20228389
10481896
-231211
39565557
15772007
13322358
8347786
5358067
18610871
5537137
13194007
7451929
24988804
5758313
36316301
33275637
12398775
27889141
5420912
36535863
-319705
33158990
16703174
18446810
40565759
19616228
31440818
39740468
19433953
24358497
22178563
6918360
42923455
18388802
24192746
15401424
15616913
42273755
38312032
12580920
11653394
20204639
15745962
17173003
2167064
18591790
27912250
21651685
42495797
-511254
35965322
19263112
34246580
6592178
11020997
2994660
2707022
17679435
32608223
378453
34693928
-583167
5251015
4808165
18932486
15741210
38753508
15586346
40052332
15959704
17281413
9090168
33370346
40421685
12818920
703470
17428509
36591656
3417746
9708636
29241686
30124835
18313293
26074291
36112071
27837378
36371937
39204710
4286031
4378530
29176413
5597117
23833429
24027327
8020835
6887092
17752925
24800230
27940290
17838352
840139
19818597
23087019
35203079
22929949
36877985
3764522
17835626
21025781
17106807
2853972
19993453
41549797
31399583
7758666
34078243
4864061
33640660
32594951
9136101
8948606
24699620
41218344
7531777
15465177
21717746
32986762
15171264
13815632
43443458
1575861
22222876
42851729
39018495
1092800
13989844
25255483
2933992
16738054
602623
23349511
17096181
1859046
32073043
18469492
31297657
11461359
12750289
390971
25217815
12877144
5597245
39946411
13141140
10599187
36550556
31276946
33982916
2849744
20921143
30672272
29938670
19139365
25444959
34850859
12230557
9632149
33967201
9054076
8859115
40562157
26998310
32948910
12275908
31902605
41236045
38492596
34457057
12439130
15206702
33771469
20687463
24725355
6243105
9322666
15243862
21845813
43313090
14416037
35952773
1272807
27750027
10013745
41952806
21835500
3422286
41875765
26933673
20740530
42271905
25939910
34048546
469885
19730733
18421934
2172017
25734314
43219708
13220427
12269941
7793391
4024871
2118530
23260640
30539800
19366300
38295971
32714941
25797728
5919333
17120850
35606474
26098802
26913677
1206699
35446640
25463552
7754740
9121605
7230118
33967070
23545836
13378926
2430320
28993930
9421335
37686953
39350920
37105398
23058995
33132961
-878356
30325884
9240102
4819448
461535
27825916
38566449
27062514
2538980
304554
37469311
9798715
16900013
-952024
5879561
37283875
4722599
21302442
10404117
24314355
40953075
38979056
7195319
41060142
7823927
17549292
34224412
26596985
19308147
41266737
39939978
36348559
20004215
2299798
31572960
29929571
8979643
12023263
31652003
-936482
10880454
22130691
30230527
22229410
32979201
25748750
19366535
10800495
29801507
12261249
13428611
1053622
39917365
21846037
10905316
16580632
7094586
11534486
6184718
42836753
4872743
1900243
5458877
30037809
4083680
21238032
23359177
29736097
14429641
25923855
10304157
20174982
18286423
24982151
33796898
27505060
21013522
24737497
36536190
7985243
15539008
3386823
8638937
30202021
42488436
13501695
35994777
41698980
8625713
21350464
4531789
35608451
1982257
17657015
17698068
27881300
22338704
25724059
42412879
17295643
7005228
6428461
27139416
12487698
5803199
27222177
4865516
24838727
21793891
39196012
25645774
13211784
39465627
29188466
28329871
18927448
15393065
22285083
5371601
14404287
38053419
42250396
3576264
17406648
19515508
37463777
936238
24865895
31902306
23257736
36364984
21771691
8155207
35521529
35137402
31247327
29883944
11743963
26185638
10902791
34366448
13653106
26072773
9203021
24440869
2945509
3116326
21651297
8924553
2275355
4815429
35308006
39334457
11978366
42719093
37857481
13052703
39956656
21701071
18922448
27687470
36744257
16799743
1314512
27863056
38454498
30082082
12765359
7994211
28782653
30728482
15949111
9748430
13441372
9363161
30185095
22592941
33572133
12868847
32258329
32265032
5829716
18391724
1955969
33712618
40998961
27916477
31850072
41163756
39459112
3015451
12683990
-605638
20015395
38990912
38607152
34303753
28478270
22224596
26306577
6124677
39934556
1952222
982413
15186366
7804627
-754828
38756331
23984447
5428468
37771889
42140322
39629541
38280257
10918321
40859838
7140285
17667179
27068465
34983668
42786504
2573562
42624809
19995786
24782635
30882204
22703098
36918454
12160613
27836277
15482139
10735284
25992954
42518585
20687383
34190658
41778226
15442305
18077425
34795012
396206
20391603
18777595
41776166
23083171
15722676
25984013
2048334
40886284
29474425
29353487
40614403
19239874
14248814
29474791
21033488
18440997
19931125
37844225
36049491
15472944
-228941
7926290
26146978
43133103
1433462
28381040
36082881
34684545
710842
2787897
14014677
24122637
24531637
26044780
18789032
21518504
1885696
19548233
42364548
37841158
30133669
13692980
41362308
141250
38088494
7002210
30517851
11275186
2230082
37537110
27082361
3039592
22868183
35858761
15345746
41975427
9415902
22514888
5771957
-362707
6212133
34298397
1520765
3954022
28921576
3301179
671401
40259421
39160583
36281396
37836720
32611733
21308101
4240149
198003
18103472
26208061
36069702
32396213
23935916
27774943
24556287
16565268
-502031
111362
17365387
11165747
19952452
30480418
27103162
25317355
3211208
19012164
15271562
33521889
21687820
29901601
25688782
36677259
25475318
5732703
26062642
11466602
10982115
37931207
29223688
42464134
24459143
31820836
26967698
40420915
41747571
14896788
34735005
20212123
29838863
32976341
40728414
4360917
9385720
18847773
18104825
7750027
37178286
41084577
22781790
21689532
18705792
4933323
11553722
2979688
16008503
14178635
38514677
18654202
31863162
7975371
8797306
12795374
11053735
7495756
263102
7520420
18987079
10984232
35475903
15146938
10271202
8190568
7319329
29872148
20888419
5187456
31476867
16898366
14107002
9854306
19793075
64419
40189980
35061190
6833600
20267362
268139
8693334
26339257
36882704
29173661
37687668
35234901
1388233
6127853
17534341
6967205
3115005
5148550
1618280
38193948
25720737
2886847
2642871
14114629
30285455
33171012
41479951
33601175
2126129
407303
40334933
24138110
8424357
30364321
15263613
23274019
23168315
12223437
24317740
22543372
28810417
23566023
24487445
16781561
31365185
31403870
28884915
35168608
8398718
26816685
38986659
24108378
7153182
17718586
25137269
18072767
-853310
-175239
39092408
34661992
23002314
34043179
42123105
41805192
3093324
11407048
31822893
28941014
26043538
42791612
33421944
12604711
29994470
36434367
34167464
4163785
15546616
750400
42977286
40143064
35315321
35177071
8841274
3305844
15057620
4281542
39135800
5755580
27742904
42336208
31740604
34445580
26699335
16564212
23128376
42000585
2372460
25818266
41655135
27438448
39517379
40020983
18993403
31839146
40183627
5426362
27503705
21609703
597698
37174971
25591685
18399105
10102658
14335232
31984559
16236763
30809824
894295
3967260
2993289
12394437
31049864
8828564
14125106
19475404
25396333
31482922
22457029
9081227
29760389
2901918
21254105
-237577
37500462
30928913
20718006
14112749
3246305
37840100
29650426
16957552
6142218
32901052
42854066
26309888
4211123
11353000
24975836
5853199
16023138
32060356
1709932
28997247
12561597
3910157
40685083
7016352
20767009
33484038
19084104
20270381
33867334
7548183
28703661
1331425
11028481
33803112
10247738
7774223
11867372
29521448
10938075
-505461
14785943
18233295
16742618
31635839
1359862
24790898
24657038
3148339
32169529
18622931
18584535
28235673
26998304
39565986
21601779
4679235
23459187
13142054
19041423
999895
39650874
3377770
18037965
4573484
39222083
36122726
4157992
41541833
28383438
42806733
28834188
43317767
6337446
7316598
38910891
14071163
31031468
40865626
40868026
1128816
14439304
5771409
9041822
41799775
4808072
117996
14568815
5458231
25148866
41576086
24200264
3877855
24412501
16931692
1588608
31006829
21496033
22711230
33255460
20782521
25160884
8463321
6819315
24677011
34506899
42917347
5342232
16392585
16789365
29458511
39508146
38530693
40097684
24679704
6054487
14891053
38482061
24533994
22613730
32243465
6956572
38285441
2819213
2713770
25600472
6565139
11892807
13248461
27809350
17147903
30378714
30312234
33087701
22946057
743746
9618968
33311236
6225915
15448145
26932329
7224848
39442769
17517042
5641815
28741038
11900486
-787649
43347150
6109537
10538060
19168701
2501505
10053340
8935227
36743279
18875230
14272286
16032105
18180931
13251944
41206357
32355601
-90762
36806419
24372660
31680427
15361620
9439167
34030409
9424350
10323261
20588714
1731068
-858654
16077786
492092
25267317
43434333
27706204
8349522
37171078
10133757
28187952
27000667
26003567
33180006
35719698
-758128
10779879
17819315
19121824
17366247
40800435
40391851
18540041
33672027
29912083
7963109
9677349
15068201
33031613
10893308
20843077
34465278
6342205
3389689
12737774
26413853
19144417
5895192
34850085
12483722
40147504
17738816
26053765
25157409
15681024
25306881
24450909
5807879
33828516
5883669
14312615
12635449
14498153
30368565
33913160
32226327
20633871
3107740
2148512
23135083
17391783
35967654
25813997
36367956
11272737
38802978
8575385
38499047
23083975
2306450
37900146
26159576
1261875
16533602
13070476
20607693
28490436
21307205
13836189
16384443
21790417
7601597
29971285
23511695
8657617
8483482
19251402
4325628
24389963
17535771
15702894
24764785
41902754
7330558
4370830
847660
33305331
5119023
16262712
30031818
41240352
8731663
14451395
40386990
25411064
38292284
19571098
-313778
3961771
8907669
18248916
39319645
25284565
37746518
38704102
25842453
42946255
40013323
23194346
2135580
13292391
13171341
43491109
2270333
31798386
15362362
20783798
3385960
27380335
10056568
22334401
28748278
4146300
33380502
20456267
37815883
29667462
27394300
22924370
7909286
29000649
34914595
-197132
21088327
38044820
43436170
20363390
40026108
30622003
33754419
13866673
39006219
2444039
35205411
32031709
7734695
21669459
22306134
16509154
16011750
31467259
25044876
43089601
36855096
12060439
10009173
27399439
20689561
26596153
7637213
9406579
17838018
31232113
26683178
33236334
36075001
16560058
14244441
-769511
21093162
17081679
21070796
28449441
29632651
17174932
42518927
3708992
4859662
35486121
39403543
23343476
14717537
15195677
3679808
30814953
3356976
-740509
10210412
42261338
16301971
37983739
36240482
9144754
11279612
42765944
37594720
36693868
37216856
25211196
11611795
3031107
32302416
17333692
26362274
6730174
21316240
8110783
43195518
32947994
33750501
18163876
7886847
25524216
4022571
30306502
30665499
34428892
35429290
11916056
4761144
34978150
16022131
-361310
12410364
24450094
10622568
19061690
-792138
1159561
4836813
17779106
22720534
25871733
29399444
23429275
23838809
1327750
21770675
16240503
43523628
2199162
17510591
3111973
10180151
31105304
26517415
19974176
21099890
36750019
5561605
39230320
39868859
24022349
4871551
41427757
9075487
21389375
12460175
12890121
33464066
40913226
41395549
13401099
16307094
30123782
33492684
8847846
19424320
35212770
19121281
18106926
8226348
21069466
20897034
-330253
16604024
7090994
34245089
17870617
41007028
26552618
19909511
19091940
19291567
9028542
5356291
34341178
13078472
9066345
6980144
25929814
24290738
27860597
17595631
7224309
16911352
4868930
11982147
14925568
9080069
41954011
39479652
22318432
13250652
10925376
39334956
16538259
16726959
32510447
11735675
-51341
38554462
20947811
27289451
17063172
43485196
23543779
2337504
7431294
10161895
6648417
11569267
41712755
20360335
13173601
29591003
25204709
2040471
20729196
26426661
24060285
38964121
17625380
3704658
41522247
22980771
34104911
15043202
11615700
15667259
25917717
31809171
20386074
39912134
33305676
29590970
6231257
29453215
2038863
22943698
7658771
21206958
32843619
35302858
2565853
32011195
39596349
29549058
23160008
36777155
37952057
5765425
37690384
24066924
12026723
23744660
38111857
27115004
20992805
13641628
6870908
20536212
22729901
41929179
4509808
17335988
9802951
15046876
33734136
10147918
3332819
18774141
41293282
33993658
38997263
14521957
18915451
23703844
306502
29798197
5695667
3699942
11533776
6810646
21114189
41772565
18368192
27637099
7325205
5824424
3948362
11464362
37966745
34064644
30273213
33791478
6623254
6296876
4732066
23319335
40713179
28139731
30846880
10205472
25586026
30952279
40966520
40947364
43394754
17899045
34737544
41090019
38499759
41732860
16339049
31727561
1691043
42268381
8501805
33245172
25676789
25743908
88684
3598349
39130585
39191718
23027547
16293474
258267
7432943
30440658
31096564
36113462
41868803
4863535
13231889
6426052
33057359
19987699
26840309
3580947
-893124
35848875
37159536
42671871
32547950
32792485
5565465
16395958
23621861
29788207
22041224
34394015
28043180
20836333
32487454
42918424
9323404
43286855
30958469
23666632
32789606
176527
3175440
2196078
20948190
4065739
13277712
32807456
30235733
29670966
163232
8993033
16326922
6986942
8691580
10679609
16183164
42346430
38423192
1164071
1417253
8072000
8008941
15140426
19038264
10102743
1736814
41286293
11775724
40860435
-814112
9271784
3359708
25131554
26515219
15611
10119360
18329932
21241628
40028476
24563409
43495309
29974248
13948146
12063907
23711631
37077545
29540205
13010103
17528323
34155274
25674127
25338015
24379718
14849780
42696873
15392100
1464472
12325408
21390058
24962089
33109714
14669671
403927
15242792
39663404
13592731
1173910
25858854
40533271
15903740
42539119
4300838
13076304
30843340
16673736
25475151
30845961
26094141
15951270
16042908
23758474
20969666
8986694
43239241
41643734
17499179
22618981
35698408
7147167
19263620
28683167
29581441
42803122
23126082
908189
23440609
21968370
27235008
12533198
2086262
33172530
2723461
32855307
6628991
3444643
9703682
31657366
13961815
20027983
39811849
13067701
30421599
22721594
6715574
28946574
1222663
13480483
18513588
42698834
20385783
37226521
25105328
38399127
5638594
25263787
25599109
13009401
4076479
8560679
5314010
39513302
18302578
39085751
23612154
12633300
2307090
18065445
41357159
-594859
39388374
38827797
22216715
39366551
31808950
3487787
25125833
41820246
15129652
27660594
6519926
23691513
9138720
31436119
17942736
27483465
30668751
34816980
19898878
38153899
34070999
18827399
40764308
26190580
28346143
13092104
20740625
12832354
42288523
-171071
30673828
41338434
3938063
42717659
39022532
15231302
23040981
1672512
12762189
1628435
30595780
10372082
35603471
34030889
30802203
38997175
13551553
16017786
30410935
929734
18746038
33312442
29535340
3098537
17397291
1735785
37049217
40620168
38542540
20466749
21585197
15165587
22660561
42021683
10035651
10025669
17705242
17085862
8931339
39289337
41639424
15788175
10703978
20269752
27013759
22014745
21488057
906462
11459790
-765087
33739615
16218366
34690796
33689327
13647529
10280880
16852359
42354549
19496786
16349537
12779480
29776940
26012912
6837262
18539019
1182630
33028654
16319597
26013300
15493481
3708876
37600108
13677624
38779624
2003817
6177377
12869771
10292370
-673216
34275651
18370888
34235852
-925391
34342942
38305322
29397529
11760476
22373258
37525158
2535648
1491697
40713210
12686318
32974068
35858685
39534942
14373550
17068892
40474296
27797321
14454518
26842098
37379632
34687411
27154737
21472167
35329815
40708416
9241304
11613597
6681108
28919127
7573364
22740195
30357037
33925176
42033983
4404942
22377614
27684539
6591151
-889429
30919056
7509158
19999019
15392280
32731109
12642180
11307817
5741626
34457441
24491903
11463592
14558687
11478115
6778793
31085138
28437236
27501924
25844166
18363732
28904411
10854468
14209053
11447670
20654243
5373616
31824199
4345574
19958309
19252318
19363955
7677950
8874191
2278044
6409624
2547262
10762194
33644011
12619909
12893245
39922351
41368180
25001203
4457673
5881035
25331212
42677331
19839448
11989339
21936256
16847292
35944679
7590395
32410324
9593453
1519338
35886006
33582833
18462206
39670597
-705154
32196482
35911391
30100892
21802075
31218065
16411561
9682652
29009599
1517885
30594240
18527468
19317057
1602015
26555157
22578046
25654786
14756761
19916550
10977606
7495042
28637974
21143824
42245003
28268858
30423763
22415601
32454559
42294142
14953584
34557262
33842965
26877826
32785023
21296687
3016806
10511371
38290717
33982674
38763066
27573650
10276000
8322096
1951303
25726098
8170298
3036495
4058530
40784676
3914933
35668189
34766262
25532624
38976860
10390527
24427572
31718869
38856165
33419015
14560858
40221244
16942794
3711443
21285461
35227678
23668836
33526229
37764904
27848268
16401289
9923187
3922063
41261434
23607928
23574947
11115642
1749480
36956930
39618008
26671502
38933392
-486819
13016794
38010286
9310070
15166460
24262652
19878728
633370
29983453
1157380
8186220
18382857
22773249
16598016
2546334
22976100
17778376
34394118
17378516
2594869
6126875
37197121
1681616
12774596
27897318
732146
27869121
31102465
21969190
13235628
30491688
16749064
30722308
39021382
8610334
-535700
6093830
-986026
30344908
22152205
30904497
13427223
23366126
41924944
32903129
15743318
21763078
-818414
9045262
1835785
12792684
33533399
5636964
1302754
2730071
16607509
37789101
30428953
15304804
13944741
29518928
28837855
32267597
15344505
25201075
17940475
11011498
35377825
35815521
9958947
24860610
38219062
15606691
36553810
18657039
10760973
39512169
10598370
42089643
18103854
5528471
31827008
14109003
4573324
30001198
23362973
22269193
19882677
26499907
18683573
31913573
27266527
38239387
14180487
12094160
25686583
19274837
18469071
24857403
28382040
19662017
12500774
10703927
16950434
20216190
28473544
34497316
38763483
13451296
10797245
31589789
35897233
7104932
4427821
14084078
6070771
15023177
34916606
42489555
371849
12206395
25584190
2632973
7715165
-41753
7443753
6059008
15185832
30802922
18112414
8773588
35030382
5496582
23502695
6989854
4435814
18934668
10548516
12390642
1849135
-149613
24358127
2137838
9210430
23037493
16806105
42330946
2153574
16723030
12784560
41666017
30945564
24942853
2859216
6538596
13580776
23041413
-906313
16799024
36938053
38965533
17823406
33963069
37911416
3587096
3698555
11478813
30811288
37032162
30218186
11235184
19775719
39458535
24521557
5631487
28531973
38165137
24851790
5847649
34024021
34093172
17304034
37516190
26522812
41605214
34059454
36699970
18717640
15464863
862157
22617336
15723719
24259438
40063498
35600595
39647757
7400928
-273622
29161729
9322322
11560299
12210874
16329777
16122922
32076289
30100252
21784848
24164561
28084583
34189022
25551711
-421122
20135939
19134198
18744097
17152184
3749088
27886986
7940299
3832373
9208117
29816723
35803237
4343364
38213591
18268359
24503587
12179486
8964344
11086066
22106429
30649880
41472859
22531968
34846098
28184904
3400850
41039215
24605243
37056869
2993321
34177654
31364453
21976020
42833541
42833252
40355442
18002178
13054720
31097764
37160404
41109069
11275520
17199162
15038013
10083791
27437967
40622169
40691418
16448659
25198417
32561118
8624372
4405726
39697020
39183381
33496807
18440780
22645285
29193714
38354080
11130758
23456607
22213727
24555832
571433
29447618
11129300
11216607
22733327
16332159
12406470
39627673
39081156
22594360
7532461
13049590
39337321
21954937
27704566
22253160
4876246
40499036
39725900
16406621
17504747
29824750
33017564
31188481
18467461
1073894
43087192
3003897
24110240
28612893
11118574
6167208
5509810
41860471
22469280
6859231
10271594
30749599
13168736
19298830
21906670
35345421
13993314
26298293
22536214
26786895
25211134
19361675
40549
30907823
30534270
14847174
29318374
13533591
38453199
41598949
27136527
34438501
21392370
27943010
34782612
41439233
16484910
19253814
37568989
25145021
22982096
38563198
40732984
29121185
42073141
33702661
38179184
25617382
17879295
33833994
5019482
41496305
32889419
30066029
22606727
14601820
8917200
6352832
19070493
27473666
17972840
11845412
38182151
31158582
12129247
2919992
43304439
11214661
15908467
25242636
38175202
12359365
23004460
8355008
10125960
30917034
387916
23917477
15268539
31576108
32590807
7290636
29538327
7872882
6551626
13545505
904650
4881131
37426471
24599825
437205
10991535
29515889
8078549
35982950
33110864
27107171
23163006
16686821
7095935
12897214
7405404
22133287
16791188
11425388
25788277
38343863
20114954
4875444
17286434
28878390
10706826
42128040
17450800
36303972
4299903
29061395
20413316
39240654
15504599
-198125
31364687
9096272
15835090
3149587
10734661
29753784
4998961
42228512
4135822
4238107
16809493
34769912
30704279
4459906
25683307
33048219
14632937
406290
11598209
20866087
30827898
11170384
34760399
19072313
24246853
35185098
15847797
36921981
12106785
19957670
1669056
28050382
23401563
26478748
24594898
40349308
2367709
25567970
14469431
10078410
22353346
30880532
8294421
14673018
11093709
39878154
27360605
40240574
18114832
16635166
43266310
19978579
162817
7838841
27714697
17271765
5112574
41722009
2185178
10996414
35796025
19836555
3442561
22812498
24173328
7048044
24309153
42023014
1220882
11932105
42458105
36961036
40438728
24616379
34437033
29627570
30177164
40590927
39345397
20064107
10467118
18369320
6066455
25234841
43041203
38167282
24652929
27996154
7478682
34973632
3848854
26504833
31226616
33984936
38619834
39357317
2817422
33267204
24698930
20623527
13216374
42836318
19903540
11377121
1547795
23791215
10635432
7343837
8078318
1198740
16506717
24560509
17239420
635582
11398302
27248397
38167867
-96854
31462091
18318730
30217359
36047823
17634944
18642755
35013054
26239437
39598220
16207342
20570731
26014768
1914832
15906844
12140743
14429279
28898086
8612110
10307290
39442690
27758542
8091675
17543125
16011258
6836458
42254167
-769539
22233072
38246501
33682951
4565843
24319121
37316345
43053655
42967700
22062658
12677075
18971333
16908757
32021471
-97757
15276381
34136207
17373793
-940265
11599630
3741263
25654024
24784708
33332620
18342993
7021964
9225738
11134764
7017418
1628188
35690436
25170332
22958323
3292339
33027809
24749150
43277802
24083185
27863969
16497191
18325582
20542568
41852145
14825775
34075327
39995519
-148767
22549940
32938467
12004035
26657771
5259667
10686425
1134
22537076
17098845
32853821
33687091
-734389
40009888
13718479
37234050
32062516
19097259
12629138
1834366
-825600
34916605
1421451
9104373
13826928
20807307
4264090
43165947
20748345
31496710
15714349
32273939
158535
2905367
40335333
952329
27121498
26118409
19452133
39521956
36866153
13301472
39112768
17576148
41143450
5084860
17317627
35216908
9848203
38054323
17971648
40448207
12845828
11368023
18929279
4971970
16605716
347982
29425229
15928126
41120482
12038087
4337410
9431029
38813675
38842590
31049482
36914415
32039262
5268342
17895152
4064406
28973868
39990371
29997959
11089824
24400840
11300653
42808537
1329354
16273060
2623987
40384736
15443361
16003238
18099381
36303494
19656878
27990624
36258542
19599876
28376383
25960666
1617842
23587144
6136441
9664904
14751422
20763052
9575074
40373254
23469148
14713588
12009030
26992550
21691032
5752615
34591752
7876975
22770908
7274916
6840296
3581961
28849051
40992154
8792995
27062875
25967005
29683152
40488537
29309475
41200058
29579272
675140
29976748
24975272
30976106
12036497
10520765
29875126
15078769
32283337
30360201
31006901
5996093
38816894
13634557
21979641
24151354
24739767
30701735
8742688
40351112
18579532
41724320
23006899
38046941
27182968
31630599
38614013
32562776
9766106
25692569
-363825
1800342
35215391
13780855
42854152
11604212
38466342
16976789
17329561
4036848
32737539
14273890
7080832
27524082
21922227
25543117
21115055
3062030
20950692
7459438
18658837
31082698
17841919
26051388
37321937
21873296
12044135
33307361
14094494
3965424
36162775
26555187
35990891
28424885
10709122
23574540
28130598
11791567
18616519
25716178
12336717
20985425
35063757
10695345
23645222
22086719
39221248
15164160
-930622
43158988
25756417
25920581
34825107
7616277
34585677
6379434
27599583
10761350
14258781
12406945
40893209
12481486
24396787
17526759
35258487
5424611
22000166
42542137
25831075
26154185
17030367
17000743
28419671
8943130
18476482
10594744
40769397
18931822
19609261
28693482
22967372
9055872
18618158
28298488
23260941
23046104
19793233
8846196
23328245
15913115
7195133
-312008
14862861
11345978
22969730
-246677
17899846
18488983
26359537
14714898
21178722
42917394
30178001
31569298
34478616
2759503
21969547
11267392
9943439
26448575
17275485
14491068
25058082
12547235
5308166
19860665
18419089
16817249
22320490
387989
13867950
3487523
16354702
1517780
26719264
-587414
14422752
10689172
327198
28512267
26550908
28770779
36257514
16380186
35227262
33344263
13170994
18353628
31342582
24794731
12491061
28983870
29969404
2601033
37613199
6482665
12669763
15328045
14667697
5137140
32638643
19510744
27677390
10528368
29390172
2436775
31515427
2953544
38605344
12691225
7603497
31108655
6973389
22700483
21871863
29067931
31204863
9612839
26112493
20909640
36024051
23112312
12424285
30847476
20298026
13982490
15582980
27933141
19317206
11577400
24527296
25388185
28297685
14150659
34999605
3478249
17339609
4378910
38079141
-810973
8803571
34505081
5581484
8979896
22606403
15512339
16425500
1752340
-668047
39833729
13310803
18276494
-564355
17975589
34601734
26174831
33520517
15228601
30357102
35734698
42125170
6847652
11490263
14186902
13917757
12105367
8421751
8832696
20370316
23465949
25908744
38006123
25202200
10101936
37320761
26390812
9949335
23162721
8167632
34872799
6948437
31781991
23966086
27625708
41529937
39849092
34215964
4829381
39665703
13792505
24754305
10435188
42403383
9483111
26936416
36209600
41298960
43311800
5775281
40613334
28409077
36477419
12767118
40188050
28996509
9937064
26636596
12650429
42214273
8563459
37647159
702643
22997072
29236712
37130365
10883486
41359117
15822804
910747
19506571
6312196
2175978
23380905
9319971
17386445
11964897
-736044
23641981
29275734
12109557
39090678
28356261
23503015
3325760
32267545
290249
16652018
13608949
18140008
19938219
3912762
19587767
1111191
32090957
38227965
3768818
30681209
13567992
16812709
10686959
17175173
26834919
26113283
23285679
42696004
41424689
31177990
4916530
33850239
-55202
573289
28785165
9332736
25604800
13996366
40801550
14022135
40551557
26520984
20555234
35520978
31850928
33560385
26039408
32824549
5841204
22365833
38979520
40185608
6651244
22217579
27924081
16649907
35730209
10217476
20993887
311843
16489786
17368782
36815935
7626065
16897840
7689228
33062923
5094242
28760828
2065993
9904208
27390970
4800927
3013774
24404669
958935
22158224
18036572
2185925
1773271
25798918
28525527
3939758
23129388
42983818
36650722
10213487
40718968
42218856
23503596
5998154
35784884
15646894
30822569
29126004
3863296
2394989
14461143
40633728
32695136
25099460
29930063
13105601
38953605
30973696
6683259
9288549
9226676
43227092
16197311
18780068
31520369
15406234
39857761
7952872
6875545
27672551
13115903
41321529
30221286
22529648
959235
16062301
-650307
13265338
-903562
15170791
38769681
3434917
27108464
715705
35214014
30840042
8131511
34754501
25683042
21084539
34610597
4056021
41522713
5187257
27374433
32312200
43456459
16147142
15149238
20881252
35423708
40325564
10031217
14614611
26371123
4754022
4058395
7394666
8948988
34264657
14159820
17024038
32100502
23016509
38047504
5917405
31616141
6393148
4995054
36959211
35898205
27622386
27495111
35193334
7618387
5039052
25168347
5479345
34402105
856328
17048494
31946130
26283037
11580788
35201688
34127296
29609698
10878977
17664178
13587952
15554867
3325576
35087493
25177677
41823040
13440633
6725894
11589497
3211667
34843000
11981102
2651364
30626537
2470832
14762109
36480878
5078454
30956507
35477190
30032551
26469644
9346018
37873862
12100228
8705446
43180781
-887790
3156916
12525172
5121383
13982848
17944960
36684866
8091128
-558624
25425921
6535182
7939081
20740682
15814164
22853066
1267478
40747137
9992974
27646950
27644412
27728021
6789197
6097029
22141465
29783679
5348449
37127567
13806217
6927448
14952816
40408357
43405159
27703551
40294741
7317244
33724596
10863748
2873316
43299898
24663228
43071153
1568209
1894323
36442375
12717957
24740968
2925307
22853031
36224615
11396627
2896243
39707539
9443182
4582835
40644821
38395717
39144891
17990131
31179655
28713099
2465128
12629991
11291763
34399691
20180966
2090109
42113947
9187581
15912492
26159659
6324536
29339619
34853784
12700011
14697118
37857742
14344164
29464592
32627396
14002432
42394007
40734647
12317507
43439677
8858806
21188050
15297783
30478251
41886518
28738044
41797848
5778555
33440056
33478578
41522752
3726776
37930367
35998386
20088835
21361991
14883395
35310452
11642977
10150770
16336353
20847682
18055287
35122562
604654
29520867
13467372
28178297
26676874
37837392
6791755
22527507
-430482
42865574
16366332
6514435
13012096
30730319
27820573
5185162
24628792
21249247
2015117
6369632
42498827
14268554
42627674
25732977
16947230
13748808
38165106
22514584
2159548
26522307
26199305
30824941
11806526
34302226
38966195
7353053
15562766
14002146
1781979
32342231
10919521
11130157
37662343
-682212
20790025
-289579
41561720
1405454
10460384
1035473
902987
32596059
32551974
15847538
4514492
38656408
14234429
35883421
7822868
23352542
13151005
31545093
31322925
2903981
11485526
2190845
17319898
41458838
1289346
23518205
28565553
30799219
4725544
2201438
40043600
27710675
6786598
28766544
5459957
24378801
6026692
3523288
6638590
28945865
15080955
3299764
36937347
40619209
40433400
6387179
22893333
27203259
23812471
32087077
28090743
34613386
1826022
40022152
9860471
23037483
30996127
-722582
12886133
43211176
21298586
33563843
4890920
16481810
23650973
39281853
40928769
22481192
37064953
7332619
11963282
10770099
1505187
1595809
35910159
1728624
39966213
30260950
24977112
36856958
7264189
15086134
13839841
30064120
39872238
31000674
10494589
8578263
32972263
10724958
676227
20708392
6271625
14005374
36860670
34684952
20600975
37055469
19784687
32372551
37906109
32357898
12630248
21532855
24651986
20648257
11029455
32000318
19284718
24670947
14543012
43132379
32574840
35111587
5240889
39444320
23375761
40983971
9293677
35190651
126681
27114108
7880938
12764996
263055
13613527
30232073
-11228
24378740
27043260
1325415
33418276
-122986
9930293
37855369
34580538
39526257
25643566
795969
-591508
33862591
17444167
18903203
39027533
38850754
6150845
1859927
18151635
3538791
43368723
41250360
1236662
11663052
42292451
34013041
6262118
21315244
8936635
863221
21677394
30628635
36280865
31719901
42434435
32985557
7512096
30387029
2044855
-737663
28419030
38769466
33320913
13614517
6824370
19222899
9868733
9518424
17217189
890379
17762236
4466128
21407517
8843535
40475440
40182140
30599107
42641381
-805892
9136464
1525509
36109988
5407128
26651759
26319899
18591812
27594408
29651602
12291431
39612331
24304695
-743792
6043351
16395720
24942628
36254018
17276493
14727541
30051550
33357945
26931080
10759875
40321598
13842498
40157783
22171141
14084103
18813900
7625947
8592708
38682229
19413833
1421468
40102680
28623947
7988488
12392297
18223550
18833431
16149048
22781657
5834883
11798004
1168888
27211041
1906353
22725207
1236693
41246345
8551119
770950
16654196
23446424
1121110
11413347
2417185
455411
3354423
3642596
11021467
14547248
38890003
5683488
33843170
40965234
40833396
37052091
19656730
33776998
30729938
36503981
26545683
31224174
34855982
14588596
20537043
29044896
37397483
6192726
31586148
37776780
2079252
16807602
39474726
29809641
8582687
2371286
9786914
21544841
8008404
25700177
35625547
9046529
-580660
22194251
34848683
34259928
34918986
26637028
17719229
31933142
13086094
20642535
41826149
25443616
40707276
23206338
20419284
40168404
7414686
14939410
22409660
-133193
17376065
13538939
9722268
9296941
37891264
14707910
32972815
27463816
35833326
8556949
33286073
8725414
33497403
36900327
1358338
5924304
6407062
13782514
24195376
31055514
24554414
2646934
13163786
24526807
11221172
22315518
4053695
29063731
27156054
32593504
30573921
11896210
21870885
11903138
4482124
307445
7025663
28228489
15330806
-918612
18137401
36435358
-325841
2008611
8341438
35194684
38121300
7304337
24622809
15122143
16801108
38011208
15179511
7081880
11470068
30942648
27489434
41603793
32829889
8835998
35882811
18776290
5187700
40454197
33672984
38406423
25700966
28755174
22703394
1404644
6791217
30590838
14659121
26879094
19161755
6014709
43446468
33765696
7499360
36330993
31548689
6606629
23388259
32001566
31146732
8801253
39336498
31629128
21200270
1035873
34671066
-173719
17139452
30803018
30308256
19999059
6048657
11303706
33926391
6270119
26211035
24597318
37930873
35504021
36888003
12596454
20795546
29755076
26306440
39900518
9181610
-722073
19698857
27375229
39669379
12065081
40841148
20297717
35010992
7500058
1970216
25647543
29944798
6900663
25664499
988050
347996
21834772
17202796
30663628
2586684
45924
38218192
23296483
2001036
1808519
25120460
21513710
27680333
35732146
-892318
18117029
11574087
13444274
34580760
22341469
40306471
13594984
43157827
15600821
9257746
15165878
6421443
21846045
24257499
9830129
19374044
10935521
34645995
32445042
41352077
18349051
13649330
16089853
41733040
27599758
36256997
26752350
26118793
17620125
2718452
20951301
3810386
38712690
16854224
37447910
4237802
28244756
7947065
29829134
32376182
931692
40832062
35587863
19561135
1893861
39028284
35645146
32826407
19777592
31388421
23055702
501866
11628925
26407160
7664933
18957179
5819821
21696703
4492280
28773381
23386932
31427946
29662270
18360456
27951276
10669811
32035055
17561079
19782021
10882381
20701520
28121567
1147133
24644434
39846441
16049190
37940260
17643415
20229509
26958949
35656794
32417745
16863815
-901153
21446447
21167327
24337017
5531651
9731872
6357453
26288906
29743152
38978021
8916225
37001847
28304802
40091725
32145525
28052769
-258612
12971856
36775201
25043893
6712807
16903051
43507817
486274
1209115
43193798
22109764
16018619
11589501
28271793
2948959
35107983
37232683
34141021
24714169
14663284
25104241
34738918
6392711
41136573
19129659
2063651
18059549
32610150
29625072
36407189
39789772
14270287
42541015
36145915
5430723
38358693
31376764
34375512
1786007
4540890
2511851
42917724
40399388
7183638
16289024
40550670
6044558
28716018
18375899
8158796
29824284
11275508
6996185
7774572
30604683
19385475
11398496
23101524
-920586
38031429
36477525
41266909
25079098
3605911
-297322
17692023
27835191
33714334
13850748
21400381
37111972
28215999
16960827
3869254
3768660
37777601
14841774
31597873
37717628
7200386
30459278
8796997
2667761
6932553
20987974
35180863
8019000
11032779
33243172
38354049
3816396
6075661
14599134
12627536
38035271
35573052
27056471
20149062
16049908
38472212
23660894
14914178
40970397
39478518
6488472
18909877
37153068
6071257
23949005
6826854
8540955
37105968
1244007
23026971
26198859
20733737
38878737
25247771
30921053
3842040
-976540
21124131
42715446
32742319
17236472
13908742
38369322
28792891
21562942
32277498
22968925
27994620
9448991
26847170
17082085
25368066
40694224
35381913
16082824
40658326
17586043
2531888
9365934
29386711
5879832
24341063
16020472
11495288
24136481
6316487
24892975
8379923
19808238
9356151
18926410
16308671
9358870
37571935
11950129
11212707
2444240
23974678
16937054
6752411
32923308
4652228
3320647
6373270
13435545
17135865
13218359
9881234
33544266
8618006
22328166
14830650
29723341
25680944
3732619
7372816
24970906
639505
20848301
40945170
3614939
22036569
16184093
42483093
43204310
13005523
17973713
450826
12133767
-84037
1572765
5959832
4471972
15695566
1337451
8182480
31192052
11188613
1770610
3101687
30564992
24770793
14978326
18615602
30617032
2520079
29868123
23392505
1662445
3970744
8843945
27595125
20836511
38352595
28584464
38667420
17367066
40720152
37406149
-255787
14942318
5787078
40149360
7246621
-798468
38301204
15302472
2061021
31478486
12012072
33691971
17620771
26885582
16290100
18896968
8437726
548666
14135657
10359527
1163580
35963351
14665234
26579426
34998185
26633620
32395035
1034113
16950357
34118100
7926910
36045178
30527584
29181980
15329361
339484
27331655
26457851
7197523
42820214
3721433
30144884
-194340
21127655
41500746
36029590
9960220
18092894
39987327
39258893
40285332
1544937
28414114
9701821
1548516
32950133
-833
7818179
20780256
13596152
37111204
34032812
-122215
27208750
13103969
42792464
40370816
30801207
14112310
10388863
21713253
12518909
12058102
39192142
30662156
28233888
26570565
26814554
27457414
36508683
18019765
37146160
7976423
7330893
14019701
1476217
773003
22403985
11609943
589963
41124714
11023747
23295023
31662924
25667759
10287939
25912824
8855090
31251595
27102697
23999637
28229231
31811611
3889752
22109613
12900341
21251175
20934937
21258533
37636795
13189819
42452712
16969210
34310359
9216293
39568305
9522838
9695992
30120663
4496905
35774215
30349847
8111069
22510471
19638305
40824659
37010333
38389437
23728565
39584394
13869604
9028217
42825153
20009281
41606031
-63966
6847713
42674402
40642922
26993691
32598974
22242370
34374742
21948046
13090506
9662742
43448510
15778607
30849610
13963085
38894003
16642031
8748844
36631467
12959899
21702635
17537526
1509256
11573714
38480531
31173928
20305461
34094212
13758624
38026042
22326705
11518384
40997067
21807175
23001028
12114921
12618260
31762920
36418953
2695541
32061475
10362210
2510245
4695822
37737586
4465268
33069183
18790520
25562401
192702
11802309
17035854
22670046
19067267
17903973
40047700
35793026
323010
33701108
34193112
15999126
19743211
11920063
38399196
33416975
10709972
14376533
31063228
9307816
31586219
8753658
6134120
17277190
13371585
12147909
31496082
36199775
26842650
38555772
28354759
23582413
42032686
37925331
14339195
25448337
25248408
39282062
18696455
28472064
13047765
25915332
36797766
2049186
31628515
33182900
11347562
25022767
16966438
38243781
37010237
31544052
30867393
6543545
25825297
13026416
16837941
2155367
29115649
15533346
40199200
3989887
13619758
23256109
6146239
41502830
28993806
-675559
35124629
22902404
29136494
5447279
-766938
6671974
10512014
9730019
32719173
18679167
34303240
28911582
36817254
32161681
3416137
9485555
10355280
20903971
6694768
35501925
5915246
42482611
17694522
16689443
32548150
-694254
42533164
21355616
19444045
28969591
41256074
17252505
13143514
36086003
40729383
24603142
29879901
38185999
25523629
11015141
282041
4458596
18631448
23226497
16593905
35827798
10116579
8106491
33770948
25904168
9953995
22373293
3369473
30087068
26655657
22922270
38083343
13371985
1788045
3462690
16203853
39042771
24836299
25345410
23895441
30213338
26335902
38924069
24049583
20122348
13589844
28833388
43372436
19719576
42387177
12043229
39271447
-998915
34425071
34217362
38218254
21403377
32856626
26233795
4111917
20264889
28923287
18736122
20693794
20295960
39129678
25066634
8656327
27325464
5353753
37062662
35153095
37998083
14678126
12048773
6459986
10161689
8480486
38223663
20706323
5291999
4932790
39723652
17015085
23822338
5903410
37058915
1833462
14761105
7506347
11431253
40700972
30453405
35764990
-652065
2763642
23588844
946267
14358622
9870731
34429012
17457964
19763540
10722423
7125112
524232
2582748
3294427
35547014
608293
41306734
31860936
31822461
37268680
19414060
37870304
13654825
25773430
5138860
20133908
3700565
37037443
13844555
445318
35484930
19414030
11647978
4109710
36770797
43177106
28977470
18509104
26161151
13734333
15985779
43127244
39115309
9775211
-671064
9404154
23152680
34621652
5193042
35436661
28968822
14880342
22277323
22622875
39710555
35551353
37177114
15142125
19747006
12427894
12864967
19166598
29443361
36003932
37413969
17900734
1073357
23406799
11583206
42129155
36315998
30561379
33943720
22955870
24791802
34855964
35019666
15758421
35340279
1749762
31619298
34001774
34380317
11378036
7506122
40885635
26109498
43008360
16560214
4667988
5844571
28666368
22807961
3632332
41801316
28352649
17184334
22054904
31048934
5801044
11440168
33760050
8944999
19525540
3937882
23290733
-859640
14724663
20195704
4381420
18885274
9062062
37140332
19264619
39988912
37006887
9803594
37332045
5135733
23783362
34797249
20022000
40865295
426121
25775555
12764740
26951600
31212963
177186
41543352
12383707
23805081
11897300
19980774
21035345
28929484
16583631
28313083
1345846
25544387
19643516
21921150
7097112
25257149
21095344
29571359
19423880
38571963
34749411
2406881
7228579
12859741
19745088
34159613
25719767
12586855
38268188
18220216
28622090
27814692
18884528
29788242
24327155
39459196
39110537
1100590
15791412
33055924
15601237
38130595
34051642
176387
31626622
36402009
29713065
19283062
25468387
31981329
21915451
13688137
32074109
2919778
35563883
34511586
11605193
842742
43245428
31063727
-806905
29901141
38458634
14799874
30873923
27367585
30825298
40884620
42370084
38360313
42108781
10442920
21574923
22742096
41523480
10644226
27919347
18079017
34726372
33183791
9405110
42514678
36103391
5927819
2115456
13848061
39606329
25353467
17548658
30877393
18618908
40858111
14255301
25372277
6174841
4907366
3918700
36302135
30906552
19680825
33589301
10415782
35692335
38267728
43330032
32765672
-211655
16943426
17288696
766078
29014832
23170660
7606448
31688670
8358009
38652955
28171213
4086290
39273823
20084990
24443282
-527283
29691626
21264221
16182471
37727514
38872576
7735170
16886579
9735723
2872394
29409908
36830789
9903601
6072046
39984858
12962881
18778653
23818646
33451023
34768156
645834
8648027
2961020
1790607
11176856
26913301
16356751
12499970
28935491
28790141
25453395
30868254
14728544
20592870
25030377
17513338
8233581
4063576
4202606
36112591
10661894
21907316
35768196
29726862
35870248
32868962
15926814
38513402
11847902
5484188
3630224
-541955
26717659
23652564
20095632
16227149
15523307
1708974
4582943
15690909
17907854
2802926
35194462
18847725
1761720
37065494
43409111
10135444
20406870
8874145
5752933
16274775
4878942
10542794
-446991
19471895
37095780
32231510
937828
15750049
38042629
20077307
283703
37981417
2252724
29583601
15565191
23405026
23143588
15797418
345776
19815372
26114922
3277632
17526665
34001643
34186275
41339209
21696131
30267593
41030792
5509525
16657501
16131718
33468089
37607784
25560647
12352586
25296021
13432359
2878697
9302111
31453520
12782428
2801073
20459856
12728585
37728596
27732045
8542496
17812825
40687955
35731667
12554039
18281779
29973040
28538768
5538944
35034710
34712817
41412410
24723510
367549
27759814
36624055
17869128
25951468
6325674
10008711
8031746
615878
23159305
29652643
15745363
571288
2946442
35755552
215588
15407387
41288624
31360104
10616581
36255044
22503181
42133433
33268496
26745819
7054905
28321902
25887553
34304483
28454902
28665347
39090325
6234332
17015998
4638149
10299434
25815473
39861756
16469180
31302014
19759847
-508946
-298428
13551143
25420436
27297003
16004046
3405659
6501292
13259541
10014649
10825718
12006513
6289580
39229854
35267288
33424156
9348562
19878062
39080760
2102465
11572544
32574531
-135129
6456688
15818681
2945707
38621317
5261675
11725043
33786088
14612453
-891912
43037738
8751152
5627584
8056082
5152526
36505122
14748156
20105096
3750083
8939456
19069084
41778789
22826172
23624300
4784603
29231655
8164889
22324672
1858515
14868103
5442655
18558622
28718035
3465047
19663655
12970808
42901713
34476331
27496848
23573039
36463078
43496512
25139504
33364227
16844299
16308509
19460258
11969305
41135850
5079874
28259318
4668851
37004960
11016930
7164040
16570947
3389107
39429132
2156491
29427522
25993131
42625041
41443948
33941362
34999861
4723560
26156952
11615542
43452164
11413438
18997045
11188141
4562634
41064456
33716692
40422476
14505520
3606444
7440101
2236038
14601727
4043589
22767329
21710747
22338594
20199350
22063679
42685909
24976684
8869112
48124
14870096
5306688
21437862
18607148
28906514
19213232
9233729
-291176
17420027
14591203
19941052
8667834
5128541
26070537
34031990
2557311
14622209
31356942
9361518
39359229
33896358
-600041
15157413
31361579
14241053
38745031
12909168
29832365
29492906
14578878
42068615
20848383
30044022
15855097
17406712
8878296
28839921
32914863
25233640
26737006
25798254
20967623
19521360
13448409
1501874
7949225
4877772
12563649
16320856
36247215
26711235
8414260
21740365
2865379
36317548
6969155
23002421
34007680
17989172
14226844
21103300
21143371
9977499
31008199
9242693
35018176
35979083
4739367
-653791
24823810
41011307
34758056
39289946
8244973
35858568
1828173
37641720
39199225
17867862
-16803
40247008
7346136
31961146
28391059
34838246
27546991
31051304
3487953
2590452
34793228
32326001
42961061
15736140
5566916
34309906
-670869
41597618
2663565
17132630
8807615
39991671
33842226
34060039
12176129
13159053
17628886
20173803
22567015
7452767
27402118
21432520
10076504
16297930
28572782
16435760
32314119
23514129
18101275
13727379
9799600
3245721
42581582
25547851
34932453
12220155
25002816
18920658
19021034
-786280
18309380
26251636
43075969
12036294
27299273
8614973
38411471
33253165
24061305
4452529
43384177
23494381
226264
42207200
28102935
29474588
16424240
7759426
6414347
43408080
37314916
31844794
28361547
8703810
9031356
27222116
41956982
16079023
10823375
29143952
24114267
6678008
5343081
29546071
39208014
37141217
30385105
11606102
15501490
1274772
26711436
18105076
38804522
14329187
16808922
42944901
26288640
2068262
36035308
13461835
40175966
3944753
37712680
5030379
9673541
24082619
38307527
42724776
31708651
13399110
42107225
38699434
28125266
8177551
14664846
2889367
14673797
17514200
7469928
-935498
26654186
6744184
40462935
5961427
27003389
38641811
13441028
15795329
4858520
12422349
1434739
447365
33667973
31296196
32161247
2232394
27601129
37888012
11077372
39601831
15575550
19665301
37742473
10924172
40139016
16188625
37135585
31811282
33632375
15699950
36138137
37167756
37184049
33639206
36835150
9187343
17367328
12925738
23591710
33916100
19173378
33485674
9620639
10024919
12617448
13312478
37416619
40539996
13066992
356145
23095618
33388793
22327092
9310267
40292743
22718626
15399769
28173207
30749152
6377043
13218774
2855234
29367415
24713570
27599041
40989725
40755956
31150185
35352473
41592216
34578225
34236000
1838246
38989069
1478488
5505905
7323207
327468
42317649
13488019
10004906
10611977
39044183
3091717
40520222
37749196
13454544
25600321
1848302
8878892
32720526
5742904
18760371
10842426
16893824
14756066
525459
20465895
31285611
11605498
21480151
31589720
1534270
23828056
26800316
18425159
10233880
10900635
20787562
32074241
36673982
35854519
-407057
4201190
8785183
20119272
10095880
12111855
35129782
35839624
35033218
36518002
30512874
13874318
9320446
21488228
33541856
28036181
18185011
5662793
6347269
1764227
14447423
8546518
20542540
2439376
4412182
31370859
15912878
-362606
37059927
33261525
14958972
5645311
20652129
3678617
35835028
37901252
34872204
3799515
8466756
27816823
15453841
22505030
5263951
17756678
-131397
751239
4998898
38962711
36617842
14705207
12072201
13347369
15193375
-189361
20065235
19884217
3839876
31893543
38275697
3970842
7973010
8554624
40286668
25342617
33425300
39270241
35279928
27129599
41691811
21780106
12151996
33317630
5511241
21485020
8603678
39808859
30438024
30910847
30568498
-755599
16153331
5978526
11833873
23552392
12705264
10649956
642396
168011
25418729
33447339
37952518
11687325
27428720
2451572
10816542
28435012
32721528
24427121
30867358
11782240
12409100
24697549
8738983
22986196
10311737
21816569
18263082
7829123
3136427
43366452
30265840
41799873
6598921
22056957
42921084
18071340
30716499
475771
2894856
24241184
-293018
5234733
11590520
7400826
11627905
28666053
35569760
11883258
23833354
-823156
326105
-161657
31918421
18579396
-148408
38557607
1662798
12574499
12767124
3228830
34823706
38203559
41389725
32633564
31369936
18259063
35908109
35474451
34418519
27546035
30762275
28289741
15978397
29443245
33093265
5016893
6452586
32343437
9585514
15389158
21553000
11750
27485751
11721
8820339
15127255
38755375
32777359
4547763
22541558
42388247
17467046
15718993
28595781
15613794
32288866
9682697
14577958
20297886
36053813
35294931
21609351
39165139
37666127
38266018
31511409
2728799
8125581
4463656
25453027
6931250
26720804
40714415
42961269
18995665
7099145
3139019
20204012
1348591
22449283
40073498
40649912
3339934
38463586
27893410
1815745
36589955
403813
27354478
35326902
11653026
13861426
37559960
23302354
25985590
22427215
14020669
37380510
4453536
36050217
21205533
2994249
14805861
22789599
3435843
41351405
11770597
12163484
36851333
23113170
36396069
37366547
17262398
6201712
25413793
27374239
-11587
4539239
7692299
21275032
13234607
-545252
11011071
1252609
1724424
20231648
5563796
24606129
33206594
2123299
18602074
12113650
5529230
21421985
38280528
4222648
10298858
839399
996660
5436303
36663187
5685977
29726777
14295751
34927065
20104145
27191526
1098795
6890349
12651768
36681854
19112631
24005693
495939
36673656
37012098
29940811
8149882
13965958
20035207
9444938
3529266
7275812
21971850
32687453
40982306
40717770
41736043
12670412
177548
39784835
18372434
14753460
19817354
10227333
15732298
7656160
37530284
32835097
18213671
34499225
28632029
16556125
22839809
-762301
10083289
21661724
40189888
3643913
29021927
28731858
31767997
8233266
36231484
27501460
15571553
4619079
37070922
38342083
9738992
7707730
5181786
7369898
33068346
9345251
31146910
24766626
26716897
33840898
969067
43425329
9184927
39474981
16406842
35594567
41364982
7351824
31100751
40701753
29494152
10389952
29750913
42341948
15504610
13401595
6963035
8676680
41593680
13058348
33403824
23834429
-961766
31440088
38983788
9280250
43456982
24651686
27029443
11084068
14287667
30251891
29499194
13222432
6281602
30151744
4644896
11133545
6508374
42947306
41745118
22603640
2911887
10193110
22079879
22957955
37465218
34301497
26906335
40368333
21400732
31856865
21102378
16974403
14647899
22111048
42186747
19755018
25849887
19173950
25190992
39470972
40629210
20719365
21564683
7466336
6203223
1663173
4400526
33894857
41467959
34506844
31909104
37704469
30254447
15849023
30578650
-227119
17166979
32275189
43157117
5082730
1998368
28749470
1869438
13627694
31653749
29806979
39531450
2231225
22163503
6445802
9659054
4999671
14742809
4656378
63445
40281421
8109391
39603994
24062734
22611206
33866601
6979040
22028732
1989624
3018201
31571825
17195378
848442
6957152
23154385
25076275
34026849
40550464
31858619
18666681
5989910
16985662
2591018
21500402
12987141
338275
30823943
12370004
25826210
20462683
4314932
21627296
12361600
24833008
11540873
29420363
6918556
41089860
23163535
7824976
4863242
32405650
23569947
14886806
24971839
26499766
3756229
27304658
37890591
-596336
12209596
22596887
13564997
20278798
37812014
20268149
7296702
33299285
28946419
20353302
16740784
15649478
227713
39523039
33521036
20556453
25303608
23100342
7637245
9403321
40308817
26867678
14909835
24338344
34302353
33592119
5823152
36120752
23430070
14100795
21316729
99267
29297912
12483658
16106253
17524896
11092543
31012388
14159657
12045254
1593669
33424839
1198897
8682614
5417258
13712711
749694
9608263
37572018
8404167
8912643
37860395
33173395
21416473
15086650
20864926
20268768
21319405
29675486
39259556
14402541
5559045
7309672
27090488
21242123
42007251
13464113
17974761
34772646
14538492
8457001
23155085
24947480
12303496
35609935
17277854
2840388
2270190
24095149
28796510
3877966
6113226
13050616
23851631
10220705
1567851
18468027
24225519
5796489
20263175
18630856
29241889
37162214
40565977
20885572
17327633
20838623
16313546
42177147
20056678
23585888
36250569
-997208
20568311
12142549
30698745
14747869
40184595
21727791
25948379
5392987
30305979
38715633
7852096
42399261
7008190
41905746
9479295
17514133
38439896
5823883
-720984
7039824
42250657
27982215
30923058
16944549
36032541
18212424
28737030
27408202
16622752
30360692
20644834
42567991
25403022
8926226
11573483
22261649
16298285
16047424
40698327
17016507
16589233
19068631
27574881
32826364
4756271
36199704
29174375
29444875
20961230
41547345
8320964
2195710
27816689
11355679
30205992
27257140
342955
7303303
36622674
8551816
42046986
42700503
39239028
35875958
40432958
29772992
21843993
42446054
37646617
15122246
31500322
26348765
25578464
10860244
15711328
1474843
40674771
16187331
13583831
11436106
23633983
34509680
11430826
43276382
20265150
29010510
3825231
2769320
20089842
40111382
36414416
27657890
16552210
-846200
38750983
13083547
9571667
27472567
10239044
15003894
40823731
10319899
9319580
22713477
12314635
21818020
42592238
16035985
26240213
27180401
31335024
27309805
21767184
5112040
33173961
26653562
30762567
12256076
37941689
41073628
30989454
23348823
32851489
13722074
34239467
17123352
34015820
41032000
30162509
30890448
16028387
16344836
19143119
27611201
39885773
34811610
42414303
26080667
39042947
43162652
36125311
30559934
6861778
32649435
28987939
35591900
31480689
7151269
36709782
25242696
17573819
10233525
43420256
6780407
23137841
23366080
4026404
27105631
24723305
36185777
27515172
43102985
34253315
8715585
23849792
36286702
3126039
6483672
7755058
-480163
5547300
3817184
27641820
7169551
11909742
37539158
7002408
5034672
33511250
19169593
5683705
30361863
38198347
29928104
34358642
12722617
40071770
19811507
35045549
16804691
3379334
26113170
13800328
37764129
30780493
21378687
35043277
28194273
20012431
41556879
28201811
24761498
6300310
18146193
13174047
12227189
12541520
9658744
14037930
32313748
21351762
-606994
35604382
-43451
35623415
13517773
23688798
13688413
21776303
15942119
24247069
26704705
29788133
6284017
20184777
18507687
22628198
43423260
14543398
31564420
20415541
5076045
3473239
10896988
38600890
26386933
17696355
30160152
7067162
24892296
20608827
22069328
8271543
41364210
24382375
8466671
36606939
15952901
23956848
1686830
5211111
14193392
28716124
10312899
5436224
5955046
15785359
31519608
41735492
37278369
4570423
32419402
23977655
29295245
13835492
8655543
12248691
43448158
31634457
29240595
32343616
40693681
22890021
27741583
42677743
6847231
13857371
14854910
37691489
42927213
9854179
40015757
15196612
26997926
35678198
19445624
31122908
20474842
13633647
43031764
22005995
25559431
13741129
29418297
10892278
8592596
21453296
11752938
10775787
9346763
43363808
40370881
5810824
29775401
28151956
7187040
35280301
17748857
21148489
8722041
4146957
4844689
9528824
16251100
25556675
34910653
40530384
11770777
10759747
34383703
32911006
24125574
28055814
22023899
23301361
14360503
38242397
-848403
32948109
14024724
18320808
11254218
576348
18763976
4497485
20969218
36021995
9300452
4010066
36340186
7562445
37853421
11514148
32958208
9889104
1771275
35141522
1479921
39660807
314692
24378711
9935183
1353483
17077788
24796118
3580464
32351413
40261059
31641074
24021734
32955183
37706768
16275804
34555729
12181590
6237805
22383566
9667385
43393149
8711312
-828272
11676362
35910265
13765777
32704575
36882726
32731704
24046654
40575741
3537326
42547464
12870243
27735682
7814716
18134726
14504842
3879048
42939117
37736706
12551405
36505837
24865616
29461831
4529565
-655262
19887055
40328063
-701137
28246698
12300950
10560266
14486623
9268277
25108991
2903944
29920556
34186490
1144488
7430632
19264082
20913558
18265056
2773423
11551563
36869564
6419509
8786620
11226810
10026643
34566442
33901227
35308606
1374438
-680260
11877767
10883825
2659587
27840886
11802944
41319850
12323099
14050114
28366455
37922502
27808832
30218265
-32997
8552687
4124130
11289490
14641538
9994269
6473190
12256029
30885874
11942733
13065946
4686806
18800250
1018908
9852357
33660453
7229138
29580299
27621277
15340099
11720170
8280442
10095639
17236864
12162069
19568910
11048146
26984393
15921405
831815
31120844
6971211
254364
16737481
10688927
2559155
33707172
8232134
19598183
38808659
18292431
42236543
41003632
29062232
22068526
4694906
42735534
29970460
5001403
1713063
34440712
19034231
1334164
33137456
42999864
19388209
36675934
11628686
22883221
43397369
-619953
31021297
10957767
36949690
21613275
40877266
37795741
7828581
991942
12821862
3710549
27716426
6381683
31979568
39135476
27989291
32606707
9478823
19033022
24765592
4254532
42070117
38954392
33198358
35829758
17031846
5383736
4166600
27847264
1069755
2001935
41201021
26329672
33535255
2269775
10576448
25997354
12146017
34194878
33141243
36942585
3255790
5991593
23597283
16256685
10016824
11028346
5335937
25433124
4607589
41169922
37380137
31647646
40863064
41753831
39044159
9839562
23858859
14299582
18725835
23496975
19889093
27037178
21433384
40694280
35719063
26011681
37123018
38673782
3136302
6695294
-810190
33348678
30724770
26594741
30205798
42729241
30736231
8270125
13271808
29874258
2250871
34873887
-101059
22557972
16688360
21177009
34329122
41636022
34049591
13700064
23873795
22880457
33130095
42406523
30218380
27953349
11631595
7209547
42906705
29078419
8194462
34813799
38967390
20042595
14276828
35587530
7538788
17961368
29988080
16112824
1353582
8313351
18204471
41671464
25534352
15065993
26138468
20582056
9707304
12992534
37394637
18298889
36911134
27013276
7762299
9625198
37873481
9706137
23236252
28233445
21953120
14726120
5030852
35157903
24710911
39618393
41292537
24550583
16021094
39738755
6731996
9000913
40525203
35094983
22478013
17528929
13541011
30899206
35929566
32913027
26188194
23099555
20833998
28792573
8445187
-648856
19515430
4184094
3640011
3989836
3442230
13406072
678997
26000959
22161679
3679365
-733080
29685541
25423507
34054410
21523465
31910185
10310598
24766385
32960638
2536672
21135691
28290810
20385581
28074068
9644741
9913406
24399272
24891004
1543951
21437049
-129113
6663160
13512437
16023341
10563429
38382837
1841104
42706125
17043807
27624694
37070387
35167845
8652727
307968
12688874
42296154
1865114
33459603
11395813
6399440
2372839
17462622
30638523
7747225
35356960
14899940
-918873
21756751
2603033
24004362
37639069
6780116
29354414
25865474
42497619
29134162
17408222
23232038
24026917
1599743
14731680
18745226
41998756
21543382
23004951
-329818
744892
15095757
13603920
21978509
37766564
8930270
38546618
24242280
26093971
33865356
18439741
34024179
722215
2644965
43330595
33116994
32139982
33814832
16155694
39080758
24060457
33756878
43299739
39441465
3493383
31570642
25546855
3280342
11363114
31126955
28723582
12428656
3590468
34141277
12670090
17036276
37181805
41945819
20622723
32160322
36374448
10393944
7862157
36831997
26876823
24086201
20170872
15320418
38949257
4281878
7133578
26272367
40574534
33063745
21229542
28424401
-383841
39941334
35538738
43375263
14547230
14216213
39535446
12436497
17897175
37115623
24656477
11298276
22177619
41814011
23768563
16535703
35952336
10917120
29845105
25977379
26595554
28827897
98717
6720941
8771798
5391501
18201101
29045732
30007254
26212001
30434160
38978505
21560356
17170877
37549108
9451372
1946528
5195054
43533569
26894503
495336
8953269
-392894
38525451
20674551
20311820
16473
15947284
5802696
25671738
1016439
6665858
8500987
28005517
26160685
709675
13736974
18877645
8533677
28049919
8242014
25217794
37108654
26233838
33722730
36941716
20462885
6424019
35997583
3498405
34103406
12869173
-58816
22055549
32954754
38309863
33242125
13975374
14624890
14986772
41099821
35527926
38355476
21443356
39191842
29400506
27272829
6165214
1685097
21360774
29163573
40061942
26373387
36789367
17865992
15345622
9422283
8667384
26343176
3544797
5414548
6570397
31327581
4854438
8173207
36713455
9060847
14903077
3487675
32864046
12584161
-442712
36194329
33847397
8587255
36134591
13160552
35533456
10727632
17049538
-595846
35695600
15406161
43150200
29222929
39932112
33306497
23956505
33282423
39839067
12786281
7986940
20642564
8008864
10752475
30951663
13510103
28994097
11324002
509415
7290144
38101650
13284215
19622102
12543595
40978724
43164842
6501488
-291863
17002494
30726148
996374
33183417
22021436
36030456
33903121
33727019
21978933
21823305
18602991
12719271
25761
31434931
40428060
29550593
21139913
-72290
11142064
9500562
6620853
16951846
3840482
18793350
29600098
39359489
24006812
15076602
6204249
33992628
14751070
43172644
10246920
38569504
25277805
627292
41373815
18649959
14563671
2274352
23197889
39511312
14994724
39814670
1359413
22911574
2150126
35732819
28847396
40767168
14773490
32077266
13712966
13112167
38210426
21858713
2049151
23518817
18755529
42527238
17545778
6032991
36210662
9675405
2957694
40019543
7944030
9281310
29996010
29485633
17057249
24677836
1419752
3678972
24837941
39647327
-683302
26059217
3537993
7879840
17292814
10952944
42596069
33362225
92650
7537441
37578722
33162448
5886031
29832151
32318025
9278656
40478219
15477309
16978256
38348606
29438308
15596767
34026898
35769101
22403197
2986495
27013226
22952103
42281646
-385434
39648294
27880869
20332703
37872148
17910411
7369564
16013627
27502314
23916831
16440230
15514612
42030774
35426555
38301515
11791880
27789898
9700495
10826996
2625695
37549304
25527672
13481335
39796806
38890013
13303652
30557058
10285810
34448182
27295393
42650476
20582947
22966479
42389794
29958526
9077820
10042054
29339481
24567496
26989174
9406750
34333857
6954575
27966450
34623513
-938428
25792127
32747286
9410891
36037701
17725059
17693360
12220159
8734649
10353857
39584052
31383801
13215951
16375778
12446724
5323966
33336775
7253531
3705808
32940623
28597439
33416247
24934160
33776302
23849502
11487988
15881208
32243647
14805799
33142420
18599198
23938139
29315130
42948577
42873479
40667817
35239732
37595135
22341293
811748
13638644
40574707
7427651
2525161
32672838
18738971
2960099
2207492
31277652
20422768
26407053
41714652
24705526
10814431
40577132
33938845
16420800
20459928
38680404
41824275
22520168
28025121
39598532
18384851
21188997
38213346
17295135
3580776
5987781
42241216
12060827
1431745
36120319
43352865
20438884
14218027
41238637
35012760
26736286
34522365
-527586
31369682
7304951
14246246
41776137
37546717
38509595
25211082
4219235
29734402
1940031
18396919
42158303
16563103
21126840
15973671
37324542
3471542
-133036
21246698
42492548
34234494
31961095
14767020
18138518
17863060
26761882
31901732
17090688
1643677
42218876
5205828
28424077
36532143
13375280
11826835
35673771
15551073
40759333
-428523
35963399
23485919
28086915
31231050
6587125
19658581
27172874
22175756
3746056
30027815
35860805
12235527
9513975
30847943
14881427
12119554
43358446
3746812
30378842
37202778
27560910
21184192
13321426
39716864
20013518
24217899
34025092
27457104
2761153
25777282
21382990
30962031
5354543
15614177
4029887
2839726
3012178
-684934
2519875
38866186
2177059
16693595
21099359
17116905
40563200
33067453
27471809
8906811
15974908
31099539
33125536
42138371
8829237
7964158
15923994
19926258
16963336
1376083
5131621
16562083
20500437
33556390
32236280
14341094
42837727
33533588
27830838
18549104
41680433
32699156
4012615
4216840
29761719
-545025
2942397
11443205
16448494
39398734
40665006
21848651
42695296
21343722
21899445
42863991
25954578
25623824
27974321
9947092
30162321
10881340
16076769
23473002
1307899
4480056
37454421
6553140
39384937
39381790
-452539
4361584
22343491
7428175
17396707
28611279
16382838
41787698
30673378
14827845
8534101
41041035
9561238
28025124
1053241
36446218
15565688
32833871
15876847
20372
18195682
21489631
32145071
5408209
39207372
8941217
5713156
31166359
19801915
2505988
14156400
35344656
41908032
42677400
39474397
20655950
35926685
34511228
7722023
33405021
27741954
21568332
8057888
11661164
8711490
37957588
4412766
13333775
42031204
8664284
4156256
35897508
37423014
8801227
15332820
39880906
41112128
7343873
42099105
7311661
24383507
36040852
24631647
25897475
-59227
-806942
17595594
6303493
34096230
21840771
30228353
31857844
9012697
2749931
3440978
35199084
19695529
40895687
25478620
42970177
25122936
19485065
30066256
40732804
7222331
6887741
15447418
18442852
40361090
40830762
17931873
33975604
1761944
74622
28711151
26081243
33567276
32594903
30429741
39278511
30810758
5391399
-997997
21022319
32427096
5253289
17671581
40905566
4672236
9151820
12766581
37892493
38621841
33544855
16891327
2197034
33397022
20526914
22482271
27240255
42767069
2527973
41354911
30732369
23968703
16115879
2221867
41479205
9247365
20499425
23282151
27073785
33080096
15947433
17826731
6393005
16081650
1573202
5677192
31173692
5297717
7910098
34868821
7270445
1052300
35226689
3837301
17618687
40899291
27533980
33765185
20450546
14170518
35136737
25736345
1981800
10864990
34441957
5044104
8546961
21457028
24688259
22839612
36359891
-37453
8131792
30190982
19122822
3715252
22301555
21345950
851828
28021946
42773406
31471393
41552344
11267591
4359505
6906531
31334114
32144246
