26644344
37690737
42162467
32873596
42615456
40432321
20728025
23390078
11503179
18175971
36698342
26795846
15436270
22531686
-175123
6166013
41608486
26388350
8039543
26470198
19529368
35238696
37413230
12458895
-464450
5202867
8928199
25894901
2331155
31018866
28086718
3015461
30781948
40441374
28976930
-912361
5831646
23144905
3685714
278413
41626810
15934592
4962407
30162454
28731568
11380229
637347
34527107
24190969
38538359
32149234
22668983
22571800
16878006
221777
21875367
10099441
11132133
31811555
33704425
-653719
18747568
8266431
13915045
17023458
19072632
37786489
1316042
8138004
2397324
1117319
23438463
2095851
14144056
11820149
42435428
4725763
8377028
7009053
26039122
43368167
42089196
27039726
2024432
3805503
5563378
33718025
12514436
4259204
9198841
20906572
33755530
38836687
12584288
33185385
37617995
8518254
15104981
37963252
11290571
21068100
425119
-780563
35018355
40291787
13479148
25615585
15666802
15726382
22608371
6881635
10352
11056287
22354715
42637802
10207345
14390700
34019053
2252361
31754363
30987491
37205243
15078556
27251834
34063027
24812126
25574996
10758485
12791297
7083828
9353727
20853444
18887961
35378734
14017273
29890021
22782995
10755342
13396502
12513184
1221759
40253657
26384309
26602720
9033950
37460542
35379204
16684567
-429363
28671971
-168042
6997581
31502588
38266771
19817224
30846003
31416651
2979601
7644764
-58592
29215824
32954838
39745721
4682762
4940033
18357005
11557242
22527570
42834882
5266827
13240514
4739320
40857470
36663703
36813768
30318937
11786833
939763
28726716
36556388
11372519
30060748
24535082
39186901
20429444
35056270
16025009
8196194
42643372
21501040
4498
449934
7688669
26737777
40124850
25256633
1424569
42475062
16955871
16958760
24554761
8636152
34327799
16348307
11715648
17010057
18383829
42262656
35594545
997037
23285909
37036687
21081348
30670841
17050721
13470205
40339103
12665433
32508312
22754563
27917242
3065348
6756004
27359415
7925818
41982014
19672497
17440120
14321172
40933237
30047717
20797011
33749562
23761812
40153050
21143021
34254459
11725296
25033768
23472200
29386705
27233967
15692340
7127516
19579821
25719466
32058701
36136988
-668604
4296292
12200958
19599174
16371885
7526657
14325647
24407556
41274315
26658672
34801375
25316606
36795335
20384466
21953147
23636012
5698038
840971
11377195
17742076
10606346
2900436
11526630
39805268
38400158
35125762
25222890
6803477
20007442
32963753
33876371
20095702
38103272
13670137
23410215
15682644
22365596
680066
27120535
7378916
39075837
4136643
21742831
12387258
25755173
16632593
20030534
11104799
39207096
40588353
25254363
14709647
9341939
21965061
6371890
14725607
41632503
21412410
26218399
8403759
7720461
41037075
9268756
8193133
5190126
13565264
27653635
13606971
8178946
3092383
27930315
7415206
43223218
32601404
36276533
34520691
30265445
5701789
12586244
27358205
37429626
20610535
39075832
32881128
12018054
24799505
10637021
8813124
11493675
12676356
12961653
14171979
3756084
21376825
22328068
218713
23825619
21873112
11804435
425979
40627913
27134309
23819829
313193
35654748
728834
9091940
11116468
28159620
39785889
5488535
25944880
42159772
37440875
11499915
15180381
37415381
19439934
27535319
23486297
27398296
40772284
6043906
43385822
35389234
2239735
2916674
17212530
3460581
38983253
32816355
13652855
-955285
29947604
22448839
22000202
1033858
32997285
41084030
41274476
4630398
399972
4227449
22744482
11208109
29481452
29044268
18364486
41156281
43474755
24011368
40173426
16121556
31806728
21041043
40371813
5449533
7545353
24894914
35126305
41685010
24734624
21185289
42889077
10618570
27847930
14866789
5828580
39799508
26100639
33771350
388573
2974549
23426361
26737482
18477250
21513992
29240790
1469549
20068887
12516608
37452442
8361004
11033391
6409847
237657
5649768
27153813
27911087
33809691
-530510
6037460
25566149
41370490
4580343
28985966
42523169
3630899
10656265
11556352
12472335
22436139
39757694
41023871
42611307
28379243
2566890
34532700
18862796
41653830
-307465
20694515
15015294
6346617
42114961
33026814
10071417
3389296
14836607
41485872
19392964
37641022
19750914
9272429
39136817
21745767
-449962
6380845
40350684
26665306
18126984
648207
12426911
12664674
2997855
42680912
985937
8126040
39225770
10195231
5961494
29085181
29438316
42490688
24244727
10611601
13647796
25873690
36226142
5185055
16830156
41499684
39333353
20906821
6485278
3687730
33056443
38611939
33204964
31021366
1570447
11534403
12660667
19424344
32355470
4270102
30912996
4148422
36488497
28694513
26402339
21607463
26514268
727932
20320311
8090257
6613203
2758766
36489371
34093502
42888479
14600909
38258036
19528238
524741
34489425
39587249
18380482
26621525
5019827
25666314
6398126
33194566
17823676
32103430
8571243
19340937
10948098
31522373
22180634
17626880
31794440
43299764
40173814
31712581
19234594
31421680
5755173
36597933
31309903
39507571
9723404
28383312
38677916
31056145
39049431
17418609
44587
17262681
40735810
36932892
5904162
28199197
18014695
22961654
26342076
36927545
19496949
16284280
4474499
33289736
7907764
29939348
41120664
24708453
38092997
39592839
13797114
-704346
18189601
15327920
40013828
13426103
8978743
40329056
8309236
19341727
20700793
39098362
36508301
13513411
42570139
37215023
8227043
33355342
24196429
32067030
37337023
9521732
42998860
32348659
8979957
11474629
42709892
14495683
9471516
43418828
8164492
19131129
3854054
3136138
6586325
17313565
2200848
257788
24037149
10353767
11593207
23271210
24144698
32573859
27939372
30126820
9552238
28606249
27027626
43139683
-467610
12822384
30582086
14111093
22222113
10971787
41040603
4727508
5319471
7736307
42068020
37091660
39260614
16556787
24514368
40138540
38110891
23056615
39145322
34595420
29191242
28686015
42746819
27286064
26779954
15136373
1798128
6028189
32599175
38194063
34717462
30083374
32703867
15127328
7213205
37361637
11076858
18020042
29153891
24444143
20098099
25251950
1475316
30836365
25469591
30573408
29039894
39656667
7694096
19404669
42301885
7963474
2825288
41022142
15791738
38116514
37875365
39715582
22716187
19579399
11785785
15289040
30487216
14272692
33874841
31989638
41429413
43006053
26811189
27975707
13371104
33714475
40573972
34757309
29881502
29978146
31658091
31923217
36704947
5561382
7136214
13952419
30751068
-993816
13466328
12742568
16257069
29140971
34189715
26014278
29545624
530125
9689811
-99616
38501692
16421688
27702160
42975352
31797050
1557280
13375384
10563202
23018670
26728293
21980741
34356416
4574394
9628273
1031108
3574118
16778238
41050742
8584414
3426614
23301260
30150950
11022223
37542105
6918558
7312509
30077027
7949673
29855611
20548805
33426433
42297986
18076325
13244532
36825031
4574032
14431440
31396437
38054001
29358547
3915757
28092637
31349269
1178448
21301596
19275434
28671599
24801916
33520294
10206615
185677
7547458
27819331
29404888
40779229
25316508
25336113
38480318
35828077
17148158
10612196
3829254
3846948
18436671
28711733
1306894
32961578
37566573
33225939
28468370
12937783
30190110
5026702
1364201
9326769
28657873
38326917
34859547
43194478
24311295
23888003
22279225
4513290
25979261
28246679
6150619
21745390
17829108
11504197
31249790
14488983
20756368
7151297
41993304
23086802
34638538
26981955
3244042
5941439
36466362
27150916
41549542
42448657
19162810
9471856
18166849
40573873
32379445
11292125
27146633
38096603
14088731
8930774
21264487
22654106
7691767
43049812
10962118
5421866
16371150
22052046
18771116
15622451
39868112
4482004
6918791
6336449
24879468
14678221
15964252
22982455
38499879
14820192
23068226
11809781
28709509
7630730
20167179
16892352
623598
33882172
24979549
24496208
10630357
22572888
31909488
40223144
33617107
26144087
14428813
25471731
32384603
25843571
1304646
37305261
42117591
15037921
33604173
13962467
25423445
26337582
32894857
9701024
30657975
16750471
139477
2852530
37399238
6483778
37103286
22053183
41475441
13617961
37298666
34181402
22481426
22462933
939484
8670242
38817639
19241880
42686029
20043304
19862143
31157006
40431473
9578983
1353272
17089266
1142046
3274331
2541283
35443481
34305572
23815087
-811586
3602912
16025968
21273251
43191895
34046331
41548676
42991611
38094877
18989438
13186945
10775096
12691671
2523316
24105347
35623815
326396
5515867
24712864
4443190
21638298
26304665
40485262
8439996
31867753
21257923
34093229
22031861
33343596
11979374
729231
11035543
-103279
33101418
12967177
14121418
20737982
17254433
30567905
38902479
3088688
7148367
23753501
1528260
32684372
20809884
19584011
4744158
40714494
22720008
2247231
26578275
23917835
22579223
5268421
3395922
21198031
33008272
33251390
5331246
4061313
22525958
12707737
15752742
10441522
22569638
10895049
4733620
9632793
31428592
16560450
7091569
272287
31583958
34869713
6015727
18751297
12316957
40460116
27719842
22032581
5928867
422261
5443277
18252066
43036051
43203752
5688985
43213800
43142959
8858169
17700323
21253208
29003691
26369351
5667783
13927102
35434558
13044364
12404018
16639100
21853679
866169
38320410
37871109
23287897
41443237
9431653
6906539
16918832
32711018
30719527
20472424
20568733
30949454
28085195
27713713
15083516
40678302
29517732
9234641
24488786
31411654
36082234
-753621
31602071
10261405
33003372
25894970
251606
15794700
35531717
33950529
16497949
37054978
41086977
18792326
3829039
40079869
32729752
15366476
1613283
18977331
-32167
40749718
10014825
13828106
19116967
17735409
10183360
15518467
-659662
712696
21286859
11316845
36387518
20518908
1643218
33974656
2421980
34457563
14365654
29672537
21220247
10821550
22786537
25380230
23959790
3295587
6420376
35267792
30251926
17490665
174842
26703622
22655979
15366045
9552944
2553421
32997729
2348569
25643052
-665786
20304268
18957731
29832046
26954188
14365556
21530447
41184209
8053840
16143258
30913329
28675334
20566017
18009821
26709957
35760106
38121248
11228554
25740897
41310720
27906284
24010095
3851706
858952
2931926
38979776
35347795
14142360
29418320
36592741
41537794
29710845
39823922
5601367
31761142
6625597
13984548
31093454
20506478
42859655
36399695
36224209
-8371
204601
31445719
4463165
19949999
32290137
24489878
33064108
22565836
14809834
17015663
9764876
30254774
17853473
17106774
7034820
40656825
19498251
8200004
22607118
27982825
4923243
8872295
31204744
34715190
10606499
5942388
33920606
25215362
27329461
16881097
-289232
4121578
38010407
3008703
35972831
13640815
2713599
4813355
22101430
38294864
30443543
35116800
31237463
42005433
6990507
41648614
2336850
30139066
30514929
21706566
3773147
40057628
21887601
19523297
10265035
2416104
25004049
41227951
6744530
1595673
26941708
17909357
16750674
22538390
42245695
-858758
10699718
9235544
40883655
14456511
3811726
14102256
23484142
9083870
30621709
38921015
30923271
27615125
41693048
39895656
35739000
15882175
-670922
1465728
12269741
22514310
22178506
36006547
42707339
24520780
42234307
24837714
4660894
4801908
28761906
16201209
25020167
21469949
16660837
3343450
13659490
4581702
10559289
21157621
41224000
25522223
17740427
353816
1498223
19120771
34630270
3202638
42878945
-83818
20693244
-986573
3981346
10516749
31196223
222282
10502163
25323652
7953469
38354622
4819445
3408790
27283275
43326500
20413254
34613569
-762266
39068642
28632681
12327172
3318146
13490985
43179571
13121652
3542259
9946240
6464191
35891906
22491433
28687276
41558642
39672284
3963476
9178326
3990784
18400302
11030926
20160297
17834552
8522037
8142094
27782843
11778169
26889547
26305340
41885562
8060807
10958599
22069255
14826666
796003
13042451
32747739
21269330
33268993
22253292
40882389
6849020
21247574
27643871
18314125
21990335
8845129
11301088
16240801
28351018
11750389
16262589
27580303
18419803
41008264
1966266
17183561
4085002
23169470
2781452
14204560
42420117
35332442
31525793
12816073
20146632
4672306
10421927
10295441
27615437
20640039
928302
20276234
11798024
8416545
6549682
19279624
14359417
25948817
4320450
3493722
18380625
30103569
23320971
1238606
30348053
38777656
39533997
31473009
-70771
42936302
17970972
22456451
6902421
36557430
14612760
9340888
26778205
41985282
21209103
-405784
27752546
9234867
42600822
33066121
11062601
38112659
1903888
36866263
4315999
14548096
27599083
41190660
32066427
30881243
7778281
13420244
34789997
33140661
21721025
8917748
12523283
-502161
25249978
12838561
16412867
33492826
6058575
40495997
10318202
-870261
22924967
7264751
38409568
25074259
18744373
29861378
37260963
37455886
42762579
13894034
17379366
5763160
33571488
-457803
1045024
9027734
1586096
8277153
5743391
28737794
38205407
24336545
42047595
8891587
12875445
27598026
31895340
37779905
12301933
4434657
16729502
27065040
2488258
30434223
3362503
11148757
37127733
4448776
37311312
2505890
9586953
11516966
40784829
15964504
41162311
42543126
4661972
22489740
34802764
34080483
28462619
17644443
23513193
7741315
12774221
38003490
6778406
22538466
24824647
28631816
40815508
28548060
8218056
32556986
21242189
11439653
22328591
13654082
33388987
37226916
36321459
30508196
490979
19321364
15779108
11970696
22891325
28294213
31974957
32701480
14892151
25138974
12007495
41801453
24918591
2767046
37005347
19281839
15099887
27064312
17795343
17674496
31071637
36456467
28542379
11739360
27800013
17165848
33977616
15474839
29685094
28345086
31547502
20994394
5987723
13546389
3777854
7316330
4530875
18197600
8934534
5130840
7011648
10653758
-476943
23718083
41519175
36941416
12405217
33511422
7331020
7516930
23053038
39748718
41897916
38514577
21181704
32858911
35961034
34107091
9838090
5854343
35525462
42000974
3301876
11284364
36241483
26675365
11985446
27554168
43336170
17580379
39057751
12007091
1944347
20212891
24838321
4737351
27271067
36187234
6272888
24904528
1522776
19351354
16484936
12365060
3504337
37423820
18598920
8105714
11375231
19838996
14921977
10372474
6839567
33635512
39372865
9305639
5412393
38212832
-937961
496814
28209788
9849171
36026036
42152825
35210092
39731856
41994159
7312271
14466495
35233538
41678372
-980118
30934409
-396333
38433110
9051115
34857605
27435727
28646462
1593316
22476294
3589745
35294581
33228798
19652935
28504345
27318413
7789924
6409727
34678401
13713257
42283422
14728556
25066072
1500886
27372627
35004009
21293745
17989989
4808617
7779027
33479462
17708383
14685809
20287534
15203300
1717038
6644609
12810659
27058070
43067752
9564826
24700555
5006536
21423704
1257434
33013967
4382038
12119260
12120510
43337681
8053510
23496339
32782427
42157651
662320
4290953
1520131
26599181
21129839
1107163
-398097
54733
41481139
17611293
5671718
42507019
3270303
12476379
24878521
-28763
13477913
9529020
23675644
5175645
10741319
34978666
39467131
17776298
28838746
25774506
4748659
3963524
20512742
39731065
19032770
34671940
2708699
24500068
7633215
4013759
17221332
3248817
7303350
-967167
4097276
-284379
42999864
1213947
42357278
30563603
11955495
14957244
39990187
20520406
27990971
24821785
31036176
4053293
9492908
24013504
22676814
7171471
13713653
3506064
38463791
18807664
13530279
21628299
12289922
21482977
26684164
32446267
41329784
11292919
43306725
18706454
20236779
31942566
22382490
30892073
21228047
31767659
3577041
36865990
21581643
42573602
955755
21733358
5517705
42930353
18405359
5860406
38127531
29817632
4657507
15438291
39919097
1782503
15280535
13327241
3425724
18156942
40309575
36082716
1470482
42781285
36543937
41939127
25881279
6661285
10843380
19915635
35819684
16794700
29875935
25681486
36884910
22482227
39292435
25076206
3986730
25697064
19269092
6718263
21319621
1591520
7970075
33072172
26840523
26455535
6743665
34112027
23206201
15648378
16363317
87524
31634492
35919033
35151385
13060929
9548616
4826848
23295143
17801739
26869223
8368361
4222391
2296080
11988422
20781930
38339033
5473039
18951837
-783572
31739665
6939244
36845399
20453102
5895282
8984980
15214647
36956939
32523189
11661966
28659955
7185564
38046713
41608700
-939667
10346320
41410909
33709560
16098213
38986208
4576682
35238777
6082190
7960901
42820942
14987773
18825177
15473019
42794906
40266354
39647115
39034382
10733051
33569366
14784779
27469340
23369326
6234218
2708175
6128238
35052917
28780399
39567826
26668787
39810452
43389889
13665763
16624041
23471245
42212622
25133033
38118567
19307616
11059204
18391935
3921159
43526406
31297469
352365
33819164
13516318
40216566
42392921
3322704
-180055
21184371
4728244
2992702
36054076
29148496
40133138
40660215
33869828
39799195
37190770
541575
1487923
25878176
6965736
2381660
8012442
36344072
41975941
20523685
9482049
13460940
30920481
-321905
17424537
21232388
4397136
16283258
10928644
1136571
28673456
14162640
28755746
10982727
19274324
1018543
8463838
40356734
13114537
6606132
10882349
40454997
40394667
13394553
27880425
2623023
14671899
3207713
22296928
2450827
27618212
11226002
8709539
15811933
9296085
40705945
38913913
-68737
4526125
25430256
5078774
21369382
14460653
19935602
22644267
9391327
30178390
34888982
20162136
4046027
17515107
38091995
36485253
30788489
5492951
33687094
42219049
8863235
41174732
9961800
33515275
11508231
2993180
36784838
7331707
21608678
28597419
13189755
22036944
30159144
19822781
15519267
36379430
441516
7741419
1792329
33480564
26067320
24894633
34666373
42089358
27980059
18774085
29685154
1148271
38435243
7168184
35001710
13880427
19822219
35238737
20476815
35591929
15652054
22593896
27082449
3388833
28976526
11178892
30809496
8891867
34004418
24977224
37783948
30214907
22091305
32840167
29075991
12601218
10441664
36575314
19853773
11607205
24149572
4568758
21075589
41164428
42499167
34066922
36214338
9075929
9847145
17496857
20471032
32326608
1945555
2725002
5984958
7480439
42087026
4335266
18334159
40037084
42459136
9867098
9344621
15161826
33268471
30161481
35068104
20371735
41001966
38369754
117376
15309651
17731713
12331732
20270485
15794415
29226493
-23948
6451069
5840590
33486513
18952752
27226067
21044190
6240031
41274398
23332390
22035273
14710767
33258834
28829090
36311347
30507854
1356479
1513164
11309089
4671916
5300657
23272370
13182513
42759149
41039091
12843010
17234236
9684188
11442621
36121378
22708344
13258378
15544376
40772338
13984661
8361579
-602423
14530844
37877647
31538275
2355928
13719721
13946735
29160314
9336360
4311042
30117225
39797389
36556820
39231352
17201069
13161815
33182374
8461014
30019113
11193878
4767827
1743844
155199
35541202
43087246
23477851
28683950
38157942
15722854
34235349
34448726
28281107
39201905
32706859
19203503
17304173
14576750
16486972
29284077
11054442
6722435
20654243
22097553
28621725
12900322
20576430
5809040
42114323
40229702
16692284
9515796
18863289
1904054
38182247
18263148
13545173
6232481
22223125
15898620
8561066
31661955
11777807
7561617
22610046
32301201
17617803
16260669
4259901
34611094
29956970
12325410
42263374
7335182
10504549
28472429
20025869
15926336
9377649
35799663
41390043
16002236
4034958
3529943
9046545
24091739
24863473
10020195
38756764
43064437
40339471
702886
-392282
20749301
10467101
28230410
30710738
40541994
11541814
26868938
34162361
39291961
21733986
30562780
21902370
1555733
6784239
16839988
33921861
31786375
7822170
37309120
31544715
24475644
16249126
-107275
32249084
18095728
42353790
27408580
22396823
23297801
24587237
1672953
5477143
6834723
16583363
-363201
18836069
11849204
28393631
13540512
31305044
3283872
132696
19466470
2194480
29246007
6210856
35856497
26344354
23374023
26590791
32402485
39139483
12435337
16491575
15939788
24870449
19412189
4192778
1667789
18542236
32744545
5798655
24954916
43103205
7914128
3289072
28555783
28438956
11932138
2606794
8106021
8381463
42775886
34144999
15948756
16626882
3340453
17491044
38821370
7942325
12299695
17013884
41210045
4288319
4776754
26645178
10380055
9952572
35850285
33650796
29440470
24754779
1733686
11785133
215488
13789601
29466628
12961318
2784686
5058677
29831675
36074163
8523181
33542208
24404097
31122337
8204233
5671473
16376033
-487452
9625496
39996860
2371437
38755185
-774652
37795220
9009242
36237985
20635407
29893820
3879222
31350900
37377048
36386610
17393568
43502087
24383833
14304446
8480694
2385774
35656091
37480213
-995336
15090741
20064891
39148485
-770464
32882754
15159772
30158572
19139921
43281357
8347509
39147628
33135836
38936530
15760265
-491714
5112067
25430124
31093089
-507656
34362072
28892442
34875253
6823421
1722672
14989325
29922625
13866492
23089874
21424785
31364738
19043253
19503166
11367195
33738666
-965357
21079048
19076215
5977839
35107468
3573541
32203152
16609981
24188255
21059018
33248839
12660291
17140251
23196707
12503365
41886356
12920370
27338312
16059183
2030145
23420436
10078087
21166869
3929366
27763120
31732028
18528156
21966909
39880890
27522403
3132315
1649835
-244188
41314276
34789607
9169128
28720199
16520387
15606424
22120481
11752848
34590125
25453357
41062656
39299029
11608728
7023941
34858150
9481559
22947883
38543903
7825719
10956875
10815722
41645795
42844254
34110068
3339241
17888106
10872869
-519973
17852168
8396590
38394484
4631282
-418348
21733729
6389525
31542862
28407729
17867345
14357195
9730059
27935803
37216383
25455237
9237771
12451840
5568
17335247
27941403
19285751
12430467
9902801
6737920
8516605
13108061
15348637
33909293
28539526
6709911
20263931
36752098
13952929
22441183
1226710
34274611
12744165
3996120
2510835
39213105
956651
1689900
38962664
24045134
21189954
28231965
7804635
-648074
16768282
26347773
8185127
41756788
15941140
42090149
5015812
36299296
38848483
22665517
15407888
5857216
36619148
16450451
37092217
34011881
23440640
1290438
37997929
15540506
26519116
5749488
16294724
34706952
31669490
36428504
10666765
24784924
15873244
32470350
2358290
12419087
11225044
38273114
21921813
26744893
38194743
8364820
40444821
27807512
44145
7384074
16105760
27722589
31818307
26469477
18773816
27522315
2021341
38397149
28474856
20039721
11997617
5630417
8705785
6558000
37413050
17862611
13629446
35688720
34235096
39481991
31174337
23318328
43228447
5899006
28575742
1483516
21059691
43509858
13405787
-276214
14186596
41486215
16736923
42797730
28618663
25972815
17735859
36504266
16625370
41173317
27849851
2966295
40719173
10718240
17843792
32657433
17934838
31189696
17347519
33949933
40964024
7336084
8993750
13436506
30807052
9703169
2871755
12714789
38435469
39034457
1082784
8250180
14279167
29116598
25207821
39585282
292775
37977917
15097702
39926745
31477138
20371550
13701038
35115553
12202323
28250129
36095137
7048741
11783232
-572988
23943077
31338373
21479265
4570762
10971067
34225665
4138314
8447789
28646973
1687724
3285751
14527400
17806072
36046823
24680797
38346507
10528463
28235733
14294129
28036691
24558753
25483547
19295410
8979575
6223364
666971
3919099
13356751
29936910
32764902
2256795
1957458
24383493
25862019
38283516
23954386
30498935
34630601
11792124
39416212
15965142
298312
1218676
21768890
43007718
64595
1500787
20496288
1289990
6678708
26612196
28957992
13990971
37621026
9864738
14204465
21950594
33880129
39754262
38887559
8409957
33546111
2414143
25462268
29249138
8205670
19703231
42177215
11269850
32554328
24569171
42801740
16770521
31473329
18574937
4458128
19796739
33524086
40539384
38486661
10053930
27375052
30775010
25314780
18069007
12327436
12036729
36718973
22935953
36550866
32052449
9126126
15784824
13920369
2083620
12107229
6620380
12553819
37115043
40734073
3301259
11672655
30678161
43044988
16133036
25440392
35156979
12655682
2820580
16888469
21249114
22692928
8690655
3375869
28288738
20417988
32588490
31814283
20071045
3735555
21033003
29927327
23289681
30149224
9671372
7073130
33462351
7042322
33841478
26676028
1991456
35519823
550013
11519718
6391325
39305510
36539421
25158831
35549778
17613032
34684156
40743633
33045151
9996672
28167687
7418169
2729304
28656600
14586296
9100956
30280928
17873567
25932514
28565602
14419234
4677621
26728567
40964888
38830523
24818214
6282280
33434640
11250194
5978905
7617809
29056507
25980342
20819129
13855961
12174867
7754873
17422385
30159326
6790854
20043905
33520479
31181243
4161954
34953573
92091
188025
23678491
15947010
9829993
2008487
40267861
19102808
15009383
10067238
29949552
15081766
4998569
17708742
5319369
23683735
12836924
9058041
19151548
9119384
27046083
21381106
35678320
35496084
38641643
3479100
27128075
2176400
-274457
33370965
42366413
5532038
9512259
26917265
28643017
7669663
36039293
36728803
24130906
40252707
-993795
21104148
4306443
41063783
41967427
4198521
31016746
20985102
42235071
23304038
17338090
17143116
22199186
9924109
37850171
42272340
11173242
11942926
36598480
27492575
15615863
1550008
38323413
8320090
-572749
43171708
38544539
2505581
3699437
-248642
10603320
11367420
10596027
19834857
36273171
12290723
39649004
35479337
42416496
42611251
32700304
25780730
20381082
9626352
13632081
25759362
11122647
29867311
32174833
8494710
9803435
19931541
29822064
4925710
41407936
11328646
4557447
43094324
37625894
14707816
15541701
27244952
16699178
30328090
41527892
8048151
21743332
36273013
11181713
43099925
20963797
25790792
39039672
-25504
29275614
39508560
5990941
3341681
42658066
6813565
1189696
37520022
15967057
13288555
34879456
403210
-252825
16146438
40517267
28488639
25167776
30031752
13811396
26044911
21584007
943543
14870717
16467812
39674513
8778447
23823381
1623210
27520969
23224897
38968871
24586796
25159461
9070197
36865048
16051658
35293490
34004134
29134199
32366597
2803354
17704959
13080084
18554444
42045350
35479769
12249685
27696879
38180044
14306354
37478798
4733549
-241614
40921437
23948996
41275845
21441868
10996712
9379216
30933685
15252896
26287567
24546450
7479911
31835814
30802742
36316219
10266250
21706781
6215153
6785597
36487718
37490315
21094464
11298191
20328066
25309254
25986098
17831180
1509651
-113124
7178749
19718525
19457548
3062189
38099821
38715747
4495261
14779997
14770586
18158304
22342771
-911845
30149291
3433025
10335899
4204804
37808093
28261606
9352790
15618735
33057671
8726685
16476161
10492050
28351311
19838086
31774862
37393178
24865685
3355838
14123063
3809729
28893570
25304608
26395690
33009918
31239285
28784437
18073009
39037450
3820782
3457414
32114762
10684175
14906902
8563840
5044275
4945154
21879883
41283652
31487686
35923966
30593239
41301521
-470499
30387912
18179312
30714639
1146523
32700830
18420017
34917861
26552940
14347627
29736308
28516844
35578246
4721484
593649
27056206
25308640
13515075
27163300
14726958
-606627
21762860
24123284
40852998
2304896
4358845
32710395
38347246
23921654
31213885
35693982
3318319
5320992
7376505
4155467
42496029
11879790
5153514
24465415
38553749
37623816
18432606
27225055
-286731
34156256
32554366
6539219
41853768
5658979
21499151
18219579
7151028
30332563
29454727
15136339
20646426
33638480
16214460
10136879
8533351
27248660
30405128
37102647
15263537
1214624
25089078
26073875
39565144
7321573
4884513
9671126
1376155
41638087
3242532
527549
15617183
419554
30082238
2234175
31443175
38282152
28084761
26197439
35852756
499564
15739895
4689260
13016755
19918493
31685615
16639954
6533313
15206691
15052797
40995608
1736078
38667988
24360392
3884570
19477218
26057442
42708074
24382071
12683864
19308001
15093945
24016611
2138160
2911166
12439988
21060106
40980773
6309136
34850130
26355586
34265292
9080826
18177667
6002397
10886886
34697747
15182913
22922330
23771826
4171304
8613004
42143545
10673537
9787423
19275180
8479499
26666110
26657566
12145085
20336106
40559835
41167929
9497345
34537797
25545005
15358856
5232296
11275719
12607282
3765721
5043256
7319198
15154633
3806971
24786950
18311395
11125196
26762244
6021439
17668373
-453049
15097010
30469933
34110997
34883323
16238802
12304325
62661
4587029
39946790
22206695
24849753
35897830
13890517
34858830
18276303
4692876
8646847
6125851
42377302
16174986
6402015
1119782
17736294
17007913
28887235
11179177
27497922
22594482
6931808
32129375
39961086
40114332
964417
43216574
27649154
37233099
37257004
14393130
32551918
42158152
12770679
27368396
19890023
14608347
7810552
38789927
19312112
13458380
2137346
15503626
31549239
-124241
25892715
36574563
3904352
25061973
3937915
29831931
27243307
28763954
19897329
31226389
33360664
2942054
13704153
16000143
34665101
28317843
15049933
5837941
4245741
18151093
310636
7410094
33085491
28611046
42550118
10218276
40022540
25751583
7736600
14665685
2202563
42445757
14626259
28371092
8677440
17126769
43389492
39324209
12997593
2704954
29645024
29786883
33270198
20376202
36355194
36040021
22544624
34329920
7344620
13267969
27789381
27058749
16329051
19602314
41698072
40550789
32015700
23040767
33474227
27161417
10807370
-18410
4815431
15049927
29649440
35637235
19850804
16524010
9813267
4484102
18312349
37524473
34591887
42399631
32518668
10079896
30065110
38142113
25545942
16145129
2627206
12951904
-763174
42155588
4729366
20025826
41436770
8938313
5330190
37204989
18468543
-506202
14838477
-254879
39971598
8772527
24917144
33808736
41539963
29709919
13916424
28525318
31443170
7988370
31391034
2023900
12887095
13830453
30318844
11028403
273831
10993091
12291372
7217851
29477813
31433811
12879716
9682957
2949763
37941743
29501776
11366763
7130432
14607877
16060521
38502027
29375932
29853220
26123743
37314351
24766302
9856518
20704592
37931185
10011344
871423
7057711
14414074
22512311
21395207
29928711
40589694
3213569
36423808
7194240
10756108
34787656
42776778
40494340
15793082
18736351
10849018
185803
1250664
37777152
20892031
16878078
37899859
22332764
13995917
36073803
39618107
29649814
35675453
15602676
4207029
10764694
5678156
28436461
19699773
35701147
8938164
41990131
20982544
1818980
40687005
11993717
27133310
5350925
27898216
32172633
40640125
21868712
10504290
41235226
10754210
21303285
1137676
32769069
34085445
19293749
28863121
20432990
-879889
13406214
37117892
21454467
34623921
2000501
21292831
32270351
470215
22226574
38188331
9938266
36380220
30666251
24051931
31395013
8112166
30007244
23912519
25634863
23980977
42364167
20703807
4512626
11728982
9024929
7008216
27153638
2953516
33586850
41042084
16633751
-704848
9692875
17190828
34310359
31422218
7788298
29463546
1610767
9789935
28858543
20228583
26939404
40111558
451243
40309803
17123445
13056328
16122033
29140965
33061216
27063887
18598205
11915202
7239773
27785983
38933571
29237509
20492197
30161198
4264590
774825
4979599
24215470
15747334
13045862
37926358
11381
6164739
8186892
3334659
24860526
2659681
1117177
32885513
6505640
3220390
6801219
5155308
21559432
17814546
-528040
15290068
13166642
26974287
21554007
41599828
39841487
10836373
15299219
16577102
17502615
23147876
12141903
37297853
236668
40142398
30793749
21419509
3087657
18568726
12127840
3600169
6104460
5816526
3754914
26695240
14621338
8066241
26951947
40329574
32532384
32306065
10551606
43081783
31112235
13016914
25573645
24533585
35575487
41221112
8557853
20408233
26372480
1158461
34859352
41393566
32313970
35737824
21802832
25237578
33104268
38394747
1688835
28521848
351441
11789080
15421855
15586051
6377991
33368129
9156067
2503062
2805261
35546184
34779462
17675095
1767135
27103277
4943767
13376127
15033465
36075354
29610419
7920589
6109039
3119407
-340005
14754345
10665432
3499563
21572845
12650947
29551984
26082257
35767814
12829531
30658180
119462
12833543
23672514
1557964
39350187
28700007
7559743
12478351
22952200
1286152
33321089
43257657
31888622
36957198
13457487
39728666
9932088
18579232
26942075
16747980
29436503
2877235
34452982
11061749
17479600
27163961
15893576
25056444
40563866
11959144
34234798
39047437
12993719
38885433
33125132
39181932
5011806
35476577
28668482
34142431
8402400
24026455
33901226
36766395
5932070
10213269
10899146
8453136
41240607
22719741
6901396
6334201
12408883
8208583
8298120
-447240
6470159
17049994
40402680
12459855
11873969
28210797
39549788
1573014
18170542
12593863
24036412
41389818
37368529
26761519
24092970
29553477
12095670
27858163
14301534
17633447
6854709
34751400
-913958
16428679
27492082
1230808
3578449
9572706
35971192
31439508
29272138
34394321
-70007
12194856
34883341
9627074
23816425
16761206
20795706
31021762
4963175
37707006
703874
188552
4811155
1153985
39739283
37870528
5353109
19832090
32802326
3125363
7613374
22700998
40109993
27642417
21510020
3338672
13394282
31111967
16272860
22217510
35603616
6299580
24351853
2985407
10330233
7089724
9957673
33782110
35413816
29018339
21677223
13402410
27614954
9930836
28202267
300118
43052376
40470905
35909290
40270696
-99260
3091630
27523731
7240241
11759596
3831011
35576366
13514592
26110838
278891
11112990
37561205
3028453
41265025
14489744
24310547
9994764
42855394
15975491
9442604
19332642
18179147
21606365
35384700
11800772
22108477
25685397
28822158
12600788
35932161
17715272
33228681
27658530
20166602
7960849
4305171
4382867
32069725
36502396
-883423
25695732
40531526
26903661
23062873
10733805
24976625
6111114
3328512
27032551
38611924
24731530
14599100
6035182
31305985
30901146
20960261
32954015
42821784
20191935
6417061
24806939
1532166
8062622
34014400
40517420
39919662
6662761
2620811
35938948
29078473
6590522
16101771
7733919
27877858
5290497
39208361
34686118
6065991
28697841
-633608
16963628
7068478
20621734
7209325
16675101
16880772
612168
29383588
20717814
38395679
33459949
35082831
4699954
19833265
17286332
34018177
18689596
6524121
477543
28267958
7978420
27874153
22948282
17578796
19276613
7746174
1895927
761681
32703246
24996007
11308063
12559751
26768526
29805048
6781735
33939647
37651558
33455411
4745808
33396652
41694131
25953554
38755563
983047
1449287
13827180
12034328
15110981
39187726
9068597
4617468
5051161
20389914
26902370
13310930
5578334
-164347
2431527
20043129
7691222
16640126
21890808
2087555
226156
19742275
11861480
476612
8615516
40217999
33947467
2545904
22836917
29565785
40174521
25696813
30851934
25436213
30384082
43069690
5031696
3025070
9845441
24843321
9805642
40291573
36592212
34190053
14216093
31445753
28540727
34832281
25903158
2835718
12982881
33759403
40441936
40348269
26648773
38386568
32281765
2091947
34433765
10642349
17364760
24507897
31266677
39806307
39806613
17632361
36560293
40366630
3325035
16246427
2196393
41266230
36722800
20486836
22468682
31736894
7230703
37823649
20607479
3329233
23081344
24690385
18158642
38912467
32268907
28386544
33467210
9607319
-289460
39639827
30404397
10055297
14233975
39789912
36515816
38982519
19311159
25068538
28953420
2299148
18653544
12401088
6355299
41411425
35385374
-624105
35846431
25355413
4450276
41711014
28711192
10178668
20826390
38182534
22269519
10191028
28745890
19944330
9380056
21537954
10782251
4820095
43333152
36558951
36430554
17609076
9235467
16871690
17248764
8239398
1169086
35052509
25617514
7254039
29222587
6395243
30258239
40324648
174061
12085760
37418805
28662328
11714571
22168575
29674963
34653529
13278109
7621940
12642947
20913612
39616215
41312698
12777896
210185
1575705
9394598
18050010
26897729
-516413
42583296
36750898
38023378
2275378
1015829
11602171
13365069
5820978
31340028
5491223
8611878
21655092
5201050
22689746
37027089
7378591
28483392
31377046
38194866
20714648
7778043
26617016
23086392
16663051
33353728
24995512
3131364
40679216
16981017
7522221
2097227
775679
4372835
18945568
12657260
14989097
36895467
5452269
11181464
1327921
30899387
31439153
3346015
30737175
26722176
42278258
31474432
29333895
22892396
11748861
14792954
12057472
20120650
1054623
7446420
4012044
20967204
42515164
33197573
18954441
24913325
11411016
23776533
12086675
19276290
32579258
3918267
13419235
35806102
2108013
41022103
4593530
30671184
28441385
36043966
30815537
32536935
19411746
19396122
31023454
3806047
26098604
36422574
5037160
15494489
25582941
27079556
26604066
1700754
19417025
7394351
35414161
20666547
23537133
1114501
5377636
4716836
-312799
5768994
10378442
18379463
35379653
27304333
15720772
23585993
32914748
25252592
9639863
17677847
1381513
36632971
26517246
38082921
23722961
1933782
20137302
25936453
38579946
30275333
30878844
22445529
17987091
33161841
30459398
20702189
9419095
32191751
6034266
5803217
662300
22420610
12382080
1976907
23706880
14707551
23399825
40886950
25359824
21349794
27832525
41211546
22338462
20452181
34218585
42272200
37927966
19883843
37584269
25282676
14692730
10862042
30259389
2455415
39864134
1752323
36561700
11989852
25990860
2225926
39868837
-258781
42571026
21155530
36648033
-647202
18412669
3422406
33739194
25610712
20197598
4059566
31709911
-252677
11782998
42092485
32022474
40883468
32164728
43019400
15237416
12142514
41188280
16573055
18479297
36068482
34370745
20021665
20845663
24319221
34359798
42559572
16247920
34468504
2829717
16650629
30637494
1593916
24666803
2237815
42177932
18778659
3888548
339766
23275751
35924311
22068344
35253062
15524699
11059887
36885792
25440439
39977716
31055215
41742982
22905129
33785804
25988590
14655645
2876361
13783870
36865893
-452245
22826565
15734885
35910276
15214982
17068907
40047624
4844242
22949612
33051970
32334269
29627316
26511898
15485077
32755341
36078721
5759170
32584421
1213297
14839799
37972204
9718333
37751142
12288567
28173556
15584888
21503526
4687003
34683493
39314828
18963796
1816401
12796647
25633385
32035107
30383340
41476287
7031598
16611025
30005061
39546321
8650550
16647246
24482651
2513152
11213965
15853764
21349902
10261919
7521070
33998698
39766109
35022588
13858660
27022104
33366240
26182202
40907116
20568041
11088599
29111168
35715380
32950185
25583874
30150541
32496003
42975885
19056803
681802
12035526
30987403
4709270
22034144
20609689
39749119
37025340
2874099
41223083
5854541
38567652
13082264
20776290
37793571
26145191
12981375
29610712
13678253
4007350
13840671
17794435
6981689
14518121
30642541
22561502
20493016
14642161
1185609
13594038
6875785
20801642
22643379
27035610
20128173
1744297
30802047
38826185
14499125
11949360
20349150
43155383
9776587
29100800
7385787
16687729
256015
22212119
27676340
32309518
19068979
13621428
20650540
33519349
42467189
39910293
2013498
4213184
43222269
1395168
1725695
4339643
5040920
3271942
2101417
21013335
20345697
38191195
34496976
19599135
23169099
26245301
16806573
35784148
20989540
22434229
22130954
6301403
26023994
23982435
37786936
11491244
31287237
22873126
7220838
2898234
16533871
42538231
5138748
7109916
24944538
14518920
12118975
38074388
33602798
39291139
6001435
34878519
17288451
11614941
1205527
30157482
1362283
12869157
22108293
31591770
30410008
21255988
-489872
5989846
14309651
11184900
5742465
8508757
42087896
40950885
21806770
32042086
42147886
29117739
8936145
33293511
39072193
2489099
23381876
3535870
15256812
21780607
20208413
5537951
38275039
14496130
10396127
15571136
27115946
35572854
40293273
30512962
14790752
27535287
29727384
40257646
25625942
24189245
19846279
14104392
31999239
18178308
18938526
16879436
37111012
2169440
11674820
21896971
24481226
9415615
34410276
35639706
30154796
35522588
33707403
13757020
39542392
36216511
13551170
8547064
19462697
28472422
40733512
17293901
37617897
12732138
32771183
35897691
12049438
10208448
2218110
25042566
39455155
15846169
31232168
36476649
37438128
16057873
25576413
32800431
20240219
24152411
1967084
38809069
20014045
10480051
8781516
17863707
29388077
19233955
-236537
41518274
40672611
40748583
25608742
38630755
17005484
17001108
39650411
41044563
32986479
19450694
43215135
32506946
36103868
21683938
40431400
2610145
293092
8197647
21751402
37142151
21709653
34760856
32777940
38076063
36437279
26849416
24759318
10614459
10944160
34882265
42348816
14569441
31022167
39828861
40365943
32065122
13852608
7213273
41041039
38813859
6071516
23255929
3250473
15752241
14959431
9028753
11209938
33747816
970100
17313485
42423055
23861995
22926340
14044922
6011552
43374618
28162618
24610154
6577722
6896305
11681108
40938645
-107368
14881014
20975509
15849785
29054887
3538956
38542032
28566788
38277802
36068168
24771765
14466639
15577226
39104299
7282280
4156759
38461099
27885723
8240360
24204291
39555698
15555895
25313339
7283026
39090656
17065615
21352732
22658693
3757136
14202504
27395358
40119291
18852523
2402353
6422526
35767721
17553279
33510509
34128647
9273874
1705480
16397290
12588063
4745086
32707526
32767119
21419379
32649997
7217041
24050003
29591958
4333788
20966920
4829819
9503862
34747004
14879182
28113183
16254781
39189920
21869627
21679753
23778510
37218153
13668293
34034353
38050774
33134221
15508897
19340553
39757943
33535490
-543569
28116678
3064638
39220701
30097795
5443934
29002568
42317863
3234717
11686225
40521172
18463764
41079509
6757736
30590392
12144679
34245489
8281570
8080930
30234902
18360403
4416791
35844002
41736043
10953560
39744300
30317130
8991785
26917103
15315137
22141806
35048199
4651454
18460433
30654853
30795214
7604539
22382911
16740527
15397477
19941386
624528
37718311
2231564
11206818
35631431
41430522
35080360
17059896
20694330
-1185
3872812
26521521
2671554
39409103
25427037
35659381
25163247
13135715
18559601
26361530
19147533
40524461
34463406
32647671
27660294
25171845
15463963
39693912
22254952
36876003
2038568
28789313
25912177
9899267
32645596
29771744
37082649
21279404
16330316
35858003
42148699
42893079
13683246
14535165
7042133
32194034
33787905
30930411
4944768
5473424
-978735
483920
24886069
14962586
33287500
42457157
38220015
31315343
29066300
29954204
18925643
43278448
35168249
-269302
27282630
593973
36621737
31888846
7409117
41066843
29034950
14162154
12873440
5324755
29015852
29021852
7062994
18125557
-775572
22411320
29473106
2565260
29057634
43235032
39538638
40783136
29888375
28954684
9833129
36250438
33915631
37823253
29910194
11867020
10547496
25829468
36603455
19028662
17454039
33335906
20665825
17231166
31819817
29932488
27206979
389128
24593429
40364525
28512576
42210298
33389951
10839515
38572293
1159907
14277383
7461363
5362333
18995499
23746277
21562370
10253162
35212825
36913083
35770076
6488923
41980350
7515121
36250191
19161867
26993777
7920434
3221640
10703144
12453313
5066582
17092652
35758867
23806082
27178755
38459113
4804070
33805640
39304081
2543817
39395402
17147285
37213320
29077730
7593446
39801718
6414201
24028338
30922582
20749538
25664852
39888232
16504001
24478680
9350953
4782535
37346029
21989247
36428869
10754447
41030911
34424345
26591366
30315327
12998250
37898315
16920140
14384626
16220658
11264241
4377857
34227503
38208552
34405687
12562578
14155692
19276446
22627452
26396841
43114100
30912824
38557405
6862049
27730284
24934068
22689835
14128096
42070950
39387458
17965936
19358322
21403471
11298351
26335533
20360045
25959601
13452422
11920040
16470734
20718455
29816554
12565999
35067070
33460799
1422124
6735483
3509695
34938085
32323461
15613122
26527644
42109331
28803830
40610000
23422069
9171316
35578230
5236306
8171275
31608102
29656092
19487656
5220646
40666696
5888081
7472451
33708671
15648096
2252926
-135866
30134978
34036999
14155312
35371690
27608803
28294306
39937625
18788387
19715841
21394593
552235
7059123
27664971
32135541
30068205
8222049
13763318
17286096
25868247
31394471
680971
17542253
12564897
4837890
38618746
38651710
6776619
26566037
38667015
17903728
25283620
12055777
10114697
12763506
25713667
29209314
17165500
10191908
32434335
6030672
3140577
27761251
954515
7871857
40384295
23293437
18622023
5855813
24213005
14817485
26400862
39559456
17635456
4935084
34430389
28995558
2789611
38062353
8441023
29432355
1973710
37976838
10508447
28938823
10015121
5438660
24297749
23731222
12998939
6064860
5269617
40823903
20630689
11233142
20296408
34164894
36511126
10397831
23826688
22469970
27201114
38031619
8020332
15081832
23470024
21552738
23146483
35409696
23634045
16119262
24845768
41300686
8788735
1251896
13583242
-779933
2559106
33907172
39196566
42313359
22032878
31916821
7651087
16180739
5533350
16174195
39891208
29173439
22372978
5324781
17613627
23433017
40031018
5910524
-295041
17037855
31115269
33456837
25519248
34665411
28553843
1046828
10259180
35862953
-839290
-766088
36728115
11502976
6159308
12894945
9705983
13372290
6794246
43120109
12920479
28574778
-937055
22008442
9700260
17861893
35214784
38675197
1820503
36607324
36148949
12943092
30979242
40807597
41055734
15919585
40314502
34334322
35252401
5671159
10164011
43093782
1918053
29307128
35146492
34025072
31048889
6509452
9341044
26924426
13397300
37705620
-832380
33837794
12133202
42258643
10094189
38284494
26251618
6713441
12826664
43395129
32276320
37405077
2353813
23132405
33493891
8830155
3538555
14023727
18326745
40925255
14589600
9436941
345855
37533321
15709825
22987354
2150857
26210247
28590779
3348750
23148486
26474101
25221962
425835
42422741
8348735
43366556
12624261
4113963
14083990
19451079
41774552
19256245
37487353
2241379
7278444
10411680
39934478
39399042
12462088
43475375
30385297
3652939
42042798
11930298
34156821
26314251
12620058
3766144
33351148
41557867
5809977
43268473
29711477
24241138
38283272
33982593
38915022
30785536
41856100
32161534
35919584
36499223
25800229
22993815
27381084
23974351
33726649
3305292
6609371
11646468
11014308
17749045
27219909
30689527
21711552
23174993
26316368
3384168
15779958
26303062
39574447
7158258
1553450
38612413
9820727
37291226
9813578
786710
31889610
23518199
42245625
33322407
25092202
17511567
4344327
20177564
11045892
26569195
10066679
34834981
42685224
6454555
825762
16427023
2295412
32460396
24424333
20273060
197353
10717980
9279613
34973606
14184966
36497184
39610381
13170913
17628404
37492396
7865447
28104196
28177705
24897822
24043638
14343539
26140158
2598291
40338410
23569008
2092058
3505832
-135729
2822799
1232119
30213988
31044687
10937755
2294475
3330958
34310527
41389293
33097581
33253388
19091810
13670408
29046498
12392620
9616991
26788796
3731926
42084948
39119258
6306235
40482803
8163183
24306326
6263515
1268267
5847632
7002073
26035213
771506
22747522
24533984
9928367
34191657
20467549
7114964
24110306
39479543
3973687
39951052
31852216
6737182
36877576
9898642
6993415
13469003
41800389
17116909
23882763
5458557
18624036
10365825
29557040
14804837
42010652
30812870
24922316
40271775
19465310
3977819
21895344
16484957
3325887
7629673
6509115
33791988
32991049
23571442
36194995
918605
20290807
11666723
37623273
42667695
22935451
6422521
21363928
6778674
21987713
9061624
42074273
43187566
4486047
22873971
14111728
2442075
32107299
41117995
30081942
27652330
6228884
16830418
32211807
9940017
27660458
6739707
2215781
11780036
3656872
30500501
13854838
31840810
-888004
11711495
3583293
19900858
19356558
40284182
39917429
31506274
19581767
35009883
-927087
24547389
31922519
26080008
42583483
38121104
21601685
1808942
30463068
36056029
20099560
21379905
2669847
38138959
7939338
11642344
2574822
25260978
17217232
10015862
19879216
1189578
37904466
25661743
25005031
29865221
42213662
40103027
29762014
34432541
32808755
34660647
14127449
24875006
35268582
1090136
557592
2883316
1887398
32144510
29732725
34064660
1676365
21450084
43508847
-222505
38576714
39622412
11895921
31448014
14507614
15379738
13721630
31164623
25213140
20215884
26799989
38398431
21563023
43316959
4315612
43015681
38707766
17169975
7969040
10446216
8396238
26339051
25192503
41266918
38361596
28410237
38815835
20380541
32013541
35033647
37366320
12469541
6834788
43162230
32439865
13591064
39578357
8569245
833314
39081508
42432014
22021375
37344415
21741869
14699343
38417598
18299112
19188621
29530550
32700949
22525275
27292176
25075200
6102864
10736665
15147087
36544443
37063582
7970711
31441813
18204841
42077161
28330435
12851189
17997131
12505555
31894751
6542416
424427
18683883
22540040
6165027
27981127
8795377
7897051
28363083
42249508
33798543
12918734
35323978
19654845
28263563
25675185
27809901
36646268
6364357
26829858
23714187
23624649
22989104
9702509
28874481
32034898
34166394
14543136
30255933
37775595
10956220
36255431
24889335
35442109
35454232
2353814
43079016
5341413
41960517
37492717
28102330
41843138
10338749
6058666
20510330
8559511
7927371
40642560
33003930
8829567
1609430
21749887
3402379
25379353
40566209
25039076
34844862
3439946
23035316
38962990
20719958
28565721
33685189
-403356
40976093
31308199
14918802
21157288
12169356
11471203
31897486
3621438
141480
23689129
18640734
7924632
33978213
5148298
11006563
39852020
9004563
11697128
3284541
30451318
7652083
-132251
20840527
42617714
43444332
38487053
885395
27601649
26126640
37051290
38217752
43124223
35656938
12172103
4178606
28096626
15895964
3472927
15466201
20758557
22442726
19168857
23559579
13190920
34898771
30676256
21813407
32819483
4495093
2074062
5548416
12684220
24139346
3061383
29721550
9379278
32998273
40518898
40983651
17936183
36909862
29103656
19472870
23990598
20794008
35338986
39766601
28229087
4395954
21314731
6959392
8316691
-24776
41001498
30846353
4215450
6878994
15049959
28272385
32540564
18129633
22699638
26335378
35079030
9198775
15722132
38236006
22249801
2459126
1967010
37750798
3656371
33420529
33563932
23887793
35842344
39757511
27034680
13747148
1874029
28773376
18522646
3901698
22551900
5563016
6819032
10246312
25801993
33811469
43128842
30638497
33783434
22858868
29722846
10771355
34794425
13426314
32125988
2220825
1755852
17696809
26616214
28362629
43197888
12504196
31998368
28072302
30722122
32703185
17569716
37445650
10480556
18226662
32989686
10071888
36692054
8872133
36937403
15020714
39809072
2686921
8123125
27216063
8175337
31914436
11496969
4108983
25057180
7252028
2337875
5064276
12043587
15672949
26619063
-916375
36205883
14222715
25682636
31431900
12982445
33709085
33071873
17461159
32049943
27456129
18874154
23452617
20873752
6146437
25849686
6585795
5245481
11713028
8636120
31673320
25888464
16030698
12985916
30720839
34823998
28635582
31089829
20819969
35731028
25593011
39452722
20580605
23026619
17696534
31440588
24123245
6469411
32502140
14268404
21350695
18401133
4086655
1944143
16553479
9705011
18231968
24867262
13399283
33626292
6697169
34095636
32983084
29286943
25026113
1562665
39976137
40967217
14984232
6306323
-169120
4578808
38197287
37321668
15184163
38038903
29737763
11628684
20853724
42034633
15138671
3771921
25666007
24041704
18983496
35718066
25066666
10755845
31420601
42416481
21620775
41292221
41444564
40450309
40246206
12012207
26324712
27539058
37511015
43301602
11532540
35006660
27167389
25394884
20552991
8583080
24923743
32290841
13074827
32350968
29942697
9510796
27506717
38914902
34663448
42228596
22824493
18550812
8586253
27640697
22120860
24867663
19329288
33223284
14816716
32027626
3690297
13954408
163936
9647822
14632934
35990219
22627411
23333550
3187526
25681567
1149969
9237472
25093461
28190547
9391105
40332337
16647802
37443997
27270178
30039859
1123237
41480988
3983855
32944679
3316498
41005611
24648439
19748212
31861114
40785729
34392664
35102737
40046053
13330117
41727857
33391870
15504597
19198735
-43986
42746737
32496393
2443006
32778933
13741401
22898713
16708454
33604925
10965475
39243676
40820844
16819484
10783477
21471435
34395199
17041625
7891039
1546681
29355817
2366123
4512661
15781622
11604792
30760318
7884777
10016528
26346655
41012914
39894744
36272175
23970123
36613182
33452260
18226521
33622034
9068425
26944123
2920957
-478247
12763822
13690733
17126219
15270722
21922752
11170514
752631
41242777
34012465
9273491
25266500
11569629
31377318
41953502
-857356
6255759
11431947
13899927
3554692
3150915
20070116
37307588
16633771
6864096
26879191
34625231
5548905
19890821
32992428
5773670
37117224
9237155
10117189
21291170
28222206
24394318
5453368
5535157
6854174
25539891
16934503
9485154
9535286
35401208
11282317
2584449
12917781
30657997
37956032
24290091
15546601
32436580
3504708
35082780
6672627
26780954
37338706
42884607
13465044
136609
19015814
3669734
2545606
12236996
8158458
36061576
41445168
20160939
5135084
9893610
25085980
12348839
-586003
29507286
10052876
38404918
1145583
36270501
1733731
27495349
19324695
14007471
5804461
29499989
41180486
13816737
34394278
43339781
6186101
20935132
29823866
27354653
38054768
5862585
5709860
4817991
27078380
31976660
42455683
35703430
34486848
36754487
4976992
25667588
19833166
38055220
42455467
30306087
26440654
21850041
35277387
16801099
605800
5629182
15643039
29179772
23457398
33360821
15518425
35267908
19554217
13905689
24031780
36439255
17198108
7214811
40556277
6942189
19896460
5975121
41719332
33250960
28394954
8152710
27846161
40704095
16739008
26441937
8922496
1723509
18121472
23303059
5939717
2617145
15029142
34723879
20360728
34276688
19273842
35107836
18018382
29887932
10491537
896591
16720606
5427658
25228461
29251765
20189206
30909756
3400702
42217146
2060549
37434008
22449904
17078998
19765845
14278719
26543888
21029423
23145192
22076560
3697784
32438949
42363536
28781727
2124689
32954855
1198710
-625233
23198308
19074297
1188275
43212614
18742948
16704313
22787828
19184647
4861596
9622230
31096184
24755753
32641773
30243869
674215
28516395
35316841
13549923
35296688
41059796
3509916
7241515
5424398
22417277
9768733
35589228
29995801
23238120
32705287
30046210
-878524
864737
36328025
21656564
28433437
33632988
16428584
40284645
18288191
16758783
39250272
16091937
10128550
7196168
40158274
20455184
36971312
40657194
22931866
35945086
30909620
18643502
36346386
19692569
-708171
14263402
35950172
18505624
8877935
19960474
606524
1445729
11964151
29592191
7844040
19553895
10124704
30405544
16313097
12404542
39294372
31478025
40643730
35994955
4966766
17981233
5847951
1448690
43322987
26124090
42308565
2418451
22490398
11771108
29742955
22035520
24850179
32391799
31419966
21118248
25601136
23252889
9895354
12573414
36855620
40385348
17680038
38354755
39176863
5801531
18066112
7680574
32707990
7128983
32631668
21285804
12795857
23244066
4320350
43092478
674857
16064073
32634316
37243297
34950900
7284156
4860349
7956807
30706363
19412162
38849186
6025635
688321
36550488
18047733
37135932
6339870
24358598
32376123
8260250
39447665
27009388
32224815
41499471
43443355
34047450
18490747
32444955
28692340
30933086
14469250
226381
17352213
34322647
35809883
3184348
12527816
15244813
9928344
7625136
18639729
2583893
42309408
9202228
23187665
20877536
35328111
14061598
34404360
31222631
16717002
8641793
1859254
31667749
4446392
40503816
2468187
17707513
23608128
18069229
39165791
28603085
426607
37911757
5619975
15333164
24271867
26855528
42592424
38003721
24377467
16310625
26729620
33700018
26846134
39787086
15498296
5130178
5836732
8958557
26069361
24673294
35792826
49086
39588834
-431729
39046870
31223777
-632365
3538350
26352471
43008208
40087256
925732
15887773
12527223
25512656
31389169
14355277
14278349
11979617
11062360
32286853
2350269
30811725
4958956
2789479
15910944
13995822
3937718
17137862
39639109
32388851
37189599
10576551
9485088
4075063
10480200
27539921
4006914
35789852
25787870
28310113
15138335
5305421
10935100
34671083
4128984
377650
4812407
32888520
4549867
15596848
8490238
11638788
26391132
5786134
32140404
31241485
40103002
41023419
41211462
32254459
3129596
34811143
37241823
15673913
11299590
24227231
4793423
8135881
29117692
39516366
38352739
22619215
7051469
23502960
34061014
1564300
38033113
108877
12277917
43478316
43154062
20633137
19892509
21143124
5580698
34159816
21665054
18815732
29345400
29514515
22441996
33468695
18641108
9166548
15255599
31470772
21848528
22724285
36517793
16935760
29698782
40288223
8821137
33123252
1535007
10277836
30563212
20582800
27192083
39724663
23203853
21761105
28759590
37399055
738091
12102770
1321002
23500936
4385738
32362551
6636509
39252828
36124840
22992525
39449355
25701495
38164386
36518739
13835427
5904964
43008009
6563992
42717620
10764452
18069454
37335730
28794974
27713151
32126478
4835245
10573823
38389489
20445136
29274615
4904406
33120041
15683242
42121662
34120699
9948184
37225921
17192667
26376266
39881250
40626608
21538480
3626911
42886670
12563669
28935046
-272068
38729872
43282190
41735489
13279467
18900066
4840295
22544462
26286162
13378979
21336860
28506513
32016966
4572558
18293471
2717827
40112720
40642769
17708186
36271225
33196340
26093272
35209594
13449422
36285646
29745936
7275233
41181942
18579662
16262230
23678225
21520035
15517145
15767828
25439790
4987025
18289348
10984244
42624164
10242164
25901513
16597998
23788819
27104582
27716655
20987133
30555751
29471696
32861126
39108981
42206803
40484066
1699350
1855574
27784549
41600520
18575801
11894843
27896925
26895940
383686
11511108
5328198
13556933
1904641
35604508
38899961
6802166
29770218
4795701
7801343
25269403
4537980
6524334
31843804
10108154
32184837
23057785
28778870
41768508
17895015
16585175
1238107
20090311
5224149
27217858
20251087
19188789
39260766
304417
42581486
32441947
15182848
26123611
6220716
25735253
28837826
6169721
41274945
5296828
8104488
26587173
19220217
32553059
21373260
5144812
41118180
16200033
17366323
20894069
-52815
22848129
2451613
39030243
2377385
3226802
15269252
12457896
33004282
30669061
16391520
-656024
7741254
42947554
13104843
11409294
5346003
29977251
8408929
38111957
30177512
12499588
6007994
33327899
41841409
31234076
23515623
9139506
38796721
34994742
13130500
31331110
11070376
2710963
34783507
2857477
41200958
3538345
21049166
35762532
2725017
32222901
32994437
1352326
35306935
22847307
6231257
19838218
1733693
10374424
4313
40863114
23390994
33241321
12588476
37808700
13747267
14551119
34243921
11288645
18425625
30919613
885970
10292203
9008862
21637362
41448888
1638486
14670448
40290090
17824469
15876493
17352771
30755250
24672022
24258754
1267110
13099008
32951352
3864967
37341236
2849509
4141231
12192359
33650740
16885626
765787
13663597
-593278
19015746
-962512
23158043
32643099
9482417
1984325
27130033
8078520
20296069
19914892
28846779
35559260
37351563
21623196
12551767
350127
1221004
41603477
13149624
43349975
17694941
24263659
42018628
5515869
35651636
35570123
21802489
40432399
31580553
23657649
14198886
30393697
5264542
2013873
425944
33716760
35712289
15765041
32107686
26065380
43454630
28629404
16609685
9792251
4436944
21698949
23672488
33992378
1537288
39773374
5115290
3856414
27022242
38339608
3521812
22103705
37265910
40973497
17792712
4955558
12101347
8237445
17538501
18055102
3880578
9571779
42943443
29512599
17923327
39142634
32433869
1497938
36134687
8574318
5557693
38286540
5961553
34354985
25858202
19029921
6512375
14443937
-354834
14843845
30192607
-333710
35940303
6569831
14329373
4400199
4286556
23049200
7385503
39967122
10801609
-186135
10269638
23810467
2434508
28019863
21953275
37659643
3213327
35419757
41369478
13984378
17620712
34778739
27480001
42424226
41690165
2296022
21937212
5695403
30065744
14807630
14567355
20850315
25170806
14008529
36338859
39169092
13910477
22352688
18739525
43508291
42692334
14911179
31945435
10544261
7235666
12386842
4723367
20472239
33843123
8171980
17521759
36964696
37908468
22980847
38432189
20989597
36558458
42219284
37835189
24583071
13490364
41987067
4521415
39083193
13899636
6360110
14320799
23812687
12205874
32572032
39350172
11173057
3352866
18182978
23027205
18171553
22662371
37762339
18840576
38567081
11777404
28251822
36519229
1914921
18571655
41703078
242166
29300695
11351115
26691913
41814784
15047731
9947362
2861439
13529306
20079198
29077837
11446013
6117442
24419650
37512770
3939146
36470872
8286216
29092010
37037083
18919781
23938915
1562995
6846405
33402763
19997572
23550151
3986411
6019443
5049867
1904338
32192805
25508452
32112273
20332825
19990977
34698875
21518261
41290158
27967743
16060985
17770682
11936052
41886565
24084220
8169506
14027142
32037656
9110994
15035248
26618526
33367122
14889563
31220793
27826813
5637417
30683109
12309294
5868495
38338260
10991545
16959618
39410390
-123585
27329638
40435807
40099497
37534626
38021024
20910303
42962403
25049405
22811702
37475183
32562723
32911383
3510325
10924526
31046098
15951736
38268528
11778141
35658253
16767140
34644042
4105183
21187933
1105614
10259346
4854516
20102197
479648
13839753
19860947
15278535
33801239
40293554
33527026
27251073
24937697
13139178
3120071
31367309
19357702
14058160
29169732
39691237
34213704
39665164
34415721
32665815
37903364
7213124
41926153
29955787
11180607
25517599
-692391
14548977
37948133
10881860
928142
15055919
34998433
8277211
33337569
3546970
29229867
34089911
17966822
13736128
34786765
41611796
-884509
24210869
37653435
11500224
12131607
36157238
32670889
35599171
5561535
42455392
22537912
26531372
9795934
26042948
-163221
30753438
41993137
10612018
5732612
8099580
17509281
43189204
41944893
21266305
42836421
23985615
19672526
26708713
22348928
19607713
27345842
28138763
16244772
23823075
34440377
-47399
12465365
1810564
27072447
13454887
1931491
13117041
16779856
18954113
39901884
29715109
42960728
33140704
9281345
30584313
41882438
27512837
20381680
16458285
20127944
4982146
12914578
30918207
21711246
31626065
21832398
4744960
29887332
13472110
15417699
17970890
20017375
13341084
40851984
36554657
40990607
35048452
22627071
32725522
33069808
40166319
5003989
5944447
35290676
29747678
34367256
26789958
10879526
40434463
418362
5141721
27097322
8570829
33459478
7410240
4130217
6029836
21288888
4266784
8989458
28465927
18226138
31512407
5151621
2926129
32195866
23986144
4225024
31954772
6667460
22702182
21505530
26136677
695021
1680816
4053780
17683278
3513931
15042504
32470441
36972800
15978078
31874669
14020413
31504677
37159744
23890688
12925306
31488610
25937013
6261165
34740748
21693976
19140919
37284092
12528067
8470410
4646092
1971949
27354010
1682911
13355513
37300408
2412258
39515002
30356665
42090040
1171881
27582756
16530382
24574690
42513669
37811125
21611212
2631783
40945169
26697439
2329015
11659385
11171445
2643811
17133942
22250524
27038367
2716225
28086698
3295079
41022826
14837311
13460794
30030477
9552439
17721642
11298081
7317982
679022
6264714
33489181
40152010
25054742
18822937
31181633
41281345
36201021
8031350
8318739
36215145
12011009
41665765
6995908
24199281
30657383
4450386
2829727
19818764
2125191
43432139
38291157
23929619
41286844
43376187
11363531
41406384
42570175
18689219
32839068
41811687
32631742
22728127
39270505
19401098
19373014
23499565
38876173
37525928
6628068
19547487
28549932
13356815
31912825
11001303
15856514
15148390
432959
41408564
5335781
4948370
40729336
35710014
25725806
40195529
6039276
38820579
36643213
19490261
3427063
9034352
29904140
29450789
20960363
15425170
17221478
7220903
36459061
36739273
7788211
15378639
24437643
17307280
33659888
7327912
28846490
29301355
26918968
22138004
7489493
29427328
42580557
16760909
22316605
7387555
8074668
21279713
24605535
40178157
22234191
8674419
34486136
23602382
24330912
14819889
7332689
26454190
29897166
32505686
16739728
20984676
17295848
21126019
26594042
-469133
33026256
34472279
5366370
9308233
36317153
29405253
43264576
20981317
15365425
14156553
-215859
13814052
11704440
30033950
21986612
10794975
-622538
36086246
36772191
25300448
25383848
26433945
27954441
35676983
23372129
42855740
14974811
12804887
32364628
40811718
37608269
8217392
26053551
19889205
167695
36104252
40199379
5030469
29828891
5783062
6724844
1559990
26587974
3760910
20325379
34195825
10710034
27163342
41358124
15127768
31411804
12361416
2563887
990685
39180738
4932617
42685540
11903204
38251170
24483152
33259945
27842675
25698959
23906263
25182273
5729712
7102431
34420185
34269943
37845358
38039545
9944323
39941826
43152765
32174554
14376828
38653930
16377566
11713774
31458766
1875235
26075472
23047454
42213933
18625826
32578509
36453669
6544258
24501907
6154312
5281110
14901238
28876667
-210394
37085936
33790914
5869311
21262915
16722587
24463579
16381968
5085155
14343915
31787556
21659900
11537309
29878742
-236581
7462525
29880534
1393521
39453635
19542325
9178565
34433176
38891951
9944737
34311389
1726501
38888746
20381363
21930730
37420418
16527207
42471399
6786846
25894664
16988257
41294780
27002966
30785215
9262991
27646466
12513248
27954075
25387854
26370808
26134148
10309755
16241578
40064577
2815278
19757611
9275196
36246684
40975891
15017230
40618748
31025222
25824580
32822908
27792155
6761412
36803742
21975483
29909906
-359345
43114135
15952741
15816403
8108415
11971717
12731141
14963917
29313956
17082229
21374177
9122105
31145778
37636274
22655118
895918
2335276
42446316
39731600
3676634
28093609
39102990
23654296
30901998
8860699
33610747
35491095
25656516
39497770
15445004
28890524
19255577
15386900
18155124
25670902
18567266
8204215
8149079
2573523
7502079
40158501
35197636
22245294
17315839
24534104
15291475
22561627
4595464
20737421
1128122
647570
37557311
13373057
34564453
14560049
39110977
28492279
-770010
7542517
30068735
35158980
20146072
6087182
1827391
33358466
21505385
13850254
4259276
13893988
42485941
41999160
6037754
41731125
2529798
11767962
9579510
35141992
26490060
42299650
20791589
27621424
389899
41099194
13909113
13659547
19495272
20300470
11663499
24461440
38508767
7896440
16148921
21737196
18792530
5147805
40214454
26542180
34779032
29220292
28985285
18338906
5753160
12826246
24691710
9264864
21531159
12225436
14711666
-411750
25932952
5713022
39078981
7124876
14245852
17099341
35306262
9316603
41801997
20727626
24015123
16287199
36668913
19792652
5046399
563910
40191966
24068784
33192115
36551974
19061268
16671642
2900215
21677192
14146973
14098475
1895044
29024856
5226076
38858011
39132305
28714747
7349203
3513101
-987810
4344089
370992
40203448
1797124
23628612
4064415
39909272
39063546
6178356
36359293
19928667
10440477
1670930
-787249
11444730
33317053
20359293
9808024
25741247
17147145
-3676
2329509
20746430
34491036
27280695
15665886
32727007
9674117
-729937
12032243
16288694
26312544
38029703
40079097
-17877
4429878
2075847
13564863
13427746
11374599
38301837
22742282
42729153
34373783
10263704
28148028
14196917
3468604
35419574
19615541
31182802
10726757
5353045
35335154
37644972
24257434
30037289
22089498
18047441
2140088
322904
983112
24198409
21739092
11457109
41426949
32821346
20213068
41345119
32767900
24869890
23299938
35244282
38660623
37756732
30471053
12007658
35843552
5208745
34676229
17311899
36634838
30402332
4826124
19084674
-228281
41506646
14996978
-393185
24553351
26118000
8515957
23187665
2406254
92850
2747644
6878682
32250033
42775101
6805544
40592670
29120258
30596012
3096492
35961372
32514125
40938735
2212887
18321317
18962835
3720222
13992122
31150753
31678226
20410150
29658653
35662701
27854396
2942812
3204674
24703024
10222396
-469229
17663135
15660293
3663798
25891388
17474427
2106568
-18645
29357683
883143
-379047
25298731
34833167
22199787
41008709
9391427
7660830
40927264
14246830
11617248
27423940
7550509
1664058
5288325
21361691
39350451
6711233
25163122
37697994
13354405
17320134
28888192
467654
15726748
19326
24552343
10055903
26350400
5985631
42459115
29217170
35990671
29266473
16458424
10980397
17981908
1810791
35544393
18006306
18644496
36087592
35477915
26429196
10306596
23037477
39453040
27128765
26879270
1679708
30830445
24904881
23292225
23409131
22746203
4653002
21052048
43140708
4586520
34958547
29599701
10420693
1948256
27958267
29151422
5924352
17331520
25589498
12465329
40438205
15513030
33409984
20410833
24597523
28459179
15195982
592863
30993194
34236831
15724519
28189584
22671676
36008093
22846721
1444514
24921016
31900504
2794688
17031514
746525
15637268
3746281
43170636
-819999
26976748
-444590
5074227
28180348
3883768
2607036
5126723
13199175
26404374
10502996
42127122
27415296
33780778
-457207
9378573
20766216
4832514
40835112
2872342
26507196
23956687
4468885
-325275
10014655
20460466
27852434
9855841
11514760
23833099
4023362
39099354
34664782
33999680
26060473
38781169
30805068
18329185
20247023
18637521
4134679
29340624
42779204
21268210
27792062
27271989
556533
35209600
32991272
4771267
31571902
3483890
6603126
7885367
41024054
9865568
29837789
211784
21188854
43444596
3459002
-696539
40969418
5592988
10398058
40460831
19891516
3517196
59375
34419385
36837961
18160031
37426483
38381356
15634072
522050
14725295
16267622
29494456
6315739
8024761
28740220
41895158
5124738
37756486
34560754
8259661
30037386
29992559
18042889
23247327
37783917
32597236
24857851
23439337
22123019
38404993
3501931
33512537
2788324
34002197
23942146
41569514
17049831
1916332
9980540
10305500
3718120
33641456
27912874
39931606
11565516
1417553
25680051
8299512
38365071
8371334
17737722
27197587
19902628
10058868
476205
20124190
14649793
28131958
6008479
40269072
14972885
6642545
17833217
32640613
2643199
19722721
30127190
10892317
34790861
11270722
11869022
35618849
35312361
36751559
38596156
19989246
30264307
41804593
17851737
23720196
26186334
15382038
6042475
12463031
34883800
32301771
11881745
24222147
19947741
6102776
8700351
3302436
11828738
3853167
19627741
40089071
42950826
32306243
-859203
23404433
13766091
20981322
27456477
15327058
11335321
30273787
30184189
39477081
37820204
24667651
26863544
24119861
35918155
9831510
3446053
7225583
24967940
4371616
35915235
5442609
18125154
25560456
4613103
19573671
17358040
36839989
34809086
31864286
2963530
38025884
18929260
13628364
3876995
6655896
36883056
-706783
3648651
29119004
30391119
15404476
-92731
7255606
33949816
5452242
12656565
20219755
43141433
3665487
15941582
31506069
16459569
13278147
1765385
25858053
16086952
31885073
28302419
39011743
40478926
27660665
15147940
25741873
10438524
19326464
18358941
20108301
22061111
18263361
8561370
16680507
4703823
40440820
33761072
34663390
18024180
29665504
11144867
14935564
-925021
18977768
29773740
-471818
21291062
11573835
28017224
12223085
43302330
36397791
-597659
20257585
12401954
22123742
42736981
20262676
2178452
29601207
243148
26468887
6796930
40227311
3775313
4511299
37260626
8025969
14865303
42957221
3776017
39337224
13507241
17535563
23167099
1447249
18368534
17667284
25396178
29819957
25686164
30383280
37875333
27257531
3390393
22627359
19118487
30600733
19261728
4489004
41989204
41678162
5827442
14771008
12419947
3862062
11019265
-947114
28095142
25347898
38418950
2028489
9277063
11979746
8454604
35187115
12710163
34649739
2814973
38595532
9569601
5597561
4937294
18014735
29603291
-269737
-374533
38466959
14918242
17365819
1776732
4608791
35339132
10083564
4956214
29042822
29667933
42965226
13171192
15032357
33188705
37181460
30672148
9728272
39594457
14176969
5978685
7072046
38718500
25722673
26941390
12285769
35258827
6697629
6113302
28916195
39777983
4207665
19970119
19151186
34574674
6581733
7625661
10949778
42608631
8251070
39445145
31024899
7095196
6661424
22031098
24775306
23506695
11012654
39469592
9944450
6172980
2226835
32699208
28576803
27648262
38420086
17479910
18688503
36002383
23886440
6928288
6237623
437308
2243462
26253819
43286080
3129225
34285868
33083085
27805008
36846924
15450235
38367093
9580364
30747740
7174086
2515803
12210894
26850637
14597476
10406574
5168174
26965798
2747792
30417503
22584275
18507249
21337973
27143550
7319094
12855029
32461452
20336532
2304720
25798408
16081532
29901594
30332281
16126995
38953534
16874172
33550992
28786529
34232751
6945852
25696589
6737699
22465779
27265599
16680503
14080944
6041040
1000888
14611240
20678170
3056689
36496679
22278874
12227152
17320647
21459005
20626824
42610188
2745219
-788154
5018951
41489068
38045634
15457303
27542596
10021718
6004460
30987075
40346589
8896841
4319890
23781579
2694018
22923153
38589825
9560335
40277562
36719449
15714418
34744335
-246303
20213615
30506706
36318380
-654137
32538230
8959623
-194723
26528171
29824369
30401796
14548156
5186214
34599139
7521224
16438044
40212663
4122182
19770678
6799241
5072484
16457422
38306388
36182112
1661257
41721147
10782874
28402947
13263708
22234043
8351941
19088758
43041555
10790603
41148331
30409881
7471280
31356176
3641154
34427209
37468305
22957681
18311484
38356540
23600246
16684372
21565121
36848813
42636598
15163673
13737965
25225369
7615353
42064966
37064386
31343742
3510669
1457165
5440774
26388835
15754869
40897154
9548313
12080543
10632497
18705368
9102692
41746750
15036018
4232352
13338992
29609928
17222523
31814986
-842299
43297717
27309039
24208453
39568566
3801748
6203239
12528324
41084560
32616041
27934999
32067438
3135856
39922920
8763104
7789607
21120496
11346838
30373652
905175
25740386
15454587
4622066
26985504
590320
32092043
18277896
23836398
-870346
22541766
12270594
18918070
23812303
6728510
24558966
23714257
25091990
10090364
39148719
30285264
31128980
487124
39498460
38690302
32528872
42301808
21380572
33562843
30723994
24093731
28122081
36782559
40222129
32472642
23348368
19808131
17623426
5243625
13305852
4937526
39503057
34708898
6801672
26989766
8961684
19088031
4663505
11535835
9405141
39798800
28084688
25376785
35218332
22538252
6547686
34312998
24170665
32172257
32244043
12801680
15146384
10431588
11334832
1771373
26864750
7611469
28822825
16205730
1374489
2928143
18778844
7522825
-244388
30765036
34769490
37988148
25860280
38882511
9657549
952566
2694010
22898780
36403717
7626218
32610117
25997620
133035
150236
9843967
26767734
29439256
41865254
27911476
40671244
21474709
21158763
8427896
-785027
16078556
12858583
7364648
12438197
27186048
11946518
17398202
4416195
8496804
29201801
13790036
14984290
3946726
32786004
35013881
15638087
29686344
9716699
25235140
21577110
9946214
605231
26033544
15811441
5882314
34324288
18611848
25561297
40780736
27466441
235710
34970142
11994555
28870283
17492475
5247413
-249495
39238545
24422433
24269338
41714419
16192390
2033859
4455165
6717500
5737047
21596992
7744930
31163333
20832483
27866033
35758841
4764735
33747518
15296982
11086618
31847695
13964703
21134585
27572854
9343903
9146448
42337830
426248
9565953
7755811
35029451
15364437
15789629
14724138
15538778
24790012
4733366
14814822
11143063
19112408
19749998
29963524
23923622
18828351
16933551
28904719
39900919
17147895
18587127
23024525
33540400
15335537
33934108
30983098
14118274
47563
9203104
12715136
19197278
37986724
22487784
10694557
11557084
31024405
899052
35296063
38471005
9678363
8617718
39839546
30436346
11168606
29902306
20443685
26217951
39141106
32116770
28033980
42895970
20636651
13018039
357592
15044124
21180015
30461010
7171163
24440553
36858275
32329085
34249992
39769030
29924096
43486216
5255777
3455953
23403023
21965743
-939895
23423220
10666821
25057845
26192660
16543602
11268672
12531362
31476705
1602315
26354685
38461434
20433957
6715267
4289666
10586872
26227867
8498025
38981840
16311096
38076687
32867921
10760716
31657690
5924127
38451346
12691885
18804544
12425404
29135081
37281903
26165802
11836774
7515054
2852715
25983738
4851022
-771837
28318113
21499798
26581935
5320460
18244890
17249820
2229689
26101059
2722889
2258711
37219431
37492506
18222558
7220985
6874765
31684071
33121415
32868006
2398419
6306665
5720867
15130925
14033689
40078588
9815496
15460051
11731380
7849036
36540557
39238416
6472839
17989814
8061481
43228210
10750294
27871885
9966157
33036388
33570748
30002107
38265502
34038273
15557348
12399792
34132809
11032531
6217382
33730333
13641038
8100233
15779249
7545673
34681658
32383946
4192837
12144399
39502051
40494898
35283682
34780547
2033378
28714739
20792186
32136539
24151421
10381711
24388252
26602291
-84613
7430148
22934580
38232837
17780792
6814714
23823554
26453264
15328461
31473008
13433413
34100020
20731827
6678659
36781603
32574352
31968581
8635532
10677704
2616082
43096846
27551275
3012479
16172779
32086998
27073993
22693803
43193785
-40941
2656011
2472968
32075096
6940163
18798486
43272035
-20241
11783670
17450823
25522879
39608089
8324574
27777623
36458074
14274254
538501
26089924
39740170
18724503
2967671
30053813
16006858
39577183
25364983
4893034
-263732
3133285
29455030
10646400
24395636
32632141
11249010
35682146
11661328
5716983
31352193
2811100
23622388
20777903
31882687
22651155
43430866
30944970
18856914
40522340
14291375
7141370
43154433
26481425
9008433
33936949
827278
3724537
16236765
32309573
14780112
4509062
24298371
33451735
32964991
13256806
41650030
760346
17373531
1114715
38143242
25383639
30701518
36735707
15886576
19325341
36250513
11085870
38466938
9323153
42694527
15633109
-393091
8599476
4600582
29582845
23931182
41084272
25396870
17604300
527378
-57166
2224633
41829271
30944767
25675104
24402554
20935876
21960740
29764690
8315137
22151004
41747060
3577414
24563771
38029609
8708576
27829079
17782506
26418164
9583382
14409083
12733883
1796285
40887762
32070239
28164074
34644801
9449064
30834448
34276876
9900352
-349582
12594253
38454699
2131935
29381998
26146591
15563680
39134561
13684951
10299089
12325610
5118392
8474556
6237527
34760857
13961272
4563481
23148509
13586090
18463721
10434607
15429628
16119457
34435946
34646564
6990023
31671144
4548024
6342615
28677602
17988653
16723551
-835665
28625239
33630547
4627496
31132421
11344153
26618520
39201803
36473656
4851434
24803813
28271344
1028436
28002057
16015756
42991299
5053340
26452705
16310174
3650521
9838519
28963726
42733772
2702424
35834906
12984910
21178733
31723307
9278591
29353268
29639883
41853942
10353689
38556559
25700330
35094838
5209960
33016631
36487753
29718248
27067144
34510406
9953323
35629255
13444763
5418095
34370221
12719785
628207
1085747
9162667
18492125
21853815
43408728
36442066
11766953
8222589
-554616
37660287
19392278
27722443
21830809
8054009
26748663
21002114
18360338
9895220
28322028
16765730
31934773
10494630
34175923
38533
10796800
42349142
7399243
39498690
8173410
32662970
27475365
34196996
21137984
20005238
40820224
13368948
13301026
26012852
36158220
30231582
17902972
5315420
30263380
33472845
1023134
4770026
21117972
10048594
25595958
33413653
40172332
34343628
12980855
29521057
5226172
41192987
12720903
8965207
29178089
6910871
33925959
22816586
9838223
1328
39719793
31309844
36857983
6806047
29058686
25090664
18910793
650986
13661811
35310745
7981767
28471039
20408100
5808658
36309254
-58763
13333492
33703033
31374910
23189482
15311836
12549964
14788127
28442605
21377328
6374678
2084132
38814997
31417082
28464630
18628549
40246251
17119905
26248286
25816098
38538352
32728238
23021328
5867170
212134
30773635
12852788
13680950
30667461
22184587
35915572
29021971
41662068
25318175
17832338
27666205
2496598
36948803
25733510
30420514
21330710
19170005
5544233
25850129
18617749
13101962
37054428
29132049
31747162
24845371
-312620
22116085
27668046
803145
23570883
39098916
4875187
28917355
38182164
242093
28921706
32588328
37395415
21667777
36532660
18597081
15648717
10321564
21401745
7772500
37478600
18740209
22466771
23555286
29873727
3246978
25593679
31273732
31114891
42957467
21814209
9510108
2762806
12675229
10745487
32988783
42058688
24112675
22084663
39343325
12017781
21845031
11611657
26262937
22747156
27796154
10761467
14092438
25722011
15328462
39385385
19131799
7006536
6418063
9391072
35181177
27107582
7551282
300760
11260643
37792437
14722125
80871
2852140
41365018
2899049
30851814
26305203
28228578
5052385
34697719
29984111
38056102
37252753
36356973
28147529
9034714
6214300
9753780
16575760
2146573
25014907
34829319
29883655
13903832
2402891
32384644
14214143
17888172
19091101
18346864
28477077
18809799
14450542
30062106
41189424
