41051500
39916823
7433242
3173072
10417531
12888903
15800952
6945609
24143440
14203302
-344218
9962799
42098520
6574923
28178567
38709603
35304911
23246596
27869278
12382858
25918799
42964425
25884027
43401179
37049662
29731035
23489331
30341703
15087751
43486190
1976132
34880304
29755391
42805781
1751496
25964086
8433295
6065145
10380822
8395860
9714063
39122666
23940242
4954965
-188509
36287847
24447390
16248150
11804336
35450821
42571355
16119558
25578390
42908266
8936070
42942263
19592817
33212230
6244698
26867355
17307187
15830239
15449372
24359759
10626383
7493695
42585117
12574215
27592127
18636975
-245140
29968512
7248473
23629408
37123003
16616809
11585829
37816404
15160259
23050890
13458450
42534614
8114297
-406234
1303483
30718085
30012803
41987428
21736028
15252766
42190034
27474398
-210263
17346409
5535129
25601517
1557822
4502824
509603
4725044
37895533
28709615
3485409
3620264
41077714
25330787
29775547
10319478
1037656
24247547
34780461
38511169
38590914
3503941
17100288
12869698
31698185
41019346
28876096
38560302
5289726
16102243
43140084
11124189
41379001
5712905
9739964
12359557
42007887
4542549
1351260
7499575
32219283
7025100
42981703
20284660
27275769
37549178
13416850
40626808
42898489
5517770
34957843
21025666
13695061
32968193
25626728
3155431
13189169
19961346
19300024
9807538
21425763
35976223
6914070
19606645
27749402
2356978
-681523
28516950
-397565
7134667
6200939
5789259
38167544
22897048
21171199
8403629
35641302
35405812
8322926
9319570
11138414
14057779
28890584
43530290
13402392
-889857
16827167
1695737
40411061
27141216
23323242
24728995
1175210
16104289
21144448
12746681
16383000
10387373
28356355
23794936
32036147
18500162
31578227
8463744
24159502
2158824
34330981
22529106
5412815
9826890
7759903
37207345
36098812
17070161
42573274
29407819
1200716
12012666
3273258
12593146
35042368
26500067
5627640
19816965
29343467
14003010
13229333
4694336
30192140
5441718
30008003
28061811
22389486
26983523
40041057
12213699
16529775
3920243
5569270
35065390
912218
21932130
13156821
3672849
32796656
6740806
9220345
27469717
4633717
15425368
13433408
24290344
28348173
497243
39534190
-485298
12198600
5342060
42947958
16386435
30397385
41096481
12458699
23318813
38040453
40677074
29398156
1942535
36698881
627273
6839197
1067988
1385545
27956238
32619777
15432378
15655679
191158
26447743
43166191
27120062
43509699
36061032
29927634
26497081
19565300
24353975
15935093
21609932
4015310
30455791
10314338
21673283
732041
21952818
16961223
27030031
9529841
19398920
18779405
24619121
8291334
42371294
12275076
13432177
15517184
15294231
2305001
33377397
26319913
16199174
30037956
10201460
16782605
40209597
9373772
31653286
20820458
35438731
14066432
43192378
38476555
10128450
35552952
43498419
18138953
17667517
7984271
31148163
34731701
27323003
11135233
36559324
34092675
19521090
7354834
39112752
36960970
37996699
42827939
14958076
32866134
8763356
5139670
16281182
15789966
1973859
8797717
2301
14123261
9301357
35642611
37380438
34975127
6451316
24257724
18292146
21921177
12709204
38095532
36346623
37145789
23659214
23246855
29999160
24062035
13890979
27682008
30598764
38421016
42810832
19081518
16127225
32192374
35508007
13514862
-794186
7027671
16732887
23373733
39621860
29913651
382302
-607778
40435609
26028141
2191400
19258209
32457256
34998637
43061582
32124648
39497551
6415431
16287758
30381492
37149803
39675879
38002931
34059743
21428240
17739002
35956368
14394900
20226607
-174831
7682863
34383568
23358773
7566446
-906942
24208090
15461011
41650532
41724379
30883344
12502898
20919452
42949048
33736047
13687713
9778221
41858335
28068735
8400814
19860192
36239767
6335319
25750070
21227105
26222045
482541
3368800
10540050
22713333
13303176
22127356
27553696
12733999
-341095
9584728
2768195
802003
11177740
43048216
4890736
39665274
13720450
13945262
17285455
27041632
39431096
31987428
39435863
22598504
2266435
37939734
11349017
10062701
18528931
35194616
2779009
42728596
22998009
30085982
20513257
31511157
34298509
1853846
39859915
32717918
31172829
41502417
-489555
35816772
19792053
25750015
29498077
7784226
4362184
3902810
6398042
12764745
12032150
3826786
2274181
33626708
27877021
1260056
3192243
12683185
36025236
39358095
4402359
2866148
42710388
13990870
20646547
36515176
12293615
41365887
6212569
-955039
18245550
12578635
17626767
26370518
35234233
18673390
12782192
15685493
17887868
4202001
1955053
36242827
20311784
34806810
31658478
18187137
38483116
2079286
14036779
4241526
31098372
5417371
25212575
5314657
5260256
676800
1144361
37415354
8461792
31361820
5561065
38488355
4640265
9988437
26365270
12649926
-795674
27180860
41073444
9594405
31559427
14213597
39325061
19248333
124102
35272747
26753065
27558351
37862458
18481846
825236
35375497
24755262
6953369
9468474
31756586
32190811
15494628
12432445
-206723
2573897
37786260
11984990
26977401
27803603
22449781
7015873
12138087
40164941
8768344
39404417
10533678
17555508
36205908
38268112
42666898
32850438
21328989
28865389
41488584
-505333
20944499
5475591
15492718
5205627
39614936
23152198
37015190
37283579
41329367
7779861
38408140
14317051
43393223
23059191
28977515
43345664
18076044
2990989
21112356
25174601
41759295
11666294
11092424
40863758
30630935
22771445
29395011
27104486
31451630
1879197
1690272
21978500
10187865
17090921
42943491
6075375
1030718
4486991
2868561
3821796
11296001
25017482
36354686
24659125
17719781
22504203
34278488
-347413
7872442
29269455
18048283
39620239
24677993
19167039
36286104
37387567
12672297
1793456
33241666
25169838
8363604
6032304
38791702
6881821
5950363
11605259
9938964
18745944
22192013
3180034
4801047
11164207
38115293
40656661
13779258
4863340
2595687
18749265
21879538
6203182
10838495
22589104
13020953
16492661
40568590
15945515
40000961
14314997
2075310
35114586
-656425
2502603
19584915
-952016
42752204
42592530
406664
16521787
21394306
27697866
-586463
32508387
39200575
11491487
2253584
21456555
31530309
19974449
41971047
890
22940871
20137046
6705182
35475370
9957556
35377071
29274520
31091583
5845569
27832331
6610998
38155324
25467055
33818781
25917380
3686633
27655424
21467524
30446237
42842358
24763512
30743953
12559017
25289712
41019672
2585783
30254954
6165251
4154979
28326440
7284578
27183560
19379186
43439340
15375552
31678136
15082567
30063123
20749078
1859418
30741216
18058955
22319567
31028133
27856821
36815036
847017
87318
36660421
12699932
25803837
33762212
20465558
30515182
34219328
27761353
28783966
30317417
39299304
15971430
27102638
29213661
39233805
20556381
17902460
39207196
30337187
9575260
28898126
5601094
13604968
17396602
6349323
9629985
33997661
34086033
33629057
13259437
9955865
20611078
20188960
25963961
30829157
42558057
13297506
31715069
23556606
31078652
803249
35859072
40124949
2169706
32820119
156608
1299481
23647540
15822915
771280
34028626
31437047
16246671
8767990
29823031
23029750
11019978
41921183
2468604
33471152
17471676
18049286
41052953
29687007
20138627
39345745
40641800
39171856
37072553
18990100
41890502
36445479
35693396
22516103
4823337
17998820
2818135
33074150
27781468
31772837
6750317
25017888
16656729
31317456
34667274
36523043
11039807
10115430
13155978
36149722
27071937
22651237
10965894
21939348
29065023
8377785
4537026
10355742
14181890
37125186
6352043
31988231
35282545
4483390
29709405
-710082
33019565
30971573
39533606
30886714
26835811
20445220
33736772
38440838
16925811
41905932
27227295
39192922
17884887
41122654
40958694
23029885
36596510
25056834
24808339
41361934
22327536
4866509
21655885
37293206
4443315
17009042
7655495
42921594
2584078
8391753
2258683
21323843
14052102
19755238
35724743
16129494
3320461
7156160
20629395
28560224
34454454
5251036
11487940
360053
11577682
27006000
40910186
40314573
28158054
37809989
-712871
31227494
14678444
34143818
19055132
28005671
18797404
9454711
26875588
9075682
25904738
35618280
28007852
14607869
23735114
3891183
40670775
31710322
33848110
7973610
15171481
14767374
25719770
38481440
30507217
18398874
12256233
33206602
35721987
27636041
26588923
2598420
41957478
42580380
-71966
28190106
18487496
34966920
2413519
25699782
9426337
32009784
25824479
33876894
4959827
30071799
37432691
5469456
-991264
30244794
13201196
29786558
26494765
19956108
16331323
25912655
16123668
8243948
30750848
19336866
-95297
13958502
11838345
26481770
20288811
23162978
32868927
6170510
41148511
13828978
28089801
24539164
19548331
11028312
960023
19915801
38201672
708265
1260240
29276960
42917660
40300604
26192528
21730196
23037873
10024348
16695289
32075978
24781723
25118072
9767849
12598314
36690410
8943967
16024117
30485538
6638230
7703089
42287634
28277282
29769032
42812499
30769841
15210987
15552194
29327028
23304384
39338551
31872275
42666826
19877636
25150608
5188022
3430091
37753208
30893498
21868709
34795433
40305305
13441679
11648138
35310687
21662652
19203172
760770
5095921
14666722
9384506
38321400
7984548
20842131
24695314
813769
39598105
31121317
26891295
23238152
31608945
38603889
24680553
26012783
42590666
30642246
21737279
26014289
17783334
20874455
13320750
20866291
25544207
20780003
2284889
18734626
3397690
2389416
16675069
4342748
41004979
38362028
22787708
12942872
42571161
36813674
36372407
37092299
4998411
20277790
24091436
11730732
516835
10184274
30908632
22609759
17871536
24109461
22190121
2173407
39066979
42745623
3423010
37508110
37593479
39432692
16922490
25638346
31410679
43345596
37415865
2428638
9804070
39780387
18302527
42040063
20989179
18571656
5430006
22706642
11122932
27780482
37417381
27510496
17633049
6271348
42222007
35754716
24395386
6287188
30465560
14681713
3616831
20654183
10958807
15512852
-624955
11786486
28905098
23771647
40572284
6221284
13319549
23412315
12384698
15844944
41166838
4939497
31797022
21061054
8965651
9144190
7515069
1087736
12543847
24022392
34964098
18054576
32968885
43507067
40044356
43150454
298570
20684327
41641773
23750817
36331396
10683419
15804082
21501476
7704306
24641257
5750409
35792575
38103617
12790882
41964339
27495651
14253163
1337758
39930561
27836730
24781437
27044647
37412750
17036058
26864092
37342281
21679188
11691537
31383860
42493487
36865905
18395256
39450470
27682290
1553229
39675781
34004548
31926096
21241794
34933216
4942065
-451689
35970356
-382166
35779305
12169142
26856344
3547347
34659612
30651558
25780543
37110159
28524271
19587900
25558674
-1391
17325768
18176626
14418458
40780513
17675025
28634820
40099732
42705437
29587001
13324697
6935344
9585774
12427098
20317016
8387144
40521721
6267592
14691118
35456192
34129254
31708171
34609432
30478784
32407058
21882981
23876166
21349686
7873550
10108888
4587137
28445119
2570285
43265864
15246959
8935300
16738696
34700224
24859563
5107189
16492553
39544990
13288617
17204910
3791560
32075289
25547121
42131489
36235066
172779
11713959
38065548
38701831
-782083
8736976
36268188
38388219
37475303
8076783
38417259
5457817
-469673
26943129
4679765
25619748
36574073
21866943
5961688
12035654
13987131
20059209
33741255
27851312
22382119
16885224
43425888
22059463
394367
37324380
38957927
17713623
25957132
8764381
19825208
26253756
29162330
11123286
12226302
16500528
4494566
31517033
27066886
3653222
18130075
6990466
28456584
15329712
19567048
42173784
-505659
17627565
27479077
10411953
42313171
6218297
6906031
32899828
8733992
42857611
4101395
17964240
12184278
18151489
37616748
2712519
31952714
23274761
33720248
17101006
18138143
463032
14937527
6280665
28450637
18939122
15667876
25682515
10870890
39462511
41311986
14271527
4523116
11077559
25879874
24988504
34123859
23613411
29126661
38568795
36637571
11472963
8572771
32300866
25964863
43211645
21808822
8536822
18167539
22103520
20315613
36048906
22276882
20842155
42269969
26809139
38494050
36226702
23616515
25604812
39007122
11499831
29077665
29634312
1992378
40677086
25589576
17500753
19413122
7385796
31118583
27874586
42853968
30063545
13991729
-636244
23896280
17807090
2560232
7141681
23918576
12107266
24649174
16719542
26231560
12039110
3594048
29352601
17790681
6779584
43477797
42768557
40449536
1191080
40525101
5163391
22944595
2558066
38620792
16854064
4129966
30376426
5895270
30127316
20990152
22117061
28902827
7387676
31187266
13067339
26587698
17254049
22855163
13217179
605184
15073317
35790608
8701231
28321368
9175468
3388269
32564512
37831299
30677715
41816683
22784173
8207325
3101038
34173336
25742478
1170630
9823210
27467514
32332979
33386003
294040
30490811
18162914
4955449
9891355
43363791
41368517
38349621
29696074
6004259
37868246
19687200
40233418
17197808
3253202
43064916
33703360
10207611
8007879
5842685
19614473
28208487
5311121
9866116
36241922
31794701
34225077
9571467
6141731
15553491
4410037
19105659
13343147
14723480
31491751
29049229
11130005
20153459
38919534
21807583
20219992
41372267
38813407
19138585
3703848
17193136
25457143
20703838
30851987
19739375
36181717
39771436
17093179
8899842
15801609
25667659
12583071
3296957
40001672
27893798
34445863
13022636
33111252
6519094
42183530
29337901
20421559
10520715
38259113
24836335
35500243
8475534
28973668
32723030
12729831
40683186
23095480
26550476
16728260
31738956
40043140
21938962
-653672
16876542
10281925
20731044
13915150
10396343
-605116
30586307
11851035
29680820
23520873
43370749
30533722
12915560
29952107
24990576
43094147
1284814
16203284
15409034
42025254
20094138
7268928
33481775
5646196
36253409
15963289
22235777
20742198
8403846
13529681
19145355
2024352
14488194
40382644
8876931
28055391
11735120
11816519
-864723
43454146
13905117
30685653
19445105
29160033
5149285
14936730
36370255
38724599
6647710
26260978
28632302
5605819
16470579
4533618
5008524
40643679
14901733
43094700
14906216
31522364
6372487
5168027
20241496
137888
36548614
30316654
-537714
7590042
3052960
14249143
20199826
43080053
24757246
18659919
31203929
36646069
10833811
6358470
15780066
-223137
2071421
18540186
35642446
1688099
7285959
25085692
38250093
33922337
6964685
12748698
18178899
18169909
2737399
30919623
34165952
11039823
25095900
9339249
31837675
43402687
9907252
20274771
35356977
23589085
12268469
26870653
17796179
41898721
176535
12480035
37226139
1507385
31938251
-857702
38162395
25295466
15470452
19069642
42427028
30635891
17563171
19087158
28117268
37668543
41304417
1496882
113269
36019831
31539605
2526066
26492468
32658453
34065184
25810141
14380182
10628775
10559002
21843363
21979595
31319580
5137739
39964906
34168468
41055544
27996413
34144701
1953069
34573305
652086
14058898
30727113
39577768
2415413
8325613
42540877
9761617
4749073
3996028
991964
7188982
37133997
37094824
11530022
744829
11795879
17293925
10709021
17973066
10017215
35282336
29207743
7024782
18872375
15793144
1330710
1473448
-39378
16948597
12265263
41971224
30538257
29972146
3607499
962340
39144997
23088995
31258530
20411605
10766526
30594742
13600767
2874270
23543555
7992682
40483745
8751583
9804528
41619994
17063398
1706206
40621945
17548666
40379291
33373207
10594600
42709294
15883518
12456004
6271767
34140927
35583942
37070689
3850617
14783929
41876534
38136364
33175274
10078523
42400228
20959663
28055570
18311777
40715984
20802066
42493224
4493266
9031050
7700650
28063208
13949660
34936947
20384469
15873175
40902982
-333236
21392502
17716055
22241847
32487032
28012943
13418535
42099628
10451484
9670600
6587155
23179159
18534535
2939821
16893813
40933902
37999560
38003110
38563362
1054503
35562617
-188987
5419825
8447209
21480559
29391418
18409822
21072357
-76948
41758979
33004308
26381156
9984821
34309504
36279992
20092236
27145115
38858089
35418139
10795714
17001254
26316795
12850193
3216289
990950
42873867
26122102
6983488
2230508
33465049
17026919
16619414
19685450
16120034
11370316
39347910
13461449
36473876
22428748
9022604
27492918
28186690
40523308
4535083
37818825
42880769
7413319
29434633
40319829
27797395
13233221
37874879
3780280
2130869
22084549
14860550
-766979
2935556
20034381
21238992
9089870
31454124
21228495
18214256
14800967
27704645
16268378
8139801
34287060
39181788
41665445
14483064
40374065
40867538
37529393
23831853
4537737
26927682
14257539
7296546
27316021
9999450
25850540
42960790
804312
9902300
18003741
7391747
29119706
4729521
12143746
3078272
9478228
27594303
4212134
8173000
20962022
40353800
3427020
36834657
27969770
33951144
18422648
41847385
23551088
24049221
35135815
29333673
29785666
25368560
14840386
42614722
12456207
2701589
28666836
15394177
42025048
24296547
34946854
23889419
8880073
15069241
35048978
31097013
32971337
33416499
6285656
11975062
30916784
14960218
17989474
17027555
16769908
16723471
22536918
25103682
5425461
2685884
-20271
13550229
411065
16462246
28991734
41625425
5256562
15581917
-461572
29887093
15177052
-12348
-538512
19299139
20761622
21678484
17076454
10206967
42857347
33864297
15524114
5682950
32718514
18685191
2596963
4665142
2654538
3582465
17925241
28902411
39860617
42214499
32371774
24552192
29335865
4081634
40216017
18176351
36225442
36709200
34010624
14917157
9007288
32881638
26400320
7640128
39600351
1408695
9538629
41546762
19292875
34899774
24950883
18260983
12215146
34796379
33840069
28590373
27332881
405136
26666268
31985868
1979511
38402706
15242397
20978629
35912864
27653923
-77626
-681889
40511409
42527683
23732707
13302061
9278721
22256324
25699695
20521476
8714219
7006395
20175240
17651217
43079980
25351933
7193912
27708008
2415996
10866550
18369069
26031629
-484037
39626052
30600995
39871865
12685214
40765914
32927547
41132261
21880905
22078486
42937588
1017239
35929928
34197998
-393920
35886489
37018334
16312553
17949019
4067028
39410477
25644546
15121244
39561233
-470893
42011657
12343137
29606765
19183105
18375309
8468744
14731700
33530450
33295732
37750595
18720430
29418211
29715323
19129856
31336771
40814402
42354000
8685118
7410911
3799343
18722999
10363543
26106140
21338768
18050437
22507117
38095827
22356770
43171598
24213806
28136669
20188496
38756765
23870677
41524953
15548049
28274489
38318461
11311279
8647364
8260587
27752401
2285503
42041815
21821596
29847634
10491333
22430347
26757173
28238046
24970752
8172633
2984207
9455144
2880579
38641071
19059443
5198157
15316865
10358587
1384322
34177997
23829651
27855951
24725602
27611609
30314540
17835831
16666731
12123949
3321567
24321307
23438716
5070184
18777897
36535235
1326586
15038752
27172195
11567835
30726764
26002135
4783132
10821233
32198310
13091496
26421652
28576837
5646767
3025862
2537521
31218772
1653142
4406420
26336406
21466404
19150259
29063692
29169948
2136138
20891710
20392225
33770615
11579408
5989359
39033680
17078634
21079555
17105107
35937996
7434331
39007385
25123670
29215639
31594546
8494281
2521021
42401617
1838189
8104646
18989168
8814620
9011057
8741952
8729145
38040999
22747529
12902644
33546575
14052223
31373307
39634616
13147580
12367812
651512
1723709
35552060
11398548
36448394
13368952
25804736
14210763
20382208
7140264
20607378
32370526
43275199
26828134
33977745
24846716
11690450
18252278
42956000
8339448
23173753
31156305
32698041
30298305
14580026
16117708
20137277
33909455
19321735
12716005
24875553
11621096
17404521
39108241
16070505
26914158
13370591
35582456
14248876
17816674
38205620
41424106
10946833
8499069
35475142
38513608
12931704
39472505
2569057
-742829
4184543
13740196
38854610
38698014
20468506
1918688
11534581
30621651
10534267
15846952
33889897
32465816
18008637
14601302
33150674
10172601
35508203
10649363
38074555
21926016
6621320
4863928
15522147
1220562
10243194
42410962
19885338
37991791
27565205
34701416
2096411
2297682
42196790
-92342
13273703
5032812
35076448
2482960
9714071
40340359
15642729
40328432
28898846
30015530
43508900
12371550
11521410
39494532
20111845
19531904
8966043
2672508
36224459
35321291
5927274
18128548
28272934
3053678
7707341
8190505
17150262
6797164
13698336
13688410
-347569
30952825
6310997
15855141
7695644
31857525
35411544
186330
17742910
35310813
25798483
18410056
35565530
23350863
17356673
35654924
18037110
8709075
29699851
43472608
37199080
35374937
5396799
18039671
-554882
5656940
41582331
34799314
14825840
34509783
9156014
3917553
40855163
15437381
32647783
28889905
36401825
11501281
38944880
10919816
36817325
30297557
24103815
17015314
13811177
21956836
12408623
30298040
1750744
23049966
29260524
20859876
11495696
6059474
-711426
21173474
21794630
42785221
23783353
30856552
8579852
3883075
3343942
26070398
28119914
34399161
28437682
32605892
42985180
38738300
19005409
11359900
7772713
5189024
14659633
24388610
8234110
8907141
39450401
10099870
24123254
10955473
14273138
24618213
3801671
40407460
23401282
14423834
16885401
36024047
28106746
20612289
7570659
37508230
33773594
17749081
28010138
36450967
28926593
20544069
15473512
20864247
11311435
30826022
31488358
2376549
32662587
27795420
18228787
8369396
31217552
9735383
8113575
15143008
37095898
1482894
4451881
25285154
4618152
25472305
38623291
13018677
30861954
30840003
37535219
22777387
26275353
-735162
28296445
9534070
18200268
4608226
13751816
8789346
40861576
19577764
35167365
14269657
3699364
40320540
3801391
5300145
7445418
33977570
33092778
37043554
31059712
5018350
33388445
8171479
9492849
9726447
24258239
35586441
8667307
35849011
32942012
39780635
40185754
31197960
33200864
29625611
18876395
29253840
10315434
31457246
-929753
21946511
34419951
26590894
15400442
20273814
23262097
9534818
20016861
31047258
31363486
13271913
15379949
38978217
7959682
7656110
3373221
35068953
32157357
27311804
35096546
2733902
26867376
3157148
38405706
37947886
6018574
30754302
11846805
20018462
612679
10884077
9396170
12924333
6425788
17541270
23131117
33380350
40033313
30622309
20178345
11775439
9346249
3576255
1289000
20322563
19706559
16168113
35126584
30719827
21661540
12025758
2611784
16852260
31731731
7850127
8046503
17430492
918516
-739377
34881677
10008399
24791328
28120659
15707273
9658085
30704363
1121611
24433846
28161590
20903748
12758562
31135364
26146675
41622151
28666408
39279410
27677246
13615324
11378779
34371546
26107977
27012772
18797041
38766377
30792987
25035240
15498675
18881440
29222291
17193348
4771259
28132966
10620290
3597608
19643469
771098
23292164
13480059
25550753
18783913
12036823
8151731
37116598
13471363
24581072
36469859
29595658
32551638
14754709
15041894
36289527
16042796
20897146
25532717
33538158
28255101
37326530
42026702
10601506
20945540
27700274
34199974
32372856
12044845
31122377
21448443
17034717
32842422
24001222
14802145
11979575
14306776
42690428
26550479
21287551
31497055
15844410
13005323
18368400
43395453
15831576
15081956
20367294
26086996
1313876
53224
41287155
31186388
5960317
32739748
33616052
41630015
19486763
2490850
10230131
30950691
9041778
928573
38572347
28542929
7966032
9074499
18636113
2779235
15697296
20615652
27714789
32994807
20729936
28224379
19732267
-653652
22649920
7569666
20576802
39130907
15222394
1263035
22553336
22956634
29036497
26285080
2808487
31462163
4356698
30073638
26518158
9388057
35675616
27268853
20506996
5415653
33466506
8579946
16076984
6459979
1311831
12601199
1468734
28286248
42173351
41589227
254205
14168177
28657645
25095605
20673574
16934981
27730059
-404320
8167009
16685653
14067123
2769120
41146326
37486320
24808605
1916750
7037652
1254862
26545081
3142547
43343716
126471
39794294
38411975
12370779
40334377
653922
11166667
29551736
8372020
24641629
16917808
13390047
19673755
40420774
26026553
21633565
39268698
29802011
-434318
41862790
9897740
42848354
37207082
10420053
35057487
29941847
4715888
37571263
29799279
21282173
31135487
18056087
13566181
-895398
33136666
26115159
20158322
9425990
17146041
4401823
25880360
37473600
29594060
15311272
43530590
17414871
15600664
35065800
-435348
31639507
17065409
39308577
37154567
34046052
10718949
6366656
2877655
24125895
-732448
25348416
336964
33739563
15731334
36741589
579922
11972458
5344664
39049023
17742123
36804406
27087094
5802235
19594253
19736698
8732853
2425042
20872228
2994272
16420776
6629869
22424672
36386374
11265926
27456701
35416685
7038465
26914061
13510302
848852
-147399
22988032
9485727
21475274
14100453
39641933
-181715
19406625
21681824
34838873
2178722
-195225
26510492
37074317
27890961
35439345
31196096
34504669
16128666
4802568
15624091
26642258
29720762
41570644
12301609
11824207
14531668
9021931
15790052
10304716
11591354
2977537
13878078
4921273
11467976
8798114
29668161
22954154
10804524
25440154
17063226
7140606
15842229
39655501
16413308
17658386
1117766
13133213
-647326
41181030
28067233
13517741
30185803
27219479
4039763
-128819
29192938
27061505
-341178
15244757
30539858
3054123
15571093
36312101
10126805
18957276
9996215
10534477
33611470
-264197
23069945
14979489
29526714
40956534
34060649
36299465
19816248
18616837
14075097
43494063
34147382
12767478
23506479
5009338
23251078
14182456
5670587
23484665
32257602
10261499
20945741
15735904
23206457
5253915
24894782
40160421
34605114
25207361
34241959
32305460
7034380
39741346
22669343
41883208
26996152
4300672
17094676
32376861
24346313
43020262
31070626
12305314
27111944
25060534
22105548
40561631
19849951
25644082
23684366
16122412
8554500
32387290
42099153
2611113
38706389
22634889
10449631
38797209
11697327
9388070
19136518
28138735
11497689
9785874
2283014
20262208
42231173
23156528
25663315
8966460
24835165
1237577
35806940
4304115
28062894
11731764
18580229
12043301
3554000
26760856
33762710
9416918
12040592
24573486
3638310
28905954
39887084
11406128
13011398
-149679
502893
28364584
34856720
35170779
36185648
19561127
31151705
23393305
32441242
8573055
19284476
8448852
10439127
26099833
30944078
39194935
31084960
35307053
23569102
23796591
7898273
27843631
15906655
27926723
37027762
15719227
41241778
36670902
22667045
15556121
21533120
833583
6630266
15291892
32598933
11316524
32229980
26574137
41378546
31404333
15577309
11734863
19402260
39944937
6571037
25682916
10234796
40652801
26931250
8629763
39525505
16446205
12627519
13447315
19882406
-982319
28671502
26062490
39049898
35893010
18237483
9531416
11007946
41846281
10120646
17096049
1556423
17561419
10283177
20919662
19851404
4250834
28397745
32421990
15786111
17249543
1409219
6791185
31443437
42770058
26601711
23661967
43198346
31048867
14402695
24144851
31569587
40296303
28331855
29247350
13076086
23530361
15764407
21613618
29125621
34888509
8266325
16712649
39459197
32830411
33423320
7582562
8289293
15926796
936161
-899619
38784022
30271704
2737655
3224512
3747071
40091194
21217400
5833132
27386279
21277205
24390496
39568127
39507900
33246019
17610042
16062796
8816351
8466175
31534509
6123752
18690376
28755920
30600127
42093588
4575736
25414375
4603681
4565893
40454124
38369908
31523086
35322710
590484
25947392
23905832
16920245
16856110
41663812
34262266
32205946
26996387
20784186
20621094
34774332
30378401
1017422
28550028
14658442
6300109
23554281
35988767
25960574
17170479
43308428
13468043
39064526
22912196
42892795
16357906
3111765
19258231
27093915
13437371
4316939
18998855
42224246
21203343
42728489
7332087
3340013
33715305
-452338
16952143
6477494
36918655
36703001
39551133
10516618
6350085
38606187
26116482
9725696
27817991
19805440
33654859
127802
18608200
8283515
23003310
14633875
40923106
37201825
18696665
28329746
33206803
42646973
40178710
15369600
22891031
15879994
26495026
8925514
10330394
16268643
34634254
11336441
37407863
21712110
5604106
32530207
19672242
34201775
42133649
21538714
12875527
7408681
38373258
30571352
9289217
20993672
28784093
25233114
12954099
7736370
14802492
33015211
41973967
3300297
9233090
4047406
33933453
19201265
35154793
21808763
5195813
26298418
23669569
5334587
39477260
-782435
40045593
12540163
8556129
40766748
26106475
8181973
42894962
14794212
29741109
36317378
32562135
17321746
32185661
35415127
27920990
26064987
13877779
39005296
18859549
39654636
10681302
14768883
2566204
30981163
16192479
36547100
42171061
7597733
16541822
8432682
25008689
27777365
23740850
9218597
43239924
3328376
32871187
11647061
30548819
11334686
1046659
7402313
35593164
28044813
7736571
3979291
1677650
-470134
38004224
43004649
18179845
28377126
17543500
10958519
15966393
11946144
36133916
488814
22667197
6485307
38473096
32437438
26319382
32822945
34369810
42482628
18074060
39620666
15986852
27291556
7299926
2836211
41857923
-244549
9083459
34755256
21039362
14268062
32966111
8841451
40578468
2359871
29354316
40856107
36476000
8321721
40940544
22963457
12792369
12203667
36152878
20816365
15937101
308518
-17038
20093449
17638500
27342787
27643298
31141212
9473264
29228292
37627358
10275115
26055186
10904135
19936805
32860428
5127047
11433022
31999476
40534216
18420486
35635186
33943270
27817978
10743464
34727859
38591318
25285894
43000019
32088057
29010391
-686092
15102793
7083440
42191325
40507342
11089132
12097773
29215310
6869052
21757401
-701690
24900512
4054772
14530762
1153124
29638986
24586174
11313988
38423459
1510144
1677289
21371980
13468224
461502
36827304
36403081
23524407
16851477
25085813
14941019
26754497
31459326
3217444
8872768
6852434
9848744
23327824
22356565
35343316
42866224
35631044
2773027
4898439
10799566
6414334
12474847
29988697
15278529
35479531
8202204
18611612
39972610
21358199
-970547
28463631
273635
11723325
10634706
3748477
948890
6870811
22888364
4046694
39935129
21475783
4107808
34035587
15133986
25020170
41988148
11323798
23749684
9186604
38730021
12563281
30149656
38199056
39518656
12425476
11208584
10777143
6874265
27777355
37914332
28261563
36359384
5600629
6007893
38486598
37275891
12521549
11531376
9689311
30334075
18347254
19904621
12216267
32564808
5911598
11226743
7887330
23249193
32110767
12320723
28936501
20701092
21630618
33795787
11381442
21397644
8000092
40604873
30935683
17916619
9414909
37528154
35249720
34218723
56765
32323066
16887013
11350884
1697522
9615875
40683560
28906124
19784536
7457069
-670308
9436283
34023350
19383322
7343774
11927384
30948092
8453834
27159478
27525466
23198141
11154292
19248431
35949018
36568494
30398746
22262872
1825317
12477241
38096115
23506930
25060165
8234415
32598345
34863997
24989289
16476453
26970064
7367212
26147890
32446626
35777612
43037847
14210017
9188404
-999144
21441996
34366293
2594105
22933126
16600934
7266201
21869973
25787453
6035336
19640227
15261293
33038976
36604895
24975448
39252968
15150431
35186446
26562878
7965904
12034208
31208971
19777078
29766412
22605321
15323351
29113722
18316359
30867598
-223286
35415125
26021717
5591408
32049420
27423642
43057087
20643685
18630797
22328783
25137272
5386148
407103
11529817
970140
25836486
41200465
6344691
30887400
12418595
9652179
32456167
21662284
37727383
39589844
39560321
20789839
39107799
17429670
18183250
28512006
-919307
21225229
37061159
12919191
12157869
24511827
33610587
4318418
14556836
27970456
5832387
9087909
34596277
23224622
19656307
28274553
16751693
42172259
2605094
-136738
16240915
3112646
39020965
36583721
38023331
32473611
8537522
20267900
22514105
18430164
24916946
26281184
39666306
4654365
29290060
29510200
23652795
20297582
31208014
31702776
35423446
14007587
3230596
23302949
2796511
22746978
34720708
6865479
32231707
468829
2343071
23439049
34691289
25663532
11066093
22380047
5157818
4880666
1440806
2692561
35691368
26064983
18816434
28755817
20208601
41062083
39155047
842861
10832708
19021817
3412755
32662793
29706521
38031070
19746339
31470147
1331981
17879847
5333780
29126057
16183429
25610677
26793823
10295310
9360826
3730350
8041023
37751560
24511017
21628848
13314440
20134967
29927727
32640955
735843
37521073
35080043
19491192
7768100
14660238
41063151
38242392
10453469
41854802
14849594
14730215
16841287
5583093
4847774
31000861
20748197
5784659
35873571
29587279
40686558
42824441
31981790
34767058
31069665
12987448
16999271
15382790
2479705
34448861
13216612
18250374
3858691
11277694
24398422
13206366
6332368
21997492
4773378
13463614
14474055
17589224
39802693
20831140
38120325
36052528
14793551
15679183
36588186
19512631
2082318
18643152
9869873
35590824
25939780
33061287
4069071
30185619
28404217
3111896
8396905
13032572
18289659
6375352
10455834
2979083
6833687
9271421
24791051
26006701
31653020
10841378
15591454
24981479
25925064
6180490
2384856
-114779
20656810
29853222
12004147
-768983
22426842
15705654
34530145
29316596
29547195
20775363
37472180
25169132
8942279
32732231
8914647
9074129
26121987
30558502
-904657
28703848
20377931
26999624
7202987
24215676
9102243
15273911
28070367
25175171
15985147
40524831
2243734
11992795
40875687
33920687
27467883
42278421
28751626
1087711
21075477
25478798
-40575
37772063
40790608
22265210
25142500
35658424
3298040
25404050
7094369
9001775
10762303
26257003
36800487
27525747
2093048
40082545
5952923
18265999
373161
2077486
32708854
39031150
23570260
30797815
15956029
8086823
26225227
9774044
18683897
27349165
28094925
11173356
15988511
19284348
12578102
18065814
10968985
12404618
40306569
28252944
18214924
13997217
36015543
10483756
-934924
30949615
36726577
-575575
37759329
28546238
12210653
21069813
23406646
41925482
33474746
12675808
23817004
38751988
6128750
17873404
17473538
10777167
36024978
20210136
29839308
17685939
27440060
15423478
20623874
25770319
38199702
37520517
38613360
22754129
19188208
1725378
29985249
15875449
22431803
24680295
42439670
24110974
13258950
11332766
7520410
12381543
24053486
2536355
22902393
16629411
30978749
29580935
27104468
8955251
20542075
39383218
26662608
30900651
8441607
38719248
20287667
27467087
1534881
9559898
28654567
4794439
26030247
26025030
24609846
43528638
19861185
3444767
23666354
18848269
23227929
41182634
31861339
28058396
14199690
18621150
14099589
38591333
23237404
11625025
40841500
31680189
19279435
28537434
1877162
39026385
25207682
7224678
1391291
33409512
5521704
15748420
19790010
2292875
13836907
34016587
-707944
25443974
-230457
11958555
18001450
10242563
40456468
8214297
15728352
11345959
20230392
14791927
39001724
37423388
21610504
7669556
18621819
37085881
18448955
41870880
14106478
-79777
33347551
8251429
38796736
23875355
33593692
18951686
14194368
31700079
26173387
16292784
6657695
9354152
31046993
14388396
-151649
12409757
35676616
28220274
16545556
16622180
27428381
13345087
40038860
29386359
28831755
29882876
24092752
42205142
22964615
6821166
8585345
30168181
22095604
1900200
12231470
23417599
332954
23166850
160352
7596392
11935876
4178023
14924805
28325063
34683754
27310878
19513793
42904210
28369031
9306733
26440303
21392523
12580053
15475491
37095163
21638622
635779
18582586
27974257
8791085
22882302
17563738
13349499
25921303
36752066
29500503
29924079
23674247
32922143
15689216
37476125
5874823
28265881
14565831
3052456
38766138
36337217
30526329
3265753
15616366
2512573
33397376
41684393
30683649
27401349
33258161
10125533
40088728
25844278
25852964
24661467
12059375
42588118
13734533
28391452
40737500
29235222
7835518
11039290
41104352
26361424
494888
27224470
-424447
5842172
11749837
21859165
10523629
26674520
14244688
12571942
33354158
20657420
6465496
12995767
3840562
29708131
19979041
42534906
36442015
3318854
1104258
-246409
363856
42216348
5585530
35006552
15532883
11912708
25424403
18973850
27325940
40657178
4760825
27817569
30202406
17298690
20018914
23216550
9451632
32153997
19289400
30433034
35376478
9242514
20613147
20240475
8393957
27381367
35235510
8830891
23023611
17103450
25569817
31201165
9750730
32710154
16099709
27515512
21873784
15268898
38752789
1328021
22623056
6873760
32538661
38604371
15404182
6611363
8904158
1583481
6598180
6536623
16387343
40488439
37954243
28550730
18329287
2381714
3719249
37392346
33411193
24148627
39291386
37977153
31199777
35401459
10049502
16256909
2498814
28737111
11829366
37526082
37921601
41595873
34346033
24103616
14831840
3723527
420904
7944051
43340307
6723987
12673111
33910543
15553531
42476621
10205070
7560984
15407488
38658543
29407611
38736006
41180850
-81825
5603623
27301656
38698493
7059582
40282483
23728820
39399787
13639582
495573
42707269
35926499
3775706
2606
39646786
43332765
32348565
38944807
17098918
35358439
4602214
1022090
28105872
37738389
18341827
9377350
26352460
10134564
24764206
27176108
23226127
31048365
35677115
16526834
12753429
16411649
39681057
40145836
29118286
31274017
18395379
-64485
31440017
12359320
28798060
17905139
5727058
3811665
31811070
38299143
6626306
29416746
30355548
36588029
28544045
17548872
38095346
17365242
13585831
16996426
38794833
26920057
35033427
30330571
41024461
21884415
-294267
11333688
27943008
2638298
10630717
21176836
-973528
8882483
6989953
5902921
25298699
31636393
25027008
39028802
43483316
19108330
8948907
12282477
7190991
21228248
9282002
25920236
8497694
40097868
7979854
32056282
18271829
17045233
31170297
9755947
3484792
30848458
30530665
3737065
26576949
9269488
23925332
34955578
15203780
39244301
6356338
32135578
18039522
19069707
21671974
39405833
23278948
27675411
10866388
40110718
33452073
10741336
2575187
9036251
35050941
18113670
33828780
27127211
19364389
11538530
23027878
26412591
15633135
-981252
29160573
1564855
9705494
14268475
19313941
42459084
15470106
31204788
41427231
3634874
21404298
13163091
28868950
9116924
32717654
2747640
13484292
27851306
40956105
19654231
35973130
2247090
35629369
22477504
24832674
31628909
24577810
26940853
-722153
-843786
58499
32706193
6164538
13915362
22273489
22910832
32898196
31638662
32008208
38203010
36895134
38327047
15013492
3657806
13001316
26340825
-567279
7966034
27671289
141693
31301549
29225137
30309868
18014628
39469433
34263891
-45923
28275
18204182
2124580
29392858
-480432
39110535
10519972
33339966
15134243
41338671
33941341
264542
26527609
9361046
43273902
1138893
37972647
16889791
18511061
38632730
24850198
24983655
5789542
36519114
14307811
18029697
34650676
10551678
13037711
33364537
15292476
10301261
22752164
3250412
257530
43344415
8429263
2506829
38136455
32795005
2785432
36799139
10988515
14947877
25856319
39162782
6556237
-839354
11857341
4276022
7066078
5527111
4518313
37582597
17163107
27061174
29742687
17863446
24693687
33885408
25432597
17023690
26898853
7255471
24046166
21454499
43485827
12825165
27425621
17930916
24885024
15693159
30202588
39717360
16820063
30754389
5257237
36911395
29256856
43318654
41075756
2119765
25678742
17585625
24229400
31901740
15713444
6971564
9653028
35438092
11418171
28214352
24426161
-40251
20379967
24004138
21919485
33778777
17907574
23130349
5802907
29263556
15339896
1751607
24334878
7886487
32798854
19005711
32145564
11613985
3085954
24910785
3811472
25858832
10375109
40322300
26017093
14906354
16670022
27964348
36669009
25219183
5941784
6366230
14127815
8350118
41737339
6506664
28325059
41639866
27958883
19021288
4463246
38305027
7345067
4152473
7552779
3679157
13273739
11532993
29973023
35152856
39695804
42239858
8977720
37414135
29966906
7071577
15887428
10403195
25875415
29103759
12296218
39376357
4516226
36184283
41329496
14941834
6982061
22959318
2104878
34946594
2762712
30106039
2996919
38648701
38170488
7623451
4219715
43023732
34049568
24794440
31630976
2142030
22593827
40122841
40001761
33305478
128055
29912716
38172370
21630695
25711147
13190415
21339770
3072465
18329672
9693940
5788983
41794238
7576075
30870405
41392146
17298220
37929816
9027948
18191309
11043547
21391814
27144915
31479059
6509810
13948994
15587813
25154921
17126180
14243317
22423915
11628834
25638791
43387172
36178208
12861833
36295065
16798639
8212945
240867
34175917
22669951
38637550
27794817
14998136
7452456
15141469
12579185
2366147
32730694
22555888
26438288
4375482
21843868
9649920
2440755
4665687
33729653
23693009
39807126
23914653
37583053
22900164
41896429
2953565
15308781
29433187
20477720
42504630
737830
7009886
40127740
5348125
39337754
7474565
37825957
21532444
32420799
29879012
24224686
39582734
15122739
24946802
21561210
23432427
3606326
9171099
34285249
798725
42366775
43085465
16550876
24261589
24969994
22576737
29198142
18287057
15168610
8750731
19509762
38802299
33276911
24807388
15104976
5890032
35242292
156076
5504161
42609177
2541927
27065277
28626278
1067254
11268877
42920895
43415345
25066420
12716295
13712436
35439331
34298052
31758554
17909158
35455543
9362670
10729811
28152530
12183801
1444338
28661817
28807341
32253146
10428302
39601228
30853843
40258199
12520258
40889506
11172901
14443761
19714896
31717645
14421721
18946298
11476943
6216318
29828509
33565573
15265720
26863749
33015381
23526700
21168418
35550331
5230893
14128289
23908418
11228886
41667020
21656494
40272325
29885242
18427004
36506056
-189431
41335435
37901653
34263015
36212149
1644516
41559263
41417545
32437377
21400383
22417015
24128690
34126044
41361668
38606388
11020180
20568311
4443354
12286381
25537536
38268596
3318270
19688750
21981614
5287967
22498688
17959224
13243826
25363523
36614098
5065628
10982452
21687523
21419878
13062763
32465945
2940176
8338858
23697022
19288155
18735284
26236526
33830810
40789804
39290054
6515301
28956736
2016337
5421336
43234934
21004384
29657420
28753481
20646507
38168203
42207541
1175687
26774822
4075194
3066001
42136731
16316629
16567197
16716663
30485363
12279441
5463746
5766426
5784741
16553717
29083488
8765078
37957997
42111846
40470842
9053991
20029611
15192585
41537802
-177211
27313640
13248638
36322784
3139688
1858492
13091410
36337485
40370251
31290210
37628801
11734941
43067588
20048951
14123713
20212015
14297696
2941036
1185018
21006967
27444363
6825797
11482325
3599884
11894942
11205164
38383834
25543906
41656067
38427006
20720817
1361359
40517657
30698866
38021517
-928308
19179029
26662757
41746383
40222015
16456563
35958074
29890955
15106648
20798876
23352799
37541153
27379364
42862513
31571297
40990514
9703129
5871464
23668633
13261406
23969955
2576948
11233082
2073732
7006776
15610343
19527938
36180199
16109545
3579032
28875435
33203953
24235448
11568968
1309110
13273267
20159219
18223653
40466096
23976193
18654455
18656407
39522330
154099
37463368
22563926
21107611
14021998
12274979
5406988
31551805
27181807
22937603
22774341
32787116
17358135
42737843
37935582
6255137
20752180
7322745
5452240
5247190
7118312
28623681
21396069
30731775
4907369
2068296
10643994
28518833
38341632
9123413
23166889
26882241
37132404
23739875
21192835
37023623
12624879
16205081
791378
23679732
43196271
28231119
20513623
16728534
41442024
2292215
35975902
-573584
17481891
-482964
23671862
2868573
10582917
42679592
5351860
30925603
20531724
24106303
21624326
31563518
-265905
-848108
15687096
-214461
42697850
-842460
34543552
20918347
25024311
42932591
39537268
9484927
10156508
9022848
9049214
8547626
24374992
34533714
25659324
27447442
25413733
19791820
32691053
38736521
19503037
31353665
6812465
16595967
31152993
7722107
26157275
-554176
21202952
41167800
22364774
11573905
22816356
23112990
27872595
22490115
22071665
41285141
898426
35958147
43424330
41154667
34002269
4922710
32999204
43471572
12774526
5309705
16305041
24251741
13562938
3424077
14529960
3452512
34666007
24707913
30134458
34513006
15745181
-188671
34116934
5425639
746927
8442517
8242986
11012481
19006673
23007246
3226968
3055447
20302547
16862606
7381601
2495064
12491978
17698602
16387240
4398408
11522407
28452875
15272651
9600767
18896282
2660150
36693817
13474265
32228787
14901430
22971163
39146321
22759582
39948529
41797995
564196
36896179
21111416
29764414
22205047
34698693
38853114
30169546
25308889
36884019
22382971
29988135
19671116
608912
14212492
39111762
22998019
2787016
27187077
23681119
25546898
5019
6438390
31721324
-300719
38627843
38126813
35392515
2765542
27557997
19068634
10650980
25938954
-179494
41907790
13769638
14777901
24433476
25745995
6900225
18077428
23125252
3426187
20149277
27301585
8478666
8184103
18332125
28379069
30438422
2705256
28480185
-404807
16203799
24966914
6895865
20613514
2093652
29965896
43380921
6813623
33008478
25688542
-516395
25194842
29172031
9296344
9731987
24726932
30676343
34381983
13274741
5443202
30561386
1322382
32797176
12698786
23871758
8470679
6290992
39830124
-419992
382284
20131980
1003950
9010683
10769140
36581686
27338073
7211049
4882501
7396852
41198128
7928737
15123746
27935775
16654646
42221943
17340098
34230335
40697175
36364333
5367828
1758150
29555861
23690431
35427638
36254371
26866425
35309301
11714889
33043032
34450656
35620503
27790273
17490838
35082055
17239438
41400272
41883668
15799452
32527988
17924439
30533906
10094635
17572803
37779350
27609369
40991991
34030602
39849154
43150237
8892115
43015739
6267849
33976794
38530909
5564668
18829470
11048231
35041023
32509043
1324435
32393102
4377525
311600
14153258
34114141
6612922
16044950
22489909
19092149
35415237
26651671
43477286
37369665
39272737
33266395
39134221
17821511
3122276
12188361
39380270
36982768
12028504
5305761
26460992
36066234
35792434
43496536
25543053
19713515
11158307
10677114
37242632
20221071
5084023
8624434
26411459
36521364
16186755
-663793
26038613
36465585
34515321
762686
8427372
40080595
29969959
33467082
13855305
41434692
42653425
26017562
40358854
16424623
34207746
38458172
39241110
38441088
42794379
21351467
40707045
40520226
25148381
4974509
34702913
32731243
24938626
7052672
38452963
17252911
3088504
9196341
42892930
36699018
8740894
43444890
4430567
34479857
7775629
42643699
37913125
-253122
20709617
33138022
17749765
27226280
19434612
16162395
42264511
23104351
286163
41698030
30479614
36141948
12208994
30942687
38062238
20645548
7286126
13603050
29346273
25798580
16206379
41395311
723653
8838547
42634100
21785559
23237182
8777779
41633804
34657570
20804094
25080008
41049590
15742410
21969358
8697939
32216162
24010390
9326961
24193890
32552460
27094407
12086783
43183743
34926701
20163166
25479155
28148624
13001129
35452694
364521
15625187
21577111
29810220
24354404
16815218
43511594
20540446
19911762
37267659
33563235
1844682
41783661
39817034
11258982
24298782
10704492
22494365
33650616
19183663
37378753
1670455
41384843
31728543
874900
20257393
37363976
29700697
35893184
22223123
648388
37218675
24005573
40609918
30302066
25161462
23162753
-100237
3481604
34226727
15555732
42759765
16709124
30761315
20312040
30791910
36018266
13399312
25535388
38749012
12564032
35677064
13340087
21200135
43305100
5267733
32223484
12161952
17802481
869675
20747892
28370148
21195283
21544715
33276908
33724223
5640282
21193236
27335008
42833300
38123073
26481231
26162335
6989688
25478581
-97736
699136
13939
3730723
36088020
29380975
2970744
19611529
39582826
40067786
18532839
27301403
33876779
15370653
474459
33449331
16905259
26418720
4495490
37742779
38290387
-859975
28095988
21737443
20321681
25570755
9116785
25260953
678748
21142324
4688649
5557588
14425778
17766526
17123900
42428932
7645985
28012666
36983510
31910648
36719014
35655253
29951500
20261395
41810214
2323348
26268824
17344875
13732903
23479932
24849302
29366031
42857186
13437681
37058950
3100037
6356508
26665107
38219417
7732556
23286580
8963947
39166023
880547
13888770
14205328
66158
25277298
16727983
39563462
42902487
27387304
29466498
5115337
29979332
24952356
5289882
-367624
16142218
8773034
34602664
27689952
28398428
19042557
5884703
16210926
28545497
23281301
1838270
23708054
18424419
-627921
9413363
42487558
40677275
39536700
35535417
37531662
25186096
40363963
17912534
35563380
27142540
22166395
41944219
14888420
1677498
29972671
-831966
22263977
17303215
19928891
16967907
8942145
24194920
21575127
25743567
6222363
14282696
34887542
41095530
21312337
13399207
14979537
1942098
11230168
20926682
26656950
35559010
19922327
25551988
35639190
9023291
34942544
10207138
11052817
23648730
34768710
8534123
16673942
37987935
4765071
4200569
12364616
38960470
8177268
40477586
18002220
18411594
31036828
7754162
22292023
738719
6914691
33913614
28010376
3312853
35320269
25173221
23404181
35076292
29570085
24638467
18970111
39225963
41705770
24928999
38997681
18473040
8216571
617417
18167196
21191293
16737484
2958031
18033107
12883816
35036030
8619085
32003227
41152028
16033647
17053818
33455780
9991855
8416448
27494977
43500968
11067154
12823532
7951531
41339435
40439314
36971745
31219608
5546583
24406400
14146645
27940698
37182708
33145329
28665956
24879802
23886106
19205109
17514427
22664446
812910
22801894
29400862
17353498
27411147
39139901
38842508
13421012
15155055
40659957
23661378
25280528
9013865
22912940
9240155
23422050
39700768
7012365
21012815
20719823
8865818
28731384
28295491
11452348
39642677
14234552
-756460
38315666
20742938
25546484
9192644
6197889
42919027
42015594
30885138
41954498
12557086
21617397
32003913
8701355
25892319
3223849
38392904
19299297
35302436
12765124
40080778
20639189
42206432
35727879
39984041
17441431
15679198
2406188
21935051
16993687
21471769
14250327
10216622
33438674
21712552
25889946
41437878
20773205
42536138
9829823
34443575
38135365
34294528
22186142
34976007
4237887
2159950
39914395
25186596
773910
25682731
36141596
17274350
5177656
26502507
36764816
18473066
1489398
15908302
9677592
14801796
11238398
19454423
30477142
30300765
10962673
21111090
33580131
19119115
30179600
32525704
4764455
12740974
33363655
30152716
27153782
26966822
3866815
22474499
38104780
8703890
9371619
18324918
2366250
16893468
23943015
24590561
1937122
23262957
16924330
29735271
10359035
41014601
8373868
25896798
9970388
-826365
16038282
2150837
25396954
29646259
14621061
42472142
29825144
18593270
27260340
1148269
28540897
22133048
9586045
40852154
19309148
29053321
-466059
20484645
39475987
21972648
1327813
29511202
42775627
30996020
4310823
3096630
40157872
23594286
13912725
3323760
41581077
13210734
17178212
18116554
24614303
28415401
16592090
26987112
19232265
19486539
33775556
24735067
35719363
-240658
12263227
11606298
33029470
5545821
12259834
10571696
14003998
5798301
4121452
11166558
33763376
17219995
7496338
1182612
2922625
4762673
35585547
42797148
1667780
30608869
8034100
6172831
29559558
23462384
-714924
34558590
31252321
38543265
30886575
15455280
36256941
15741058
27930720
28617256
37188436
38384242
40880870
15700620
34061201
13917740
32853490
21743743
32164214
37499248
13642140
32532543
27890977
9483890
32387295
27471183
32156068
29544241
30902221
28482397
5548789
37969848
42402566
390641
32631968
26289386
9909241
38188750
22634559
19025708
40325406
29572776
19509401
10045263
8979391
18353963
19612072
22228381
27246763
8371267
4315648
7349097
2300779
7522187
18632705
34982529
31675204
21174123
367591
24510854
13619658
38630947
34959493
43305503
22779099
43497298
35619729
15194074
37136109
43342750
16384942
37253782
37153701
12522799
20719900
39021716
880885
1182900
27889188
20748968
19604419
9389762
13448942
1230634
12496612
26320597
24509577
32112181
41808
35826524
25179157
33856979
20266498
3284259
24618914
41527844
24158506
1120904
13794990
30386876
18338261
21277691
26277815
39494986
29105148
21927017
20926281
33856594
23768742
34793016
22310024
15919747
25513277
25019156
14330327
17303328
7719471
27136344
2599762
6666029
4748504
16109266
37675053
5076238
37427276
29884872
29157039
10487744
38128244
29362354
34589120
29949891
12083195
2873293
1146468
11135291
34034287
14834201
2608530
2303244
7279395
10083010
9490518
36344184
21420751
26594912
7582046
9610646
-600008
25373961
23533196
43266319
688617
13847188
37998720
16768392
38009817
12431637
7610069
41621153
35813945
-123197
28557122
39918098
35476895
732696
24117870
25103363
23319658
7137357
-329597
18820022
17953525
33315981
31417539
28668781
38845258
32177406
30059184
18770354
10285261
34096851
14785662
43305364
32469789
30966611
25150279
16785668
38473980
35357583
9305036
-270367
14704621
27278639
6351883
28962258
35777722
7162843
17375504
3118909
39136717
37369569
21316362
40563281
43352768
5872878
18553335
40824262
21851268
19979881
18817568
22596706
33407399
11123776
14790469
35043174
17874654
2604369
36977256
32980896
24673116
4814655
578619
29769439
28112380
32718531
38913015
16765492
32016482
27456118
35024115
17741386
7439949
21555345
40084416
11810578
8592486
10703829
19387658
25345931
7142005
13282858
38378173
1145860
11620574
12270356
8916997
32966203
524539
27779530
34488889
23373456
38454663
22836182
41933255
6406513
5653850
32001940
6766411
22117184
-760604
53534
1903130
34776604
17230349
9255290
16287780
5347422
-57269
32981302
11281453
33837307
15222540
22756781
4260672
33436092
33287426
25419379
32352993
8977957
17471550
20544957
19673025
1267413
37967910
27363881
31228977
28970676
24234734
12457584
35274129
5013443
19752122
33670630
36891320
20606371
21142494
10142144
7371107
33947691
43509532
10244088
4893249
35420431
35076980
31298850
42399919
13094235
2663897
3978730
35796588
24971630
7490477
16973838
30168621
16264970
41048672
30472808
3457215
199941
38720653
39365520
30605858
7448257
19831546
15857614
21362217
40559363
32260907
36598759
36866176
19378192
33927198
29566465
4192537
34649875
11792057
740340
27348362
1230593
7153795
15884280
32652300
39475126
28710394
13453527
32151387
6778030
20839137
8616169
27827451
6704042
21145075
12745067
21245281
6362882
8220069
19349856
1999925
40293759
4199300
29524145
12719297
4626769
17333903
6635785
19265582
37054402
1507090
27861300
43346594
36255600
-810970
41741976
14824103
25938448
25442218
9583695
37454148
34709491
1253468
26405575
36968022
5165016
1208815
24368273
33743607
1950065
7019629
13243843
21212379
35609804
10788657
25688998
26871535
25896777
10037375
10606283
10960011
23442187
7057667
35095167
31954325
15414416
32500025
36785972
23112342
448335
21090125
29410337
21027994
34241813
30830648
20178746
29119885
18308569
26837379
2204567
39309180
32269917
10763290
14685009
10281636
26823411
3725511
5564605
4411133
2505683
37573023
22516501
43336078
21183784
21521959
3427456
18778181
21543181
22241721
7340739
30379424
43142995
15013872
12144543
-917374
21317005
2128385
15527425
41543214
30845386
41649937
22988577
37983204
3460033
-5201
8799321
28718342
12540855
12068216
38540189
6307482
26446573
23511168
30812097
26577440
7143164
7205850
12927604
30290967
22015355
16212005
34025620
19986466
31844916
2593284
33382369
22672446
26297439
19259303
19463964
13307874
11058753
32120048
22160404
6872476
3820855
2769466
21151618
18096284
16648268
17847462
20531588
39461316
26449384
7347352
14656881
1271929
8075743
19305981
26621037
36084027
25018667
33952735
13861462
39403344
25977129
25499894
26521181
42760359
16239426
28134930
3082699
33983357
5450360
5630373
41426598
34210856
14332562
31957562
37217025
23129366
43221086
5146577
38185611
17056896
15384031
18178605
41692787
36443498
21589044
39163962
19577119
14263492
32064699
42031188
39730321
27997107
17067785
39784145
33905942
16191186
3939306
15908075
26365767
27825211
1832751
11789295
41771060
838582
4328440
7480961
35784620
36358519
31562419
27576907
1279012
20430001
3350247
19892244
8869468
24268245
27444335
4639822
36516602
10700712
10424355
42555303
26164783
20489563
19980771
9521934
23796605
25796493
41408109
37490354
8315740
23743391
13577305
26426208
28340386
41072575
34692606
42671896
35641795
42678457
4253408
30443369
16673610
7631585
14620097
17390665
11629040
23983979
36166961
42164336
40187559
5364159
41807976
40314122
17428318
40296877
22369836
15206350
828824
43348226
35179811
32956236
15326843
36480352
-681367
3740912
15215045
31094414
1742787
40305092
6260517
2785347
10189455
13090211
31537039
1282550
6938306
30781060
25303940
21791012
11997200
27624428
42340346
15263484
25729149
28174865
26463854
9724179
11909942
3254504
12692662
22638278
3186959
12382763
32733718
30742038
5602593
9489362
26133495
16745093
8495743
42436598
28517039
28261284
35580925
35738472
33776561
40912389
3967758
33867314
28641859
8184320
4846697
4477640
12530387
11969627
38749479
8550367
26918748
38148329
10727192
34946767
670242
19049603
20812425
18329491
30390193
9115171
11647628
29929496
30916699
32128407
40480293
19483846
19777290
27853889
15650271
32623705
37085066
33910618
40808744
34424584
29759133
11135537
10628056
40610596
28066330
40394331
-211324
23700967
23854301
13319117
12663371
8268763
24249810
40929111
17138333
25651823
11514892
26590693
25576492
24434092
10724003
3570429
11236968
34166280
7393947
41549600
5563649
16566158
-75129
29259252
9604044
30972667
27079941
27040069
32739777
36017519
43162685
2343822
17425484
27068543
4216754
13093548
26207569
5299876
14488582
1208440
30437016
43341821
2666619
35424389
2876617
38616406
13835855
37890949
11270382
5428955
20424660
8843648
42097533
4985480
4154564
22980234
28996333
30287614
1115015
40745211
8200819
9223066
32905386
2826919
30379829
4201935
38786019
36925669
21772000
19671244
24501048
37028668
8987677
8241616
18145194
19093475
41653799
28425091
17284623
34031560
31437357
23924849
40011920
5750957
19998259
5520295
36133307
27442865
31344079
34042811
16144983
7660848
3580850
35383961
8149302
41039798
33033173
42848309
8184449
38175914
11878072
16095388
34390488
38434928
32241318
26532897
37073715
-668353
25212677
14844253
25374285
29099905
35959920
-328347
26580450
-778187
30169200
5082830
29990598
19541195
512366
10686619
24612971
31914737
7114111
13516583
20324508
27202380
13420973
27996054
23337569
16217189
249960
25024941
-226942
11905592
42270636
26119789
22980705
37855809
30851823
28037270
37314883
30720912
12863695
20749062
3576345
5691933
12623554
11871490
6895086
13777278
8620869
20541944
19892364
9435688
30036931
10276822
16233999
12202677
6376642
36369320
35852754
21485668
15307745
19928922
19127361
21489494
28772339
36200861
8020429
29529949
42428409
29868108
7395664
12382637
23506911
42809637
36010501
32459062
13610930
27685573
32309432
13531064
35276574
43459727
12822904
32930249
40085761
131926
29822282
16850829
33864934
36350158
1733170
23455960
38490705
24941147
3408298
34536971
41932374
-583352
25494434
28191408
16940208
16183679
30833329
27732515
38709837
13830491
42927453
3472505
28664308
24621508
39377906
3267579
9028890
11700172
20042085
19104589
29845814
36020512
12408171
25718605
10733552
13695132
2704116
17620881
28293396
652275
396248
40673785
25791653
23927515
17981270
20569418
10706587
14540096
24527487
5347602
-294222
19039738
37106182
4007140
25767986
17041680
4106296
24129344
6930649
26734260
30441018
19017384
13348419
7341259
6561072
37807393
16378329
41766270
15360451
28154156
21073588
6239230
-571121
18117046
22060549
34074462
30332582
36326390
10766528
37193041
21635763
32975427
3202147
8092697
12802484
18630855
18413194
26489235
36801807
32572775
23008727
12588832
17458166
23714529
25848198
41509436
21450523
20026781
7593985
36910331
18366695
7223832
6373502
25986275
22289309
4782833
7323904
14941890
-846827
14006074
28913365
25058683
35386870
10446957
17190852
21539714
6397225
38794505
41412264
15638619
18796126
28884351
8184152
43482831
42524756
4908240
27276171
10605766
11552221
4802599
28964567
-545688
40835701
11667368
36628076
24864827
42428192
12021722
25423404
5104768
27031100
29844320
38776083
15878245
41939762
32835751
34020097
12806506
10190841
27089586
34538737
1320088
14231709
33654944
38867186
8216766
19278222
22059943
29907709
10150218
38644038
15150058
5193093
21292160
42257113
37459147
25471629
8101785
20070596
-723526
35230916
18466147
25430320
24528214
7979747
25865754
14203517
7945914
39161928
34042380
10456798
5857987
-594167
22099512
20859526
37275761
5499464
39222753
11665229
4259282
40860294
9867199
5704962
33316336
29496290
935533
5185725
36182504
24907268
5093421
31726915
19613685
29499586
8038018
29490576
40083787
27767871
39074293
34382790
20138310
38474263
29916187
17187441
25423813
42357974
765834
26988224
35051619
29888890
37777888
12660569
41295321
15682586
37202521
15822115
35411581
34716287
20447275
16089471
42678928
-567468
14506328
11557653
42120017
9636042
19404854
33097156
-257487
20922845
15876153
35649406
38413683
14872549
39066066
13014626
41190405
16245813
35550676
36715468
2789296
17068460
8001229
10339822
26613502
17740759
11635293
37977470
27680995
33863318
26347994
33771423
28506047
13621
4633176
13486811
28619604
3867512
25873946
35967516
10698705
19419043
38846414
16462985
34053663
30602496
24145133
-884953
17555012
7364074
7327649
10563646
27090376
2599206
18272165
41506754
32491804
28300755
39914458
6839715
16418590
17103260
9866977
4507774
10739479
7059108
-733667
7616595
22954826
23012125
8188081
21399755
2745857
28567848
9027274
30220368
35741492
41466941
19643057
33418209
28893976
15366999
-321124
27158071
10325907
32505647
39169637
32566483
22937481
41755575
25578305
27150885
34323827
21707130
3510192
17510210
17885471
438162
14328369
43063522
30704494
13963849
41834477
10121476
13211186
14634356
41195242
20650250
36831120
9420101
12392123
17307374
40535695
14473474
23773844
5748404
32040538
35694426
15431227
35354497
3105940
19699183
29080497
33926355
31564180
40028366
22090913
29378444
9810043
39064980
23143308
11882513
13907368
25278433
22398444
2513846
6800815
40135099
27318101
11746282
763192
24882777
28261554
35693356
18472599
24427275
17975463
41868324
31265469
24963502
35492543
33011569
36809734
3955487
19570217
10288102
24789641
29796494
28311445
31616090
23634774
38357511
717769
13961834
4586874
39861523
43188662
37390717
18828671
11498129
10074108
11270661
10066302
31200672
15594699
15774789
24245626
2038339
38665722
4542554
8950648
39193574
23774854
42005227
21531062
22214086
2379566
32587884
16619968
37602122
6458112
24445453
20508303
4828786
36021664
24687642
39896909
9703299
11299867
39820044
22523877
14268976
5660301
20012451
13433261
13942179
4224589
31048790
7241268
5552521
39887795
5406589
3355307
29532069
24745273
42489942
25697389
33729092
5107987
16240078
18352954
4960998
29261692
20180535
21827809
36101307
33675014
-379796
10801756
3398691
11124903
26205059
38995219
1339850
34679420
11277480
22949456
18636119
9013429
5263380
16897246
17827454
39976470
30612028
19085748
9329722
22095288
6988437
25593509
9436889
18760302
12622171
19498177
-227586
20231579
15115547
1578913
18192734
41721675
26577968
42274057
23070548
18573525
5406421
35256167
13473413
13146651
31095191
40637478
11138349
30856080
22542461
35031563
42805227
30652785
3241204
7113679
31342776
23554707
4778522
22606615
7400332
18309310
32971657
14556346
538853
18270316
19722356
28553481
31441716
22055271
2760336
30204233
18674189
40572394
20004320
17022270
31569520
31676192
10145064
26432542
33408517
29586731
39705894
13022412
32871392
42054508
24843349
30856294
32659935
5797032
39773281
1153812
26503562
18231503
16814208
3254913
17570147
6289810
37738628
15192403
23414259
5912996
30955150
42014582
42592605
41552532
41599136
23391148
4643503
24441854
21471037
12952076
16157067
17066327
42760587
41768999
40313829
38228312
30244765
25519598
36334554
40972784
42391063
8648254
17008095
34747518
28184854
42803660
28358315
30199396
1983712
27350964
28317986
31255906
42193067
619128
30856800
20376736
37363448
2644834
4518842
42799594
32244523
26369087
2297755
15727471
9169994
9504048
395772
11631594
19781740
14120822
39444657
37678749
6803759
42766601
21363661
9258260
1763994
20589943
-398291
14463567
39785523
5961324
39751493
12168590
27602518
33178193
27262638
38455844
26152111
12745906
26613346
9201969
8237812
23217524
1930094
5770028
26826232
8912437
36969684
18101415
23575853
14628181
-94657
13380915
-77534
30423327
23549913
950882
15666430
9110027
21494015
34636697
22514117
25955003
41863409
14691782
19212218
10516122
35567388
29185892
14993727
31801445
17152477
30985104
19732756
31494913
2298315
34139522
35487210
36227675
36107333
30261719
14802695
30692171
27912341
2590259
14378234
22571333
32961458
11265056
35607966
36629585
20412870
36947980
8955631
9650426
7921326
36105249
30523532
23740736
35447378
20331726
5381569
25577914
32329904
1072059
29840593
13851166
4449160
39831164
31903309
37739227
26149711
26887977
161966
32982162
7632495
1083186
31475520
23782087
27249231
667993
6771346
20444140
32435402
29512297
11313784
10729045
10759894
32254178
19464639
2561754
42220627
41216469
25098921
41375348
37644345
19055902
10064838
26396432
11211984
20557252
6475772
3214092
21675049
34413234
39734836
5031382
6950976
6037845
24460749
24226693
31510252
11323599
30774810
31130255
39698525
4484139
27071633
19816052
18943013
24619169
3793130
43009509
9477610
10198670
23057261
21030930
41722127
40967896
26906518
15681947
18010763
1289689
39433369
1654578
15902892
19433668
26209061
5862982
6706011
39003551
5562706
34063763
34408533
10997368
19853998
33197138
6348399
21491103
15520075
39113157
19736908
6818985
12911638
8045487
19239305
34094925
16667236
18657969
26030129
37391901
2721304
3657437
18616935
20865439
30177846
13522125
1075301
8328659
16336458
42194448
19004696
2215419
15629242
4885840
19196606
31692914
-493956
13195177
14705567
41225066
37297795
29660193
13101971
9764712
34510750
37330531
41333885
25063024
22595702
25276250
38579996
31597150
12085977
24265095
21897130
31854439
9517761
19031277
33465917
385550
41435899
40070597
4022492
21433129
16556458
41708308
9738497
35937289
37129473
13204179
17058904
3376655
43465495
35109972
11662898
14572829
4091155
9360368
37988749
8725446
39884663
24877503
23775153
30750063
38638941
40627041
751049
27232244
38279943
19657158
25094491
37605952
17433426
1965582
10505859
39678008
4955990
-650209
10636174
15773998
24198892
26821806
10022582
22082610
7021641
4783409
42318882
32386456
9809453
35283010
39256300
36068311
39895223
38782405
18195710
22140814
15629194
23184341
2254612
11160618
31468189
40557556
26874758
26626762
26270506
19891315
34392555
42661258
6077534
37006533
15692135
12601151
20206940
38633632
3787433
18129172
31172901
10659920
41480045
7270052
38320301
19074921
527604
17592029
11936056
8378855
10232896
7892401
10218497
34078403
21896871
43139864
23824085
23598627
11240872
6092933
6908440
20399004
30731393
14553472
16543384
39301968
15454805
4520489
33189547
13478873
34531313
29754450
1403232
2733921
6030309
32700160
5990258
13197698
20885315
26744338
42861558
13338856
31168452
23992777
40428721
40526339
25768333
32837475
2190642
31048052
19794928
21410942
7903534
27056234
14297538
38365278
14433587
26396869
27308932
27896470
38324275
35153698
7880950
21934398
11212904
19119756
29351859
12092293
8777405
26176081
33251403
30729878
28772739
39374691
2836415
143043
38592306
27500845
22006982
42091375
34062027
12385644
25431503
39330992
12928238
34171734
9342884
23947214
37796185
86131
35683372
41350746
39407362
37062260
31457861
8999297
38715704
20930446
42362455
39474714
714769
21026755
1701555
41969445
36766760
11070517
14831822
40899354
4200855
663600
19543532
31946210
20059754
10179937
38543078
19639423
14728039
21947498
5712727
16594732
13528939
18282721
32365578
41584689
10766808
39786724
39787198
7724456
3448869
18727195
2171571
18058579
35972093
33021707
21842087
1480109
15458428
-545698
7271445
37962007
36048466
3845804
12050224
43366617
34110210
22623966
3943750
11898917
23643284
19528346
41742511
18999038
5518652
40663346
37961523
20575452
14457951
24258271
22615993
10840604
13534043
20524563
19096279
16341519
16469696
27287236
26054799
35150681
37549323
34638124
43384735
21863798
42527426
1408588
22988475
17391434
9412638
25654042
39517066
24353952
33027244
20979475
18232243
38427650
38112664
40713452
14542694
14987814
33458220
26152733
8859176
22151079
32686767
33119433
21076051
30880357
9600365
40427586
27257185
3238180
8311266
35867847
40245719
25841521
35510593
29276551
18320917
25731014
5950647
5754426
31374920
36953913
248235
15701897
35593495
6395397
11582466
18886543
2853384
39819279
40607737
39204511
6029861
-416849
31227010
31282528
31484379
43515483
43280761
3197229
17932686
14901580
32236010
18975421
33318462
32211851
10184306
14742012
7324293
34707683
36870738
-751774
37482234
23470987
38449050
42061702
20953723
27321742
530932
29889317
1550273
40660781
26913818
33087048
26709483
18613183
15259461
36040254
29489738
28529606
8130810
22703008
17498394
4818196
9493672
6479226
43512493
15321333
21772470
4492800
43456343
23488781
43150669
5947159
15490649
10435985
3381735
11718308
-94654
36243768
35244082
6759054
30438771
28148392
38753334
20699366
8812507
3240939
22897567
331626
28902296
3878531
14187316
11481024
27313315
26900579
8080667
3729871
36858666
29995926
10389611
40872224
11943249
1285139
16639177
42158432
30240228
17286328
30074120
6803738
18028360
42604031
24946670
2462675
20883749
42964392
29162308
21759527
2620108
18351191
40598261
6721339
3701214
21419611
24220950
26855298
6695214
19124437
7969005
-871030
39589712
39202862
36002239
39622414
31965357
42688480
25760635
31763568
3056396
8680344
32925713
17386018
346866
14716616
19901430
41196698
43396530
35413901
24206820
1503693
38018639
4775779
32626762
-47105
43366870
10968197
21248071
41141561
10429276
23626383
22751854
35098582
12474619
42520057
24034997
36291020
1828212
16115440
21990908
29174032
3910734
11648266
39297740
33577219
21068724
34186718
24837560
42349582
36899770
39613266
-567522
33356749
4424661
-550251
28999709
11421342
14835229
34117089
524447
17062541
42502738
37072248
41145489
11641604
20016149
8535566
42971158
40178443
8167509
41282707
24745368
15657489
22549114
19041918
22840233
19664148
17615095
36741625
39000150
25173099
4344044
32999908
9700906
29224572
31037251
24447652
41315774
5335256
16921601
26781414
23591953
1276597
23151841
40595856
20815435
13931357
1852060
23266637
19753704
24620163
18660044
32330660
18500561
35156584
41831001
5136043
14488609
13396661
31167890
43020116
19589882
35567358
12060536
21271025
42567563
36685065
14766028
38458699
22349249
1975152
39381824
26653328
37761734
27279861
28287629
35944934
13407687
16358567
39026103
37402354
19187155
33759194
33006799
13529614
8709615
21335579
38458370
213366
33222099
26997203
233742
11342692
28654192
11995245
41833891
38257576
25901914
19543070
31528444
11894359
6475727
43230149
38559075
16613068
15481447
3779062
12098214
21722803
33227993
6697076
6570356
36128587
37075530
25775530
29735447
8281370
28723246
27705964
610618
24092601
24808357
28157928
23189647
20985276
38223157
40460303
20416140
36899567
16516275
32824766
4417755
30005108
24379868
42940232
24111638
1490385
35295109
448374
10381672
10098109
8572559
3403463
16601753
7613185
7088897
35920249
37086820
42432720
2932039
18265258
10081784
26377852
31885642
30554742
36449792
11847347
29554110
12168370
28716319
35162958
38089446
12596707
5362334
33490413
43500146
30888940
29551698
17874041
20549847
36694642
22161184
13191850
42485778
29807003
11568553
8516622
27648161
41430185
29317752
34936223
24235075
18786971
7408522
21073075
18571512
34162606
5918308
11627960
-134278
10282183
8674920
27345220
8142730
39716642
10677359
3731548
3658249
38531528
28528767
25138119
15540458
19450351
21374465
22487414
19931557
10965691
42175238
-152646
34352406
22205439
19494349
34680078
35430089
26458344
31772654
26876411
14936362
11744786
16599133
3158982
25635653
4832702
4998743
2654747
27333890
40074407
23343214
28435043
4454059
36775519
1714525
24697288
13344625
11475037
31035391
7380953
19401899
16827241
11934772
31613643
29586092
36718995
3275517
29307094
8245843
21715004
15137030
2748724
21243346
396773
9555288
18300236
-329711
25347988
27428577
3894950
21850154
4149826
34152669
27217426
4454081
34989171
31413667
13680266
16964481
28118894
12250029
31798427
23556445
32391986
22052702
36739514
18410661
37876616
39384740
40546469
22744594
2467519
4232941
29010120
28036299
31582943
-797719
29886208
2322996
26454402
40505180
40432543
23023363
33963401
13013999
4460403
6248262
13244859
8604860
14323375
11572621
20008639
22335367
11573426
8191496
28705200
29469046
19275045
12594830
28206243
32218487
27199897
23304707
30751789
29876161
24372350
5721976
21715894
25570824
12306806
1199766
43341996
40649226
27668969
5818691
14103597
16921021
17346748
10122072
28201054
41918130
32713709
-220013
29888777
5834629
17492485
37558897
31741896
19685080
8601277
24874799
12793998
21527221
33610673
17085533
16179360
-372360
30553552
242480
8933381
33881251
11616194
8222362
24501593
5501687
1488760
35488707
4491987
17751493
4167877
38624325
33166205
11468755
27354444
31552553
32705193
8655171
26223879
15365780
37836111
4714461
17280102
9906978
24447274
13244601
16393820
3125664
29509787
-451905
35751710
33703176
16590042
19867371
17440619
825675
34189567
38475795
4034004
43237376
12988092
15960536
26075620
1659545
41916587
1573600
38750396
7770495
35988872
26029773
3225476
5339619
24947491
25487666
13374931
19285091
23721732
39444935
18751989
33960419
22971057
2702174
21715219
33496407
36054248
34300412
10237904
7466855
32584957
28259512
1278720
29349002
2161692
24770962
42997963
35918829
41721073
34338299
26447490
7895925
7499992
16929493
7323852
36682342
35153949
10784840
7914715
38100770
38446603
862070
42787418
25675326
33477250
9705166
18103979
7051826
40800228
200629
15419556
8575244
12899205
32997103
30474687
12630928
42367185
35337522
41488251
16420391
6930450
30563394
15945268
35037896
35245408
39284446
40689208
22427138
16068160
36087566
23529396
23533316
16682327
6459831
18374509
23122131
19198579
35439343
19526660
181946
21775513
21555297
31146785
4437013
30361714
31596461
37402551
10047721
20509037
37949014
11075641
33088052
33454136
38226224
32276158
28409385
41570363
38482032
10934449
26594976
36737811
20957394
27941354
43505672
13388214
13549851
43470305
905332
43016592
7842384
35982074
30094539
20258153
31146449
22689447
38476362
39226981
34972507
30696855
21437838
26704146
17932944
19348376
18135701
39102422
10445751
203329
31427461
3578182
25764879
34572021
24952813
4788041
43533322
40184320
39501823
30632661
-82573
27111633
18174943
19405622
15696349
-778085
35975390
42707782
34326344
3655431
1700942
14473760
35952797
29452714
13916095
30229090
37526671
36949250
22450938
26291935
11760470
39086030
12244725
22159326
39489254
26567004
18362665
30006302
2228125
12985870
31794270
9872100
1780667
8296150
26570791
24698686
21076816
21461371
10638534
3132740
22344335
25631060
16043573
30717073
26199552
21712645
14359303
25279668
40476510
11551483
36979941
13444973
16914542
21704949
10244448
18341714
19215284
9094550
24371403
27383787
7178681
41681461
41205804
22928086
17109455
21247695
4676071
16905352
24026523
42686659
251218
4265848
8472138
1877184
560466
16634572
11287182
29390957
4300006
27717760
36370176
30781483
15231738
3072737
17599791
5289681
39925369
17531354
10007676
10262997
28982688
8633510
29860484
20800486
5918920
33019730
34264784
38937029
30022297
9312471
21837942
19107045
11881085
2823685
25462245
5733397
14244007
2490303
41328714
17934833
2275886
43467189
32621010
32972069
-395258
3987285
15303688
14401473
16413255
29683028
22160787
14691062
11480737
3941410
30163906
42094944
33575969
17231438
21907903
12663033
5529762
22122803
35056651
20887147
41007158
9426428
36894642
24445299
20527250
18148757
6268723
23938998
26346484
11062649
13412039
25799473
32438613
32205771
26143972
42071387
1682103
242835
24879079
37987458
7092059
29039864
36351262
34782043
21366814
28554517
7804338
34285649
40468510
2986555
36160598
42966081
42717265
41066898
17855452
18783167
27430026
24090103
22457530
11364016
20115048
27256737
34077133
35573964
20168741
34095576
22983997
10777280
16074854
38949530
14634088
14369940
25163556
34084616
34061250
19111934
34770525
13588188
12151621
29370564
19468614
26483609
23589074
-200806
42828072
40056107
18799753
33791224
7817444
38892033
19455282
30794155
14590385
8216442
35364012
12491930
13362397
29900996
8484707
1152568
41670077
8205531
12342872
36954198
34160895
13383838
2915614
42109014
38767349
2157185
11568101
23548386
25083167
12740494
11087827
21186747
3981998
15659068
14414651
14545771
24331528
42207664
39677378
4179403
4722065
23033230
19419468
23711195
35829343
28277142
4142376
17637698
33823587
37234344
-733155
-915948
18054724
18935655
21649841
33199610
6607099
29959888
18100333
41891503
19923070
39831551
31487812
22007445
18055431
11288748
11871223
34737406
30528800
38839338
34319206
13899562
39554012
3959217
10531897
22253709
26400382
18724564
31877234
16684725
39370514
6825472
26490350
-954359
36737848
11884682
-518253
9532314
27511424
34048804
-518122
38926196
39579645
39200240
10217250
17024195
12959723
18268134
31347837
26436728
26361415
33756028
33228653
13210744
36580706
2516845
37523547
29696975
26554736
25063466
17251771
36527362
26628913
17654542
21430339
27934523
12882441
40402270
24674569
16879979
5552890
8168814
42909096
13641649
26423352
4124557
13198195
21845904
32572409
23044506
12731543
16775027
14192801
14665891
40684690
36619102
36189464
28650628
-477969
14999603
28976129
25073650
32200326
35886012
6457935
24467724
31991838
11830364
18000962
23131140
10151752
35905792
16645320
43309837
3952682
21458325
43245877
32528355
10114325
2244775
6686042
20833220
23016321
14972047
11294942
16761139
5079413
28671620
8265328
1693535
28019990
2107987
22140487
27325523
14818488
8620783
30601652
14448727
42516712
-618016
8464465
33866653
34781721
26553756
20239751
13237807
42654951
35868222
11113031
24023941
23572426
41457583
28942407
11577500
-968687
-313976
37543753
7765610
6642747
2205890
11673163
28939835
34771604
11552654
16658064
38764362
17223970
32906593
38196442
22597572
41824029
32945967
32019838
35352978
13292758
14939291
34310481
41799687
-19634
10617008
28819746
29329451
36863355
28111
15281391
42703992
37272780
14132085
9612847
42382004
1501812
2563923
7677723
23152707
6526863
23835380
37757151
3905261
33368383
41179914
1907001
43090002
3994079
12110574
40456808
22479945
25137768
32201699
28012901
3818711
19793245
27503678
22555566
13527880
35084509
34953422
21068594
21122026
22871490
20493934
43436239
12107646
5791102
29268634
15243611
5207195
9403014
1185374
35514747
32947660
32471621
14729041
16026340
39236681
35553024
24116874
32086744
36963475
17516728
7294246
22634855
15204966
27193634
16626571
27118501
42524307
1393159
20362167
29859234
42588870
25884695
15010707
43309154
30446023
24194075
26345382
34933830
21563321
9199775
9987128
5779122
8750906
39028192
13176048
1062264
23987931
38653834
2137480
13343741
28562905
18615450
15538460
4484042
5718752
1512299
24285618
2083073
16583894
31225126
26904367
24382032
1939478
29970754
38410146
21381993
15398584
15493689
42013266
32620478
32519277
8018973
43512569
41005072
42870268
26055073
38787550
42392074
34650347
36541131
15286295
27072734
34593429
42204917
28192819
4864041
32287353
11223700
10872561
11417644
18293903
3330663
4184038
37753868
10310386
28843172
21927409
19702808
27316452
25216263
1866637
43460439
25621715
42234592
13096831
27137472
25457333
17526248
30892050
18439779
30476383
11836574
1670642
26157800
2966783
3671698
807376
34945460
23690587
28227453
42398796
6309716
31407699
-668910
5782990
38198760
39326815
26001441
26609962
19335215
23811408
31475453
1251850
15227519
37869497
32788444
41757614
29998426
37060080
22559309
42971630
-268021
1908597
5374634
11303509
10683364
32230452
-623940
24330212
27969786
16615341
19251754
14074752
6101383
42878518
3710252
3050495
6801696
8031783
23754549
487045
34550618
40697195
1611968
14340402
16934144
24778849
5139081
41515787
27338580
22320270
19573151
39660087
38149598
38856103
8859549
13877081
14754297
5734174
32439700
29658789
30847424
38029109
35086874
14396728
31329
12222043
36016974
