42935356
39190293
37418320
17246679
-238365
37795297
36190099
24950808
24581869
30778906
26939681
34086309
9675961
31378933
40607670
27551715
12784208
18698601
-724110
15803069
11619041
20165216
12865730
13420123
31980457
30746983
32734665
5848115
17918200
14898112
4260260
41981160
40117250
40307701
39889539
41358606
3362195
26757006
10033765
14277809
31043821
42864280
26757049
31995959
18052927
502553
38257879
8471494
41131426
15213904
14587253
8557434
19797639
9676443
30018019
29735485
35839176
23723047
7992308
42467131
41131795
16228120
4961690
2275792
29976638
33206222
30754550
3950628
19331195
18548376
16601590
13733467
4303906
19204930
14158075
21765624
10341258
2733262
15280185
17905786
34433830
7668465
28723471
11719512
36249128
35533372
11530995
43246635
24327139
34179410
22137328
36618580
8466333
16998834
41668120
2601376
11799784
3101755
23239459
27811345
26652746
40184480
23466067
42523899
28166027
31889303
9974759
18878080
17689491
12197533
22099029
2379161
16963996
36280342
28145921
17210306
16590995
25731269
19831471
15121105
43178310
9761432
38023829
25526102
17931734
1789755
39942794
33995798
3970862
23117696
1152905
30289781
41409184
412110
18753400
21848190
25234235
40384425
10355095
1006506
9180020
6674169
37821592
12322996
30437679
39276810
2157051
9151939
4667002
27220303
17529114
21056203
14261218
41936241
25600108
36932592
30220881
6756587
12435205
15326299
33274453
40401165
497132
41318820
38592335
30576032
25304186
14786877
1717559
5500943
40715772
23186473
39192028
8438882
33804852
41821905
29952011
10448237
28288591
6308146
5088846
1982807
18142011
-730303
37700223
35761767
39597028
15036679
4007971
20375784
9132865
28180875
10251626
32771375
12191600
8200890
8045823
7707837
190985
1553383
6241856
11576269
9887046
36236870
27463772
8496831
36598505
22374353
27591142
28760221
18046428
16298530
36297337
21205330
1275810
8505906
39346561
36548124
35333256
5984210
34649411
14323585
8472380
38702413
22972291
20499389
21486320
32591054
17913882
1532072
30387130
28715135
31224664
29802031
5173771
5933760
14925662
34723927
14439685
28446292
24151452
9337650
42948645
18264163
29713908
30312697
-210385
33352980
14143389
968754
30546773
19087541
15709043
11862767
10445112
42602197
10122829
41824751
42945127
13554159
5263013
39837002
19647420
43283888
14369347
32082176
13603921
27971215
26220948
22782266
1970006
11813524
4727715
19786621
26903431
20772941
25812039
11552663
8676777
3205922
12842144
20321253
41875657
1741210
25055236
18288788
26415672
38166710
2952701
42690338
14851136
6218373
14969173
42386086
4606193
41570784
26773926
3353236
42493620
33159007
40438445
32725435
7331112
7711257
11248230
2758063
12057985
37302384
20309882
25141659
21117244
28659064
14732332
6086583
19960045
36287302
1796364
11722616
31374432
3112401
642520
29913341
27041752
2870606
12111486
7283926
3768829
5565856
13921069
12743944
28836151
42621573
13571241
24343901
31551215
22592305
19988138
26590245
18564763
5703717
37120011
15342099
42382276
5070501
4690347
11296890
22641962
436028
35540391
24143646
36008208
21727217
11690681
8461827
13190695
34175312
22532595
7927103
2320182
19603010
35831545
38034734
36398049
16291045
3097732
3829231
41499550
28819402
16061331
3200384
15271955
21841476
34968376
9764333
40525161
882432
38476197
11690264
20787433
20418184
6905916
27242036
38954072
23878921
35333300
18024327
34060528
4193674
10699529
3509324
-605630
11540057
14924173
41591689
21885727
10101490
39731161
11812800
3325215
42797607
22610765
40177462
35106128
30527623
6629971
24715071
25134539
36011982
14401363
21630621
16033602
37808907
-578429
39601798
8367039
37318138
48530
12928181
1541542
29191991
16696210
1558316
29969782
462646
4627222
32006053
-500409
31508722
9141492
40342235
23697919
29361337
40116705
25187392
10747102
43092582
1817279
31833859
34770199
4234876
-727426
17565305
28174416
14713922
-533655
42463178
26956348
37829740
-231352
29016580
3000932
18851881
33106412
-584254
3849987
5068170
32846944
29452227
7299510
18110773
11353566
22458784
32873867
40610756
37882143
4852088
25527723
11521876
31560434
30664094
32479756
7464463
22345260
18464593
31708764
30257642
31099505
18534955
25461953
3456064
39607188
19564484
36322495
1652100
28993150
35752672
1986979
29456213
21191230
13620594
34742536
40960457
11455581
42989365
5949583
41077873
41888416
9789420
19193497
22882671
28336534
21299639
42135611
41191230
6742994
19743466
18911042
2436368
26816860
11477596
6530046
-997921
5015719
24364332
43447644
4709457
9143517
18431250
10111970
11490972
16030313
5529661
13036956
39534078
-418371
31561380
20681476
142406
3636071
36100522
29619717
21430043
38233447
21848554
6458311
36028727
33057809
5789415
37182565
20797340
40381121
43257942
40043224
33913830
19439247
5170826
32900229
10961784
704444
31555814
13374737
7639415
26638623
23662184
43435302
2970362
15290096
11733530
39449852
27557098
-585866
30545739
29580098
-132471
27202444
19262337
14037774
1275160
8611835
19452240
32069740
25563933
36161156
25807407
39917875
-282261
158833
11963704
29972201
35275311
16948363
38458772
41216494
2829789
23868943
19522536
42948353
13776043
31006501
23230005
2528322
20013682
19628991
40506326
31735179
17503116
20215234
19981250
21252105
4522101
11238270
34284314
40090507
16568889
19705609
15726319
23745299
7681763
3395793
23567150
9210652
42683082
3606980
36353900
34254793
15134947
38327170
5696824
30155149
1295819
20099554
35085459
17897303
35682588
25243831
14609769
25788754
14426688
36272558
24569348
1788324
15523828
8003105
33857571
7299832
23592711
1078948
38990631
26157316
15436979
22853421
8560807
7948082
36047854
1525191
-851203
14088873
13186020
36134804
34065639
30389538
40173312
13097104
4212849
17121384
2966753
10772791
11720558
12396088
8499464
27253675
3559336
29724310
2782865
33921562
34375348
42423936
5855441
32740668
34827073
-103872
16592663
4932552
37341122
3572769
41287319
28044176
29354951
19519664
22218741
39216782
34614197
18054526
2273179
38736898
24465856
3428057
7381300
2042786
34843414
27469240
27086051
33384663
36066114
8032707
7709457
28876589
19493286
25580147
35516332
26022452
7668464
39829058
14129170
33141037
26019660
19238284
13354153
30286066
10336924
43454157
15872088
28288460
16788921
28342425
5379460
17201441
16713432
38874090
28814075
34567620
16738894
20858122
16578426
38988483
10421485
32050963
35977025
19496507
3021752
29145967
20766411
9707850
37804478
26712024
3812465
23466989
32327560
14151860
16591212
16704314
32311326
33271989
20102337
28614412
34153412
37781064
27981027
1631847
13266463
12809991
-57327
34215826
1734056
25607836
24472859
42303471
5392409
43073903
5941204
9100877
9215408
40441624
4963288
19109578
18459306
18796632
2469775
15166849
32715577
37274155
32917617
5524226
40342069
11305539
16289607
27956371
3081524
20047758
32995280
13738300
30836078
31454345
26585913
8184526
32636809
31459329
16274389
2882244
10774842
14168392
31360993
25849032
28135239
20069716
38031226
2467047
27650374
41319394
3074281
28754552
16554148
6223205
11223362
2119932
43005638
27183407
12742184
13773338
4557327
7177107
12728951
28361803
-541564
7772189
40656568
26995284
8350601
28934052
27289711
27199444
40487520
-639741
13985665
29927324
31896371
6221614
35303340
17933412
35503932
17515475
9595116
28401144
1290784
40806549
31951435
35608270
20859612
1145512
8015057
31508709
38104890
37931581
39882959
20337839
24131160
29342551
22913954
7059477
37582933
40859657
6499249
9358564
20210457
992578
7280424
20289233
12285121
27451344
40103558
-745883
7987677
39291966
27681918
6892390
6509493
29227709
41797461
25113604
36215602
24378676
1885444
1339405
23831777
9060577
32969742
21503971
33874685
39418047
22279393
18271376
15513221
23501629
2918087
20108564
29455943
14593521
6525910
39239622
42724422
41714719
32470955
16884185
11324139
14152321
9160943
2683681
36484695
41508458
36086035
30136937
25991193
42517849
599326
34830498
16605553
42190379
26994254
20269172
21989600
6640577
40376226
25930015
40140984
20395661
35881542
42609721
19094769
16506509
23491746
22134467
38285835
25313320
13542848
33274896
5860473
35238216
34207504
42221407
34078793
7634105
18239437
14712232
24700901
24857546
40395454
22260149
36962481
16276802
15224631
27608637
37760193
5449784
3413521
3907502
29444838
3265430
16334586
32328949
39865436
13982124
29340937
38661311
41052617
26069973
10433966
42778749
37214731
23374877
4856115
10244485
15466628
21768485
-329586
12893798
16516432
35686223
137590
21537226
16844393
18609352
10045463
37326402
21177906
37587819
17448071
21583545
5650730
15604237
37211819
10314215
13735620
842981
16449270
20305089
27516225
21291045
8837358
24608130
40477938
9712346
37843825
42683147
28669483
34042242
13525419
25920420
24249260
26872644
5390652
13341516
3920345
11725464
43279381
5471272
40337217
16490454
1075055
42959744
15340209
14484250
12051556
16756179
3095463
8355384
-347503
26932593
38209704
10378114
39766550
1992278
7986740
19324806
24254585
8168612
43390675
27999876
38052282
3328978
35940
28764003
27410305
37193871
24348807
8762770
4392899
11358386
12457439
11180597
12248717
530454
5176891
28757457
35310071
9986253
1993194
35601976
24942510
16198987
33380492
34025291
10923593
21345973
6147272
1669885
27413540
-53999
23219683
15071850
10237408
39998775
35027050
22553909
33915185
16220088
27763471
7171569
11591349
41611310
5076302
24426281
32968707
17541392
18602188
24313223
4795971
36470016
42213857
25594307
7905666
30792159
40959720
39170580
29204078
6698460
25352903
12376084
19814476
18515736
38418993
33850524
26012446
14258592
9173970
17110289
14240023
29888748
-312364
38863096
19829011
-255426
4212501
2934868
11847972
39957797
28358677
24254116
31883927
29745141
18288005
27651116
21561565
645354
28134667
29960838
41160627
28239493
24281888
2318778
17054815
32726014
4488913
7625507
3142347
30731799
17896993
41776610
23220925
36267861
38605578
12733030
1075249
27445385
14130442
30022127
13203403
42035071
38826700
18523928
16455983
37455993
183836
29183900
35944824
12457383
41049525
42702349
5862954
10963788
4598318
24886089
5670087
5352928
34088660
8949077
26770236
7811262
42275788
15171997
31387811
13734235
43162165
6188681
9729737
32236381
234932
19814054
35039478
9097103
11406350
33228039
8127362
34571940
35325593
21744574
17534318
2692684
10209222
2117398
29708725
24947467
36907892
1632421
39641582
42075016
32626753
-666247
38584179
17684809
34690659
36778266
5087578
36272352
17919934
35578631
15044095
25661188
21452533
24049167
23746191
41640659
43476130
25354665
31230520
-876918
10732077
31164430
34773250
16829238
27158905
21680361
-594509
24135572
19960621
31739056
20589013
-48848
23072746
32386132
2561394
40648828
19608222
41955655
14272071
19318845
41123493
31346430
6557867
2323287
-825921
30940239
33941501
5511325
20589138
38086811
39192563
12442537
41129054
15839572
31095067
9164562
10806653
36606101
22283136
6617858
2295308
21696013
18734223
18069730
19611904
16131256
13423069
17292088
27157120
15391483
10101955
42612003
35625518
13491911
8931535
13769213
9268332
5909768
27614316
17970357
-926704
3473494
35602665
11814406
39286183
4742457
20304192
22056803
17215204
37839178
36930544
17477283
41798073
1263912
21169095
33170771
31144702
14799732
5744186
14361384
31267646
21248188
15514461
9124967
25931723
5564218
35776094
25984402
11165869
10494234
42322983
25187779
34305244
21076466
1891080
16815844
-181032
10144852
808492
13422478
9898085
1567244
25146939
7909121
31348152
31073790
28009557
970484
-603006
12111113
16179169
33688655
3972633
19664122
8781913
37816920
31586808
12559172
41948403
30399507
3653272
9574033
4520151
74766
17490510
34507003
18635373
32958110
40923782
36008890
22903950
43349581
4084733
43015798
5454642
15966504
297029
7637607
2087713
25367977
16314180
16971964
37375979
-654512
26367709
6684751
40147316
428896
17792491
22840913
29484337
8087820
41823470
10958614
41720713
26633068
13402176
23931245
19889867
11407664
20952464
30999709
30170166
30047389
544966
31683984
32534475
16522112
37420916
14489850
26801683
38289976
9858984
43314374
26868385
41401065
24320893
12212523
-308938
26110396
13515414
23119874
19051339
28005803
23583406
22145121
23994041
26292132
6070875
31278738
32289452
9021651
28659054
7864776
36541410
12962591
36948756
21868223
12450952
27760148
15729899
15788754
30283193
9609569
31277438
56886
28771761
13677024
32969433
13565799
21490471
31938869
39598992
34752237
9633026
27901672
22733135
1733110
3761920
25076148
28907434
8729431
19461341
4593400
34814249
3566942
37825110
3275784
29746922
25406181
37542143
16317644
20878887
35684915
31226952
12331865
11399863
33908913
17670194
-619452
37138909
838645
5004012
40792513
7483006
1304408
8705625
31380126
6925962
36905130
12938543
6141051
11200230
29064155
3406347
34503706
8601348
42485578
26787504
41469588
23992617
-358059
10661616
34139839
41677906
22847020
20278926
14416744
9364610
-266472
17524015
19484209
34364979
22703425
2881470
31707438
25581765
19346198
43136184
40314117
4216256
903908
30588457
31028559
37554141
4313726
12668739
12596095
1331893
15228786
7081222
29302872
28826938
1249473
39759494
668877
28195645
6623546
5008606
40397769
33190141
10046783
8892777
-830808
40780958
24896404
5888167
27763529
39663571
22203446
19749411
26185736
13288450
29702170
28424869
40378747
19814157
31993275
38436545
27910024
15434131
30111006
42742608
-584042
3775053
25590898
1713126
14294181
21346846
-660254
28823467
21335750
33884292
17425643
5052859
4814301
13952965
29581462
20727478
9569428
27023109
11652121
29066483
16332363
18308344
19289751
79921
22947025
3026929
6919070
34703495
11912953
42995344
37125276
34648446
26981933
1590254
28887155
34503180
17865217
32954751
5755929
3287806
17239696
5775506
1932887
38566062
41064013
15778231
21074965
42050115
32627677
27534016
24574184
35717060
23566260
26433414
2079037
13860783
20068757
34654841
40217641
39473331
16815386
13474343
12041907
6057308
33898075
8347795
41296568
28745467
25940592
996190
5342010
29546012
33056813
32243714
12776886
41059182
8098744
16381208
36709690
23297739
10305948
22223793
12979231
33250905
39693229
9012305
2449755
33745963
38110652
31486229
-278827
12738932
25923091
17656574
16671763
23901734
-944276
18464722
4978549
15624278
5788953
31973675
41576852
23139227
12920762
23835851
26003729
4856114
17658798
25752213
24180047
38103832
31894625
12866235
31813491
41513032
30673521
16863857
38730746
40077536
19448262
43448835
2198427
5827488
20482079
27086321
9859905
6762788
38426364
29949915
26561017
32805986
38117002
5656886
35414346
28967895
5251218
5883728
3253170
29638886
28082950
39144555
22173683
24495767
19892872
35039495
32053935
943645
4989893
28773895
16516949
4794755
13443471
26391544
28032385
27530200
1378811
10505703
34700819
35077928
20417295
10005899
35570055
465867
1436307
32261660
10669860
5125109
20563191
4283516
41317916
15617314
5166992
32642342
9096438
11189918
25886755
26199057
22661185
39733679
35467299
30483473
18602774
31059201
31945549
23606813
15449372
41510324
13636938
24074781
37811022
31934157
22485146
20650753
18280536
9184267
39802693
14214232
26232986
10933388
30677894
21739784
16572966
6211371
10860385
43228890
5830859
34828217
35746280
41766008
38417176
41561320
67639
-849264
4190359
26880681
16871746
29893978
36243388
22727599
36397115
10259271
8812235
7990341
6543773
13762811
31005522
31061229
15714427
670993
2965034
13812085
41326136
23384548
39362108
18133034
23215995
32197347
32906094
21451725
4589045
37332048
36261004
34809901
7303760
13411354
32566361
23507216
17181290
10656843
23293417
31174363
38843329
39307062
17835613
28201382
9913633
32146431
-726748
703588
14276618
-253997
39931881
32084330
28475966
25529233
1594526
28010749
18472827
5513471
35719578
26706463
42225802
34776204
35447755
15001960
7097115
17908609
10609871
19493157
11957383
36780689
2089152
7793420
23460284
34639149
641845
14254531
9924918
26330915
39315859
38739067
31876021
11807220
19463038
25449623
2242734
41102010
42013228
3068479
26750377
32011408
23399128
2506484
8147612
24902378
42151982
683901
17241323
8238214
22024200
34526999
10145779
29079490
23358029
20526585
39791816
10131622
26939778
28148269
7944722
4162677
15554204
5980201
6229260
6378812
25488684
31321491
17466076
31214569
6242939
37999637
7817708
15083098
18895687
16316410
19846827
726570
37746791
1390686
10111685
39842863
27984570
18376277
32422194
6288394
7653792
36238692
11494335
18159302
25613519
9194956
16003134
-737607
39730490
9754842
37645740
16114974
31542586
3568744
38676642
34747337
25644063
17999154
40724116
22079596
17996801
-147024
23626239
41520183
5967085
12594068
4686951
8008550
30306782
22301889
7397307
7540983
35284661
41392639
21073705
4782698
20440030
20096911
24817754
23097256
27069371
26413645
40405277
10682415
18457203
33485552
26762125
3044844
40799659
-322976
35842897
27388719
24108860
25564995
1558642
40516549
6680839
6851466
11168580
29296646
22007302
42946311
19347313
17704256
16856268
41035795
28049518
16710736
12399911
13898959
13839937
7160966
37068162
4320675
27326712
29101174
42498067
27342394
21827070
25383612
38150196
31500238
66584
21410670
-87798
14399807
28384692
5669303
20282630
32457726
42761977
10750117
33352959
16614058
443997
23258349
31526414
21281802
27601036
9923495
19061515
13352290
13829235
42671281
7742766
25508857
2466160
-603456
-515922
22929237
26154728
22825932
10388733
29473330
25987421
23413127
30684274
37511678
7097984
1537698
6705387
507129
33629053
9106561
39148312
12416423
36675896
5981990
17978496
33855698
33699184
15107362
25181892
29025679
29183426
24705256
8797022
15563117
8730468
3408143
19267622
27401359
18077469
41316198
20365313
33034588
24734767
25981434
31930664
8681241
10506465
23165824
27363675
3951963
2572531
16771258
26477017
37238291
18092726
27929878
24720270
3551533
23560654
40015115
36880010
9041631
20609828
28377378
27531651
16166300
9559865
9198673
15146748
5971597
42817207
4612014
41340554
8438650
1158933
8929485
30158307
1336686
17985213
23167276
27206519
38372912
23732055
34434809
43514394
2839599
111984
12976599
15941464
15108058
-678498
34820223
29401200
37186292
6818726
26196823
27668200
40871874
-368967
24346179
22235833
16030512
35882050
42351941
22864693
19014134
21085347
36992542
17917215
342405
21591887
36953118
33468570
3113162
3882607
9714527
29370400
22018145
-314451
14250992
32317257
26049074
14862159
31927273
10526940
11877726
5485511
-695343
21588884
21615930
37685545
12902668
11585326
11377956
43257102
27626142
13168228
36231206
43163649
41979792
10929688
27710623
16596921
33234985
10344524
6678972
25624051
8513386
4031435
30948108
13875556
17909937
34049053
17511260
12576533
16191408
24352601
31283490
16570134
39135575
28540456
8260373
38627286
10462233
521066
23232292
2255101
9090537
9381754
37726452
26242383
17252803
42520348
4764639
20361991
35899022
34205548
15513135
4591594
8026996
4401204
22142053
42475475
30606350
20017085
43510010
38458421
42159342
12479368
11827236
5973422
19738543
12070619
38166658
3451498
28427836
26204772
16151196
21619375
42218382
39202365
30273711
12977288
1306000
2058561
41068051
9562064
22047839
31899539
4126464
24417955
9492326
15016504
27047465
13316129
1427359
28811480
12524345
658783
26772257
18111392
18356957
30893475
9812024
15334203
8448658
36973038
19390577
26956487
13611523
5735192
9095239
3152395
31174107
40842183
10018815
14767728
10876451
14760122
42318660
13138935
37759677
10095772
743843
11908912
38750464
28532575
28160015
40044847
13010769
27759518
17040312
35908382
18928728
10536153
38840817
20852495
8308125
22466983
32039489
15435048
36371089
29779243
26267674
16174736
3686430
-959239
17182381
27620669
36873319
37667182
32961673
4872234
1060063
17648900
2880963
43004895
16534388
9421627
11547492
8357852
7987671
26987158
1099799
32133185
22830313
19327799
21917594
22915150
14901538
2774068
32899954
43530033
9763661
21677871
7046498
22199397
31069986
17465451
7402686
6553165
8575750
26070486
15520173
24218521
17513186
39477406
21177062
9384560
33599732
4083372
27980270
39571585
16925585
4107719
33552999
14131198
11860327
28492020
-174621
5140172
-607387
32217039
34314429
4028022
16032708
42936121
15991478
27432591
28170811
28843341
23674433
4420666
24643234
30190623
37101990
33414076
22739298
25698658
16898888
6202718
10693577
1600667
8601715
4179844
-487246
36759076
-419308
10708025
2298899
11127081
16097056
24924189
29153167
5031222
7373630
17625461
26047047
394531
9520440
4104695
14059167
30553036
34806900
4899153
43229493
36329013
-994975
27469705
8890727
6734645
37782494
4572210
11484537
4918316
31678240
37687063
24868765
22999250
571928
39151780
42726650
12654344
35971422
14078312
26689960
17506912
26681791
39959156
21766046
26917571
43235233
39157800
4690197
16059070
-923881
4087835
7125178
19336150
24131660
13129868
30778194
28216829
4381853
30914630
2390072
4243344
32779947
10621274
42084556
23049311
36773786
34609207
23932271
8925915
16058954
25199747
29551287
23449763
34063373
33415826
23717770
5381273
2224500
746875
-526493
24635319
9390567
36509913
3994468
9105851
40692306
16694695
30737299
16498067
30824279
10770394
12397941
28710897
24439121
6549598
25092264
27072967
28020595
-373179
27592790
7786807
24923153
42096346
9867063
41892925
43309359
16939353
14893421
16248143
31957525
28790539
40889305
16389661
35119590
23213166
12440187
35420738
26496085
24626677
22088501
31503790
28664384
22178666
2642204
3193026
43021337
15357884
29570479
20926071
1564014
39453140
8034161
19562917
2111166
2076206
34144350
93807
42796472
9792793
17579815
15849183
30069818
1421013
41963126
34263181
30299926
27166314
9291997
40096391
34905580
19750594
25135301
33791494
11860372
14555036
24748271
40932326
1447492
38505876
23028721
-687255
27791471
39868082
22403494
12604887
24395049
20282855
38291813
37612161
23858329
28460307
7677741
15631070
22579133
33951343
1549279
