36838734
35500259
33421336
11109260
34179084
10437578
37660456
36482523
26373180
35485075
9316117
9588825
23779525
39032360
2007774
40433966
17478817
40086956
16775079
16071289
12570753
23456021
12620876
43059431
14489885
26906082
13690759
38779541
37164033
24915544
14411665
30418978
22527700
9915698
26872087
15071571
15971176
38657103
24662531
21445686
706306
9207715
13588821
12163528
22479717
13357372
34962099
42153190
1729189
35219439
12599244
30952132
31908450
1060129
35377670
8187724
36187251
-940893
40436394
7512803
21882876
36015544
42074967
13685960
2776425
42507113
14522840
33690990
743422
4448146
14931254
8325713
20050589
6538447
11013759
19539605
29650272
11449229
30309819
6530521
-679856
27105905
16267640
42311410
15048584
25503751
3322251
40846125
34513046
3140441
33594810
6811416
17922204
-143823
25065417
10714156
15172652
28446093
41997812
13140217
8350380
35313656
33161745
39775222
37399793
4180648
20971973
-765201
4324823
42171574
24640488
8268465
22826386
3940172
3841077
15280585
4274265
19781549
37862033
38323832
10248818
1569859
41901214
21525028
8058397
28573352
42381634
39345451
32597253
20370333
12098986
31520324
24228697
27824920
6923122
4534823
42713354
38657527
18334188
2361266
19868575
39641538
37273337
10844535
13874106
20193383
9224307
18851817
35953651
4735064
41567255
2532077
1262675
19534377
14311208
12037250
10038582
26994879
19844852
20064431
41366021
3107979
28204081
10684635
37542440
23429226
9826112
4209691
33075137
28960926
2455325
40296691
34852758
3530283
24228139
6182678
11312280
9728070
14995176
42509841
14497614
6083281
30649956
15398385
11286210
741671
39669949
33303927
31824408
21788097
37922139
2333337
27358647
9236263
28754769
10975773
20251690
31094278
36782251
32737631
30366585
15564306
10144524
27968741
25534898
27698473
42145113
31168752
41460627
8543695
18511225
26980444
25994234
9483008
37281396
31628795
42734279
33342195
10559684
5686783
40585332
22791602
32625595
14289375
35458851
-89366
38344660
1310695
6470779
27014681
33793587
1015626
28989971
10643073
38574542
38151739
37551716
3101472
37778633
36539621
33357945
19540497
36437811
20569356
27851491
22789979
2716478
1917023
11087149
28729935
36114414
21714451
42243551
-703660
5958402
9741348
7678400
1506636
15053702
20701294
22837790
25977442
5871161
12951302
7799156
15268667
21838526
29121356
1821494
15004844
23427490
19921696
29271234
30132092
41622062
25340076
2885509
13683847
41959142
36546128
17921072
22072286
31056816
25037413
1078465
40371228
17591760
14713002
10952886
38748556
29047346
25677616
7159113
20640630
1043506
10360889
9581333
42302703
2907687
24776533
34658273
42268508
11237285
38849617
36545796
4629061
25993340
1450320
23238521
41994362
29951234
31327648
14666438
37384639
11488206
40401091
5155440
1597971
708376
25559532
34149412
32757365
38384631
2630365
-98216
31104558
6291763
13440434
31821627
-128798
32317030
25683529
30345067
21753702
11834053
37274258
12021359
34280890
31844353
2253507
27202967
22181718
21711729
25748490
4454509
16103505
29205892
-67020
13455987
9767288
10329411
32249236
35302691
11409623
43310463
36871382
3533964
29196129
26561981
16989867
23990439
2032013
42621732
36980334
20128832
29545824
5002474
30962514
9406471
3361610
33596674
11295662
13287443
36185741
43209942
-612771
28616371
39075696
8098981
7170485
3669857
33296707
36483290
38744513
36636814
43452933
37959370
25838
34767027
35008260
3415974
7004623
5925659
9851293
13554162
24036966
25095962
32874352
41413709
42602662
42974004
25116801
27363371
29552449
8861612
12471726
19268923
3122039
9722700
21678453
35258388
30775498
20847883
14720283
34196251
23824699
34162972
21185680
34198251
41674219
30627892
19334848
34940415
41507495
34664785
9072150
10681819
31666564
28521582
23765705
38080832
24039143
38125546
15311469
913543
17965814
13406157
31535875
11283744
39633265
2465429
15494035
14496231
4336448
17712605
25249367
36074000
29241152
39444773
14650606
27244930
30668238
4095275
15244712
25623165
20555570
19359017
41388174
1213402
9093378
8182827
29615089
40540576
5666731
20487759
760672
32910390
35419824
39366517
15191435
1016481
14281220
41187863
2448528
8866778
18334391
4544661
32515757
35227988
26269901
1504583
542917
13115730
12629624
34456261
31951331
35754151
25105373
20967441
6371325
20106587
2104175
22503718
41782997
19062093
18387296
22056829
37611813
29692776
29963651
22994590
31320575
33929454
42435882
5356055
20696651
41166409
14276356
24260306
28556795
11732769
35008839
28127151
27199465
18816736
41294550
34030984
17396181
41124639
18617723
23080155
20287404
18399868
5857807
1238374
1226904
3088499
19885985
33919662
19002597
24387243
16092718
3802615
14002736
34114917
38566525
8317642
29203144
42684151
21397566
15531692
39812485
26447957
37855137
40914751
14579692
31141335
11190184
24073611
2415967
42877613
19367146
39353323
6307066
11028416
35163029
40393087
42844633
38120027
2798047
24353526
1490954
6264055
3112560
5362908
26208873
2695370
8077799
38418257
24521481
10518035
42169301
33359789
3703976
11854405
9499228
19719275
11852587
2082721
8419228
42513791
38552743
8911138
13128140
39776569
29897060
39840642
-946826
39980287
40079917
21751126
30037617
7685057
7459904
29492625
5953309
18752661
36804134
40311384
26036711
30926914
4900231
22021912
360902
6741012
21963133
40903403
42128497
1631993
24090718
34829008
32779271
40991177
15838711
381337
40652182
37583482
21899631
16186835
21636326
22740271
38808847
4047207
15914477
3818329
27711071
11993507
953640
38180668
41819239
32175183
33384951
2400889
22200160
16013663
35132576
4127663
20639943
26696429
33126145
24478998
6058967
15981395
33952242
22604351
31945539
2185248
36791189
10608265
19854490
-623350
10922133
35220311
2277930
10074324
15726238
17071763
19870310
29409022
43069608
20925945
7710421
14994189
42124938
31390421
19135775
17638679
27540600
23337172
26872361
3065073
32114586
1094081
30815509
37442932
25365655
39673639
20093151
15092908
32232565
15135386
31772760
10524580
33397553
39677346
19840974
673161
9714387
33163482
1344288
21543165
39742565
24242823
4639734
13681012
33334331
20136963
19010347
14295554
28171549
23960377
17088640
14816643
16804474
7129924
19021247
30943420
43504389
37992937
1087424
4910713
34836738
15434552
31113368
15394631
4785759
27524313
1125746
20102237
36085631
8558034
36193466
15993591
-278020
1244129
38558690
3360845
8605728
36121842
41284181
30110479
14741792
20504362
9800958
784093
41777314
34300187
39789547
1432259
31614716
41342043
20773070
12321473
10201653
26861508
14538238
25452681
30172220
12091393
27174801
27112720
15017684
37423626
-563131
39643612
12553504
23085181
15815930
35783538
32175673
464952
29554274
1629232
40264421
7946569
42996756
9264557
31807729
21301647
3500126
41904256
20288566
24240429
17994825
33241063
20180420
7109711
19477832
33452235
38525334
-745766
30660548
9397289
16597400
43048905
38156570
4154155
13832770
28909080
5265310
4765694
8565082
4307826
24636393
13977113
5134416
5660044
24155
13737713
35192815
34436170
15295225
1578917
13396228
24521813
28922081
33812962
25362774
36734614
33370451
22236864
38249189
15907466
38875473
37314468
39616226
20429294
21630211
29090406
13150829
16997712
26637456
22595845
5187548
41814891
2172491
3582509
27749750
29301557
21281313
6780807
5654802
36370835
5738759
14035113
9870465
16374563
25066768
41329586
14399128
32167622
27202250
33824801
32806868
31528593
8960922
8304951
35598170
28297094
40465580
18019066
52003
17818262
14833838
26799126
12712635
42777439
15045850
2065871
5674453
11029441
23564117
29059096
-894624
14462139
22786887
28284136
43011850
8507965
21924593
26997799
4422103
12084957
37118382
1951593
14021658
38377865
32168629
36862277
763285
16101107
9355610
35173961
-886331
42191951
26900639
-702454
15073684
2187903
31027679
43025547
33439945
32303848
28823975
13898128
24078962
25390755
2984461
28767438
14347257
29899333
41960418
28740050
34968515
20232626
40508108
42718819
29332247
30687427
41681262
4230400
10638724
27874764
22937765
35306272
1376786
31345896
29243707
23470775
31719121
39390834
33797399
13895140
38062246
15455810
34939201
34194615
3166160
34568377
8810600
1224661
4562759
26992481
14582148
7181815
34754919
-904126
36879776
19535077
28682046
9893811
25977366
30543803
28907537
4715017
21365264
22937988
26442127
36341714
387463
30718857
16933223
34646788
22430092
21747070
14312956
5579844
12527370
18186358
4750403
20085594
16704777
41325700
25866859
24088748
14995423
40429054
28935587
8524407
32540211
30667686
7041441
3042598
12136745
2182818
25977883
1019059
11935023
2652300
37683170
1972747
5443865
-908496
38962875
2414868
3174339
32569453
40150186
11898159
16085973
42554726
13134841
40659953
15036972
35677410
25947452
10913662
21783312
20123781
-506078
4519233
602147
23191789
8209123
7527191
18043950
34361959
32372910
2490370
17792066
36651709
21370263
18829449
17580200
2599365
38095906
21918121
-123887
29593115
32665434
7069652
20289372
15315616
20176805
37330028
10084604
4108061
28980387
40472875
9790996
24278051
29739981
26803999
40259846
2383171
4678292
26246269
1117449
41416732
39171511
22920086
26603
33634742
3810479
1805493
20690901
-393028
-532540
8876441
57019
13136959
31065222
5014627
42849593
1871852
18972453
31622490
38687657
7795309
9820499
22828415
108366
27265448
5059064
14006994
4798914
36091670
37294481
27237497
28425706
4071849
17008178
1404181
20612834
41933158
4116460
7478206
12712058
2928165
27728791
34775610
27441505
37273755
5518423
29565137
-85761
-781920
5840126
22735143
30529651
5558173
20661492
10938739
35725279
21388469
12638561
42106826
16492354
14536443
23925954
32948209
24497890
38955332
34112248
324823
18888910
40102632
40243750
23723822
19634744
16669175
28936896
3505752
29303634
36968784
31470195
38051723
21876946
21973723
35086746
25352546
37264618
38209036
32994212
36270420
37150794
34085638
10286363
35124315
36082815
10589798
3168682
41442885
25773988
13707381
33074447
9091340
8563574
26781040
25362492
7081012
26019216
24787410
30270703
12210245
27000800
13162357
10717677
11582069
1010504
38536837
14562430
24192444
10713845
35815916
6443884
8939709
8191607
10318260
25111656
6944253
43032563
19890006
21694043
14902344
37779332
11298879
14584552
4214686
9384653
14499091
11615939
17649233
24304076
43046717
3408585
740101
34992320
23635818
30087613
42317130
18128529
21320617
12039722
34868773
12739951
15680300
31609942
18408019
19497409
31997798
17390184
4616379
26027495
4598186
37080458
25298725
10647217
2858485
39424360
3646822
15948213
29978331
33501659
-503892
29673123
20817118
28737608
2114362
16601141
9005733
11954821
32155272
43438422
22566671
23461841
33787244
33002545
39587731
16489392
3347207
7745742
39526458
2037863
17188964
16508106
18093319
42902953
5292138
26163790
20086722
31500511
21819882
-507481
11143976
12558498
14721351
41983574
11727943
2766927
28713269
39033393
24412145
28693866
13749970
34027898
10486501
21177171
3684226
18612109
33017572
18546275
13861209
3656312
9593884
9217631
40599189
5220806
29830956
23575667
18566944
34483011
40616248
41085707
34988524
33614705
2067540
13185401
-900076
30433910
5692217
2837176
32219875
33777651
40947346
7720256
5893434
39285526
5415603
26841097
37245580
28122178
28974040
38525433
23141654
5164638
-958104
13736411
3713392
25641503
21134631
34723917
12896220
19715603
9352909
39577774
13198103
3960102
7846836
9318870
12626488
19018768
17125553
39246114
25748933
43384465
24260907
1543094
14776678
13332161
29807305
35925063
42302782
42604024
39754099
26179355
-247503
8037747
15550949
7562829
41875374
23015017
27174520
10270735
20591294
4094811
903721
16621885
39396483
33634591
38646105
43366898
10659766
6714558
16402797
3982126
34288569
41664671
20949717
32658870
27483480
695537
30532970
7724075
11426973
36829686
42329964
18996779
8571504
14126715
-880093
13668944
34795974
20250842
9127968
10140514
38806136
7933188
32727333
35199933
39454724
24736951
30513487
9343407
34615865
15962925
30787247
3529393
23069715
17920018
29494553
27191922
16440627
16386993
38348113
29583154
35248119
3746705
40319935
8149480
20168613
36439908
21433907
11823180
17192126
2036893
27539124
16876425
-428275
6342120
18334444
19619696
31692130
42013954
23620567
26662906
14074638
28161633
12314610
2823762
14810831
28600122
-116792
33489866
13662579
4918805
167902
1515612
30625564
13311217
6958072
31435205
-75266
35119011
29545414
13080434
5093565
22991668
31999134
24479744
12545166
23269585
8753538
29299249
11244784
1348187
22358025
6651695
24251655
3892057
27321815
3047671
6478222
9405728
2663562
37974924
37621686
30083917
39151926
40485269
30154145
42489396
-527918
25959804
39852199
12777705
6179898
24604588
25783115
33291608
1340094
42464606
31205468
2709094
25649681
34984089
7674336
19914515
37762400
42093915
21964158
34896176
35121549
17504450
9129385
2443975
14170575
15623225
22783236
20499019
4470757
17726755
37722813
33463064
9666529
4872906
-774554
30026546
17390518
5021817
22322998
19280060
35518302
9694224
37320463
23766182
10063079
26229557
7480390
-352584
20248240
34587413
2279482
19777337
36833787
30629650
30114906
14954347
21427458
28876078
1481244
9664745
781157
30338775
12801010
4712962
37907097
-403741
38745020
35216538
11688267
14206642
35698644
25053478
21603677
26561929
7751566
29698919
22714179
18453808
5697325
12324664
30959299
34998386
22607305
36955744
39105985
29525472
19648734
1543060
13694215
35296838
6001677
6174724
26500052
21161477
25806627
37691782
15841989
25558178
36089286
3760133
3075607
24262968
31729732
9533794
37696903
22593962
17762326
34732553
208400
4119693
24081440
24935012
20481605
156308
18201167
36486801
13260583
4077482
9755856
30549784
26663079
11986588
31306290
42989570
5890507
25231725
22799440
3166727
23747585
5668512
4094060
28878164
30832396
1879622
5094724
41479848
14291370
17609031
18051496
42220325
38184789
30183705
7835701
17098604
16738082
28119404
39299256
3803850
1060861
40859800
-949984
4917657
42494492
43359829
40770692
21931189
4940571
830850
42483121
25319645
5995363
21698499
11437560
11551092
2743825
6980656
23543760
-284420
4670790
21280232
22298670
40662051
31207499
20566350
37495869
17586357
27407864
24864643
12589703
28805585
38446896
-838610
18863120
19419736
26125422
9702714
21148432
17251028
26400593
10231861
39285936
6290959
34845355
31448946
21665588
43335069
28144708
29685247
15461434
36706565
37119111
32267727
2449927
2911135
37862363
3549741
24492479
15393921
39762396
20509863
4612358
35545011
3507430
15953371
38347912
2368287
37665448
20415788
3977438
10734461
27133221
866452
37170843
3962903
1163121
28101373
4095978
23195880
1213894
7238635
8064731
18634211
15544658
38348618
30948545
23860396
33137184
43172907
17256702
14641189
8497235
3320231
10492055
35825609
15250623
12362104
42163700
40169381
43114900
6347861
39180357
12408300
3172682
33679682
34812146
24979029
25107871
19008361
7410553
2380257
31642066
31107141
21182745
30142976
19644152
839308
30367992
26977360
40602716
9323378
15849401
5984838
37588127
37453543
7956964
11450905
29646655
13019754
6199192
2993540
-480671
24479795
40987594
12357450
15018896
10314851
39027044
22061303
18894798
23038996
17776004
32215724
17222396
11074987
24907998
16498977
37577358
-93377
37854627
870283
7978537
26137596
37463031
1410473
6564992
13225075
36606823
6075840
16958214
12627089
27512818
22131014
8329466
8501498
7941870
16620492
12337758
8549923
31930743
14522051
32125654
39408735
15267831
3289756
30252283
25761003
22561593
3403976
28982519
19944914
38295089
22107342
31582187
6418741
2491842
37223781
4166233
10588037
27624056
22862976
16519595
26612945
32124595
33943107
1607886
16035563
29971345
9196903
11578079
21790887
41053635
13675848
30226269
17436360
23939249
13766352
3824634
2450837
32611910
35150974
28392897
9268461
29609132
5318674
5868127
19599635
11846193
14412098
15895658
39708594
29253847
39362955
29786967
39770301
14884225
3264572
5413121
29357559
8125972
33013909
6883049
31576284
20216180
5301413
14401079
20952731
7617383
17900966
15416777
11740826
24581949
29588365
31408290
20817863
10337447
6485390
35925974
14069069
-384274
24943042
26214303
27122659
6021025
28689153
1031493
16683892
15962473
40950232
15903104
4903332
17174473
27454541
24337897
15800628
16147147
29979662
41138830
25549439
34319297
1978772
250256
19062923
38266606
42034872
18408392
10778846
747252
27321476
25905405
34800141
23227499
19577726
13106240
30431266
36807961
32548146
22344933
37702244
33400777
26342610
4673171
15014763
26061683
14588187
20063064
25516890
34244445
38819312
8969478
18720089
3887780
18218104
22337792
24734249
32129236
-230543
36137084
40930385
15503790
34051636
19814901
8992279
6854717
1708918
7210491
25044909
3638944
12417960
15183183
38364015
2365585
36889540
20925206
27639057
26464222
29082928
724949
42359619
6409927
5400742
25714241
8719973
132393
25960774
9045358
12549546
28965503
1658157
18748762
1516239
17917360
10708610
29611518
1903795
22222737
10055980
26027306
12194013
30351096
4371441
-274181
21723733
18098119
22676736
13239484
35863457
7665492
25756040
30895181
25465327
7152349
27161975
20311206
32278903
21229697
18310840
28819374
5053008
35415225
27856264
2921862
28628625
42572026
36337093
36220469
7459776
17447810
10002667
40808172
10828678
43286887
14054170
38985146
39439155
-976205
21983191
41291625
40416291
7051856
38755573
28117330
23364950
6206633
1732539
34796196
29386516
21916874
4658962
35014240
9793406
18915639
40072610
33465115
27159534
3039412
9506001
33197064
6914403
24664512
17639141
21584007
14271471
38255250
28160372
40779811
20676305
33716835
9409553
14904439
8579918
15476435
12918743
15709926
2678084
253802
25647839
23551314
24783251
-209334
43168818
4022699
30589504
11348217
10112903
29374231
38737563
13490556
38339574
28616017
18718429
32093142
20307709
12642246
23574146
35877139
9627728
16199240
40821219
29622255
18231338
17114556
31360495
39733252
10896349
13190776
9212441
2896361
16355799
33204664
8962494
32034558
34998727
20504908
37764407
13375762
24976388
15188257
36884534
13511320
25552377
12773105
19021516
16654684
15423591
13448575
15573743
7924549
6919852
42612813
826729
42547406
22580915
2857715
42258062
16035366
37626730
13278739
33226829
20719708
26382652
29249647
14258882
39424885
18571582
2289435
25807571
32977333
31517013
17131682
21699684
22147007
19667413
-785182
16275122
15613408
8021149
2595329
19736600
9764819
28191091
12848602
10125793
289724
24711251
7172887
29646816
39368638
34337372
15930527
30793124
20883691
7097098
10093490
11985043
3219962
8853856
17831275
290929
7881358
24937309
18785465
31177847
34504609
8514130
7209240
7448991
13992734
23432362
41839196
36475119
27016173
25016719
-144825
26415816
2012821
4201034
32141808
29061957
43521169
10606322
1467497
23356100
7719287
28004229
24807643
-532549
25166502
9416104
6732618
13413019
5711032
29350840
127409
18305905
36148502
18901603
19219449
32407995
33951317
20313180
26671019
213415
28425675
22098001
10774587
27761741
31764209
25803956
22870840
35461911
25314883
30576233
41873210
25724506
25370486
23838693
42083272
30003924
9857869
42138509
20546057
42968790
11132108
21311081
25598126
9562983
25025224
5306891
27275987
31307692
10267000
-518411
23620532
26507693
3077521
38770261
2322585
22898636
3364370
8843493
8149632
16040529
32411058
34244103
40468979
37642882
3656956
14430012
6263341
40810720
12574040
40553040
19834469
41114635
24718114
-439359
35339007
22269440
13956117
40829396
40294541
2618117
4037242
27164992
9409269
30709698
33716158
40321846
10752107
20074677
42709408
29038925
31373944
27837569
24036131
13335505
13015833
35294138
15012775
9942728
42885272
18694191
5606385
23741853
18409182
22425261
6652612
36863712
33913884
5026774
22230395
9477063
20788328
21170431
2222437
27580184
13000560
4159942
36678557
15255837
23785530
33850225
6984292
22474043
22221428
7948404
-461745
34450342
33063542
21100422
695623
9228017
7116748
8972062
24516782
27097223
25103129
22493448
21293493
40173739
39649260
19048734
23118831
39099576
23588030
7394333
7498008
18090067
16580288
31083177
40042030
19765253
21607075
13285269
33662556
8859854
35386458
17215368
21967679
38217675
35935012
21767172
15097081
18119563
8861456
-889360
-487
27053113
20152262
22766086
34943795
40486792
41095668
30556781
40113208
31224472
19105249
11885564
20605563
34627221
28413021
13537951
2189850
33717812
13723678
9597274
11250553
28355313
-31248
8410689
36034624
35572799
23164444
18289779
12952639
4244964
24670503
34763112
1067569
19294801
10688899
17123515
6691279
22700655
3942019
26023374
18781306
32206546
12825229
36224202
28244885
16772538
14122726
27804568
35566294
3539332
12065754
19947308
10111038
21208230
9053893
13534067
-602321
13557003
5940098
27776911
34173906
28921062
26390033
17240799
30570393
16520811
38795770
2307322
36987089
14188169
35657159
38216173
39600358
16520441
7959284
2566614
42498863
40468085
26450052
719115
22664542
36685945
37017364
7740686
30404923
13496833
5501876
-78034
41361415
5491403
16975777
1647192
5441483
-92502
7821848
38210063
37324188
20712407
34126597
40816221
27813524
25407258
29577754
17179625
29392371
12275949
32734700
13214680
20582210
26570210
19206942
8155971
21191325
6222788
3499236
20346641
685743
37970313
36957032
4844874
21280832
32171129
20516986
40994555
37369463
31043592
874365
42383174
30197608
4541720
9377162
33970149
16540359
35593439
42065921
4377817
33775444
5435323
40567178
14460341
8232196
16360307
3983103
17214412
16693723
41909282
10993632
35087080
37325574
9092522
43408779
18493323
2551032
42670771
12983583
17263803
13855018
39978368
42422311
8949316
27331845
26858991
12281484
24042124
7387717
25439774
29885569
5372654
13915742
32006606
17676889
17218491
19482629
28023854
824051
36664709
26307874
1545026
16107813
42554316
14702959
2727588
24878780
30256618
12816677
10610228
38218101
25154556
36977041
16690691
40735968
31708376
