3182066
26252988
18391627
36739644
12277916
10123139
5810461
11769214
-941719
35024343
18404381
19182869
36753512
29139846
39455722
5886874
-287313
42627017
25574881
7400248
31147969
964645
32848181
24953562
22543031
12928373
38447006
27539306
13926018
22069510
33471244
27826523
32725081
21664961
36570397
10364729
23083631
27079187
42382420
25951315
9289118
39914865
32179756
37212238
1357426
33152465
39921642
32440461
23051817
29577078
7201092
29702617
5654697
1937499
8665280
31107533
11163674
42675489
28951842
24452336
6510883
33995874
39707640
7086714
18316929
29995807
23968175
41902237
25658470
25339541
42432547
11089018
12676202
4234977
7025648
11736506
6690350
9883670
8982275
40714897
40240067
7073899
9524255
17787018
11374094
236552
5364095
26628269
30685226
8432685
22773005
9396872
19966676
25941941
22061937
13424857
20074624
10421213
9881019
40582061
43413038
18067141
6995882
2941214
2635424
10201968
26980951
-7709
25819201
38534011
304222
349032
12534840
32187535
39323094
34894893
35327378
1103078
39555498
21338131
40418377
21427319
9804151
34799280
17463176
33102537
9596376
4179489
19406411
38849555
1710961
23923240
16919558
15025347
9148834
3337758
34870871
15071821
23215557
14723473
8605064
19489755
29500529
13623880
25779200
8189006
6347458
36200470
28640352
6505618
41970406
20589172
30155299
32240316
43126863
41168680
37926224
300080
36370458
1668539
32169533
13416394
3394408
35403107
1932480
12402817
3349187
20767411
6172836
29691057
14314919
32203505
15302683
19729150
27084106
18081143
15101028
25801118
43500160
38517808
32629393
-944071
5099214
11379516
17265956
943864
21553170
13298749
35004078
7001902
4447506
28805152
30611524
40565533
1797888
24715750
26785709
32382154
16582851
7488759
-942754
-145667
19434344
6768118
4603324
42711077
17972811
1176025
19543722
7864460
8879948
20289795
13518284
3774153
12480129
33017815
26086821
39344242
14150680
13488931
16701715
37580912
15396522
26937120
39627697
12923843
28341960
36610750
14727880
20756933
21508434
3508721
34403689
18883472
-337471
38385738
11067525
650132
28676692
20307339
42995004
30459247
39192229
38274287
35835241
8269920
11292857
601499
812421
10282182
7019110
8304291
42208197
13466338
39081802
15478738
27297888
25421556
23657686
27152052
2454229
20459312
42848050
1628641
37487062
13979188
24639854
38320313
35302715
5063011
36742510
4479369
18952000
17206629
21489682
25935553
19131483
27923794
25085193
6315471
10593936
31395179
19549745
8116364
25585509
12835221
36635220
19683629
22711068
42868554
21171747
26688475
33560242
28455293
10857228
31429992
15830267
25501132
22056166
13095264
28938352
10825398
35685943
37579797
11747108
38282785
28320584
3253964
6317468
31385128
5154005
11730662
23791675
-583904
7150685
31290068
1713064
13376142
13867716
10294528
27119657
-139642
25540982
36501497
33329709
25523329
15110532
13859633
18070680
28262065
11840018
32085391
16203256
37162706
42913311
14384417
31110134
38647657
6731160
8735713
42236796
10969996
20776974
42851931
3863260
35500276
23058723
42066956
20162081
38613913
11989542
43476601
5211176
35890105
16090061
41906034
30412283
4597931
17108807
40111183
40433574
32902309
33890950
9961976
3484342
13722002
15000334
42785318
13112661
19645881
9321704
32143480
40210159
5397254
-471377
21555429
21477620
24595806
8660907
8353954
6080687
5008030
14978660
11020310
11896884
4382863
20628661
23402744
30652855
42926671
14979111
28930164
15524679
30297286
5214896
22004811
36961750
-862633
17598052
33917742
14327092
10870407
10185085
14654769
2539327
4813340
11476415
11853852
431669
18935259
11232341
13491848
10377043
14327573
12196628
36382210
42440225
6200010
14029209
20141708
18204453
20998613
10792172
15067823
21235844
42841166
24053164
36550314
19928057
35924667
-313690
20196606
12776300
38993040
34309504
40686826
12716857
32904998
31297873
26785444
12301821
15797508
30817593
38099663
33899399
15308084
28809200
20130718
24363244
25530022
23821666
370676
17280042
31398322
33539840
34257575
19847204
2360808
41809903
19232561
40327099
20569200
4075389
1211800
33815116
38542283
38770419
2632075
21022763
6033532
9502209
32257598
11320235
12525647
14083038
21507336
23725899
30806255
29739279
27428682
16723382
24490107
-414486
24959476
47863
26241256
2594969
3147341
33837061
25632154
17469544
29801267
28948009
2440565
17201083
3945692
29873492
1145009
13591101
12649405
6118889
25000112
1103181
24944247
28478021
264285
17066202
12296468
1700880
38640669
23798152
23633362
39778636
41098269
40491848
14906343
2814300
3263814
40113196
21642659
42042894
38092283
28467972
28719373
8110158
5468064
6308122
21898156
38163656
12961955
33642108
26947505
13759963
4102988
3261994
39295406
19303061
7992595
18937761
41813278
7642757
31612309
63468
22443458
27031883
12418120
1787184
8654499
24365397
34733778
37016027
4221553
10380355
22488606
15902623
29691190
13130336
22994508
28872777
16975482
20085821
32695326
4240415
38569407
35306928
38305768
34310821
37794403
25771284
23519792
42199986
14237715
17378639
34088907
42326266
43344462
7491226
32603212
34715095
39456611
21819687
21923819
30225911
6632492
9029465
9232564
23047190
32371147
28907654
11750646
4962976
14136306
16675928
8282078
3102969
28985517
31099658
37458174
30911023
30506212
7725242
16884819
24952953
25079608
17773580
7693155
2726963
17113473
42841395
7001454
18219477
8713792
9201499
-446942
42261380
15363952
39759815
36824823
18241821
320429
23467222
18782011
16761057
13037272
1041223
24914854
20228490
35770554
3894386
25751778
13177117
33678216
34980715
21364732
19295724
19506928
42833329
42243937
2845733
31245215
16485216
12402151
15967565
1262224
2174583
9248225
28077229
16177240
24235121
29165355
21729824
33438088
196751
21695092
29954827
2301077
17369017
9162681
4874022
-712615
22835626
28134375
7478185
40577495
36211220
3557974
40096474
4470404
36920968
33390479
20517469
41630543
30622075
7357469
24758482
38295490
34444835
21857810
9315000
42705352
30732110
39138773
2747158
38213023
1199770
36842657
31066440
28603962
1532242
8397230
24169082
11424307
10626345
34345009
27448522
21927306
7256697
10723541
32620621
2263805
20738793
13207911
2797874
26592115
30189661
5159905
17458234
36387531
21455706
39999463
10794429
20298576
10975404
30020086
33582712
7122418
6275627
4768059
24237838
20570335
18295698
9682354
18190689
28983822
30444437
40200578
23178372
15743109
3384629
20757139
19293498
34560007
9608679
41438146
34659159
13624410
36347704
16573047
5293932
16915239
9003282
15524578
1945639
-439178
-693206
3869134
30561801
20235696
42329743
28942399
7768190
29332260
17138644
5220980
-803741
21232139
31663552
29169421
5382313
32905038
14475005
7458851
9763676
5062946
22722693
29240103
16243271
6632171
32753384
9730841
8814827
31958247
30023471
6864015
5579372
13566716
16072686
26783828
37204010
28366718
37037564
9236918
17107256
30509860
3083994
5521293
25683690
26866615
8044451
30313925
8201283
7163682
3246195
17025003
19571868
11947415
35893956
4518182
2038232
42240626
37296685
41881622
42913901
11533296
35180007
28671746
32488855
25870001
39542439
30472488
-535943
19265492
33448116
16787000
30430659
32070899
13787084
12304787
2170206
19385149
24011401
39376461
11859600
10590363
42103803
503723
8699105
35120473
24068190
9472712
5640368
24156830
16235190
11236768
26870455
38078436
14279146
29250107
38015342
5999864
41073350
31963792
24274450
22224777
11354229
36661378
39056651
28842106
31479420
39626865
9141649
42542929
17364291
34748427
30264123
7057354
19640784
24939268
26245649
41750923
17760160
33892635
18402369
21848986
25464292
25063232
40772025
16639631
38344386
7275027
13137143
6129614
31807713
16140001
40357208
30870882
4573855
31928539
10404762
10822561
43520561
32644048
22777248
35494138
38616079
33352240
11817493
24594537
24133191
28702728
7676471
37335672
4616571
10880294
6266525
6537304
27293849
24282702
30855739
392239
32476505
33688004
12746102
34455411
27829401
6477460
6384467
13362187
16906864
31518296
36730286
38531946
27640823
25187013
32981734
2725253
25630899
39309998
1591460
-949976
11008504
18275709
40713754
18521276
6480418
14812873
31736776
14298593
35519678
26903419
37674677
16542348
15708830
14244013
22072208
29806743
37609110
212456
33444823
25931978
11185145
4662749
29495250
3785817
18238081
33292854
36972103
28511029
24582497
19644603
26676786
22812174
41542785
36645726
1370780
5375559
36674275
27821606
4977577
17147212
42596919
29068684
22672653
12019078
40527251
861480
21511561
37068368
5455546
17836659
2547131
-487522
10630050
20526984
2342237
2636399
8810696
9555412
29486149
7176453
17515806
6402892
40382590
40326175
30639461
15265366
31914052
-442651
5802993
20439622
5494859
25648612
8073254
13161538
23157089
1788048
13452308
846537
7298019
42299263
32436793
21809125
28998399
39398863
23110931
24654086
6204665
25785854
33035334
41259081
409686
-181828
1280409
4959329
33920459
19170585
37412515
17235522
17871902
11313695
7720208
32397273
5150213
25406331
-461809
5415300
12709186
5803122
24549417
36952874
5565444
34595761
41679558
28736249
37006674
33370975
12316304
28736339
30573897
31460642
9328841
7627060
37018875
32248130
20857674
26858149
6770589
36923512
17140996
30868183
43447626
104597
20018195
13022507
23317635
29753254
4011
7423204
37018777
26973382
19237467
39255274
1556855
28266278
27896757
38219129
33046330
41940044
24666179
11452875
-834068
2830027
27600829
37022967
24586389
32488174
36358345
11989383
14762438
41491064
3178916
-751394
38353487
17527948
9558310
9456197
10357986
18198950
27478111
14616592
25135096
41935156
3814400
4570469
4288635
36667345
30056620
33540973
13802397
29466433
17539404
4969916
23908769
23770485
32767903
13105765
30864480
37816262
1006887
34870689
3280307
39472334
-219639
15994536
36569583
9102050
30080166
2129202
34978174
35759239
27890578
27414538
11195331
34796237
23804428
28862723
10368000
34091002
34409217
32367670
15233747
14006716
13774800
36798918
19009511
25064647
11387792
12292823
39796441
-4064
23182215
22118251
15813416
15054816
35560522
18010960
40751187
17440661
36666640
38727578
37138809
39919531
6081637
38071925
14813407
14202201
30472787
12467355
15272251
33146941
30904565
39415544
38073294
4369162
31226279
41233601
41292903
11563841
27245312
38978449
21221871
37165219
42974800
16683023
3596296
39264769
43039154
19432976
24760935
10986441
29797359
42613352
30178651
38150450
331952
13036226
22212386
39220800
11905468
30795501
26141335
8831180
32964420
25101788
24950631
19689528
-447328
6424743
26178155
-996799
40400365
9828016
20795878
37607076
34080090
6202241
20370530
9935741
14252732
24933649
37284851
1620756
2543981
42205804
33246714
27423870
35968425
37167517
38959185
37531839
19120487
18958531
13554946
-854076
29462527
282559
17026387
25228406
32837169
34283720
-729862
32600169
2945638
9027461
6565913
11204839
23960051
9088273
13239215
787978
31956340
4564547
41960500
30667190
30820942
14765032
25078929
14978776
9166471
40053945
12491077
26755785
24307165
9164986
20960975
32478961
12621828
8623192
4802123
9683092
15711049
22265251
34057158
13148033
1495671
5313071
30724663
29773944
30057481
31192923
16801268
14668629
25038848
23282623
23014583
40600792
25300617
8617426
38144631
15991289
22714139
33394572
29940962
16978690
24063730
6366571
9238296
16914661
13444394
35145462
32365611
26696316
25571855
14060765
28173365
2375679
14832382
39539744
-553193
3085268
6991744
13547945
8725499
7538971
38999137
43478401
19320462
9806655
22976633
35791287
18512440
10391517
33979046
7373785
1118562
4171448
20739672
15664337
24884553
20661259
1892643
11186157
5144614
27056681
41059387
6892881
2659789
3428809
29736330
28322838
25203424
17041470
35481036
4838860
17327036
35988713
32644745
15787129
4534046
20677556
9792570
34389827
32945645
20566310
28468257
25289528
27232479
33615730
1058884
32697389
17292918
40083686
18843021
12451508
41678535
14016228
17243000
8465311
9499627
19103469
36149218
38504761
28817952
22577324
28235548
43397380
40959023
26905407
27005083
8020063
39402810
17844719
2883443
31087930
16736552
32746189
33958594
22834527
24011582
5225676
15113555
5961593
11152791
5298793
27060213
15059885
38589168
8814458
13948185
16649399
42093931
42374535
31979853
29992638
3406604
161429
34719726
42332777
22596474
25303176
16211868
38890106
9492976
10851002
30923290
25790548
1201495
7309505
15910151
24362682
33458085
42686500
23362105
21190079
20386634
15068456
9492634
1889798
17528555
7366337
42577253
10686906
42140673
2205060
2920875
41810678
23324672
4822814
15467013
2550605
8369508
3041160
12867667
35125142
31505107
31524562
42229755
24635651
13587775
22148084
26857501
33837990
34588950
4020241
121063
13008888
43442455
12588673
20608282
28203983
39730175
5458150
36223793
31092468
34635736
1976708
31839893
29429534
11209978
28237791
16383314
20366135
27675427
38539130
8392227
1172121
32969262
20946690
18759833
12897913
34112823
24271751
2123285
35456894
18440790
12073956
22852349
22632413
609772
1160412
38562477
34966495
12365588
43234150
34290041
26268263
34395185
35309811
13416536
36691006
3158914
7148239
34974989
24699872
13396869
22313048
8139606
7264932
553654
4169203
38426598
11432511
29918047
27151081
43393813
8749987
39276677
22866284
37903320
7093961
1117030
24499085
34356744
22796803
31138743
13953361
8507086
18360640
21477620
1470237
41444627
4157407
7431243
26271814
26469466
25289075
4850952
28113729
35986970
9051313
12875312
35752534
19629931
30301921
36416279
37733838
20709961
562070
9455723
42992249
23045081
1883224
12964510
18959747
42164727
40194073
1987317
1630383
38501479
38015074
37109279
42736980
21996830
27861348
41337280
1170467
27161833
42742477
23021137
11664293
30176332
15264598
252697
31880097
19557854
33500665
42920618
24063583
16992452
29238405
11260013
30320395
40250689
831043
17717629
37728906
39414664
4795508
1829010
30173524
26781412
26926544
12202455
22900572
928452
42264706
24997716
13209154
24162853
40339994
10446061
1974191
23830218
31964356
27837662
29106680
39669398
7374831
8335010
33337282
7358708
17435702
28392296
4001613
36226394
20959169
38098185
33814561
30006825
14672387
8047612
2123601
714041
-399641
32083977
40917192
37440095
16170865
19818638
4417765
9182637
25047504
41807833
18921677
3847814
17617623
21483462
22910117
7198131
13079091
20754407
10332334
24084755
2361985
14539932
34596998
7808989
26561210
30283882
32457073
-492792
16793909
12521764
8466732
8866887
10898009
21911009
21823438
20681399
29812014
23420486
25390393
41255565
40948287
4564726
19550336
32726509
22541893
29594897
23880026
32398676
13859616
34143430
23286990
28426679
31697732
13590096
3813089
2122873
22133155
36957358
26656911
39359745
36779523
37258315
16544673
25378693
33445332
18331475
12964328
24739164
42920746
20775730
35362991
25467122
1543976
35275514
6890494
10140401
32616883
23127544
4397706
17286045
34281234
10646036
16552737
23593890
10837774
38156549
34984189
27629447
22024393
4669062
42084840
39634361
2318584
42955714
17458528
3387962
11477107
26338957
2743407
32404579
3482717
42178848
24029181
9689255
22788168
40529773
17819782
11299688
3159004
16728123
7652764
2088639
20768150
14873843
705748
38941571
20115847
9701731
30818616
6060856
2723617
31239771
33042744
8271607
34391233
22236941
29133932
8445212
12915210
22715627
43341371
29470285
33147592
26887097
26192655
12039735
38042487
27237191
5367111
9803355
21409290
-22291
35438351
3089577
29265145
15043043
30975014
-699388
909840
25226366
21699674
4836274
24709598
2942121
17093089
36902886
-629989
3754548
34327522
7388111
31072480
10666682
42852649
19924654
34070514
11535841
6372824
10241822
28046925
19994432
31902381
5836849
38397562
41071317
39822954
26294533
8785526
34125798
9810713
31791699
35764931
9995534
17733181
5336850
38242852
23104092
37762734
42484226
14013412
3667632
19214014
32321237
38738039
37918418
2999493
37357951
32810712
32614949
12946986
42518140
13583920
5694175
12554418
21795835
36352927
17092431
35684495
14722441
14125336
39859090
10307068
16863490
8173362
727801
11128183
13170409
4490268
10183943
23391175
1851584
12770282
43074314
19372242
15193550
16371514
24976448
5551577
37177838
26904812
41620932
39784867
36970152
19800227
21284208
22289108
23726879
19226375
6232605
2886940
42905055
34321730
8534825
11072749
38885756
35605429
36316706
34714524
29402818
20763543
16829198
5673298
18226056
21929684
3438149
20804748
4254890
10976590
27387436
13231412
11369011
17020769
18896178
32715037
37641085
22886616
23241305
31688229
41748810
31726999
30437652
41290976
17429835
32333460
12787966
38606954
39890243
5031479
24627099
15759768
38473694
11868179
7522187
40539095
16792886
-794904
11913312
12767767
20660216
-832475
6905688
6255446
40452112
37895280
34643574
39293633
36000356
1613585
15624522
34801958
7617533
14606150
35098039
6933878
32133286
12874833
30722215
34794733
30991466
39667716
1842249
14987655
14165948
28987347
22623884
9268334
36694622
9160038
41771980
33940584
36056754
25851147
16312348
36826090
41823945
41166940
26836019
14058941
523522
28897816
18382018
35421401
43246337
-297390
33335419
37624770
15884216
11017200
42006806
29046228
34813021
41231521
23873316
2906801
19256649
33502363
19440281
8383686
5939393
-613417
19913545
8134227
9711676
455045
43019574
8206461
26443496
262373
29208203
9178094
14625920
41012424
40249136
24373236
24403154
19201265
37358096
15213931
9026113
14100627
-690815
39405609
14771751
6255156
25506874
1481706
25984250
8087362
9312175
10107847
31318203
13723940
24491644
1391067
5015696
15538354
42193569
10775964
40253614
10493615
-193095
31950878
18377986
26555388
41258724
20884920
29158492
30122448
36065287
15395954
7039681
41179098
20430451
12039117
31748524
-975436
39410242
1364795
1674717
33932649
13100719
13595968
18096692
31652177
13582111
29647853
41183490
33301673
31621200
41151642
37419721
33228193
11627400
37124506
17052605
20512074
15437589
15894427
1785735
31947273
6869431
39272224
3990411
31478560
40490683
5546048
-781097
14472140
3068208
34192765
30577193
37309506
32673336
40786877
19437766
5662608
18404294
22249178
12213450
4424311
10662493
42110830
34893348
15739451
25583966
28723571
20575047
32159333
20154544
19592981
5638564
21283627
19644310
13365732
38440593
38120665
18839694
18163203
42896132
842494
34115470
4852370
7249784
26525044
12219019
18617007
10679992
10225330
31054689
43109133
23497686
9720177
21694278
3842301
32987237
40591239
23853705
8386383
22019899
14681932
3279601
18802903
1710161
38828063
-112142
28170196
188329
20433498
28482319
-958182
32202338
1270898
9447215
37134218
26687413
39824204
6161363
21774371
26238488
3735799
2591552
-298278
30656201
17897998
4181955
23409362
16103741
1784284
33658839
6702903
13237967
41013759
-197947
41959661
16477222
18588298
23999395
36482359
21637724
35171020
25916660
14099879
42625250
8002463
33350578
19669486
32853497
4944809
33189395
37672383
21755199
7155681
15190812
12704152
36675165
35171978
37458686
22477527
9686524
15205767
2591432
4553376
19347363
-205408
43240577
-840861
30602758
36723404
41862911
39331322
3325590
3151936
10184564
12200456
2592669
24486475
8413584
664911
42330228
17493181
24663461
11911434
21194070
14169255
12171938
34792279
25940825
40906884
42712471
8775175
6716696
27316549
28777447
20891589
14157743
7930696
12734244
14035328
31957635
26897261
4362028
7251589
37143833
33277045
-628100
22187966
29740509
34919088
28719778
33010009
39832714
10383706
31670707
28719506
30514844
8234843
18031593
19296900
21181388
27380641
18784126
40859923
19641363
39029627
39642066
4349370
26794364
7900985
23859502
17840765
9771613
24953424
43505491
7404864
34042990
27857089
12340231
28330519
21530694
37453896
29417139
37601622
26241550
9498544
25338045
16206927
21718741
39444481
29484722
26313857
5240900
42290172
34046565
-768872
8504100
34295391
27229679
3399440
99264
35944085
41743484
8480330
20802457
5174096
16600359
35727506
14896546
28196127
42148979
2097846
29554286
10427542
28347843
39869773
12087081
6676778
1322708
16593171
3971819
28687615
27888139
36140941
2577850
28607735
25560116
16567880
36861497
15733164
15994757
21489649
39374675
39231145
41860678
27636122
25104746
14056801
33152875
37311707
20139095
18064589
13138791
31802380
24685891
2333478
31849841
4170381
25209153
17064158
27463290
10748563
35362152
12146716
6464733
7282525
37432854
24744355
21152377
36341037
21449649
25919949
37722246
9083574
28282658
33454456
25803346
-665925
22251447
40139462
2348675
32353176
13566224
41289337
36210427
17567435
20814337
14755293
28083930
16317100
4858543
38355425
38339115
29873634
9136391
22190374
21323409
2893194
4361145
3657753
40508952
31878035
39501704
14484165
32745211
39957082
31156447
29789661
38264839
22452057
24506286
33682643
23637839
41649688
29128994
11196741
24592685
39867946
42942515
6945461
32758833
12112839
16604900
2463880
21926113
27182317
22268762
8138063
36112767
13709850
28635645
40551893
39382828
9958436
3187217
35210125
12407952
22304720
13944732
33197291
30711955
21890721
15192708
36981320
35938321
33539589
11427157
37261998
41336830
22895515
29794697
34548056
38373727
29716535
11228988
3608328
28602021
14581285
40868876
35530945
29654906
20654570
10644590
15197516
5471532
6585557
-838873
13223230
9955773
18650015
24751892
34471218
576452
-954981
45974
30027603
29433845
7863856
16226895
38762685
30865635
28255125
24997600
7115472
8779307
39429130
17255296
38714815
30569376
24907158
11616331
31968616
27096100
28309250
27661556
16551965
31195051
5205167
13082460
19294304
10406291
35898577
20152975
34399129
3700984
4638555
27459549
28904875
39221203
10971213
-232503
19592895
22932212
33211836
36349573
15928206
24647425
24522869
26891762
32619587
21377614
6707815
40207638
36185893
31801081
3147410
24155012
41624715
40706037
43267772
40031957
29660936
11190608
20718087
27503157
32023339
37972367
12532912
14770400
27742345
41760893
714326
34132668
38131314
31226635
41070283
6775169
41650756
15201110
11974249
