11808247
6978540
13402588
36542146
14276885
12286676
15227134
33797229
31356912
17371388
27233045
41408122
-735373
26995837
19510349
6030366
13985189
35717658
35595668
13622007
25640848
26346356
-206574
5349127
20089445
993149
35441899
24846174
12717318
4281057
14342589
43282951
43031960
11250011
19308775
35321155
6104069
30198694
1296763
10571725
21760577
9588453
10871617
8280128
16141874
7681075
30613167
12855224
32494768
735507
3445190
14382483
40495862
37388558
15317277
22256729
34524648
898098
32218122
4960491
2743095
20894545
34601819
12430167
16922013
21430618
36782372
40760878
10990663
11775043
29272713
786275
42030237
16861574
481668
16393764
23684189
37443131
7485522
24674595
34881305
15018618
227024
3444585
6894328
43291758
1530086
32233097
-683252
16228243
34841412
32683308
39866093
22948790
17185107
8964164
6219550
13774999
33543228
31801306
31483817
14246308
1873645
2924303
33806567
40453039
21398898
33404022
30454404
11425641
27820987
20900442
10749876
619069
554067
42527821
25945276
22058472
12811925
2523442
31937827
3612092
38357344
19052979
-412451
36531301
33606834
33770788
30824716
23882215
23143724
25658608
19785344
42644724
29812555
4023507
15431764
1510432
19422300
18185363
36614294
20087207
27597030
33375318
35852260
26466289
20057856
22969810
3399384
9041711
14716753
38732328
29531097
25468602
3362621
12213617
9515145
39041802
13521624
26773924
43243481
14636554
38971144
4178595
17070695
11577262
41127821
6003245
5610890
5202425
20460258
39648684
39398921
38380085
2507805
15873031
399641
34280003
5843491
39963987
38623909
10037968
34468966
42997210
42253816
39394099
40805033
10453100
8617587
7231774
15290843
16748395
39472004
32104840
4746953
7079475
29529775
42673046
1928126
1734664
33873825
38654908
3501433
37248729
18304427
42193823
3040356
42499927
28376869
4340145
1564454
36275607
15178406
40979538
31510166
23319317
11426593
21293173
28359514
16304241
38866160
36998137
-779460
21870269
1668863
15915411
24314055
29290714
4599351
-46046
32251266
8218689
7746292
19997265
16490737
7857129
28011554
13698175
16499901
614983
1730897
10495605
8188859
25375522
24170599
7889880
42704383
5447238
5218903
31998682
-823198
28499480
21110525
40363443
18941767
8426477
1394336
12046309
10925927
4510567
17409785
13771605
34203242
1960311
26313058
13439729
35457195
31289427
42783448
23502655
28750869
14005077
40774523
15846339
6941868
29891567
-128726
9295791
24572535
5035885
22460536
6239328
11461442
43496049
11278267
11152070
38562797
19394932
20432845
5765631
22723129
33243820
19434780
8285887
35163596
2817753
22603074
10367598
1516710
16212809
21828980
35711302
6420130
39436679
15409700
41777536
28560148
36019511
35719593
14940750
30396152
27158117
15822028
23715310
10618134
42882860
29404932
-388771
32514656
28417446
28469023
32873899
-421027
11006883
32590576
19721791
32946171
33696577
5349237
28906413
21860600
32940366
28191944
29099931
21477793
16704445
43195400
40950360
4566486
6009386
24036274
5205253
3960510
25765529
12325132
7188384
19406416
43379604
17666740
15757510
9211211
-102883
24732093
19457764
9077768
25576958
32113145
37800916
-548017
38428858
8279266
27896596
-580029
6623570
8954318
2050721
7507106
4654953
21072105
17217155
5630551
41420632
25092481
28573971
7186961
20458231
595086
29571873
35710139
10809395
30878502
39475290
8266284
18998167
10081329
5659080
24239655
16441100
37356589
12250845
3337464
37632275
40118394
4405902
6501540
13170808
13246819
7024271
4616242
40305409
37632184
26438161
23893505
22507812
36592484
27263112
866963
39773648
1333851
32034661
18135470
24644526
19755730
15098517
25941219
-580685
24200586
42417843
33091906
26775708
8640545
5877533
22392888
34426453
33440406
13077184
38782451
34594618
6797819
6813000
34558409
37400860
15327544
7941853
17370231
11299580
21252914
38140312
31995741
20961913
7731476
35189256
18886016
38157258
25292118
228833
30233826
14228227
14059789
36609257
11341180
17754887
15272516
15889072
20308495
18756774
32018937
27279013
41659783
3060168
26117904
16164186
40532809
1759568
39348083
21372974
5458904
25857653
25620803
4053335
35941223
24237956
34055856
8957613
2540268
28458505
30928080
9285206
23447222
3597465
2198833
1075155
5723234
10201613
38599749
43028299
43170208
23590784
5810870
15872506
20258813
40980608
30320838
7347892
1172124
9836454
40641571
30617182
36238509
4210147
25756517
5728357
32183563
28867606
13892467
36200783
14713309
39419419
-400781
16122934
1728977
42513233
29541887
27461907
31721349
10199281
38928458
18153522
6697982
13491745
42790641
9754074
35174116
35760963
10457242
19936502
1221024
21122532
6358039
5338007
39376608
1562230
37742590
18159967
5526958
42647335
42905523
20490536
40197390
15724774
39054537
1358175
20075624
19463549
19261268
30898975
29467021
11119405
25097739
16409943
42673932
18570264
42466369
41205589
5420074
12031186
4468438
10737866
16116826
11660779
22729269
27748569
35064895
15163616
11544166
40551346
14000748
2415067
10440406
27087314
9814721
2940679
41625905
1583302
38170573
23893028
-215455
37820846
9692285
43347623
30375577
30493469
42252870
-341677
9068595
39088594
14076092
25345469
4211391
28202108
7025536
17350898
8396508
1069114
39453120
7765312
5921042
19851672
34043942
12128189
1437420
14020802
17738220
43487595
38884010
29487186
40121988
27816392
21248571
1679634
39819825
25971531
16156086
41000169
3307047
12909745
5972539
27426591
27649686
32548463
30799589
3080495
9177252
9480762
23997285
35634550
13925734
12667352
19182265
40975955
1169029
18262897
42573468
34421781
264712
5533055
17855217
25478910
42839768
11343396
40020520
29093435
22561592
19228212
9772606
11749642
3100843
15333330
43169382
21212942
39285081
17882013
30525678
3690038
38116723
19153809
10915982
35280918
22016524
820675
25092353
29153321
26476671
31421427
28338607
5099308
-34334
20499049
40250406
-426303
40318059
20735700
41594401
42395633
24792145
11803743
31318000
3716104
-725165
36243428
31119832
13295516
26555103
40810806
34760207
40557512
30383653
20207238
4519842
14279748
-817366
9169476
21026246
14767116
9877990
2030978
5033456
10650219
9646556
16676792
7013276
13145317
34419036
20813184
37018109
24064622
1543702
10820300
34468318
27076998
36107743
7048112
10898390
38166840
29334898
27293162
3052165
21744616
23580122
14896397
30595591
24597720
14856386
11729317
2741238
21959730
31528238
17066625
19941331
31671684
19119171
42888984
42362146
25725447
31386207
4723819
26481564
28868104
21185641
40427161
31631564
5486167
29263102
2986518
39905770
26815991
34261255
37593546
2731614
-935759
5187616
7422806
16692392
27398553
17114431
17761099
35341119
27878258
30337214
29961044
16389356
25393303
8170952
7112597
25038217
-949658
6482299
23892712
18519816
32853669
5535149
11712737
14715103
9174632
42200590
9904188
3283140
602906
272108
14951024
16270969
11224511
10559059
23992018
1626622
12132960
26748486
21419394
36982751
1520448
6559372
9238414
22786873
14749553
34001860
39418301
3150482
17859354
41242641
5216055
40554766
5965410
37967505
40811013
40788337
-846471
27267060
10250889
26446456
9982095
40694912
36024437
4002500
40598334
11027097
4582810
37898081
42970378
17106253
33442138
16639081
23541140
30866809
28272336
17625208
31579385
8536656
39870339
11668531
23296107
42650564
32527665
2572295
39754531
34010495
4155912
26327380
41391865
19401591
7267705
12562167
31604836
7780968
20953126
815756
30114681
4377959
32135680
17620869
32229511
14666562
24585082
7747744
29069078
19558318
5066543
13986768
22677142
20984550
9774067
28527985
19891507
4966374
30206954
35155122
38953515
10944360
24044466
3491054
33446588
9534232
32400504
6230174
17889778
17131192
19208439
-387484
28939569
5334839
6340466
41507812
38435471
16730333
36019829
21602173
21616633
29272437
30854260
3423607
-767606
21148861
16190107
33623720
21269548
14324354
22342038
26800451
25023935
11305101
23599462
30388539
37464987
10782357
6306969
31846894
37998127
42796417
6421757
35606992
10570930
9889863
16457597
33976488
2872524
15016306
32005195
7262458
43376374
25465713
17677088
37497802
27191456
15742488
-362468
28341795
34229152
102104
41094228
9314414
8449729
41180802
318513
7992114
32357634
31308113
37406067
18854658
5526806
33374060
30927551
1135655
34783738
34412353
19529444
1401216
-809061
38285484
1418564
8342943
6862969
40846378
19142017
39735583
4627782
21765299
12669344
4847845
24596123
16821831
6334014
31978945
32885761
7491800
2342289
18680187
26288214
33472212
31329731
37480017
2984799
23259136
10409360
28405903
12577181
22405356
36854583
16976954
3453285
38499575
32829892
4820526
22314395
8701937
43434521
37668524
8094754
33676969
8117377
27174182
22045055
3668602
16096399
27863882
16049344
3286206
25574360
6990299
32025746
7115802
7434292
6041188
1181557
10182469
8607468
13584768
43178730
39161909
12493003
5046880
18385158
32423137
6894918
12654677
42742621
17529952
2479844
2341559
13234568
23306014
27367866
43461407
10609671
12326851
914325
18914613
22486500
18733613
36902751
11420087
9158805
17170092
14787452
20637126
11347179
5314606
36198434
22518591
14679727
2589179
5664969
29355361
21448424
73676
13807395
12174026
41831269
34501247
33334619
36429376
14499656
33672943
2702792
25055896
34104360
31928736
3272776
12588982
7357208
37439935
9711033
27185491
17148076
35667396
42501891
14290540
41654541
-449706
15980217
33374967
23587486
36284133
23180920
25803748
42155396
14138024
1291447
25112481
38466153
17878856
23705134
43497236
32348094
38376789
19361884
29207501
37463961
39048135
18610197
11291624
17516132
-700941
25190988
29518652
15534816
27124715
37916709
43298738
26904130
33139502
13525363
22735445
305397
16925027
17994126
-935758
16630133
25555715
7981643
22219354
12245725
41730731
10771128
31424833
4722268
27177252
35488070
7949240
17776317
16770330
10930373
39084160
34107090
32649
12166291
42582843
21316560
31426485
11544902
31555519
17290928
16169152
6846492
4150011
9022860
30783855
31602762
2646063
28490730
42157299
16712166
27790837
35577196
6481875
40614202
22453824
22652399
4141138
34452822
23361367
18968105
41334126
26358741
30806073
25773403
22853083
4360278
30268411
7274830
11184869
40445595
34189848
12911317
12837585
3980708
40719783
34758798
20845047
18387541
9979457
42346330
5760562
22884122
8793315
863424
24448953
31791126
38976821
38803928
20381926
27352548
11318500
42563515
40687502
28326117
33264498
14252703
35948593
37322106
37035886
39130139
21110816
32194244
-554853
24201877
22871937
31669210
34148479
13154856
11568720
38998498
23127902
30936712
11521912
41190727
42556658
37064304
18547881
32538477
24362795
35528857
33213108
1854134
27525507
39349649
10938190
28108312
-543486
10819108
25166135
18077137
10423822
30409842
40526362
7267528
4193639
2029734
30293866
18407969
31106892
22119520
42889557
-644477
39687201
29815907
32583882
35485203
13954134
27701485
10978477
36091736
18430507
12433111
5132924
35488084
21745010
734958
36947239
34834836
2365
30105463
35997982
38290979
43222873
39005635
41696782
17593167
8090379
36283131
8394679
12470426
13426023
22496551
31193127
25211351
10169058
26238661
6886978
23445853
17076787
8785150
41237063
14244695
21399021
3331061
37002969
27218828
34476388
2593545
15273138
36607286
20780594
19532895
31570146
304135
32679619
3837008
26208140
11883348
36211440
23557135
27418717
18608785
7985924
21620509
121919
2974141
16009571
8125767
5285911
39540297
27087400
35842984
9121663
5534549
30018965
9617913
19946650
10731833
33243678
11149628
19147252
5683684
9627122
6371923
34514332
9451897
32546701
35017077
32975777
138258
34055283
27122859
14133760
6299062
32958799
43205070
14757634
35550819
26221732
40887138
2234012
857787
36026924
1823775
27561216
23763655
20196274
43173797
36949437
27200207
39625183
27992170
24857261
21675607
29131092
43237562
41947267
28024170
23200276
26377706
10820237
6362098
35951855
12360763
28844519
41937258
8445967
7031146
33293079
21919555
12304720
20203636
40328075
26544103
22306338
16298313
26783915
871403
31819581
3947948
23375926
11848385
22059020
16704976
37565611
30025818
26317323
24716365
6845456
40432345
33597624
28746069
33295453
16336632
4565559
-751144
7210672
13942985
22940877
36237712
29286885
10897377
1441650
5002241
35101135
20444016
29318536
37267782
11911685
17634151
12681472
8701078
7007513
2871609
21017673
25115241
38623764
33371893
14373260
7437193
4522380
5359507
18580772
26053187
16888946
29447530
1513637
37725083
35164427
9471548
23257560
23844859
39263090
29708651
26159631
17912088
23230650
35971645
7033917
22158509
22646558
7955865
24082543
34608651
11868775
2319137
24058181
39301540
11575635
26061371
17701421
22228376
29712562
35152769
33488453
14653977
17265864
24142541
23261672
18190844
14318174
21380227
-17068
26067122
-261138
33697423
6538978
21916752
19562535
34695481
19001805
14981481
19397660
43393473
18361248
7843580
16729590
4880544
12970255
12579627
14029056
35938000
42938692
11907429
25095680
40923177
40219026
2172522
13899644
9441460
8364864
32184316
-862687
38527723
34699870
31150034
39432311
15329520
1990135
1375335
639494
26070581
34802371
5939518
41367178
13059511
20037535
27690612
29111218
7429410
-702199
26829636
1040184
22051414
664343
38401523
36938359
35107838
18282461
13694009
27256328
33752535
39904733
18221644
6259498
29614969
27568399
29604574
40859834
26925764
38245568
38904149
37713816
41465152
28916003
31552186
32121869
39864241
23835318
11038058
10416405
20587024
22536763
15197918
24168108
30730220
39509554
16367110
38473953
20561487
18595912
1288420
37373532
5897333
3696418
20267210
9857662
31714920
38837583
5159193
4334228
8594682
8399924
35924351
3594515
23938828
25340500
36235438
17548913
42027663
24962001
36741597
24761902
14087835
16674783
3206483
80505
8141521
18280090
5940908
29608636
16607340
20177291
27161777
-113105
15142527
22204293
24354209
18814340
18653733
19883285
20614343
29486600
41411136
4889685
14958289
21303424
13653564
8761790
18401560
23463556
37754860
27125835
27184235
13846017
8391026
27604198
35818085
20024682
8059009
9553252
4274557
7220453
20067393
31283480
7807119
11469366
11338317
14151105
33885052
33369656
3224011
39776066
3709374
29362570
1925085
10249506
22184157
25371133
40169904
31124959
27041689
27740419
39421958
22947659
14118039
17096599
17902885
35601466
22897521
42152644
5932378
19351000
14431972
4023481
16822360
42506130
27236845
25128512
25591575
13853534
4580301
19936641
6651008
5817056
35035874
31372478
17429692
37897213
2943560
6106114
31612709
36411461
42664485
38473870
39203679
24573137
9125693
2238548
17467888
23135573
23423420
24692347
8323721
13110277
7363024
16243451
206738
14574320
9144103
34975018
21379853
8090000
16232596
1172045
5318002
39497585
6011722
3485048
23278747
36886045
25143915
5207142
25539558
5200210
7066815
-71346
13282842
36116347
39387389
5726385
6559358
7113114
37231923
28667139
35961554
23387216
27553031
7945605
7698034
29014530
39231854
28700611
2808469
17547383
10134164
35556790
23717264
2785267
22973300
16867162
39652085
12347926
28019256
23964240
21190286
8833796
20187154
13938573
43277654
30004261
31296557
2637335
2559146
30635756
12983110
5689048
16018051
41177586
6860195
4792067
14331102
37323626
39974132
41333589
2900427
11716355
7503006
31715035
437527
7914281
15028872
41203590
11548168
20690366
34207554
25827453
35882077
41481265
28228829
37057259
18067091
2035443
34780097
29351842
21845816
19489581
3430790
42684438
18271324
16259054
32594018
37659185
4807944
36193580
6528773
23728655
28493562
5390487
32972863
24495761
17956598
27919652
3328539
26333350
3655852
4531072
4661074
11868846
28501736
27826661
24604843
41174188
15679705
1310812
36006970
6884587
40067729
27372942
6332339
9489799
29056337
17150374
31970688
6156057
42889924
10905229
25598903
17088082
37322467
7110897
10203675
38682739
28502582
20912659
43420423
32753323
34443265
38735241
19355683
10742968
27772801
11919479
26357074
38984575
33083966
19764437
15815383
1069375
32659687
18629592
34313890
738684
22473372
23092225
21315532
17525559
27982956
12530025
2148071
15761606
29185107
1940409
22118518
10960174
25341717
5303865
10901341
5469942
27815405
40588623
21339543
41374992
14380662
13162821
41466449
20865913
40764355
22957335
19961416
40994975
36836719
34909079
30770823
35567776
17976728
25770703
22070369
17446194
35695318
12341206
8784813
23637143
31116487
41413715
36984506
7290401
41615319
17662698
28829577
8764897
30257523
35844433
2384658
23847297
40724002
22772453
18352392
34877624
1610790
43316809
41069286
39382582
13681701
34066918
30745691
20591125
34045039
32412430
31307957
11863028
1396508
14215893
26863070
14703533
30482095
39658943
36526835
33950553
28135936
15948745
42134792
5999542
33455280
30294803
26884701
14125376
39497596
7851182
37279686
7488670
26842967
2415771
21815767
42129760
18460334
25164958
36991281
25230073
34135310
8681768
34975837
36354024
23649413
12204408
25328689
36750236
38343139
22676082
39421152
29098656
6954712
19561420
9003241
34926956
38154528
1069836
39139357
32628164
5535640
18371950
21182431
15655796
39617597
42194067
21619675
38440311
6379160
5742866
26889716
10723527
24903813
30446294
1383662
15776800
18280031
29475745
26076173
40505906
6476369
12220467
13983308
19229889
40438017
21789637
27933541
10262540
27646422
14013446
3169224
24484158
31846177
15928231
24225361
21851355
33148201
9467377
4042993
43235762
28266994
121797
32219405
40238543
21738318
23686780
9814262
13527762
2285266
33114404
21770729
35097491
757047
21439585
29963888
28968536
40009561
2113663
19253301
36023475
31523684
42671027
15523548
24044633
39619073
19049080
39081912
28006584
17305385
38392876
5256073
-579145
12485574
18734029
37615048
39301454
16742017
39946746
17222469
36164940
8639947
41304374
-650386
37900083
25284756
15135783
1893096
2557202
20688941
20300003
-975956
22682577
42942863
28336446
4007757
37880689
27170588
20927544
31934787
5433854
18082842
41732939
11130941
36639362
29739279
17848553
782020
15103899
28654468
22663784
18066886
850852
37053587
5886443
25503339
26156410
-345445
20192698
16522930
37848633
1889934
41647951
17602349
22847684
42057114
15708341
11382570
1674857
11361988
11342125
30356551
25140182
11608214
2405809
28582005
19998119
17167286
5762393
14043800
20260456
20276748
36507455
28122203
8622357
26173490
18618527
8232283
-796934
29060557
21796836
35537102
22685540
19064620
6421117
22319685
36277437
41921258
3698077
7845208
34975708
3620237
14594681
26987439
42248202
39415699
6083892
35304199
27398649
38129762
40703885
-428023
18025788
3456573
20939332
17029405
23476654
10796534
13586076
31550407
25508268
42319158
20415835
36335832
12373725
7186393
38049766
37253976
16414677
29748130
11440178
69435
38801456
5615469
4228957
8417731
25969573
42501185
23320733
32838081
27836880
4470893
28374474
29623232
22610950
3304091
29935369
25956333
25135340
8058557
23180495
7672240
21599933
1478107
32129709
4644570
18956703
1876401
9963196
29072203
19633494
15753311
28444183
841806
24033601
8725105
16260208
-524286
26178014
26401780
8996047
40796059
23209355
15037076
3398800
5493668
17983836
35614239
38322880
19978043
28890265
-306024
17354277
2475643
6478500
14439233
25412364
3649528
15335968
25763919
33834676
42951999
21100340
3627430
16753473
980853
29047382
21227047
43118669
32897246
19649069
20588780
7107747
17398011
16303186
33379079
21331760
3535801
30805538
30100713
26000956
5258992
2853015
9677036
-905921
25719089
4331210
15608745
40778622
12050999
22070234
36248348
2428083
33302026
1193039
2224693
17764225
15684391
29552362
31475783
23146709
10563937
16799458
31379651
15670335
3519410
41411642
20470651
19313645
33602938
43197448
35526796
15968749
38663788
42190549
3307153
15904993
2774940
6332013
1487324
6731074
11938502
7537294
9883224
15904515
19599499
34028037
21978731
2360983
37550198
10379671
23208680
40293434
33654219
17915211
37523204
13231053
21190672
43348527
6886992
10948642
20522772
7993154
28460011
13057626
11836537
18548764
31871386
42504132
8943491
37173033
18020530
3082802
39135304
3293789
40949141
39894931
6489250
14533369
4314455
7875659
39990729
37291535
39538812
19875468
35316376
31979171
20479287
24035764
2495439
27307228
40616754
1914167
34911485
34024354
9638679
24917887
-657829
6162995
167896
19407180
25215956
43367626
11710282
25530710
14015462
16278591
33080282
36334175
30901347
36005525
1858938
10618653
32070723
22432297
34089738
20214942
28474231
32409080
28558846
39240678
22069057
3727690
22112868
30375638
34607980
14484804
-350845
30704316
24414515
8474721
9160276
11580747
34355218
39130978
25127546
3502211
34604130
31525549
38967769
33699651
39676435
27985840
13828283
38370304
3009076
24919380
4995894
2920851
5521561
-131468
26417928
18413393
16056670
36117121
10792935
34790303
1425767
12928651
1509568
26157917
37586057
4572215
31335706
29730435
30125200
12678259
-731727
3070090
35115498
308795
20512984
37137250
12583802
30183285
6396729
33582174
29768374
3605865
24779065
17921419
4612774
40557450
7448059
28810742
9634066
32937309
1815959
33574360
2879424
38464042
32858805
28640517
18317010
10766187
31111671
2944213
2722307
39149628
14080279
10577268
22373380
5291774
29369195
5989609
2527745
24134325
25289900
43273451
2735707
32173756
18376023
27188991
21270927
31917072
22408236
34004802
19956038
747477
2497703
9967304
20886934
34030650
34803164
10886323
-285686
33529775
33505213
29445304
25180443
232926
1292343
13508851
26233988
19594237
7503871
39237274
30781860
7907111
22937407
156380
19121839
23472324
9217980
37821164
12991120
35162407
9223578
11603277
36854806
42369851
7621312
29806457
3975986
33156502
11639934
29652604
9146749
2414729
22086465
8763373
25096300
796013
38895730
-757976
26839024
21212995
36990733
1051076
37410099
3755766
5699054
33560017
39339091
40486054
21030485
35580837
36030204
27034736
27335802
33839433
7049739
38597108
11670352
18406167
2562383
41251601
18727435
26710663
28247321
4365830
6879449
