38047826
40843030
10212437
40178380
40712637
28356026
18423516
-335355
41750159
7767440
4170055
22261327
10940478
24558934
-926303
8539922
17548136
19547327
26333451
21567301
33492094
27522010
11706197
27225872
6102949
22556050
42202744
7518954
19482088
1024936
41399687
2677786
21057179
35418070
25378187
10241378
19594295
34734145
27604683
10012751
30476065
17243746
27127882
37458008
8851351
10666300
8184576
1859891
23595653
10857303
38486059
19596084
3423232
32710761
41491806
21843423
9787506
25262660
32807123
36716844
1040779
4718935
31032017
7863112
12012303
12261873
12569503
13642912
39583096
11206049
2097912
37198343
6286628
1099878
24897184
26335970
33624842
19858563
27641247
29930269
22349614
-832643
31094775
2094675
28457137
29112143
2818702
15223263
24990891
33637146
10161446
39460554
1539481
27919939
26896593
14390517
24272703
9793550
6027540
20935531
36783772
26510010
156671
18167945
11349481
26655513
27960982
36492774
40824543
11783479
35907051
5333956
22605906
5868885
13655963
15635823
25814501
29541398
-93246
14664855
26613796
12231145
36079990
9478321
29131052
24370311
35566874
20462643
26445220
20082272
3211033
42084641
22177896
28269079
38164656
2613954
6707889
12699582
15054240
38627578
13588921
38335999
14217126
3041660
8148329
39319719
29754705
33449389
41349277
36267618
8567500
27298450
9132962
7155073
1277327
27944580
32857897
8067732
17900097
30130490
11946938
2908693
9070947
7492390
621826
7615083
25476697
22694888
24856138
5634501
41865971
18062713
40001042
7929276
18987744
25967511
41970516
-162766
40102803
24080923
26907422
26025150
4992236
18544187
24835458
4544779
40364776
22575122
33307814
34283866
39373816
17055948
16459937
13373862
12651726
999565
33945434
-405785
11895910
19094510
11366171
26153988
34110394
21979926
30325435
8683952
2488182
14344958
31224088
922195
1945604
24680867
25555521
39842644
26734720
-352773
11865878
36454866
35830506
26385256
9231762
8218322
33685495
400517
27914992
22847245
13187785
31300031
24775018
13086009
37248290
34231408
31765151
11407899
13276455
6542844
28348507
4987567
38716488
15278134
36464247
35219767
35905225
31461007
17437165
32609919
14585680
41668702
31601156
6843575
16058005
23362719
-621217
32513311
33814572
24599249
19085906
21633990
28378785
10543735
32282775
36133306
24802836
36202523
23648362
41465958
31790815
11673998
32430352
18473242
25739401
11812176
9136297
2536895
15896401
16112119
39200622
11883711
4122152
142999
18210278
17244419
39696321
6248265
22646446
21871783
28991150
32517714
29674748
27436047
41857064
34974570
5884950
9270203
3244942
23544522
11550443
22585641
14151545
16915417
28242703
27322957
27675880
4886526
12436170
26196819
42353189
9828531
34776577
20860736
23770327
3976426
39362355
32429185
11555855
22243973
2859519
26744999
5505905
37575931
17067256
40603176
17112673
35585713
4127942
32695831
42687917
13885563
19626667
32964788
42535732
37466886
17393386
16746738
21819030
1665069
16403320
28975638
30836153
34110093
33833836
33906977
-407879
33598739
41547590
1067682
8619481
25299321
2017307
12979575
8451362
29716941
3440397
13597990
31123483
21644814
25105658
7088682
29930297
6962345
26177935
26722060
26166347
22350365
435652
28021302
27422401
1247552
7044112
2395156
28077898
20269440
16219421
38306949
2349315
5887417
41215508
38969589
12017950
30693631
42416058
18715413
13589715
1163286
19387568
4145337
41547722
27013251
17707922
20237148
23050124
23468525
41237593
2196964
25572289
29302078
9054380
11421466
17943731
2436115
31298906
41570386
28659373
7885369
2125743
17782036
38120688
29041706
33407540
5216144
9955768
41355604
25744364
16132054
32631223
16624549
33165446
18959727
33425869
43168219
35298706
23804893
39346759
6627026
25862417
26326592
24757958
3173470
2938270
-529144
27270566
18545898
17678436
40513894
25544775
33949078
26195654
1955582
427130
30607685
21005083
9049336
22937517
6596890
38527968
12079408
34686614
13249019
1637447
26174522
39868423
33243759
37195814
31752194
18441436
37202802
28908294
27664568
590747
34665
39735807
5277731
1502540
30567480
3343813
37129723
-878868
32249466
16727191
18708878
11541927
33596516
3949956
41162228
31739575
12021922
24576823
40154178
21438401
41972879
21791230
25426005
12031572
24628658
26414614
3133008
9844867
4738180
19859299
18638622
25667265
802273
-479062
23816784
29531610
32619015
21303253
23906087
-77933
8576387
20448673
28890177
11657270
17458750
26299575
1439068
5860679
8151433
22723764
28532576
2511554
21069110
18410798
4196085
4011486
7381229
17892495
31518036
6181697
25177189
35505709
10391228
34303271
15397534
1418485
14566189
32226465
5827972
28185746
4280678
40829048
5326698
15362355
33131205
20907972
17698177
37312267
21268627
12044300
38764830
33420875
29496883
10507900
26886668
29498532
2219404
12895089
34060341
3643809
17872163
7003666
41705462
18616341
25802479
10587189
14015719
13293289
38891827
21465117
1689719
15366240
31912328
7524772
20888037
43068895
41894290
24447695
7396938
41674458
30790596
3007367
34646591
30742737
21407190
33750053
15806962
2980241
6184361
31272392
25502906
43309879
6243908
37692574
17633983
6787608
1811462
30375492
40570133
21397715
16237627
37766640
25922914
37770425
40294781
41292631
8864975
41830152
30883375
33746731
41652573
19120085
37900107
28653043
43215523
42413634
-645098
14670628
-306367
33165223
15229086
12734623
13398476
5151870
-691093
39292657
8714242
36483019
3896839
27926246
10988255
10624582
32807164
30054765
28792400
36031666
9148715
19765175
28382321
10678377
39321500
33095538
30435227
39199318
39038010
35992712
6705049
42546609
17539619
4821237
15581765
11425984
4007353
26433197
23853083
808817
12315876
8121238
12589085
9226925
9286525
33004422
21844445
16724329
26541494
17477606
37029577
8851430
17819729
4636430
16043466
13323998
23255054
926859
14372769
19984988
-459382
14449760
42811208
43377376
15547253
6517223
25722599
22936172
8699031
639959
21252083
24373682
27477410
3409584
14098742
19715352
10945875
33942855
30596151
3927785
2531468
13596399
29820602
30620753
12094001
30264272
11086413
13210601
32424077
6526188
25882268
31080399
19829318
15548270
42557507
1772292
34235744
25418967
9158901
28536087
9858842
5382868
39296673
6005644
13539021
41266218
24958301
43118314
1239699
30246431
6165342
35187317
39613782
25424283
9454854
855823
4643336
2810382
36231297
43161373
43037132
12861128
9659755
23882318
42020344
14229686
26754067
27792937
41510594
27233702
37115782
2744991
32720875
35610369
13259828
8892018
31289295
27063957
37614144
17254123
38711475
21045969
10293917
15982092
26117497
15247460
5978612
37076225
17283175
41492859
37076695
7903249
29843473
34463887
34577959
16911254
43505017
19221840
23868705
7360301
594702
22354410
30203356
33981991
36761868
-361794
13370202
29511583
27003419
22144230
18294116
31915411
32604657
34408884
14573917
17697568
28294239
6911986
40081081
5704780
18068455
10875849
11730873
3369077
7746221
18662586
35859523
22692233
7203495
36451935
20033565
9727460
12948468
31209631
528658
42359049
25022608
17103702
3897734
34463153
30485610
42685723
24237227
10874359
25978029
42534704
19808557
34308064
13900274
22934875
32726175
25347795
21345176
39021128
13846418
6930013
12225504
23481724
13657134
9316235
28574498
17339566
-674674
13150508
36480103
31830899
34218152
10025324
39496062
29288687
3476410
30590026
12517159
21058940
28958400
31263293
29315827
20734885
27470566
16345446
23772916
29053151
39730822
7225590
18718997
33912222
19582434
18512076
25780375
25905445
30813652
4513548
16035575
13316747
9467789
27148776
39892357
23081897
35310507
36711395
30801719
22415076
17436506
42653275
37971758
18002055
12213401
22167887
26358208
17828224
41710762
38982365
-496460
20872089
36997224
3398523
28191480
1917303
15784167
18677375
35946288
40307752
33316140
12877017
35934826
7734413
-541989
11796661
25266061
23488770
25236646
10219766
-802710
14173413
7174622
29958384
37370428
36918433
29450635
3345146
12820976
11698371
4886583
21112630
38077780
13756604
6258107
27883280
5356973
22566842
24941334
28939845
18404168
6319015
26824628
35444008
7072396
7355923
26957766
13289289
23305831
17425336
19637534
41079152
40379829
38689662
31346690
22973586
14927666
-504683
16722784
39453288
37220221
24233718
29780835
5619315
-882681
10326945
12544037
7093828
1579278
1787190
28436999
16968249
9712145
24575942
35218096
9393213
18204087
32518228
10288665
32810354
10252284
1973739
8249214
17947612
29897395
41764114
21029845
37341504
1211268
35334447
31928976
4590336
16639050
27886212
4724841
3080322
17733910
33341150
35379775
4201059
38604873
35141552
28003560
15881996
42059559
41459534
4793560
12991066
37966871
31123177
286924
38229451
22725046
28822783
28886226
18210899
5234868
33245197
23223500
17146190
5400230
-904153
22387519
36391082
37900633
37827639
36358960
37464701
265918
3015578
41888482
23287234
20388064
31479532
2650955
-899820
29746076
3051497
41281183
37637164
7661271
34070339
32706360
12155680
25005196
7798674
21347566
426690
40550572
36562619
3548212
5184587
16531110
39383510
29075476
26794103
38982298
29983063
1138608
34818978
37235075
1717899
10578739
19208087
11523450
6732620
36548826
6358171
18409275
15267443
20917537
42336550
29413177
42488577
-326021
34616966
41882529
-170832
11743994
24186566
11471730
5449762
4216715
28155951
40153631
39494677
43041843
25917425
-477804
19737560
16159908
27236472
8918147
8786761
13379891
31625335
41934351
22772299
25037996
8576535
25231992
41130436
587319
29394818
25698888
30603474
29931893
4183758
29244180
24296501
22193124
3540551
38716100
6091785
31480479
25760378
22157144
1287738
19930946
9807584
14721145
16581784
39303553
42542595
24189604
13951745
16453776
28159489
25929494
18278406
17754261
16057486
24668640
14268853
18248151
19342755
16299740
35679954
34074321
21495114
12871895
1268069
16538421
13229233
5319478
41873016
18418948
16419239
26189939
7140702
43161737
38438905
590554
17663048
14684004
30855557
8273806
28734352
6195723
26373060
3213720
1825978
13051269
14589810
24952516
33494722
13604683
41777945
13268475
31956896
29471926
34904462
39798360
32125951
29837919
26879279
6473265
42582137
39109471
13914869
9285220
17662995
18477279
22749697
28816669
37745813
6021670
36373588
5726045
34272202
40409484
18227647
21747985
9592564
43408214
12010043
19925539
31403294
19511095
5912838
7550499
42637576
40640477
-216354
30651107
32313822
24184565
16133846
36081340
11094550
39353740
26175866
3356824
10758844
6889716
19810250
31175674
12199298
2884682
31030600
7296291
2733312
13376796
32781550
15453106
42111966
997490
28895536
38238362
19437305
22955534
-406834
37352837
29746284
41110121
572726
8809936
16470448
199760
5755347
27388791
-444569
34026741
43067818
28638723
15814822
7688955
9403967
10297108
42006186
24453046
12287316
11207757
25150125
36304620
20722279
29742648
115145
18581811
15847281
9042953
15538303
40650613
17464664
25472847
43403380
11506589
-48891
10331246
18018419
15395427
24115278
7526838
18921984
4994432
36826356
22393986
18791831
13678035
2580080
26034658
11982972
9984065
20388927
14255015
19583796
8553733
1227672
15170954
39121570
34758115
16190073
-837137
3733675
37167122
41445930
27328876
38235400
34510586
8397098
30669333
23181283
11572848
23618638
32306587
42695750
34114531
14643842
-771563
3035501
3758233
34850821
4284164
1028613
9677672
22322252
25478876
11193052
11046132
23012647
7177823
-283982
37676632
7209167
35924508
10445151
23275166
5425211
13587516
14709101
9349815
4324775
21036042
20907789
14894995
40510934
1356426
-249940
6120200
9256085
11268383
27441920
27482068
16891025
228018
38096241
22979747
7711410
13565639
11479086
33236278
2849160
1979601
32276965
1685004
5933459
23013346
26681688
41212106
27248795
31558250
2930716
31500744
10973894
3443904
1688116
7435428
27221039
32493615
18377959
33733942
2545940
1121332
11885400
35489774
37407059
-133251
22833850
39834763
750550
36269458
23383477
24356854
17509674
2518884
2790580
26095077
43357453
25226417
4363991
42211788
21466943
21734279
37438915
3965114
4287819
1919929
43234147
20774966
12286171
10656867
20346186
38317657
42877687
32068020
26216145
11436854
4443647
18749719
10194456
41734691
4356994
11724266
23828243
41074683
31231385
20797884
15905412
13572703
38735952
33392668
37915754
17928854
8131987
36075164
24790753
42338049
7409368
32978385
17433740
2125936
31957947
1489589
-226245
3111665
18087206
15719594
-566742
19933659
31758990
1277336
350532
39464039
24999265
14868365
28686292
3381984
27992042
2368672
24787606
21490569
34102754
36152318
38357066
-527784
20229347
13766817
24458534
5822205
30381390
40217228
11263282
6551280
5788700
32895340
9081698
11193655
1511550
41768641
31070462
22167465
23326208
26653136
2271527
41399410
-479092
29723598
26405566
27165897
43018409
26343641
21856282
13310453
26644282
15617195
547363
40017256
16703398
1403853
-813984
7931551
37715357
21100643
38779054
33006190
12790961
2349637
9912809
35498654
24737244
1540713
38681786
38225382
25211769
10405659
10361990
13428700
12230949
33206645
3561081
9455626
23638469
694869
17490105
34724172
3454092
31876898
30981346
8652033
40406565
22707584
32081592
23017522
371479
31386319
16127520
3033377
28193406
26517993
11856492
8945187
27847049
864932
27960787
38078824
33833729
10422040
12120939
9670339
8741718
11335609
17695790
113578
38589432
23347878
20808099
40326234
5748864
6473085
21079520
28551076
4236395
9147832
15231363
3851925
3438096
12098415
25817235
27209396
15859143
36347245
27015845
5260004
13155738
27829270
12715079
11453134
36195612
21439584
16844088
23231925
22996206
32750119
42324497
27631835
1068976
11954982
1447654
22241428
4970755
12439967
7047379
35708335
39771438
14331191
7596264
4291328
2071884
39595834
34546506
39231919
21688194
24869310
8674548
18484174
43110919
20004236
399526
24949150
2719010
40531758
3463656
15119276
34828092
6826068
28469364
23382936
37448952
30239650
30038553
24941035
13876742
20708468
8293472
13954326
25290746
14588880
335942
2562796
20026725
36848109
25193292
24610765
15631050
8892303
23312635
4953914
14218407
37021317
41929511
41212652
28516275
10534384
26143303
28953473
38999942
21729847
22183605
195224
39685424
36662132
29334173
40001809
-29119
20186482
16519489
34688513
34203405
10603070
2221395
-84492
15699983
-231023
26763128
31702395
33290685
17304013
40860178
19854886
29579383
20692967
23673054
41236488
28701232
40714402
36017786
36253959
36945909
7478732
4591852
31324122
24532829
10624911
24971084
29196789
34026264
14114903
24341894
13267761
31472008
33717231
41747741
37739678
24417959
1781812
22179479
7074159
8740362
4724184
32710481
30081681
39210080
3546038
38137676
14001008
5108698
2985749
35060413
40252245
17204001
26548509
6005066
27882970
23531524
36844015
26237404
1161017
13341627
37252949
-940745
24057786
28468078
41389079
10608410
14878180
38158126
8909177
28359485
37179182
19083606
34112327
3935202
32138977
37273892
38707681
34137076
12070809
31446256
43508032
42270039
19762541
31724857
38329034
35473139
37158246
22423087
9562676
16999220
733266
23097285
32602051
40971516
27431377
22578704
6773132
29960071
29000996
10948980
20737926
6959991
38061498
11628674
33553381
35913368
30558282
1512942
32365797
1918590
10969070
15895677
36019277
4623862
698341
17014511
37988578
3362939
9582443
41515301
35035788
4433527
42279334
24575963
35917481
7083446
3211550
12161888
387127
6391492
7287736
29871792
25054771
4607116
25920209
2027827
3246055
37914084
40912838
18640529
9625417
27866119
30712964
8760929
32873102
34534000
22727366
2644032
3067807
27059685
3900893
38547547
23019925
41451576
23867181
32211463
2140668
19396864
12916815
23250197
927885
32394869
27983650
42880530
37556569
-971723
24070362
43157442
14254718
4733164
5420499
15812715
22490680
43086684
43728
14281421
10341674
29995296
12386574
11142329
3911429
30920347
14760591
30705240
32944678
16515071
29366397
36269068
38010884
31811573
-866357
2637342
40501087
2686287
36770766
27917630
3564146
30679822
22451138
26859472
25616049
-973454
36119620
38862584
30031708
25981277
27232868
20895999
27235430
2664791
25212899
30102972
20223174
20143293
35958253
7556262
27214937
16878140
10064996
6376133
25982846
14458296
5401263
6231157
36491014
16873419
41642306
36439844
40942763
40751608
360877
18660554
15076744
39839075
42087835
35844503
18361679
37741129
25165285
10212030
25007401
2523307
26677898
15069754
695024
30829603
34537049
18115412
4896426
34635882
33228274
37309157
42572103
8955457
34312403
42741747
35471821
12939268
-978998
30007298
29313845
29357385
4174390
32631849
10634654
40709780
27533382
19346212
21272142
76489
13586168
41506782
20394180
40415068
25097353
5504127
25961895
27426081
2091827
36825574
37570604
27299293
28690272
32958600
4150791
4376448
29150050
6724820
26302509
2085899
38796956
39878780
37147000
8886896
29375206
35543796
38965962
32644537
24653731
20325562
6332952
43485362
40346157
35820891
7565943
23318935
39964308
4663820
36773490
15935987
37147189
27886285
30804155
14872219
15011360
19496453
41225824
31270911
8699607
4962097
26877545
23765031
7393532
43154703
18953309
18244415
13787040
17844413
13062047
21140734
42703718
39794285
41633610
43094689
2299782
10454252
31845870
15366055
11604869
16622423
24555553
2488065
34724594
23914451
19826938
36306344
38040814
33142671
11102003
43043955
12679406
22079206
37153485
9859191
34036910
39568775
9154524
14552171
25485600
42186158
-434611
29373704
21791100
18202216
7053988
12698375
17663820
9185296
6508978
9824648
13774706
33572527
-63300
31616027
3364341
27626573
949335
13275403
26715691
41757977
17412004
42383310
23617581
38629554
21447705
19743684
3907746
10367728
23889862
31316021
39916211
6836334
37778403
2382126
31431948
28948012
32479508
37132157
39552508
3812789
33878509
41652746
37501177
25467600
20901037
23970159
8502745
38627090
33489367
31388333
33414251
9159655
42266599
30496795
36371411
22193982
11854396
9293830
33566725
15496534
35262390
33414510
24733484
7743163
30985596
31736763
39305490
6233464
1098737
30364505
3173894
1190960
7706986
2913458
8120395
27674293
23870368
29694604
37744497
22033271
42226760
42216759
6617280
21985363
24885526
31779582
28051070
28857147
20465517
36035810
21416303
9973861
38171891
8345887
29220018
39051541
1674817
4966285
31341536
33154686
35528088
25518130
2809140
34162220
32996660
24040768
9309456
16855418
13956614
13729868
5730999
3549315
13073850
9346941
11144399
41522447
1870382
25322953
24053854
8020642
30976900
1300691
28762062
9041278
17918667
24025290
38925681
32186360
22191506
38838782
10480239
13781208
27241060
15967750
29502514
34107946
29920663
24109245
11291961
34923409
17525879
36777953
725200
6371897
10040674
1647589
4383744
15765493
26477927
31130514
40181898
2156228
19202622
28308755
6239921
37556884
17245569
38144318
41283553
23818748
11123519
73672
11734192
29912046
19169467
39073454
17975489
39984160
7728792
41562938
18810340
10261310
2788036
34605140
24857258
15335599
40550539
6379341
16258891
30500275
42987143
8366163
36669614
24512425
13169268
27129868
30636265
28630348
31057697
9185585
12850647
42870445
31486529
10790473
41830300
12040931
32138791
24407954
6080963
2681748
24876861
11075358
13735716
19990200
20972842
7588408
6881857
26488727
11439238
12467641
23227033
42036475
14074002
33467533
27752718
35115992
18053740
40496342
35104064
33691472
19628060
31667261
32079395
27311620
34189559
43050450
35718917
34867617
23987869
14399444
32088326
9232723
13252252
2324100
6679173
7911245
2994361
40696306
34829898
26728296
12528016
35334758
19786314
37551200
21676546
10677872
13352863
41309990
33187448
41586662
18607542
14951963
43242610
32848415
11555796
2193184
-864581
10908386
14310648
22005477
-564114
5691692
15513483
12598258
17099397
36201206
35409236
18575790
23730248
28496547
40205087
8201498
28553916
7446931
580607
8731786
30030244
33538735
18190583
37553773
10364821
36539783
26076076
36505381
5456248
35034297
24243595
2106823
664803
20874814
18127960
9450190
14218303
10536375
39809085
6689848
30995258
19268456
40336277
31904314
26899732
27078538
15951619
-6847
1488296
762797
39608374
5149991
30446613
34053030
28509399
18946700
15048808
43160318
23768925
28667258
21647783
39147613
15559968
15823186
65661
33923184
17457513
26687431
40522049
32074611
5381775
39979116
36658403
3668847
41611213
15013833
19669366
11252678
27195071
4575762
7387376
31710406
5711282
40716756
34355909
14698555
36504672
2674326
41209419
17406421
2711011
9200078
38532967
26208289
27797367
39437511
10065484
23359268
6319617
29263905
23178548
21387556
12683075
8621711
24641176
7146180
41619148
31142936
-353240
5721473
38023858
43035062
13396540
23735613
26440819
4490793
36401370
25189883
31146331
35459552
14582431
21513996
32306949
26258755
31856418
25981378
39079572
9389871
31773005
8384252
944900
24036104
9387658
13826453
40454266
33816661
8300179
560230
34822756
17769897
16329229
18129764
29617101
10526136
39471518
-618318
957839
29771741
14963925
4229190
19291347
41327531
23998620
2571102
-837174
29755882
20237812
40444072
31258365
17397535
9997610
31926845
617647
36991672
30721730
4152458
23376545
3991687
37412285
6337913
26841375
4117161
8703870
32807448
5886045
30635096
38792844
16783272
6257268
20465010
7688091
29542914
20292102
-713147
31788807
4734518
34301917
35161338
25625642
10530416
38517886
41372952
28653958
28586153
36037879
6911270
16669993
18582263
26437078
38979277
-373232
25979866
10890643
1409519
41427426
14740983
23436203
12496749
-101667
5914614
38641982
33376486
24776946
13720646
4653638
7973657
7276058
27270768
17591737
25450338
19059869
33801396
11055565
39672391
28278538
38704269
4811749
42443667
8366216
19953227
11162178
36804803
13148255
41901562
15400767
35858968
4888047
3234335
32017784
21460519
32142591
31429109
26059149
13791723
312470
22564906
6229879
10837777
30723982
12554720
43413961
37384911
11778124
14813648
9595672
2391354
37215587
37949073
15467656
