17418775
25248648
26422887
40964759
40939710
5920601
30340418
16943847
41949944
30589586
33490756
16762048
13989492
8482020
11751790
18442305
16190539
4710745
35400534
21345690
31502114
31325052
24964248
10496508
9214280
41524594
21484388
19143612
20887041
8129152
41250702
11588837
14678816
6127503
34500636
10449955
23500260
26346421
21138488
15002935
9682517
31795892
13242523
35683621
34918672
3969038
19079863
39869339
718150
4167875
19954774
33954012
26973810
23030908
19911399
12282285
36761969
29981547
8140381
25763037
36656851
18283619
20619911
39141014
27982597
29218205
10701959
33386373
31922933
12014692
21635142
5491606
19421137
36850985
27094833
9267428
15205455
14920498
19301911
18426933
16310762
38454380
32437647
26655339
35325666
22715970
10446861
12744103
12102575
12733690
25703136
39035478
14047198
34062335
1799852
28642525
5766650
5800114
15098321
23310408
8457912
18866045
8252291
43188824
32432334
26257837
24494330
40815886
12512826
25125022
30257035
1337909
20354052
17409353
8582662
10985939
33619778
6043769
11022886
6900997
16026253
43476392
33803445
16769284
505640
27795324
29211099
41826295
28777158
40207563
904388
41857310
43416303
8884832
11613852
23102557
33291490
16218195
33272727
35314085
639260
7654368
18473057
37834726
6440316
16006917
31392391
1755573
34478073
22970278
7939269
20108794
27119559
13269566
42286900
37262712
41310521
22343603
18548348
41104492
821578
8766711
29166513
27734785
27453358
32553299
28936454
33502191
3752154
30810009
1211035
21076652
20593154
40565616
19158995
3269496
12099983
27352967
28784124
42442409
32141982
16600510
3207236
40170507
27244646
2361277
29530929
42915072
-482719
1197904
17747424
10102276
36157245
39409252
21668193
35309497
4938348
32882349
12300703
41266170
12402113
30170356
18769546
-983978
8463190
7986928
15512036
38163809
36400991
27737019
16848329
35959405
16480059
37953926
39155615
27420324
15349326
31401757
9181593
8630549
23175271
11006088
18972670
35509319
3174012
11232274
32501352
41999424
5082970
33869534
35601406
38950751
36105084
28195360
5210494
19552073
20146348
13818050
22410918
21215327
1299244
35492924
31906882
36238827
7741350
5596463
10266850
37665085
29640224
5825884
14566593
15875691
40176872
27498232
9852246
28248658
-218876
8508438
8678993
20160514
32633271
10353356
11096498
11482792
30270441
11851567
35543341
20313268
2619637
40600675
25641959
507543
2463318
485853
3951771
11404753
35147579
24069703
30480168
11414220
3851924
35576044
-247907
34363569
10421228
829466
31619535
1264871
37028611
30017418
37005877
23286827
6881427
26335140
36255567
13093792
39807399
26579518
10531535
40204340
22644436
34304476
39483779
27051438
-901924
33263292
14885621
33266723
19449864
5769911
3778071
27891319
9528367
31534484
-254128
4726243
36184572
42424120
-779243
29588412
43106460
2608889
-5637
16015534
12592763
27543640
14725521
16502708
-549924
30361939
2310623
7320443
25624450
34907896
31283982
30532706
25684580
24766404
13051830
670222
23146816
21457502
10276305
33237950
43002506
3790310
25198729
34793270
28397307
7607325
19878335
15132333
31666474
9260364
18228284
11525294
9008716
20642612
22536405
18283848
9016261
37183210
7911937
33990203
17667332
30243742
33227813
21984768
13267465
9677858
39319794
22949708
18663558
33704323
33420727
28020129
22643457
5748493
38151216
38163067
27736473
23695516
42287003
3942317
43460258
41105916
15755803
3800312
13266100
15735135
17566942
22674714
35706803
25983838
42496887
23055937
32844700
19784917
17183143
33401108
5581198
18543389
17345627
8914734
21686537
2371313
612189
16341959
-832312
4464616
6690215
39546352
5503506
3736515
42111627
42000694
2324027
31311194
26805098
11821081
32731546
3177924
26431511
2712640
24515751
3576686
33937400
10241634
24295131
12196495
9551823
5977031
40002153
36782516
26141367
32650567
31814679
24653327
2984797
36833399
21999360
34683753
3951393
16728790
3395546
3281733
910346
9309551
3287764
15321251
16779714
35931733
29703639
33056169
17168392
1799613
35799670
18470283
35654634
24671279
31273134
7543719
24457824
17262208
10624578
10384426
25626890
29756632
-686796
28470690
4739194
7949643
32789195
17179129
29430045
18736329
19726976
14422890
33907845
37983200
34237679
12581334
21014007
11750431
3099234
8391122
20301743
6726318
7587949
41442656
25899887
24135275
29074227
30291606
14306253
42047753
2875330
8351016
52382
17924221
21095174
21518890
22480430
30288072
16726953
2246812
6305948
28782891
-413357
24069020
306838
-621310
33224819
42513930
1284357
37184856
7070921
41100725
-724726
16819926
13412068
35393075
39183987
6678032
31084695
28875795
8283178
26404912
4672667
36322493
32869815
25670729
16707784
33518036
39653782
4215733
24832897
42005549
28686070
37928991
10149985
27587103
33014727
15566979
31193285
162267
18100051
41263387
37462532
34987024
1168449
27273890
38683162
35103604
176408
23476399
21630911
32496845
3978895
36578585
35887911
623948
5695566
40234811
19568734
21726250
38414673
41435634
25412181
-253259
18219197
6409587
42434171
15196553
41378280
36292263
43352423
3623973
40768671
18527912
20506234
20013054
41622543
19270703
41231685
30739448
21830059
6195193
19775795
36522888
2869348
23735794
31871976
14587243
28727116
10835718
15779808
30853388
30128683
21232671
11882576
31113386
7763344
24687107
733208
9667286
39934634
27924977
10412472
14336300
41102829
3230595
37911324
7179742
36450382
42026588
40554068
40854593
35161336
29457581
32852306
20128802
10117945
13982094
38837079
12615449
11111334
41257549
7879269
22516115
38963002
29565626
4808081
33578568
2926348
19442137
38994495
30776796
7576085
35025664
23849426
19218752
18681406
38675084
37817297
10370023
18408829
14376604
29458385
3602526
21432799
13137300
34609277
6888267
3652387
2166028
28408195
8383880
10565269
41776725
25472909
20822941
-686842
14514247
21397117
17607176
31079314
22365714
8270859
21802629
26421368
5440056
39627149
15921820
37200342
10481784
898958
42017525
34539206
42052098
16944691
32707477
42472019
39064609
23425319
34732787
26520341
1332005
11918358
17638576
41405593
6386994
11971746
21576915
29540785
2412039
24710773
31857848
4836761
16133684
12882597
15455330
-663007
-648924
7976207
40224493
27361947
25190223
21998317
4638174
8227128
7701939
24646493
39709927
120126
691597
7320534
28694341
35034919
6808692
5966761
31539986
3530865
42471510
17296224
3247443
-545525
-864146
31216238
-350216
24600822
42129531
16564623
489069
2923044
12210130
34006874
3489011
23862561
23875647
27938343
34013594
14395452
2266551
3214127
17902272
15208023
18055714
5192877
281023
12154269
23167036
43527433
3646817
41989235
29231400
37742742
33363467
38551791
15854978
29251192
16936926
5666688
15548729
22193903
23009996
29223349
6328888
18521351
34582327
39949011
5771624
27283596
23494728
28856275
7179653
11475402
14562336
30268957
39497841
31434725
8921389
-266693
10875949
4364071
24342898
33300559
42155630
39361181
34764814
42282137
-743661
5244619
20029931
21126960
10497377
37494666
16573018
1499314
22391166
16223693
19789579
41538107
22083654
20838158
13525186
21440692
34422015
8355868
38361588
16653767
2149291
13058588
24688459
36560777
26654394
9526309
14947163
30817357
31969674
31960649
22671276
23081937
24883231
6742796
2514992
42699675
39534815
-472257
22322396
35207863
3730194
38326375
42783303
9930442
7277015
2446026
29314854
10580821
38663344
35638683
19682799
15960776
40970594
19707846
8303078
14723051
25813148
10090207
2018488
42177672
15269054
26488083
29771191
15267225
13381130
20907439
42437902
35875121
39536219
29293973
12480171
42012326
39434464
38626048
32879627
2266290
17771361
9772091
6981012
5408808
11276931
6081395
19650046
2085985
-196210
19428338
18984120
390166
10580938
13007693
34478644
16104732
31593704
9656716
10369332
30787830
37650138
14169875
14368676
21355340
41655359
13071886
31087947
15272369
34175644
30831781
26621095
41768952
13019462
34852406
26428568
21405444
26490235
26935389
30327035
21517443
32047966
26617940
15792779
17878405
27667209
43521249
39502199
5036085
19231269
15676331
6108041
4013320
40007634
32115466
43053204
11477370
9144619
3048890
31738783
30232274
22668449
31137649
15210314
11376870
18587720
39149594
16120648
42881496
30747945
3083583
21776845
11911448
4833115
40982458
38728873
20623760
38750145
18462104
29501220
30809369
15139344
31859513
18390957
18217958
42550526
25123226
40134123
7623940
27489268
32724561
43149199
15025025
20461410
6696155
38948372
24026112
541316
21716497
40092525
21695877
24607504
11725102
16797375
6269353
11673077
25652675
10390474
43066629
24008156
-123070
854699
31552064
1984193
40542378
41715497
2663747
31762714
18003109
102729
21120531
9734302
25788232
24684749
13969318
24236043
21743264
36386089
23790242
12929594
10976688
14311350
20904135
18998032
20438445
666111
33374027
24106924
37893012
12606393
42351366
42823284
6245263
13500149
26230419
24303115
38224969
8453296
23178735
15479388
1410385
1724091
14839915
1689836
17611636
39121460
13138226
29279617
-838077
26426770
846201
33981602
32007406
6958136
42860683
29594694
36441177
36204924
13825717
1640295
43521635
22602575
30251555
29203353
38208497
36661351
28405036
42409998
16171987
10921816
42393917
15816226
10869793
22641951
-839703
9182517
26701427
40873333
22934836
15630215
42068479
3046350
42308880
12813445
42793393
21395740
10510114
13263929
22200811
37833648
3654739
14441477
17719761
23762394
36111667
22091778
27317245
33117307
11142110
438828
8528363
1436885
515851
8515715
19991358
21269332
13387325
12468986
6567575
40430199
39547684
30073476
32638542
14009424
39163211
8922243
18624473
21425621
29327316
34129243
27912533
16922631
33777859
16821343
26389795
1546980
39114662
23971928
22495678
41773084
31126860
31152299
42292651
32969534
5249236
38304797
32368829
40485001
18375254
2276121
3752740
39214450
17063270
14849109
30572042
459185
25433365
23226249
31333835
3949821
8309604
12159160
41539793
18013070
22370251
21840653
41248021
10735117
25556358
23249584
16477577
11196111
24324532
41551210
4324871
20645435
14364718
21075106
9848745
27995593
4704612
17468103
36307284
10873455
9976085
26771038
29370410
38918367
18169141
36569108
38145132
40550656
19778115
27298539
5782077
31352802
4569312
12917906
13273505
14146603
13280179
33950773
14003518
16903259
14876323
22748528
21632182
99195
1093858
29254817
19243359
37105312
20260203
8232108
9576017
34826925
26930995
15509542
27707417
20358511
34703122
13873695
33103672
5490529
13519878
15272575
14048872
20353224
36627907
1155061
40507721
21470651
17872778
36642977
15647883
40689944
8249937
7136641
-164795
27084837
28422833
6191612
30233651
17901106
35213012
42281070
-527370
36207217
17300870
42068131
10230174
25838044
16726292
29187082
21644420
33694172
38516047
25885793
845105
11100321
23668917
33677083
13298219
38881029
20360122
31854860
-501253
23733574
20442165
7935702
40338269
25908770
14335544
20974435
12813912
42904289
38191674
10393075
33704984
20726289
43247718
20985325
-221744
27436687
34744714
24121557
6495826
36805489
42440394
32858008
37302318
23425811
281676
33164715
35568099
13929819
11441175
23341214
6522781
6814073
40237146
25238126
3017690
-765107
37880013
24806552
30561748
32434665
1181768
110907
3796569
15766975
17689164
35092395
23042140
32868509
30048630
40088649
5893680
15816172
12831314
20616860
-148254
2830007
1278454
7305685
42782292
10150117
24053869
7259421
20279344
34549582
41316001
24773827
18447227
15119551
22691582
33543271
14521188
5658933
21871548
38572153
3066364
22641973
18784033
9336906
39340491
25180420
35397938
19661563
20652577
42220237
19696290
30145262
14237941
446750
31638237
11773084
41295859
8272106
27611206
32783883
32131172
39863515
5317877
41425504
4301399
25463510
11646509
37566141
17372610
26598360
22493815
22449596
33063921
-900458
7459986
32460019
36824663
8766081
34956576
35106646
15279845
6593606
10750437
40430164
11002712
-347107
17259984
9526224
25871124
5405488
5625372
38939669
21003646
24752929
6098726
13255561
3013350
30238908
29026973
33868381
10868342
41911525
20023164
11489362
20089487
38231203
23372769
17016161
3931189
24690702
17061800
11169247
7788703
11988725
9551450
32109105
13454141
19332228
23265184
12298125
35120206
9915321
31481242
12960154
30493599
21186184
42978875
36123474
39777593
31447890
42473673
4828922
4310844
15977987
32266401
18445411
24819321
26961714
559122
37799114
14895193
24412532
3613260
26100514
29682622
28847697
43357566
35775881
33089043
6845363
187351
16787773
7125031
3000039
2824714
26548740
7137083
13949684
37667517
1165729
17655364
27910349
13168606
251363
9547551
13264363
4919246
7771887
39754700
20408048
17739379
41258600
16949338
17332561
33216376
33403559
30502669
37793184
23418778
27730611
13270788
30896048
36238013
1499130
16788118
35188888
37093885
34311364
34270354
37764731
32261901
17083004
5666776
12634217
10530380
11063593
2827374
37506817
23758084
34663154
16711228
18102487
26158403
758252
16912461
6860505
21706142
29767695
4394443
1717807
21628150
42530801
11406246
38280854
11637121
8707764
21692579
21631927
29465800
13153696
16795224
16361605
823567
17943225
403051
7908648
23227089
26471826
28568045
7495811
4532059
28224826
12106765
25757901
22957072
5289395
19850221
3722816
300642
32054310
32322225
24432262
40371465
20217781
23716513
22193808
2478923
31873022
36152727
43056383
4989377
5774122
40511045
16908184
38262461
35391789
28211996
32395785
27835694
14483749
786153
14417665
3628619
512361
-830982
15711314
40681871
23385533
6395890
16762619
-621322
36731088
30757169
36722917
14597226
40313154
7378255
-617040
36223944
25729511
4242257
10475865
40361226
30250181
35285113
19895932
14187550
16449130
10914455
42855544
33393903
37588981
9357903
24339389
42616461
18100844
20670012
11280069
2236858
41682608
22870623
15697504
22078102
12250987
28776357
37988672
21652587
13849797
40245048
26714158
3683436
3938645
20042427
28654986
23120817
9532963
28848360
15233071
12285929
29020825
10513784
11584268
9905922
13984712
9849621
22288344
-50665
26801524
32667714
40363213
26088706
2554186
14184170
39116850
39991534
29195086
41986302
8961370
23681578
31809145
39082105
14033957
30613607
14475939
8528066
6391606
39075173
34870074
11648813
6747648
36754243
20865658
22684468
4063988
26096762
29765846
19021010
41511937
36680632
4812190
12233638
-170310
5013859
4759655
39219855
19761211
11333415
7931874
39725563
24191692
30885945
30882859
17891557
22690729
9559303
-629920
37090301
5479526
6324939
26207710
38135359
35876786
27216170
-975375
41373414
35989698
26977850
43013075
20574453
7740965
27912159
33800250
24094337
21449530
27843257
40073610
25592970
2588984
39967064
29102066
32775198
848173
24303153
23007118
43286786
34258665
11944052
10296546
33578223
33340922
6155837
1552924
16046889
9775126
5573817
14133713
7363457
30173864
30833010
14562346
7696032
11802528
39077114
24056705
-112582
2307665
28260159
43515061
40738393
23097053
13728868
39735293
29769219
4553516
28505925
17997204
36908939
24712508
1797533
14048786
10175814
21382731
13673412
12074497
25544969
42904439
38899021
23949488
39977409
32769702
5715627
39145487
35894508
18026328
43205556
23678094
41167324
5019246
30577210
41353909
16590662
23361909
34175971
8819818
24745838
20785258
7269845
10740835
29694169
2514744
3119362
37111275
28503871
7356055
14750085
4354168
1654883
4319069
14901104
13156727
14523826
31300973
41354153
19378777
22008034
22791944
26439330
11102474
-775824
38263788
42843384
19113322
34012269
26940049
10275120
7748836
25200470
6971763
14160609
38042713
17003074
9342192
28667457
7061005
25153243
40891925
32582508
35975277
174137
41328936
5181013
15180045
28579495
1042354
12790600
11393348
12062834
32486705
25074011
15986203
14384145
17867401
5133706
14425123
25518262
17545650
38910757
41870563
6497911
-971846
22251877
19268740
23635722
7797181
13965525
13918976
548707
13841716
32568118
20101149
34756977
18193886
3339382
28996901
40664228
13365317
27061566
43120219
27962551
39315023
25689009
42387980
2737501
1737776
18519636
24456121
1950386
43284130
36342745
16657986
3643613
2961264
39990697
36816785
37284578
28886401
-606761
33280753
20195887
16636763
31299891
43381347
12893092
19502760
28574238
37801329
18789605
19456058
-107919
14405929
13042197
23378100
11407863
5626328
30807484
21211596
25152332
29054377
40615932
18400154
35543154
4484721
22923925
2145980
11798413
17670865
41405072
7689638
14218513
21826287
40977618
13088680
3986652
340427
33392866
1087166
27108638
4877484
13468412
39930772
43360277
42852090
32682385
8808368
18582859
40790966
2107697
42942023
21399524
23402218
38566850
25538215
25025478
13476731
27946816
24658604
40022837
22606899
8245612
27257547
21253567
11409360
42207141
20225012
12096155
6317056
5124033
35736711
26583081
27333771
33289363
8766080
31997790
28437072
38546219
17283709
40402358
16447661
8367906
10104255
38538951
7666370
25599535
31217487
22696452
39422966
2812731
10330839
24002577
5399289
33307332
28616089
-4871
28844857
2510387
2741769
981361
20515865
5617174
20812736
25063737
-162482
34423023
31985373
28357119
31836138
6656286
572995
5826438
36837499
18610447
11740942
1351155
41391238
32653367
27991021
37657567
8545925
8964858
36668809
21473013
36019418
4407298
33054400
25649856
39171574
2085785
9289732
34373151
22211655
12999218
14735353
40085099
14811059
24821107
7740077
28949159
24050367
15507120
14929078
40441483
31208877
17289236
37276155
23928708
23606958
14284759
6896709
-167368
14692701
37636256
34187389
401080
38853626
8088943
13575739
31890309
9598823
4010085
40631737
21537475
17135776
20790318
28676983
31069318
40422953
11164272
21533479
15058128
8186666
24503048
19915635
29111689
23709741
38741239
32736710
22836575
11891152
20590268
6545435
28720671
10656115
1753211
21053514
23447785
16322684
1378570
38614393
33500233
3110372
3227296
7939289
20845400
12042124
38681647
3519640
946482
16569006
37568837
5818316
7985909
31837702
41456271
11676569
9304289
38205010
34539210
31787664
38350469
30797167
28800738
43241942
40514965
11067941
8465653
10627964
1289921
20082511
21480987
-417876
30486055
5666129
1124478
2563884
29582941
15996185
41148126
15156132
10359153
24734974
2845381
22875334
25507827
14445526
31478199
12726931
7253361
17542839
40455485
37597916
16750879
-790323
29188632
37413736
13663347
34640839
7091584
22916854
180179
25466390
12107344
27038484
35702101
23606838
42292424
-943495
18057849
17876614
32080030
1785298
1676497
4781575
5326976
22099200
2125830
37297533
14341799
14741286
9583384
16871664
33960290
16296748
7004237
20049899
1256393
30623255
37262319
1274496
25087361
41846790
39127795
6410708
27594444
18391406
33824602
38878774
30504254
19684744
39222648
20494072
20773624
43279609
30371806
39162450
4768710
17150
36382729
11846976
10504446
34852914
12941247
13267769
24786459
6089220
23777619
36696225
22442051
35349024
19294521
42953307
13711675
34233939
18584869
19350366
29948942
21914043
18014793
32390077
25378856
2164604
19341579
29422339
3192468
15865792
38053437
25769449
40880400
26495340
39702792
16638298
24699093
9878633
28181048
42577446
43208117
20347906
33679372
40998153
4411139
13631020
12660569
15331962
42487781
40240823
39323233
4957477
38785095
22702606
6604003
31012650
25887157
2695254
29679851
8148353
11140973
30610621
31828423
7054606
18727244
22642934
30655451
2276792
25401432
27586240
-924499
12922955
9390074
18292154
5330330
57495
5997338
23237630
20325758
5956940
41321606
23539367
19724984
3033602
42457409
28320184
3593245
23619938
10203325
7374196
39774584
43180030
8690943
14439958
8945299
3969900
14433968
-411558
16129068
29029328
6479142
33584235
22405989
7247611
34377413
40480198
37875661
37089764
23923974
25765315
16552625
23463519
9963567
7362250
22061273
8069953
36645319
18206958
37870989
13069116
22397510
18751224
32982308
992715
12824546
25723149
8356040
4169480
21020971
26253913
40406424
23862059
20635701
13473360
15741884
11963940
3097023
5386607
36981544
33109388
15218134
24031211
36037930
24554792
14433481
22777810
167685
29894000
39988942
11529692
38179926
32734977
42116626
11844601
8314414
8729253
12698070
15896760
37693493
31878849
24447459
36171792
19411037
19353918
3494324
4206932
20082416
10983556
40319579
27592977
32250109
3822182
3155415
19908527
8846929
765416
11560254
19689080
22461580
27434087
9995225
4890689
34635737
32733691
30480004
17583677
22503781
3340781
5795559
15970860
23285851
23763056
36589628
14078858
4021609
2586762
8452538
41773950
2802359
39470887
25984510
900161
25891083
5900800
14590997
700568
12265615
27467905
6139700
25889731
15288756
32383307
31121195
1252274
41800153
9156024
9492041
39487468
34478894
13713624
42922437
35578655
33715454
13603258
18778858
27578272
23635238
37047169
22053069
41402000
27585895
17621115
39649034
23710938
5772
2401265
13436841
39031177
22393920
39268644
8250484
28060291
37509681
18845512
18275200
3707393
27843354
37918372
30784856
455223
14756910
9853496
27116320
7902456
1445476
38485519
31341928
31697076
31023441
17488747
40367947
40076680
20602394
9463394
17873217
29472746
3236147
14710334
40913401
23344240
39488524
2907331
21065578
28667499
16732505
35960266
22823894
12033210
29358433
36666243
1561820
23400484
21913421
3953695
-985176
17403695
11791245
-374979
43479278
40699108
19229247
29653585
42308819
41351049
41636105
32513478
40191958
6832837
36150115
41221655
3721631
16999475
36169078
23500648
3877105
18616807
28005608
38202744
5003030
41252156
26500854
16883602
37550544
3645753
18115299
41210541
42395967
40100475
40620849
26330595
23875446
6882254
39632831
11517669
18484383
31324116
18246135
19476296
13669200
42368202
5426191
35951346
8839201
40404658
5553743
5872181
38613409
36977261
24147725
-659127
15529272
9460417
42760545
19553250
37551615
31824825
1343644
10661952
24836840
25473192
13432105
30909510
12813497
36783339
6077151
2663244
12603342
22570510
11096115
189704
18833501
38713058
30221036
13141313
12770508
17931367
12489780
31425728
