29018566
43516207
26457254
23199567
13681767
38075029
6884161
3670732
6129668
18386823
28112196
10034995
32135973
32121672
9751127
6956232
31061234
10850999
36627751
40304463
18620586
24281344
12661360
3720481
415174
13704179
17401320
9443347
3906517
1446664
3256581
42295148
36423836
18939832
10579390
34762679
15560905
25670908
8340876
6918063
21143304
5505718
39291363
39293432
28270645
25093594
13246019
34112365
17071098
16864420
22538293
12064168
13744145
25394666
19395553
13703598
-841676
17142941
34287631
22317012
18618781
10734112
30975785
-371986
19285686
-357164
28389988
15991540
25113701
24444974
5211465
2260650
19362877
17664475
15696363
-862403
10160923
12260240
33900687
29224246
12325865
16222690
24319071
4489772
5066711
5628297
-370544
39789223
-805108
11016774
8649604
3878984
30114197
27242827
14107226
28433447
18647266
808602
2421281
20857332
29198181
11057271
24137112
15872046
34699416
42405809
34647702
22233248
7786853
1714434
36513627
28538102
32618095
36313331
2175232
42910180
19214560
30357318
2332782
-149635
20094856
31526751
42967111
10335471
39199185
1545938
24495255
19355197
40846657
9329160
-605198
13479711
27073053
17221279
39693560
1889215
39681654
-861311
35396105
3731676
11858768
37233374
5558930
29086975
6402170
38426436
4697299
6960432
27148424
35999697
4766315
28317087
10362850
18526621
34408721
40808305
14016953
34003817
14105190
32436166
9976333
2886207
30884058
918945
5124873
27732553
33231214
37635117
271817
33020286
9518138
18269572
19481407
13006980
7719731
18569671
5641093
15766179
10626214
40303820
38952929
4693995
154946
4356847
39573833
18334679
23650887
31729231
5281032
14915941
36199807
24331432
25984294
19415087
24436542
10953048
37699167
32466170
13521200
40921877
27960701
32714636
42623738
14681432
8354241
23142919
36062390
14314633
10559061
6258588
32868087
38324075
27185823
38945068
4233043
38182569
1886992
40067186
38203340
28771266
18855855
14991063
6594778
36541509
24671971
42915358
24905729
16336993
12332067
20737351
20900716
24191791
7585209
31846276
14870661
31212441
35014155
14724903
37172227
17406215
26724653
20445787
39342443
36875130
13427155
22155160
4975362
17266760
31642960
20029989
22279232
21468522
198784
34638623
11099832
10500908
12846725
41592021
35973716
28448516
5305708
36112977
18684840
28883220
13906097
18669487
42820643
33603377
41261026
15910709
6896963
149756
23411274
259679
32238434
42549005
19188767
14911946
3122819
16602630
895695
20127559
42120773
23392225
20040577
2253490
6916468
7990438
29069025
4543174
43438959
7510830
17949130
29204445
8256695
22407161
3828584
8536324
31445918
37968741
23568323
2629089
24796516
25887565
26026476
5978224
948469
38682011
26581205
40505335
28938153
21250271
18510001
4861740
-518058
3063647
34219700
39823314
11930799
13205520
10468507
28232621
1468551
7195212
7550540
32398980
15620411
10870355
13697005
5324817
18506747
33426330
35372647
41023259
9408418
25326676
20994539
30530518
21994296
17612112
8992746
33389169
39330419
15568702
4626195
30989829
10123665
29810172
59958
37599693
8746844
34110251
3518531
30351036
39603369
7132929
27365972
37559667
4354964
8582316
31952855
23780764
28856721
25250919
10354388
23812662
40341695
559085
39904672
3734016
25601180
22796747
7882973
34098722
21905478
9826231
21293033
4245134
9307170
24941711
21746460
6603084
13217134
30054144
38693726
42024442
25272577
35752308
32835358
41006902
18582053
1870275
40138331
15051254
33582695
7864782
28865839
25946269
3684032
41435841
19789061
43408154
39697263
36583282
9626648
14492882
28459168
21524945
11496748
26727539
13334754
16278109
16711804
17487838
36412044
36952522
27223734
20148568
31764323
12891966
30758300
8318722
24496332
8740141
13563209
37348285
20539894
29939816
27944560
10451355
3563467
42420277
35675325
8416041
32753529
37777610
5234146
38740828
5559196
4710837
10529268
15558962
35319969
40380961
7399463
42700046
6912605
12133859
3955510
11024622
4744175
1219965
12774509
39790929
5147995
30427744
11718731
349109
14854697
26736746
37007039
37314691
3294227
3369773
29084557
19742738
1859764
8426012
7625728
40296664
18829462
13180915
4739881
22926113
12595250
43357723
33385858
26679526
19809546
5690982
32991903
32102064
24781605
9992774
16364309
13807206
3396073
24018550
14775194
2030849
24509827
21797825
11758563
4720965
25882573
18864117
12664483
28752551
5202680
31874068
21922100
12880383
36562085
9681062
14419250
37201293
33507730
19680761
27822426
33093997
16723670
25592030
34612547
4753548
22155018
29605131
38086181
16878790
25723273
-668300
17371029
36550644
31818969
40155246
38496270
6720484
2171908
5223005
1489018
20328408
26016026
13237250
18178005
1124770
31260909
9869426
4252113
41757097
41151601
1959462
11064737
27208956
33831630
31154215
40999352
15861223
1878235
5379356
35668640
14417029
1174919
12571040
11609602
15617649
3669462
14046992
4593506
38749007
38022783
42077056
29702081
37007290
11408120
18466086
15502710
42123804
11263637
34251207
35306234
21886003
22493054
38685241
31364015
11850748
2858136
-330746
31492724
-418440
8931604
30195039
23797083
23775357
40445709
3649856
38912819
34390903
33875042
38517335
25971629
26282244
22543916
9787647
27601943
3405252
25335466
1031126
31353750
19120027
40842950
23693119
4805613
31415702
27397877
4038797
28607079
18044648
29464624
7950148
12461160
16951406
25868594
4628178
4159252
30496452
23636317
28136137
11686541
19288003
23803272
22533094
31571173
19165479
505403
2385694
18623102
19132285
22097571
38056708
11816321
37798687
34427053
27621131
-300431
43102338
16353370
4237949
42689100
38191996
38812349
16709293
13227209
12290659
28146677
3145600
16529340
21455691
11683744
5286716
25535004
17543054
10996816
24818267
15072794
33759621
30263109
18810665
5901728
19943731
8923846
14518641
34816138
14314067
7702618
7377251
32560010
974073
34782971
33661627
4058391
7053915
21734734
14263928
40800613
28904982
38725300
40635136
38777668
24195779
17362961
41587036
19759390
7045534
33814819
18881346
17719873
41460430
17349203
2555637
3652406
31034497
3172178
42084014
4186805
32434666
27364725
12971398
2549744
25677643
16909705
18008141
8819774
7354319
13161499
8242649
5658677
34975127
12491483
6600244
22703791
42433102
8862353
31561889
24441820
21888830
37656643
8737757
40312492
28513187
17035617
26432997
22531535
25850091
28397115
29565636
404673
12832421
41074090
4513087
10802912
20339566
11399076
42199137
24616499
31569985
23358803
12109
8300127
2510357
3812469
23261197
11496459
11377185
29388629
13906710
35738198
9366907
40384891
37626110
7043496
34885972
2643673
27988506
-269419
16620217
31223130
36497857
8126347
22519635
7920400
35716050
2491859
19312731
14914753
41393093
28084435
18324499
30958344
-205125
6866530
19807741
21042653
20363451
28691435
33695692
27223232
27172294
22129400
6649681
22732191
16997048
20302369
10325197
23453443
10870381
32145991
25980844
24623435
34924492
4885690
42700832
39839489
5727215
22954509
6564707
23936288
-485858
15140428
7611247
29631702
-825451
13420307
30330659
13394764
4296692
33337382
29336282
37033860
35375128
15142915
17398269
38668605
24399101
3661846
30928267
33379917
29108593
27278902
33845036
7549631
5017629
18183523
6327611
23298960
9832623
27146163
7779144
33164024
6724057
9163673
22906352
36905922
-844117
40607232
9642407
11730004
26764160
8178509
5457242
21372046
1277330
33659270
13356207
16310743
6801866
18949530
28935689
42583358
14359816
20664050
25564411
16135729
36048387
-711748
22715899
34330817
40739719
40179988
28998847
29361263
11382468
42465427
32482786
775043
8247453
14510345
12060727
31397283
16433911
32231486
6201998
752137
4524738
14464947
32274176
14481041
8668684
28344124
2504718
21169666
6687296
15717992
3292393
42276684
17946293
30845814
21712478
20360302
33419586
15104954
38845668
14787057
19726669
28501047
30380955
9973524
21250207
-609893
3025101
6614143
16672475
38814183
35658326
40973163
33387405
22957821
40893791
34370990
18265511
24160254
28815818
9124377
1679556
4508938
13928365
10596372
34179235
19454569
27906335
33407913
21710631
12029053
23168671
43473916
935734
43059875
20031663
32442001
11018881
41619818
21609353
2145591
28965939
14016424
17814462
-897880
15436478
25747534
26729702
43228867
16898323
43102462
11030926
26726333
25006042
6655987
27285076
13620375
2503524
40638637
30874739
24299175
22687684
11573322
22570580
14531829
7523224
18693474
42359931
-186796
41319954
24376797
14583688
30911689
11394840
8104153
30062860
39317791
-666063
4567816
25796195
42134479
37705856
2159438
358132
20473918
5287299
6866987
34694818
9584312
19086544
18178684
-283038
12506663
18407879
34997608
29426360
12682769
976875
20563943
39443173
28244539
22994945
37905034
25227862
22489903
32035496
4777991
18969310
34874662
28875870
22402427
43170463
3934955
35250007
20314398
41770272
31161232
41893203
7039796
8411892
10893109
39716690
29676265
34656554
11520592
1207226
3304690
27030418
31106126
18995312
22695699
11313287
26483094
37629296
10045334
20165781
12993322
256896
25524990
4628070
34055640
39619643
40718770
43431986
33050645
25098669
21335472
26223748
644350
27759566
38655685
16511387
25431338
2094347
41797099
7717343
36642507
24403627
25483749
19746021
40813072
35007736
37150013
17313005
41199522
15319838
14167268
15424861
36844109
39708249
16824407
22006757
11178189
12477319
21002934
24803071
39586993
12480813
26591268
41837979
5780386
7933667
26016445
36050001
13812969
39301685
35180144
6498405
27053185
37707255
318734
12729526
29989934
-572193
18386073
847675
10979433
6659383
39637735
29445714
2952667
26702618
11404044
9550664
33228550
38913973
27091625
2219178
36167070
35709555
34533600
42699966
23120963
28121651
4063444
9442487
15117902
27710025
25570461
14242376
14649801
36427430
23684402
6561953
32703476
33398968
39489347
13383088
30998491
26385448
31108359
39846290
13997272
35296786
23940913
36699724
29186822
9750198
27524249
21946740
4371257
30285577
-713158
5257367
17342099
4198275
33419528
35917619
35706052
14332876
29177738
7921681
40327039
12367935
15377205
37004996
11256368
43318496
37683372
27948606
14343285
41128455
31889226
38675301
1572046
3050079
24372345
14064364
-20769
21918511
33551174
33201487
26162630
37835751
6326340
35222596
27775618
25983520
17148234
28302107
23490774
17578678
9845125
9400970
3094123
31772407
42593915
16318611
37114001
39409846
20232836
24191838
-306471
14940378
14298985
34085828
20854410
19813130
39101936
-236380
35853865
6340329
30610913
5762746
10892034
34464206
16446136
11328258
11015970
25874215
25451914
36738595
19101054
6010532
20129056
40403386
16941483
18431189
1050763
765976
31343311
14360051
586339
24492792
33975431
32500413
11458010
23189611
-707526
13478875
23359454
153521
26840730
40906750
991201
21110486
7124578
25755703
20068527
12832626
31184156
12448553
42150630
-365353
2950082
5441731
6054732
30936728
25571176
41015562
17207447
30814362
27580116
3135607
41262453
24822211
23924426
21038210
-889114
629189
8242244
14560281
29087221
19624626
11033616
27846735
27044014
23670257
27718019
30336430
21678603
25153244
34403226
22971794
3547376
29686163
4529228
8234815
22524776
14187285
18987748
4150396
26862213
15542261
6561635
33965063
2548657
5475678
18472736
29379324
31530182
17977280
13531444
27799312
39961777
30755196
36726896
863800
13717157
16967661
30126926
27676990
34510665
19156093
33651800
834603
1860769
33379291
14231259
25168410
35008963
39202129
12654347
6492473
8449455
25216404
25708199
21771177
37513783
32343683
37782702
16131395
36219677
36190501
21649086
14812996
18459163
25759669
438262
3933516
9135334
5089285
26603884
24871416
9298689
33079
27121558
10352513
12915674
4352932
36393327
27085619
26386874
37251908
18888722
31094289
39669772
18530207
1177037
20144670
21543192
42068653
31662908
15920625
22016897
32047951
42837557
23460960
30629076
14992623
34422105
2780693
1547396
23692701
30708963
10884527
40507072
34364317
13724659
37443930
17287367
38847819
38110347
24668741
19355045
39439865
27758511
37865194
41068809
10428819
11339874
38780147
41586571
4675054
2266576
36274847
114863
23497348
23717691
31842628
17721597
38847168
13814596
15887387
36197594
14592833
15909215
21646148
3679973
26450896
918005
11341990
48270
38592639
7049509
27945798
32176076
17066839
38013833
867567
22956638
38540219
21883074
18410089
29667487
31743755
8862976
3893131
1694960
25846081
10797718
6763683
18024113
10136983
29824591
28555832
30350898
35170209
-3460
38333285
15974258
6143173
11867176
33577408
39223053
12207198
28534618
1420035
12896277
40579859
26233483
15333991
-756723
9091634
38032446
13442691
42097270
27039769
-820206
4773235
34240988
21993498
18732019
9319022
28206667
19479976
21241845
40090439
2956103
38390951
26257423
13955247
10277137
40890038
22657790
24338946
7892477
697337
29691898
36393722
10868244
19060282
3073748
31498293
25522536
378493
35778696
26540240
29720374
16316326
17456899
27979487
30821453
41748063
4287826
5262533
35962174
33024522
39398898
2403598
3180020
37648960
34110625
8739933
4887305
8568753
24892642
3364447
14408775
6216691
35447211
14431574
10271979
23428929
20995287
22454158
27387283
-928434
22494898
25047063
33991080
34138359
23296670
40337322
43023118
22504031
5760832
35344601
2733487
32014947
9950273
4655906
9976264
-703496
32413642
17135067
23273049
7983839
4819664
32902523
14283129
179143
10776713
5735364
25846558
33269618
31164628
2089680
28802130
5482168
9984716
12847939
27845691
29846148
20571173
29531955
11682602
32718707
29687194
20142208
18619421
14255010
16862938
2032225
30337526
5699163
2648581
18205161
35533800
28973564
42629092
29111804
29339659
34181434
16808492
10900512
25808373
8940192
3177355
5000573
14038136
21939538
41338792
270517
39625168
17123001
10209809
14285582
15531462
22361387
3851094
30685595
11698330
34494919
28485430
1196460
29462878
8123130
20178746
30262210
16232299
35330526
40278803
11094229
34485827
38259022
33604920
43262257
16208666
32306467
37103372
23490859
41338549
8803925
7052518
39774778
33981612
42758173
30086847
38222053
8800617
33481611
18661562
36047258
20847330
33860557
23787288
8723802
28182723
28316883
31194658
15132139
12458857
42892714
25505382
38053410
40771674
-894723
1800374
28644750
12329524
29842538
19374046
32233547
11355263
41995448
23581115
9960451
925087
5634055
10733062
26181913
42826933
24149673
29654229
42095188
14645056
41710021
42824760
-443315
18176134
37218174
12279754
7560914
13559826
6996401
38555070
21454673
40538446
38903168
27189414
16545576
8379473
27255543
36556414
25424821
28614662
1329788
8701194
10605862
28760660
18482548
5498217
17056212
24843913
40618073
12754207
8189291
31228125
3556365
36448227
3295213
37092168
25060271
32573875
7556327
-904161
26340025
38628044
19095194
2655258
41528242
13057889
10729241
30979512
14776922
237008
40000648
6834988
27268177
2875014
6523517
18419855
24397231
29053245
29072374
29735369
25340374
16028956
14540880
18994610
35229631
18534816
34740396
33251476
1763973
30091870
3243667
39045225
12321225
5877378
23898492
34528925
31931088
6203219
1450074
6572459
25468318
21598152
28897170
8085447
20984529
19686194
28478362
7021806
21658544
5862865
20823101
11625633
39147150
37651620
15998055
10580807
26846476
14192243
28421857
14790109
26739723
37501208
31905990
29650545
2791975
31882543
19195204
20426195
19405317
3684945
30365865
36155874
33299975
31046917
27704069
13056115
33607402
36619011
28701022
28360179
43025368
18568246
8980741
1186658
1801200
3164744
31550865
23383271
38471978
35758231
7949476
707905
29832548
17692290
-111012
14144939
30911234
40828904
9199596
35277174
19123685
42313061
29378113
40558696
18235043
18562842
23856379
3580354
-903810
21899500
814847
37418387
20300299
19716287
11022529
17173595
23202774
29559111
40305936
9227812
19756018
2848997
33062281
10874154
39120418
39842049
18026283
28732490
10868445
6657107
21583381
20642079
20310123
32577729
20428215
17201261
11720542
31963197
5868794
7389804
9489810
18772581
33169346
30506880
36222897
21948215
32135481
13808413
17150471
27450097
19645438
22626278
10406803
14823099
1075600
41425046
12889611
25779072
29356651
42947829
18692064
14407167
29411997
41738835
40552216
4629354
1185303
34268111
42941771
36236545
15015306
27711982
6281913
13584643
40030588
38874071
38263730
31581349
3574872
31602884
28359385
43003204
34124701
27274194
30893605
41952107
8334652
9984710
10176828
40206275
37698250
32368395
13231113
10660782
28597098
8214670
5333669
24099839
8491386
43222171
21465045
16234856
26476461
12688391
14552711
819124
9268539
16941118
35301631
34374508
7466406
20033477
2131400
21903489
39570204
33324355
15938576
5033945
31442770
11112550
6790407
17550244
42388627
10335142
11484898
40226633
42239955
12342093
23162237
12398569
34978559
27994771
18788408
34262722
25413420
19222473
7851610
16198682
16127331
31741280
17981787
3610617
15506923
38362535
37565554
7560210
14556138
3826688
39476562
21586505
19032159
3795381
32876047
-871870
36709736
15716385
8335233
37292014
23296586
31523511
-26957
21729483
15948136
27559674
34465998
20570150
8141301
34481802
4277968
38027787
1918119
1075894
37044301
32689237
128485
9939699
14048912
11865811
985024
30928404
843968
34042800
35349647
14756106
33921817
22173560
41292444
22110505
30549586
17142600
3080224
6644543
33279769
24016619
12609282
20839413
9422284
31810537
18862498
16931377
17491409
2190282
2552156
34828294
11761288
7501716
25973165
24223497
8756007
28493205
8937034
34366375
15838539
39356251
9977158
33162884
21578719
37407171
33649644
33433632
2316923
41615707
18287589
1470842
36298928
35582044
23588462
18555961
14734146
26469712
23084831
18067247
20036532
19091092
20584948
877761
16214552
621903
43023124
-150947
9853785
23832501
35773266
2110446
35312190
24070917
32316051
5553514
33140963
30520341
41483313
27615282
42474993
-956387
27554827
41050951
23854626
16237268
16701262
4507684
22167146
15899999
20154423
5057020
32046883
3231303
37780951
11832753
39531378
38883076
23512725
32360918
23506089
16098500
21781195
12943776
35540644
22580417
30410067
34700399
36038712
28482323
35058786
29822463
41319384
42546224
12451732
34701500
12401052
24687019
35969103
300157
35173552
-972479
21413548
22032708
25585818
11094129
30459651
4011977
41386489
22800025
42064175
634427
5982457
17783310
35580890
37862001
8328138
39598316
34451817
4161353
26205022
14707477
35750125
34782125
6631245
38903744
13127215
1261098
24292511
36684206
4010918
3406939
36171892
889920
19924618
32802957
5743501
27250926
36074819
36613158
28923413
24964429
33572880
29075679
13470043
5545778
6664644
9357813
28247127
17191407
12049449
20963456
25268231
1297756
10960327
6761729
34200371
15862983
2785047
38657064
25323838
5513873
28818602
39502619
4353906
5919763
18328428
40209894
39061504
19681403
14779892
8745604
5172357
39301676
10087151
29194398
15737849
5521866
37883508
43000791
27850102
27228450
3634757
9135505
28214687
37733363
16006083
4273635
42178482
37643625
15967299
4839630
29951027
39299185
22331041
24547372
30444743
-59721
38481616
6806458
15313936
24985987
28759270
-544029
2403910
18209735
15866785
38829070
16493421
21780796
25158001
42373195
20850260
10905887
15157999
19960191
35551679
20894688
39609629
40482020
34414685
27999483
8423762
32949282
6396130
42098433
2917191
35028968
14031214
38922645
28840906
23325677
12024536
31927000
13101479
1098927
37047682
31386915
20564652
42844199
13378569
19678822
37138916
12811065
16559999
32943346
27315676
31502424
23179399
20079233
40208115
1528742
22188324
5648082
17772783
38432596
-383938
35223422
38414738
27619943
22597961
16524906
24697628
23029609
5600763
21981058
41065439
18975403
40711536
25658257
11618610
25999073
1556108
11138758
36794475
12891379
27827188
26148525
26339767
4473115
41110166
23173126
30350307
2231593
30878065
36050596
35748687
10170709
24170626
-21034
29536245
31241931
26053142
26407223
8543927
30203148
41636657
2765373
32236399
4360948
9634160
9393403
11428992
6533221
8801983
16359329
22062808
16812929
25101113
36179369
32624560
4467619
27922050
2289989
27574478
20571051
13053961
11468415
1991507
26252042
22214148
28539139
8853871
25747935
40464747
15377225
28357612
38412194
18131935
5804348
35469127
41244054
4724730
35662965
18165660
1879329
9022117
38175458
4200924
37610685
32189318
-593959
-396314
25035421
28173562
25423308
38767123
10864279
-391308
16072294
40718882
21615489
34468830
10380635
36088957
5765581
7395327
5658768
19493927
40513276
34803930
24440247
31381408
19279772
27567542
18288082
15087278
39409635
35646955
34804084
12688508
43090484
3199105
30063418
43120264
37427630
30271589
21271336
17835340
12107411
36463744
36908018
26823322
38112512
12700409
19463360
25199374
23697836
30856192
40247494
23137482
28931548
34057720
9032362
36973594
43404948
17725200
43491195
26859914
18564562
7046780
37761460
13393413
14701293
8371266
27362069
22094742
23460795
1840184
33173959
3076593
33730955
27028826
42056083
42215600
35410689
20309935
188223
10520792
17874368
5832277
38582288
15463395
38899823
18523048
14330538
16508469
26079499
14307419
29918633
13859338
25832494
14696680
6381326
12572734
18778160
14045078
14659064
6571922
27492299
17954258
24208294
42205751
21641543
1090062
14994791
22269208
22891551
3761901
34516042
26992682
13059967
41683193
9437343
3185003
6643001
3115784
38964605
13247660
26756236
1959500
4611420
36994757
28361873
14344637
11611064
26853085
9613735
1208633
19530110
30898332
25470621
7286806
6966817
23882376
37840987
27014392
36432035
14902902
27330510
27329147
11544989
40838633
24687000
40402340
22055745
6351931
40648285
6900677
15082400
8220004
8425057
1890254
14352854
22473282
29552456
14835043
27979523
38705682
42258339
9986097
38092494
7402238
20667543
26879378
24392133
32140967
2112984
19321002
7282805
11665142
26280684
34330388
28485346
12266713
524771
-436885
14402833
26934581
6723366
25577715
35243768
34502267
23758040
42646167
24752203
7450193
31153768
3571013
-37558
92782
