20637048
13347572
13056818
30851236
4191185
37522236
19852865
36098577
23934996
11582981
2403253
29570537
6996095
42482581
34348367
26619759
38118549
29182128
29210798
10397662
38567028
3240525
7439945
23727823
21572252
21061366
34467806
18915005
13382231
14232193
41771609
14826715
6239775
1910488
1905007
28151413
41395333
38389458
5615815
17925017
18108638
39278861
11747658
2032164
2915884
13958863
-895804
10050379
5312244
37681514
13026408
26826211
25084141
26175565
42847801
13846317
9287528
42270555
4572975
43406823
43142426
33272076
17811167
8123882
32527986
27553865
10366817
28795266
20077059
34156192
3891916
15190373
4312720
21709372
7208955
37209387
31877801
18724405
952837
3056835
32685695
39032381
1960522
19011227
8088589
42660271
28322237
36757144
25265784
42858587
23732452
11080798
26231380
21568372
-581468
798594
40673580
20172861
35800066
15518523
40902018
38084852
14357012
11346451
19581180
42772825
30397653
18341270
12966172
14700986
26316146
26969444
800464
39660550
2077134
37006728
38461499
29171555
18811631
41874111
15042285
41796767
6526024
41977816
34503662
-303487
24591230
9649571
33554910
5605353
16424237
18427866
11050765
8292812
42997385
43077663
26989359
37429965
31984019
13673890
22859582
16558778
37073630
7897397
2029467
16702456
43267055
40394898
15456972
39290554
26905755
7290478
24224558
10047164
17371617
36484825
15384744
2708491
38818731
-900168
35757575
15627562
6938989
10275550
7150380
41538547
33282245
14599489
18488670
20007124
43023910
11749381
10112707
5611642
8137041
7073920
21031615
39629449
9805831
21009305
10886883
19872357
11518021
12549836
25201086
27807617
2325006
2708292
40493751
31234495
2000944
43038119
23763598
32160952
3134651
43349168
29762324
39518495
23241886
39969247
7866558
41442675
36780633
8067870
34164019
30855085
21728832
21001803
20113257
8151320
21633777
21481666
19336877
29610590
24189561
4593043
30754501
29088734
19170937
1151784
9133462
12987496
5387553
41608766
37698721
4951789
33453574
19957368
2306411
26025200
1914490
21427606
36683557
28672305
39116441
39635594
40051362
2126040
7762235
38040447
22688484
5071107
38389491
39672965
30355917
5980272
28770368
20161237
12685656
17376728
30044656
22051879
29682985
-416378
10659288
21394089
31249910
43188646
17951877
-990215
21609065
26075111
4272203
10016230
18444365
34173308
9615420
39540976
2537807
22377638
7569478
1894766
26235966
3284056
42844844
20135343
25794569
38238617
19219862
39794901
23458652
2356108
11379270
37611257
24452072
36627411
23769406
35711001
1706070
2702738
27041611
13304483
39796477
14495495
28662283
14707740
28445917
40302382
16682066
-638627
30847808
35789591
22028578
33138117
4146355
-662185
33291699
13554910
6345530
37748357
32748145
32459492
11380789
40728396
33739113
35269973
29189005
32819268
29330409
11626206
36860243
24287949
-720863
21757581
36906349
19638779
24803484
5271420
37155324
12273743
13179185
33253886
14852788
14860277
20726275
34120439
13660285
13670774
40022979
10909107
21104884
16481172
29374511
11194652
30441166
39471316
4346241
32816773
30577370
12039840
43433782
23859910
31485029
35308051
33586982
2643985
3252309
26051838
12455891
3150726
21253215
27444323
-276324
31857203
40144192
8575463
21077754
35569522
20679104
31260206
14793481
16007322
-102702
33842544
7874189
3724175
9444844
10072230
21219845
41771633
14495027
38356835
32984019
42901353
42196741
5361644
8689213
42951551
15672855
40092251
5277704
33573336
39154642
29042444
18489138
40500182
42523370
15625286
19975053
40745417
18367831
36615663
41166717
31238917
23857732
19659340
40139116
13175342
28363278
9856346
1976772
12350647
628775
3785163
3405806
7764248
16412193
36375943
34285474
33374459
41273729
16710028
31303977
19167528
33653814
18054807
35622469
34181216
19470591
35968707
26894024
24918296
4334828
22107139
31538407
17944288
629695
14120142
22788260
14741769
27118941
23547959
22403074
33817049
20997886
25191762
29214024
23699477
14345562
20750819
1292774
-868491
38336730
19172304
29871696
24438901
16228708
22014866
27729127
39224212
11640897
31356915
11845353
43275607
-100307
13321593
31959519
2983559
8388705
30120155
23674679
37572844
846761
8433475
18866591
37803983
18580160
25676873
29591756
18361530
41191401
20956582
30263102
8753741
10449459
15043683
30496732
16737066
35283911
16549580
36183054
-503721
40922040
13642669
16553192
31651313
9359716
1700727
13334781
3705253
24648084
14537719
38853248
39619973
33675605
5993978
40613736
4625401
18223647
3221482
7957488
4254819
11737593
39425411
37426058
40650789
23527268
10114105
17123892
13921322
11278686
17815158
15183119
31332914
7754980
11079199
2483521
6484023
5215383
2026791
18805247
26078226
-178628
33329605
15618710
7217968
5011098
31229241
33832920
41882340
19420482
19530942
13421789
31230012
20261512
4968089
40339468
27322049
20714817
3205951
20731122
12301351
38332821
11642948
34715636
40283963
25353602
26793875
12753429
-640261
39295021
18535846
17084811
19440175
39427432
2882589
5890129
35516024
42367816
12738088
42512788
40155878
12461763
23234190
28377617
32621018
25087607
32197959
31988371
16332187
20695365
34811769
30269990
27080351
26148827
2370248
36159916
1195457
23062826
27763167
40593469
40566321
6585485
19764875
22914905
34930770
33960466
5451190
34176949
28194327
38199050
40727883
186977
41289643
21563299
19646174
39934456
20179899
15503767
4998438
20309443
39468449
11353384
42828817
40302289
31775686
3331757
34346601
10281507
956792
35724218
24316648
8570633
16958181
9440161
15697140
22140076
2860711
31402017
28757871
31756436
10297602
35468321
32004147
6842988
41916735
34535575
12972617
41986528
36317519
25289973
39925062
2239530
9825238
27951990
3189325
25711831
24147167
34650157
15284610
38075553
10496037
25043217
28617313
3710781
14751069
20826719
-606933
25843472
12984919
14644730
32059344
13258313
10141501
18846619
37881618
5438543
13883969
11656487
34152676
35483559
12990104
12944272
43308902
15048023
33119067
38840707
42957508
9931339
50071
1252145
3790329
269361
9728262
20389994
-30831
40189350
5431802
38686552
36012823
18710708
30784303
4188191
16222490
31156736
43094928
33130157
7626692
27002881
38484241
12408525
3018560
5555784
28716881
26909287
27430446
15855502
40022632
33343399
37010911
1183742
10192618
19210796
11223979
-472406
5594981
5886139
21135998
29275081
43063792
22458483
8853441
15214169
29366277
28822234
37062358
14754657
5928224
9068668
5051676
38681069
5152692
42562845
16183735
36219089
38371108
30535172
16099394
11115188
33931272
36577519
26499542
32303095
13750443
27208325
17268680
22729942
29385173
36032414
8472954
8117921
41147108
24815219
5927991
37775437
22345077
35119000
26171057
42226888
18047015
1359110
9739704
15266886
3184055
19346630
39858986
12159797
28095600
9311358
23186064
6958725
30416771
24750571
10550025
2426906
32229313
135562
19857821
36552037
20055782
38451542
26899067
34805992
41228098
36478174
7300942
29134119
24633560
17095983
6176875
34363746
3218128
35736365
37448821
41840798
21821381
36022970
42923465
31603062
18994127
-769025
29280450
14624033
34516402
34680204
1111505
18057504
11370839
2017829
8975213
37123494
25886199
-480050
22422322
622953
6588725
41602201
3468837
3462621
41813451
19952146
1784070
28482827
5796664
39310249
4936895
13559097
38245399
24169344
12882448
18643474
6152792
7815896
2037720
7521482
3404698
25151695
11253409
-390422
17971543
1341518
14981685
5063570
24654059
19872773
37638934
38459170
10544716
9095508
15397856
6369066
15145959
6553058
35547615
35402597
19374733
-852856
18191557
4500771
16815289
20161607
40358697
27602261
24660799
30218211
8276397
22201344
2756377
289562
24302438
18627982
38587606
23424280
34575917
5083221
4975888
9076332
2452989
12297009
32156287
40439560
38250091
14995599
21231753
260611
15020326
38989958
17876515
13107564
24216580
25017106
3095034
26359331
38277303
13112087
29476866
17152308
10496739
31810080
20432346
5635176
9683368
32596341
28429374
23778685
5686278
18024845
8219179
37522218
33956378
32185068
4286480
6808397
28359185
38970204
9901357
31158806
11410106
22037586
32440158
26415283
41045571
6692973
13087452
31207003
38298698
1175621
22987966
3458357
41019223
30594815
10506172
7785750
40934620
1363426
11784407
29575660
38658882
14695138
-741018
21394033
10742900
23468336
32849170
22954704
35101073
12819197
12731640
34342692
33018988
36893474
19748719
28513723
-445103
6886744
2079097
4464525
11964540
32987695
14432390
14742573
18279184
22562756
16066870
23095747
18485303
29839432
24809765
6826198
12245920
41124254
8575994
29919936
7834703
25745577
41911938
25407691
9637091
41421201
6807469
24685117
5363918
22282269
42298485
4034715
36772716
40113639
4945620
36402419
36728608
23403837
23652950
36557939
26815011
12625498
11774856
20121260
7580770
18819132
18715
21026219
40931972
36447652
7544514
43531573
11346033
41098976
21333736
5404526
24323350
37299301
36363022
25509819
37160437
13667981
3658648
16531341
43089613
11151696
21547179
11878633
39080704
29611599
2604222
16190341
42031871
3931429
42422432
8695659
11320104
3954351
23446175
21564164
37620268
10118923
29322006
14614620
33397739
29540079
5313566
289281
13747011
-692830
14557059
26528910
29737262
14916483
13174510
34727574
21501930
2270576
37340408
33131263
33161814
27555725
22718133
7402246
25600871
15337643
12135482
32779385
13953038
9779067
19756816
14246620
2812023
1962059
13886502
9772826
33925976
40767251
11606353
24666631
7225896
12945539
1400520
27618790
29410083
1861039
22133232
7423862
298788
9308693
42775191
40771561
42189494
36151836
1136260
3929045
10169200
1168094
2882903
42557085
1766049
24144009
37935061
19047492
9977394
34648372
25171104
1649974
13724344
42609756
42677020
9299349
4642165
41458661
33501065
15935930
-27004
5754445
24027606
15909216
1760032
25329920
22075532
6851392
27459379
2661030
37661868
-402585
42203853
35198486
16739100
30310234
28786583
-99331
24291006
14407244
24001996
19613531
29308559
29665850
28434638
28067314
39002639
36331958
20007298
23587062
29817151
33511579
5723781
25807261
39869089
19996247
1808087
36461312
17144091
26616232
30989771
17497204
28720908
8219864
21435106
34200264
38560250
6408467
18521260
30517493
28934858
36785869
32691442
2836778
41963619
16885684
-253250
5512631
21205797
24006860
2012224
1681861
332493
-946197
383293
31779468
724834
28126133
28302849
14279306
25360155
10615196
28329897
231117
21072218
26004825
14588233
34245037
18376566
38017468
26278103
13827291
4562894
28638320
10803657
19893281
37175415
16040306
43138476
42434317
36181555
2409702
31513396
13722380
20760946
41225984
36176248
31793155
39705889
8104683
42117961
15091171
14645090
26116299
43387666
4263816
334020
33258315
32450950
21499309
1293424
10003893
18138093
34707891
25190735
36860163
12471486
27097076
42035025
34758259
39536294
19101847
37726983
6076535
38406996
33326595
24755160
21801328
15534405
32168869
8786769
8138987
5933555
21682537
40516200
15294735
29058821
26293425
21727812
10859003
6144433
-506645
20738255
110983
8944356
19905074
-978603
17935779
30292066
7567778
30418515
4839664
-864220
24316060
20924039
32559783
1961513
11595152
26897297
36042723
11021738
21601385
8397916
4280426
25648515
6011113
27315039
22805571
9954601
24468864
22116578
28705285
40161110
35132216
3741233
17463589
9065435
17331396
16406566
26930089
18539005
1993217
3070949
10191597
4498556
30151400
41789630
31814430
9415089
32243275
43393675
37406664
23249854
39277131
23708049
6615821
18791218
30229470
38803069
40970715
2784222
2568827
395355
14632857
21039665
7118500
5616600
30446070
27172359
37491617
36863571
29137549
37936715
5208038
14593095
24163692
27476660
39883195
17241756
20746516
5032456
15934644
13698021
24587490
573053
35542638
42023675
39922522
26644332
15550262
14709964
13639748
9679248
42102289
18215691
25330616
33312840
17422905
18699326
37564586
1644861
22193777
21595654
-177158
31929164
41764274
39495573
41322949
29528404
36565314
37819535
8148910
34151972
21312979
14600343
6891951
26372202
-808475
28788018
43008687
42213867
2834367
22009903
37278130
36958690
21117046
40553762
1996218
2936366
40884276
6862564
2045961
1168193
28752468
6391217
26950846
11279837
5172002
16390491
29909524
42741573
11508496
38874643
1661557
33513440
22908752
18000185
14570178
24179337
75993
15360968
2725781
29984751
1690258
3752286
22518598
43412129
16506352
11951045
41336874
21972259
39587055
32311881
40841850
15072193
24494589
9050051
42624211
5227032
39801828
12858966
40412382
11571706
30412147
34940920
24239270
27379875
5490861
34087215
36766750
40988012
3010526
33056151
30180230
24687292
31569252
26361081
3606682
-461479
36107295
14688352
26169984
10757746
-603472
40917922
4912619
35291382
30841815
23560107
8332134
18947401
5078976
42862459
28232584
-376591
26924629
780996
21412220
29310405
41730186
29969327
37317583
26694299
4843111
27210924
39575990
25989074
34669342
20424158
4524981
19232714
23464062
36087913
2937147
2045090
31430581
27495982
10355602
27921215
14176040
13207722
39620312
23312594
11919920
-951751
21936780
29494811
16992079
10695245
25557086
15336952
33648842
12994349
29400036
6881633
24473782
5801699
39476992
37695032
29619951
27341962
31765956
19450822
38079004
28375679
31547663
10768889
1531259
35183425
38998988
9339544
13693988
21656304
5824483
5244803
15388132
43318548
35181302
17589675
11849641
22724950
3728493
2151866
34075627
18527533
4001736
16686310
32460931
2845202
33221878
36755721
31872719
43110488
23786823
7805171
37412240
28570238
18395941
21587395
11924613
2605400
8783173
33813411
465754
38599920
4135654
27640108
17809381
28778926
37120341
26952492
8943398
6414290
11149837
23439987
8410014
21066421
29975483
23743728
6526444
35502801
-373136
22270232
17195686
8631190
40360934
14171129
37639062
25944492
9542085
35194225
2149872
31160344
26129800
3560270
9165705
28130805
24785781
30720789
21662667
13286280
15549196
43438874
40176922
19602596
28973683
10932779
27283712
22610099
5420741
41693214
20741585
15693432
39083962
19688946
208479
8351510
22322976
26565547
34162738
34258853
6063082
7743944
35987794
10671163
16049807
39373659
26588178
26989235
43037016
18086794
13876278
2704195
24092847
3834542
19028236
11328130
32552221
-504424
22445863
16160009
15386648
30132067
30114053
3948756
14261770
28817728
94303
17977197
26921183
42140783
7576587
4956238
3799840
6945846
15927414
34399147
27377839
33269473
43336830
6203734
36022238
1318351
25344362
25760002
41999985
32127686
-407238
695893
32673004
22975679
7377297
-523342
22864774
22137267
25796010
14136636
32416803
8539542
29004368
40812635
6847587
20705181
20713738
29672562
31751148
30433012
9930551
19864047
42234580
24413021
34827408
32126042
41216077
17881812
34640906
29920356
30027872
26907140
20266318
2356818
17811999
37793588
12181710
20811993
2918895
42104564
19599098
13587656
15427194
20998891
31532505
11879924
24582898
4661000
13916652
34450440
19319928
3366318
397900
10212201
17828600
24013698
17874618
20356674
8039986
41180593
15631617
11617955
22844076
43526817
25295065
39212858
43380583
27399057
11709045
641300
19497012
22510630
3249112
18448434
28405223
19048576
8356351
43099861
24589349
17425749
13089835
21876543
35662213
37689490
22815362
32659214
39591862
-934583
42245097
8404569
19793471
19519454
32432393
9736169
32249999
31460835
23909854
22576960
23005826
7552631
41222770
5133824
20779233
39398180
48327
-663449
11408028
4342
16465581
41398663
22291233
5080663
-356035
43010267
15365607
5596714
15870765
40442304
10553801
36392398
8262547
41429110
32341568
39258072
20531954
22263963
35869863
42535138
29483998
26248292
41000887
4885824
20711053
18891792
14027643
39967560
16839870
40004516
15578640
39150224
13270997
10515875
-545971
27842603
5804604
7489187
27116349
12378877
15322965
6548514
40416540
35615233
10567680
-165099
43188399
4005887
28590699
23242649
39600563
38647952
19495269
30178320
35703326
38050231
20035109
5058963
3229002
2900909
33468275
10192437
39221960
37263939
13527964
2187089
41768927
12006268
13402602
10523817
5115618
23919752
31578043
41153733
35263686
28539026
41581387
8876875
26697428
15485487
26991467
26421170
9872504
31432704
15380305
41818982
26881300
31191079
3128768
20183403
867706
19394462
28599543
2688025
42520359
3315453
19158411
23418060
28682766
4217708
32185720
6544499
40039792
41168403
28279107
14841974
1514642
13404759
42781435
31398200
40059658
12500208
19541459
22696855
5676183
39757290
29054312
12109759
36480048
6636167
2394366
20417553
33182798
10480872
10815247
28507475
29312111
29896814
11174768
25207183
39324596
31338440
22742396
1058899
3430609
32860128
35946412
19921146
3238542
20695221
42108395
38560580
18282931
38810974
3519140
18178275
13641494
27644584
38681978
5861295
31074110
27075761
39423493
6364027
23193336
13553413
23547235
22572615
17820907
15798719
43180545
36278017
26712825
23837286
7803639
28382434
26378506
3292518
11488857
41902612
35923734
21175334
4175603
12686919
26242617
18683133
9162880
2352148
4809370
39427384
9147283
39164822
8975871
-424871
4760088
29053179
22394460
31653651
16875639
13621027
28107116
28795667
39418819
41080573
35643042
25219199
23679453
29185957
6854855
3874462
15555291
35526325
40962048
26139917
29530400
4734634
13764960
22204022
16439807
24126384
6907427
4115364
166300
32840351
28752386
30727025
2051458
11036622
27303397
39601555
10791952
2354019
35781773
2681473
961070
5238211
5676902
43480134
7450633
23453911
31068389
27259432
30067816
27014803
33386659
40765635
32695782
14815162
620486
4431226
2584263
41550718
26555133
24481125
37025731
16816043
31056933
1297540
29617341
33955686
14524677
39243912
23339614
38259873
19563981
26886288
7978176
36641778
8870500
4641769
2582297
32188570
3221044
31589715
14670365
678950
10133399
-648151
17458951
18518402
13198533
13539728
31302108
34885650
34022123
10461215
29687190
37412418
41939643
3649443
25081689
1817056
13661158
17667234
5117870
22357880
9614506
36985378
8989570
41390935
32404281
481413
41461714
27825759
23984872
4870167
41376713
5261832
9715625
32604265
17585731
14047838
26243634
4642344
27219880
29391063
29156168
7405880
4995219
-799078
-562681
16236531
1222787
33621952
559708
13564308
287626
16632668
23697163
26889514
22157238
27321838
21818393
34376725
26542051
37689800
39307831
18903410
18995574
40250426
18308978
27225251
2782660
7481770
3595713
-49796
16877179
11885089
42812088
2037283
36104936
23936809
30150423
34452097
36175164
39126773
38975055
38177976
42329900
32095228
10771136
14467524
36693912
20855248
25423222
23861551
41986741
29634368
33326994
1991414
38746060
17430237
24167652
3974437
37505435
24872220
7213660
23578422
364806
25883073
5012598
36549114
23663712
28667212
27055839
11890857
40319631
15286856
-170099
21401786
7961242
39326253
42570400
5209624
5247314
1492102
15976117
21240310
-244502
19500387
25392836
21917024
-414391
20285207
27982495
3956566
22358115
30653771
17053106
4707556
658355
11513760
34833033
34229116
13135248
8353165
35034477
41105084
24749913
39751006
17326985
23947475
20051966
28533017
7437209
15205867
4879160
3997845
9009577
9534768
22208110
2317774
599741
32151902
23057340
1157346
11675788
10500775
5637891
29942876
16633781
24741159
18402608
29663230
16352320
15461515
17509776
42705955
37740153
6776060
27080997
34838884
7642040
28758336
42024614
29708935
11995487
30430254
14304313
14841390
37133576
21583168
35588401
12220505
7883297
27206144
3622561
41001593
990522
16827152
4710941
1258944
23126513
34340953
322204
18927839
32943958
30794305
11918928
12006174
3459
35022979
11562678
10351042
29839058
9884030
14825487
18154648
16232326
11891316
4999740
31379740
1896659
8404677
42892742
4277064
30245547
20438058
15174760
3093363
38706175
43147536
15361418
21598665
26547009
16005955
37539179
6239535
11749633
29470409
32371865
39570879
6827836
22892103
27441501
27625003
20919937
16960663
28627717
14893367
-49286
25219385
29347568
12108566
14568526
41544746
7931632
38309171
42997605
13993301
15557074
11300876
2742122
1615860
12936864
34731344
2881226
5917585
38299936
24104778
30879154
31711131
20796644
22282269
25361109
14072012
27904160
30365001
5678400
17993840
36742792
15401734
6532826
13165295
33221617
6528094
18045608
40643693
35327148
30451157
52017
241949
10157634
13870051
19784382
13830310
28588547
7313482
31966785
38940862
5425089
4292565
34234093
41120512
25275927
36710178
10529093
39014898
24252054
9580899
14930353
1318867
13863354
9793580
2836706
222039
38936452
20886337
15475128
15368247
431890
15158685
18636257
43155745
25490679
24761002
36714456
1215500
23474546
20882026
6378276
35178575
15212600
41659976
30220087
31620683
26741871
13170154
33895672
14586717
38023909
23364909
19589158
28497140
42611588
9388037
15880869
37962227
41516952
41230460
37019546
4522098
22778838
41140052
26493171
5288828
22642878
36241285
4496228
27671303
19326241
-659695
24164181
42944750
14975928
30168185
19322303
23331
41629047
4546791
40299754
3235278
26715728
18417340
17027742
10274198
36967534
33530905
21860775
35517655
228828
2033637
26174646
31882565
37319400
8080739
15192587
24444111
39481409
31772527
6689348
8186963
13330124
27116427
7218346
21733724
21949545
9916693
3160306
42616522
24458224
12231439
2216381
-910013
3414905
34885982
5985572
26868623
24780506
14244509
34657039
38688562
21828331
25201609
37582898
735364
37440178
2867682
807275
42088284
27608786
3503851
14648985
33566821
17531366
36461685
7029740
7353673
7930695
3067760
20466081
31824338
10664451
39220071
2110889
17825745
20933953
26514604
18249844
4865164
36889699
9462593
29533723
22169400
6678187
10519714
21973628
7431124
13107650
23783909
3008139
31518358
34867597
778744
8671938
13839429
39250768
5017707
22641287
2785056
24616376
6742442
28229755
20896787
26551598
22767478
43168747
650218
40312006
21606625
9250433
14626905
10262060
14463317
32071593
3032961
16714007
33637779
31003129
37657331
-666642
16055632
25191269
34511598
18206889
10135549
29845455
29854556
2403207
41020439
32825198
28569550
41115785
42693227
19133818
40560248
5192583
39634233
35415399
24725691
39376519
7096701
29711395
22767213
3077100
458340
4293376
27925927
22264423
21934305
6772659
25344853
14646524
7553018
28126536
7042159
42274270
28718779
6637714
10851458
19743802
16147295
14622214
23613844
24833280
29380629
2239242
31758872
41218428
15489894
40430416
15521197
31677770
8834964
23472559
63593
11588422
35783947
11196303
8644921
38952532
41631578
19345209
11117327
9461677
21424251
3922082
11918193
34701235
28958591
3227692
11476663
7964722
15842412
40773872
36254918
36508434
26804058
36311138
14272961
17311585
19205852
12279001
26683873
25686820
5643807
39536024
40281570
3785713
24690041
15709467
12985012
22254272
3237920
9786509
33329992
12111577
43461747
41719162
28168991
23426967
12379818
-98165
20222005
26220940
13813313
23011945
4244982
26352467
274785
36303956
36099192
30608620
34631626
29306420
16362881
18555444
19034481
31834343
35822937
7707244
5304303
35419379
20004385
39486633
12000218
16586418
11760956
38781363
6505545
7667237
21215802
11350235
4775590
35547951
37534139
21686869
39784747
10628841
41253400
39347965
26579053
41495798
26023063
22212771
43166665
29019835
25994825
30342990
27850964
19801693
36285420
30496984
9106545
42090253
37236791
39287510
9450758
3294810
33917843
40963410
22679127
9010488
-684920
25190354
26975703
20640428
5100107
37952931
8168559
37276265
42671196
30359989
30731184
-446216
36632759
5409324
4779403
3837484
39123667
2896256
1100061
10349663
13715202
31604310
18941662
36729572
882339
33970572
5306672
42754927
1775504
39967273
43459496
15639767
33471650
35048794
37534815
3563992
7280098
919453
2175487
-370756
28666174
31653655
5836859
13220946
13712433
14763540
5033465
12234720
8592349
8446211
30464597
12231990
11243059
31993494
5169983
35136786
25253773
29241325
4729711
30829025
6711480
21234790
19364483
36244974
15069312
11441543
20372241
25208628
6854193
19584747
4893994
24942347
6633591
40652025
12697107
41379409
42070596
36201255
42853287
33066630
9682037
27904339
32340823
21994991
27552295
16293805
34649130
29267600
-467724
11134737
20306541
8692456
7387712
7669384
15853011
32167657
18970597
40077641
35735578
6579253
42642692
19114110
14970540
37597738
32858341
35517948
32482687
32414329
31781629
20684406
9486400
-195571
27212346
35519312
3884419
24368207
39294994
6446920
3038042
12422412
27122105
34579341
26779208
23931760
33877267
8184672
15692749
42338868
26569539
33173390
39907349
23301721
28245432
-867121
20207166
36459333
41992114
11456783
33339788
38156485
5813269
10736163
28216719
15392885
20547357
38296379
7177116
2942615
38112171
39136289
42014178
33373278
27981543
22100922
29482098
26828275
40414272
37574316
5822001
21882688
2581451
540075
26281160
-462467
25981436
2589965
27314092
5367991
4159622
1435885
42491234
34831043
17985553
41256974
41709308
21531032
24317306
38318275
29871164
41780175
13082079
35338833
37089410
34370906
6020739
16651468
20516304
24657017
10373794
39782525
24597979
25451177
36264985
32280062
40499107
39763474
10580415
7842042
36548750
29869432
13568015
14035069
-864384
24840575
42724718
14267078
34522049
30569863
9496865
10242560
10725244
33127997
26657787
15531881
33379622
16142613
5792782
19406646
23920357
18500803
24301923
23983072
38782387
22810128
34843024
28040149
43257408
21791735
2402769
10692277
18014604
35984054
21495556
28665338
11864749
43110323
33450886
-218771
31239215
35149374
28284482
20819628
11131619
38748761
12143
16931345
18786966
34387731
6179340
3478359
13354584
18707328
6800952
34506640
40425301
1037287
40272128
557294
30710792
12901810
10935617
5893368
41139099
5047973
32807410
5180813
35928446
4222306
30895722
4224961
22069038
26240926
161052
21475665
5171914
18229028
8181518
3593672
2539943
40975421
25467395
2924525
29230945
28038205
26423023
34084771
20971946
7343352
36861997
20558106
21226023
36280012
9456537
35633499
14016749
23320935
42261675
40533713
20864575
7508048
23353426
5614589
4705169
10175260
32768679
26332373
4382288
24151008
19183783
17574021
17743527
31754881
9316002
505980
11825622
776335
4553434
4832224
34809439
5863123
21698926
26079718
24794317
13321978
43121753
35373549
36878688
16115905
9800652
39124334
34348062
23734516
43380508
1112446
16320798
20075443
40069139
29251805
3890431
31482678
25315943
38988633
3219280
3650806
37450139
21201739
35435765
26479148
13938611
33875892
19568942
32677733
7511736
-533418
40270272
38607336
2004750
22318410
11820399
7634658
13194606
7931412
36631451
33688527
41348037
4050411
43168105
21355929
1524733
33576003
20638419
31490962
31465820
10790020
6444143
12465579
29200984
1167316
34309272
14515725
35438941
16392766
18628700
702421
35207518
20595884
26915064
26028492
2426716
35492117
7793131
17906903
23853431
39127199
6640138
2564471
40028441
34312060
-165364
16778602
41736240
30806965
27399373
10461218
1482431
39277065
32509474
33446199
32983868
24985464
17360651
12043524
25294310
29582733
12187275
30157043
18320291
27876767
20634347
28699310
2179082
32065512
24938981
14260338
20950226
23628294
15762012
-106688
38983648
687028
40962655
30917749
17865521
28264136
34489623
11727683
10014291
36109070
33649853
23715307
20626443
11036564
1947266
-84031
39167352
28922334
14206445
5452597
20609885
31022323
18864858
14384015
14884059
32477926
-872999
37236798
7734362
5297127
32030551
29683173
21158585
3430284
12216063
24965870
40111457
13752297
7237280
8855966
37472138
9650935
12193871
42613091
39523679
4922572
13627463
16545485
30836360
22528434
5108072
32615372
37798604
36947869
37338682
40585097
167164
4380109
36097224
39049822
31252253
27735912
8114445
37877272
28412914
11964727
34887104
38771244
37790473
29168577
39961765
31381187
18455847
9390628
15651476
15427308
11286458
8584807
32796708
3938450
33815645
423039
8578032
38126686
32046866
10594094
39124172
13199290
3403945
10024
25987959
22736330
32449992
7418120
29288733
2353125
10084656
40091628
40001637
13564853
947069
26674596
34657896
32843748
16420471
74561
29269910
42576847
13438615
12483503
9694124
15158870
29179992
28780397
18925944
26364052
25574903
39172062
6184822
11910432
3402647
41904096
32319806
42267394
6981892
33531508
2036905
1310832
40168011
16057030
13964243
4622759
16084639
19688816
31137483
25392159
14917486
24352214
41297192
9147987
39438474
36086124
18328590
40521303
6060911
5891833
30941583
25518757
4905314
42100160
2466193
3560392
39252183
7820215
34139692
12181102
32653228
42553676
4086536
31068103
40214414
37856654
31613838
19591901
12447704
-79985
15198925
6808346
1688009
39350358
21210703
13498945
23138537
38794618
35441169
12335394
39707848
29873109
10766679
30005891
42123306
13428465
99541
14850937
42408505
9735115
21712920
1751600
36782221
8499009
34105557
23997237
9628817
24489912
1549083
2494098
30762552
25349949
4492621
40095768
22922842
27878304
17279026
33798015
25251675
27650940
12591255
23390021
29047571
8287526
5439264
13155130
17091673
20371432
41762860
37177241
29331472
4734620
5117555
20806132
5450015
26448961
9174378
31965987
40960320
-354972
33134005
25926617
20626577
42081621
40042127
33213248
42222583
39357267
30221170
15461979
17160931
17038597
33725265
3938317
16962500
19672175
40596325
34026375
43155571
18691092
24243788
16250674
6443866
5949570
38554040
14003120
15299763
26555065
40086962
19350477
22066437
20963998
29871033
26743216
22841581
2390341
11724670
34289220
13915060
41705666
7003630
43015646
29283811
17739764
37027605
5425172
27591330
14421226
42710663
30675506
16410920
37369742
15856765
5540906
8754513
31373186
31254901
27286506
33789803
198031
29110433
30531937
28637398
39666674
7192397
32162763
34443327
17985966
25671229
11671381
41942348
2974375
32921177
37749902
40676869
12829433
16821387
391724
1471663
17339776
27913131
25359681
29557285
37471195
34134232
33021154
42935213
5016292
34020436
17123391
42005541
12298244
458821
3740383
3184686
8041050
42949975
31011256
42635403
31745792
14505201
40005804
22139156
39891354
38721241
4858615
1133091
34419112
24709115
25911202
40306448
40524242
29519149
33436247
8948176
35266714
3891711
26971130
40479725
8959348
21631162
14964675
2542524
29630126
35484594
24583479
25574609
31287309
37265415
7965212
41970353
27595688
42986559
12051998
6756771
40297794
33302719
-881991
30220702
36924491
8541649
11997113
33283966
17833081
3181541
7533275
24011244
27547813
13430412
12183426
4191980
24699113
28835163
10327117
20488238
40425434
4493781
9137538
19677516
30685924
9820289
12193666
36503658
21039770
12413454
33846791
7540001
436248
734655
36294858
9706077
25319883
4112014
6816772
34753886
5357645
20260834
41340185
3537341
6047150
30115353
39343787
41262447
30570693
40211419
19042597
1117335
6559886
11663829
20549209
10597394
43504911
8687910
32415242
4406725
28935823
31698472
28848781
21742562
24733021
5802467
8895438
27838243
24505983
430549
624645
29883343
36790405
1084522
18835333
6918618
32172088
26164349
20090710
17080161
16705206
20853319
5757580
10543052
25751394
9966650
7423146
16718010
19763154
2176761
29404118
42859620
10774004
24213481
37124737
30605895
1682777
17174353
2591513
3433078
23068366
13521331
29759542
8759652
34496575
8421144
21442234
37414988
18043738
20800818
43406529
4324850
38239964
29798399
3281338
37911928
38275432
10189547
22445063
23712227
12906041
24058502
33955667
65076
24747339
2657940
42098426
14723851
234229
43301565
13791698
15785021
24099842
5484779
20723201
33767649
11619372
41897081
28674216
1763835
37716690
10006114
36774238
32074854
-792251
12679457
12889959
14399787
12662740
28397591
23341784
22104732
31225041
12989374
32561534
277754
40966217
38290075
7564720
19487932
37434633
34847131
35229188
36642969
20948386
23975934
31028303
7294317
36685464
17926492
22699331
38442128
4866679
8264869
37746879
35583836
11448788
14637154
16696570
9187151
8465468
32018772
7929424
33889042
20245606
24135933
16635194
10119896
20548639
4380123
42055522
33569204
2531678
5367394
39160823
11536440
35342193
28165480
1877441
9089345
-366065
2864899
13424510
5157394
12001149
7057589
34387661
42118614
5584213
10695322
32737732
29512186
40183510
10764455
12669399
42166356
16206574
39640588
16993240
15396555
21175143
34417662
15016916
26982896
41748409
23930812
32519150
22759230
18015277
31280313
36199455
33736572
28592474
8067704
40364152
16016447
23377140
15320886
14141437
11850528
18256702
17928077
136706
39954013
40834968
635480
40246639
9718911
7933752
19397406
24702913
21759123
1043832
2422989
12793976
36214981
19896850
21830199
33293551
8894584
14843476
28823425
8806597
-448024
3474294
21643887
39961390
30097069
41908929
22107401
15557208
39066519
8647704
22843893
14418052
29214707
-672180
25874863
6196043
13443231
11837283
13206805
23390858
6503060
43124743
22882836
34818002
36979526
9655656
25981634
472617
43191223
16237112
30766641
29315904
30258042
37451499
2766064
37620782
35551357
33010243
14766475
1554991
32115862
24544660
8828889
7270988
30832690
30971572
31541464
19431104
35224086
37394087
20913317
14535749
7171044
2332130
11760565
12216200
895770
7819963
32946425
16124247
19606732
6553324
37287963
5869896
34203818
-872632
4002076
13144637
8206586
39705694
-961272
2319631
18402169
41861931
24561106
40066637
25290591
9168911
36927712
40074603
29941301
11748006
4200510
17680356
16791370
39548464
33925764
17017248
37954174
37172004
34718951
9339745
16183602
18540646
18955294
33008554
21486012
17278142
900978
477790
21914360
37799460
71145
25112971
-937998
33149333
42568910
10819415
38568937
41814426
1621716
32238620
7914296
5806925
1262925
37115906
35696431
28304754
16040847
21673734
28485210
16216512
38049160
1021008
37148148
16627051
37930680
3489071
5514705
17148815
20593832
551537
68122
2831502
37410798
12237742
15076614
6913283
33808624
35641332
30142736
33665347
10795039
8506244
22798140
2978452
13921031
-558516
9595179
20520586
19246499
26166721
32536858
32148371
26515248
188382
30002246
20523617
19561976
20907680
-699353
20667277
14718873
11469402
13464314
3340698
33137173
32002170
9118753
16508444
2378713
11886608
9034829
2497332
37306330
12892451
6190652
42792181
22424768
37311718
1826214
41499192
20248539
3200925
4816682
18720043
10105333
38988059
28758432
17351392
35699950
12691926
17153258
16815720
17700983
25921254
32653675
25448057
9034848
42648998
21450760
13300859
8291389
23960728
42761273
11046667
4625159
37788654
32790951
40793124
20957625
35022856
29290476
9408245
37184207
8575527
33573565
2656002
28668369
17635159
7461811
25747705
15016532
3172112
-631563
33780582
4210698
10350207
42370897
33049999
39700325
18100429
42340586
33208494
33184020
41432316
19205655
6837129
16697214
38977749
35894277
41225797
23036202
8532549
40717285
24568107
38457985
2032242
30270855
8892312
24232505
20814051
12813049
30399635
19845391
23099792
8443489
19831058
23740412
17824344
37027084
554431
12696391
21910698
43410118
38118551
13698876
24971890
24546198
39964383
-267617
10362839
1241453
30902697
36190604
6322806
16046825
3313231
15296268
-73921
36305526
24670373
4262394
2396645
13533855
3855166
3354487
33001145
30495082
37424235
36262407
6570768
7079274
15744963
5376706
19118726
26679740
3434337
22433075
1298625
21686217
32261908
42953134
40775552
5788700
21710417
13763787
14121316
31219156
1178388
20536025
43138365
18640671
27946000
28920428
24696963
18491704
37863521
40214388
27211948
31046221
5154858
11679434
38886584
17970389
32134860
-489701
2047662
21757779
37238292
26522730
32605641
2629053
39964099
32154041
18043916
33809224
20752283
22158877
5430148
33104557
40223075
17655501
31108177
2834510
365328
23980479
41054362
30275344
21897417
7718922
4777077
14446805
4478969
18461447
41104679
34403938
14115592
32110318
30093274
42338762
27926881
36928236
39294331
8761465
13997598
28763743
25346808
25448587
15243489
25919516
9414016
7180776
13306320
34429705
21468053
9873262
21228046
29440329
14446944
7716036
38810064
41065987
29858249
22591700
30473256
42974885
9835597
8887137
32773576
32471981
15176319
15683222
8050886
9839500
11408310
25782407
27562305
33016694
36288344
21102043
30110709
5024287
29731987
26112702
23233711
10237078
6781548
8723205
20001489
22399471
27863632
39799308
23090811
34660677
16520802
1231414
38656188
42581381
42357884
40940508
34739806
21662311
38614616
14824090
26497977
14602644
8644301
42339264
-66383
27756524
16347074
40082215
26134988
34724625
16036641
5158047
12071254
33490929
37048382
37111486
40863235
64125
-570298
34735787
38637915
30457041
38818197
15820628
377041
30343025
277015
22443034
32905598
37597779
38335269
29489311
14686976
4631630
2487695
36943402
20396754
33495820
8425428
37149734
36411364
3389826
30264112
770937
23872716
24887344
2634153
17626522
6982846
8810978
10905868
849623
35951816
17328668
10393697
35448451
28513881
29829846
33089224
12106435
35682941
16135917
19686462
19875780
41143892
24300207
581005
320969
3150309
8274662
-991954
37186436
26189080
25082575
544533
41348858
5616854
8780744
38624328
8549185
3725857
12532257
11465070
31385847
16123079
22459549
-103084
28393286
5001483
41534555
17610307
18296620
34235877
32388524
40419533
22908261
5081005
8451632
25185340
12898163
32310824
31492241
20869323
9306149
34464239
11173622
27495868
8904957
30150085
23929641
31329968
1150205
24389614
34815058
12407020
42503707
5463744
20665357
40176456
-270471
21759664
28100601
41593023
3298766
9074188
8598966
5407715
11497389
33783317
585221
42450374
36765586
29578559
22889348
24909932
1189193
1767113
12997395
24653034
29493357
11034166
3104830
35045024
1572429
36101387
20115488
33435289
35873967
42327336
30545130
34925516
43145696
23119458
9009585
37342895
32731755
31523205
4379250
32237768
1737994
37252324
19364262
20067327
17331333
41063140
26605456
1975260
22479460
13503977
12833368
16639035
18512683
26884425
18946284
22242843
2747975
23669514
17737978
38993997
17270297
14797551
27790943
22261859
169273
15662024
2098679
3858683
10830702
42779263
36575934
30866263
21917916
10148387
15386212
34168609
3639909
13073837
20439815
10981373
39708041
2989187
36781185
17733733
32259958
15775961
2052014
1343115
2248598
35390419
16593337
12008128
12737753
2566673
38663340
6778580
10663598
16477438
27816551
7763599
26534210
26793151
37939654
33159362
39074095
1643218
9168353
24723523
20438338
30905559
42565251
-892024
677762
12558533
21769960
24317162
24430079
2015788
41677699
1713839
26524581
28784612
-551647
16626207
40250480
4685576
34794100
41632623
1044239
8602855
25940613
18234186
14449422
28827570
8520770
6145779
36248487
26698979
32437704
8086594
22944070
35778293
30479168
32682507
2591755
3526662
8508759
22795288
25248553
553106
25217588
31254767
8179681
18607498
43358616
2281975
14716228
40143771
41823302
6787486
41886563
14691753
9824024
22936403
37966695
7292034
5335659
41612371
29198041
31245461
40061709
8302415
-92062
13678652
31473785
11281642
2298128
1366532
13676412
4396029
38621190
31460092
36103734
33386558
29415974
39478003
30598451
13535750
38102200
6672004
36103241
39761347
6396174
-583166
7269481
12794615
5710173
17155450
6657707
11633353
41894645
36431927
42524401
13399441
16423448
6039103
5785359
38875055
27909148
13267956
7342778
20538848
15391135
4119255
18069767
33041628
39676437
7954149
34264316
28964155
39680831
-342315
9425600
27811160
2928492
39573954
23723742
17944097
8137333
36086646
26099510
13678291
2330126
42154275
6636660
14263261
6004849
14327224
3960760
6169246
42923813
24041202
8052284
25259071
19157821
28519467
12525869
4502842
3334596
16269986
34608446
37755533
39523017
9510028
37705353
4060101
4409308
17619487
11625050
4844786
12576729
18213463
34995939
17668338
2470446
42208054
225844
35382598
10782242
22303029
18175116
29447556
11577557
38651101
21990327
41608890
5560606
9945259
37868142
14801580
30506597
11763457
26090874
7317772
26038129
18387946
21431855
33461285
27005861
26928219
20446271
263039
35232148
16152091
18376848
23804714
27436183
1193040
12955394
24107731
9149855
41652608
5392675
4789940
40207088
33908728
12678238
15032333
13990016
42714606
11264658
21365550
6118375
8630
32567507
26936714
21056721
16191586
6242882
37042680
16468976
24070725
1974496
6181953
-10899
9276855
31649155
10573332
12682737
7958899
42856617
12643444
28779069
481336
21729435
29204666
18555911
28483562
42477130
11313826
6005553
40627555
8517921
25542674
16958603
29987792
19288409
1654152
28808796
17729081
20879201
20790147
16917152
24695185
27985415
637676
14768115
21771189
8158117
41749674
16212272
15827491
22632837
35016164
40022098
39999039
22004541
4754903
24725410
34473453
6048932
13558792
34415255
31860686
24391542
12267916
15413446
8110423
38129747
35580250
18186706
5777677
3310790
21537585
30938355
7664076
24373203
34529716
17620394
3098475
29947054
35272008
4350485
38357035
40196815
13325384
6066030
8780671
38556901
20689400
31307210
14880760
25590418
-984229
28818860
-521259
2301442
9402936
23404781
-799274
26702957
32278619
7814220
23826292
9620622
23639939
41862805
36225670
31453862
33806293
28709125
30329918
33894644
30033835
10337403
33156593
34209715
18715589
43053073
18437873
22082789
12619474
16186915
25006595
4126011
38807898
9060577
29303804
38313111
14196319
34472040
28852192
13775861
4920369
18023566
30539841
28176829
19543939
24238808
22822035
15648816
34292568
3902831
7108665
14274914
9416517
35332836
19517252
9187338
32328015
34843064
37005573
1650948
36948122
29414541
36376350
37745138
21333717
18989344
14991807
25927613
42916835
29019907
36554973
17707826
-335279
37997406
40099446
4097246
19768296
30670790
36642957
20882835
36181580
8084829
29397862
38675384
22852368
27082039
15701148
29673663
35214791
-2892
4243823
5549441
4890725
9057542
39691203
35788526
37906552
43433402
36546044
37941587
20241682
38106214
43523846
37335991
8150710
6631792
27411311
7615034
10659043
33396254
30203391
36882275
10246895
18039845
26011994
40853934
2590074
42304298
32322967
38775552
22406142
8845813
39778693
11897535
-11818
36262386
36023907
603050
20059097
33967527
41599193
33150878
31179973
8892476
10653200
14643771
22223090
13336802
39574104
38373107
38721661
3814846
40867050
27928452
7821951
32677721
41333533
37404265
1804488
26647768
19982735
21182695
20563672
2393742
39059801
7469496
35255196
4647627
17781292
25128332
9245507
2915332
40516261
5713687
40883138
31947492
28941671
21972712
25977470
11248938
24534841
16011237
19025766
40399681
40871906
10984383
32305337
31150285
26443021
20920513
43269291
43247979
26794680
-536891
15371332
8429469
3481980
21009817
14712901
2320891
33590310
23224316
616979
11057746
35290114
9810543
38433667
39814077
-772424
24225055
30223121
12997139
23516003
473892
22025616
11331975
6807240
34534339
32978000
4893898
27490973
23179558
13404656
18770751
27134223
3883400
36980566
16366247
13027559
3282933
17978366
40897248
21225501
27823811
17743469
15849406
41009578
37523613
17931082
19920564
12027750
38047479
31683775
15612451
30160943
14140333
17514787
41683938
17481999
1983476
15440330
5333051
23206065
14827767
26319542
32305948
9980565
26909703
14798780
27668299
23316872
14605461
33521574
18715813
12803746
3813692
2603829
-565516
2540027
14645613
21961225
9852551
13800412
5998757
32537495
36499349
33480743
28902134
41674877
27212261
38848866
434149
2563330
33512770
2421004
-412439
30137232
13913142
20527895
4214607
39889485
25380161
25091217
35747839
36505222
40503545
34603493
1118796
26455485
35774840
15454694
18680479
1062320
19084033
23882400
3302667
18183491
4302916
34260290
14348670
42934923
4483253
18083982
4420252
36834046
-630707
4078803
26521432
2804600
11751916
40866189
39971634
5489429
35224920
31609990
34348580
-820
14342663
23910083
33400546
41413053
29912204
18450600
33720144
5895364
8165745
23467745
31725834
15914677
11218672
26444855
1620498
26030129
32367791
32778268
21912445
13544956
35853981
261687
33457438
42111662
10104253
26426488
7809900
8913407
33276386
36123772
17045916
19667975
24093213
35154186
14905880
26890014
20052866
37280571
4250101
34905713
-944140
37713335
21089523
19793728
35704140
25303089
22196259
11570540
4379179
15572408
6266636
6458322
11641426
7662165
42189976
38758490
43313775
3807537
17513006
13155922
8672024
30401617
29408235
19661596
33049666
40577466
4396356
1298997
1222634
663160
14189390
10481301
23816951
26267557
43387550
29812810
19022291
30254512
21272139
20928970
18617604
32177124
39053419
3751413
5185161
5148687
41703810
43078623
34749533
15609939
19574189
3701483
41517825
13578531
39975796
7227531
32267739
12794086
-381654
21675671
37856952
2286312
17908673
2672612
-460445
35181950
9763040
30228698
18761761
22047016
6387813
13021154
17409578
30833123
30102613
20477956
24449083
15568052
31646068
23988459
27873684
2939821
8838033
37685696
23856515
7488648
19105010
8371730
24505656
41271022
32508581
40726706
11385339
3837910
40462167
23793265
21792379
10691125
-443870
20449943
14260159
10967276
35285514
35651585
38542719
11668904
27297214
42537453
22849553
36693818
13006541
26304247
37869982
32562077
5360892
31357290
-523814
23784453
7119721
7406254
1913962
31089187
36265298
1328309
2662915
11128784
35367704
34555278
17472913
19203476
28823371
5957445
39702963
8978926
39784176
23915534
34795797
28728000
14069638
15849789
22017682
31211882
11096024
20378881
12884441
20475783
20917264
21768058
24785767
24132575
11270364
6061138
32081583
8384475
36254524
4780651
28295910
990081
-477915
39814055
980854
11871676
33158437
26588349
18297569
588203
17345461
33698281
32061518
8615906
13037744
1145869
21718969
11110768
38260131
20039988
4943504
2732534
8355181
42517681
40334750
34847889
-869245
5347208
28461101
29395374
26146128
-448553
24938520
42583383
36820818
26035294
23255341
39466636
3682834
1948348
9091087
22170780
33058461
38670190
41984594
8974294
12762694
-508751
13850041
23036460
19277790
19690424
23155478
24864494
1327090
22960874
20798105
24301726
29468093
36732661
1585360
39511582
32416062
38245975
21482270
30819289
31106753
17909583
8243676
4140093
10893411
11193438
27401093
41202737
38949298
790755
42159388
22577987
31121454
25116942
24492863
27767975
33837659
29601431
6862912
10333477
28355930
15531474
38696299
25448250
11982412
38181975
12481092
27641513
6642882
40940090
10546490
5395931
6964718
29927109
25135339
4709551
17569900
507585
9504767
33099188
17823180
12479690
6367617
535931
9299329
40747130
41314157
6878638
24988834
5849271
34888389
5941614
34892849
11856207
30422272
12898578
22243761
29485715
8891933
27364455
6584487
19573527
32483471
36187174
24743013
21544148
7584182
21096515
15133942
1721626
20146131
39947765
11297802
21644704
23769120
34802075
21293927
18259579
35387336
12137349
14909170
16127478
9657610
23960790
23156348
5084272
35395609
28180337
36416279
30992033
42815748
39327588
13389136
4971411
2435436
36677778
19179906
32469012
482427
32321183
37837149
35256018
9394976
39447283
4731745
2636754
38378940
25726328
29759736
26294231
9172869
897352
40165487
18805510
38283701
11189177
9570164
26095708
24584916
26096880
10972648
34173879
19119712
21880118
33833478
10317945
37954005
5814094
32599887
18059116
6906435
-650885
4287351
23479131
23367151
20168870
17233730
22216470
17498737
21329939
21825191
104106
41032210
16255416
26860804
40402388
29217667
33969831
20989913
41477504
25923902
1557405
43385794
219619
13756550
10417770
3082212
2244107
3023041
18053689
35770335
15609340
21698456
18221204
17498508
8474255
29607383
8284485
37937032
9597147
4661498
12678553
2883429
26652808
12453621
35640306
10222216
2504165
14132309
18890904
9461061
24157448
38821893
25749967
32355319
31716469
20247102
27668717
39773812
2310224
36302997
37950487
32107528
18959065
28498797
32168723
17330740
16456420
24443663
18854119
29023131
43019217
22481575
31447189
41109665
21397480
13184337
33728275
12886871
12628469
25335449
40826890
14025917
11849545
40090964
5607607
13793318
5773993
19861522
10505971
9206332
29016545
7797419
1268673
42958060
2131287
43322471
29677800
443630
21943837
37687527
843732
21821847
41555672
23787100
17623269
23402608
21763372
28259121
33401089
17969846
38706721
32252872
37651153
9589871
19712112
11959352
272128
18869068
19506076
27312149
969056
6987622
10359775
42681367
14801749
6000301
20154447
9743652
38573041
11520401
16167829
8413816
31887753
7982514
28143939
25395040
18774853
37133605
29338348
15838991
1662680
451945
-785424
1682912
4615122
27533095
23658167
38117951
6753044
23919571
39694775
17559809
33635887
5286183
4315778
14585566
9913642
19596788
9632725
18254529
38007807
10383342
36797164
24790
17683210
11985851
41765538
30164852
28853520
8684197
279162
22572964
6520608
1071456
734340
32602544
36751880
34570737
7279638
33756485
7011924
4063908
19050568
22977412
21016610
9104732
1395894
10205058
8406855
33603554
22583780
14350511
39517214
34786846
4855643
932449
32324839
26908279
34587113
7064410
7453075
37127050
12317054
11538599
16890530
36526473
23569352
42001083
4880248
38850481
34874172
36074262
8193237
42304425
23031992
41197117
43019904
26193405
14866238
23503231
-675551
40954702
12406351
43253659
12656606
10443390
22168882
1170286
4698654
6432388
22614771
4139434
29804412
32452646
17938221
9789036
32985634
31241624
30271236
8965439
20870342
2547401
31690246
31588475
27225104
29311787
34236377
29820770
26579272
38605834
20209942
21624313
11559016
9056960
33474011
2548111
11417144
36109413
22348148
10476466
40649026
29575476
7000563
-148830
1129182
21208784
2561605
42153313
1015557
17538573
42420400
7552031
16426442
27299419
7412316
37560905
2150360
33806148
9605815
15472306
11031567
19717903
39450418
23268912
14883629
8651358
6772972
32843412
22470863
10967060
40986687
35760934
2028331
13711258
30622257
36047041
11346896
10866277
21272690
25919289
27556337
14100607
20105607
20073842
34090268
2237126
15095574
32942938
42137492
27559417
28969485
9148145
26162941
36922355
32692839
15714979
18766071
1535177
20131848
13230988
29919363
16160986
41949584
9763785
32841046
24259066
38396977
11002722
11717143
14795343
21340052
22941116
35970347
37570795
-47769
42995159
19614766
26440645
3699642
24089496
955462
9275635
23038605
4505188
18919280
38516521
36011194
34558510
34604256
9564456
4914509
25640494
39923975
6098121
3870574
29160822
28579603
32028119
4022006
8499453
42726088
40050599
20501255
37024590
36602489
23584853
32995892
11158882
32125361
6938416
41549406
28728975
25266006
20576352
11646877
208494
13619447
25072384
36766185
34631513
2096365
18736197
31651178
17634335
25056189
7567369
7788173
8268039
21499435
37277624
9441658
10174585
27910756
17606675
7786110
38432818
25679326
21897100
23555290
24217708
18952059
18126923
37302378
35182066
8113384
3324928
36130286
29937177
20673035
21708898
40944100
5082589
22969429
16202182
25171284
11354122
17432029
37545252
30858834
2119635
24621197
28231354
40163190
8296332
10092174
23265307
21082690
27053873
7524956
1851884
7957334
26581660
4645280
10856481
6495648
10165172
20823781
41266571
35075455
15730394
24179115
864364
25710053
4454143
12435723
3520296
27999249
24375166
41828714
39457196
5883519
6203362
7548131
28787802
14290128
-593802
19071799
42592614
41831133
12089551
10754123
18516963
36117769
14931793
31087980
35676067
15438701
43521739
21261494
8596446
5044882
31524038
29485348
31897360
28191453
11777286
33496266
20383176
43466054
14780379
18121087
5467427
15053661
32278298
22186078
37791402
9815231
483592
32915776
3518341
33816597
6605252
15593842
3278568
9406006
734634
5748097
3273875
4686353
35324157
28678458
11736984
10603213
11417165
17660778
14429599
42646021
30692891
21435598
4405065
1530428
35781119
8567140
39820420
21515518
19523490
23710988
15576136
19217398
40664903
12475243
9236283
31336331
13528909
32899306
40335677
33154918
30891972
6080270
33020084
33718655
12609325
29653643
15360371
39720418
1513099
2674250
21433833
-396458
31118415
42891790
34589251
33353935
38891902
15475906
17627486
30004475
28498351
39256777
19303901
15681943
25417188
12913248
19050775
22367545
33503271
8257692
8003255
865326
941253
37860133
17790242
29452970
34017777
41516317
41601236
24331301
25280783
28742978
35922253
36612258
22565908
16837644
43170753
3960419
2714746
28386554
23011079
4041475
1299549
11779721
35042323
16954039
25671526
2557376
22520223
24535879
21052022
23684391
36241543
32370734
20176379
34874644
35735875
42405423
42815549
3122258
17359640
38264847
40102249
33591589
14272091
13120763
9048221
37398150
10458820
36611545
31578706
33008415
9744781
22270743
21926925
33574285
38185029
37586041
21033142
31254341
38014275
8708234
4530260
-425406
40326903
42845024
3189043
13513414
4700473
13227275
39252602
28293090
35754974
7782434
21428565
-211391
25155828
