37445818
10752264
34524814
8791987
24868498
31766840
25932007
11151886
10087822
29700537
16719720
34938729
35048829
35095932
24305904
11074139
18391378
35284336
10912893
42974072
26640815
19538381
42755604
31213360
42460009
1571008
9704361
37108050
4258981
39838989
38991549
23039585
-163022
23883148
22474282
3545829
34267248
25277864
2694397
16061218
41701898
30673157
38212170
30095751
24703779
39547395
36326781
33460050
-782244
23578838
26877117
18239506
17050067
32867692
17206912
26503165
41140001
10290191
34862927
747863
37379267
1264248
5524852
8782832
39204077
38230036
1124182
-985005
11667582
35429966
6921515
15224836
33893589
22988744
20943288
18676723
17762202
16924554
12357707
26155202
24852288
4683372
23685323
23004880
29702349
14777269
30251288
20646359
17801895
23962379
20950815
1606096
2161152
68703
34915981
21101661
1683572
27211668
40783327
17652136
19612793
6123634
21201754
12196578
7399047
16865748
22478174
23708132
19227818
13489125
3978390
42506110
24712221
17070232
9337903
28396592
17545813
10330100
40590807
34490180
41389002
19335921
8663489
19135776
6645876
28239495
42231744
5520504
16911486
1684222
-6679
5809133
2364702
19181739
39765049
34844839
13736671
6566406
28568379
17831504
40371200
43386623
2618429
2705021
33548802
47750
25764014
4235116
15008140
2533580
22283456
30699618
7553799
7823015
5192665
41307731
15389511
21139924
26000402
4149952
30391139
25941122
4590502
3764239
13812314
39621615
5592122
4457497
37966359
9906442
22629710
27335795
37618734
5607501
8670956
19747948
36389763
14257519
5749944
4881392
13050835
20536761
1345501
5558229
18043317
8607235
10330981
41057412
18799222
3957180
17426808
2284603
35011100
16640159
23242297
21418950
34251167
37013140
34147031
32078967
259388
3905089
25011161
18240709
25080180
38788982
13397920
33909124
43390880
11452576
25269366
37892733
16925592
12354820
-42173
34326277
12265321
16864401
13492444
11380416
2370015
14762351
17428560
9066887
14981028
28105106
11345380
3966976
15256021
36768453
37279349
34557164
39604353
39182868
33197456
14446065
23292563
38309620
9081277
39579982
10035054
19318203
7102737
43008607
16749635
24462891
14519358
994905
19499493
13896701
26922140
34766617
4117576
10124921
28304455
43355149
32275874
24737313
12326104
9557413
18296629
22395151
25502537
20591403
11385438
36985863
33308368
21404387
25078434
39542980
17947310
21680007
38803513
24264879
38800290
27869075
21209178
-275336
27438703
10284684
35659710
6485810
3390946
5436961
31658734
27720305
19290672
13583416
34229368
27095699
15590632
20414213
1679330
29144441
32824707
8208159
25659914
36579021
24074332
23227045
28216114
13867513
24177231
7134705
4550799
42012635
35866476
12995538
1476603
42605347
41985076
10144702
-688680
26123110
10863912
28251193
38619849
27594828
31361413
39237579
15747460
13958410
41837505
33048617
14282788
11203960
34244213
22671328
25381730
29323837
3958476
1736674
31293550
23942662
171246
27743077
26383853
27577386
10267972
42286512
41118869
3792120
13833739
29515978
-814272
17583142
25491885
41862913
25768085
24111681
20094535
30582429
10907158
33290377
8422665
41216876
38483273
-642957
35418658
36793914
767683
471254
33670406
5250496
16186649
4097657
10093535
35669744
5961430
3416107
20149117
41835874
39637293
33336141
2670424
19735413
40842709
10335297
43227027
665309
13817234
4977181
15274707
9670075
13936711
21734983
29303966
19860103
25211262
13446884
34893052
34732671
5573561
1739229
28896221
7756883
15839629
-349505
12126434
32514837
24523182
18813665
42672332
33230212
343734
16803061
11721187
27819154
27504428
-155880
5911815
-10582
6355209
17309385
40216280
31784591
17703387
11663289
29357829
6459800
24349905
35266281
24620656
42074482
25531644
30435928
40674378
493985
15011919
12042310
26576489
21937227
19626280
15560691
4626170
19706916
19539442
8901480
20974921
19284646
21213534
19884350
38242481
19835889
29641119
14649566
30999883
38586899
4919239
1699605
11643124
10379727
32155754
10127477
38136053
36739602
29602390
23581213
33983403
3470185
17147754
6798352
13437376
38315843
16228836
40662955
38297853
36962953
21288131
21394872
6847889
28682164
8865982
36329692
8797330
38564659
34603331
6266073
13081200
26009237
26340278
5992020
3705105
24811069
24028932
17265360
11575209
3798760
10677228
13456861
21912558
22895752
35948634
13822087
39089643
23131133
17645131
38767750
34328126
6552299
25096514
9020947
3220570
36067364
42680242
1266104
32551427
2126479
43165222
7472171
23139630
12836227
23606804
11701516
7259316
4266840
12459037
358375
7984261
7977766
37615877
40878559
33124996
35953535
39781743
434444
33173200
16535131
12554640
32923115
26626355
18255116
18678806
-620533
28153515
20038034
12783832
34630426
17791170
23079986
15820654
35383651
29864292
18608175
10857958
31121566
6196346
36865021
41144148
21142479
3046452
13107812
6986635
2967730
4559095
18792515
33696033
13290553
9290101
38890713
27916532
1802813
5108763
32455893
6907465
31038581
12061092
7807315
13348980
3780743
3220926
41367085
31576305
15032134
23606347
41898589
27047599
13517587
67367
39866426
26868287
29232867
37612903
37700630
1738238
39565806
21294972
8432443
17736515
1464309
16811159
1107966
25500072
25758517
34359649
24397547
1932603
11540158
-308160
33794676
29320332
24980040
4507768
17693921
30408225
10059446
10581336
17116327
780589
15999595
37479034
20626078
34797988
8395972
36811282
29586709
26634605
36430485
958671
4436598
6713429
23624127
16636399
22351788
6430009
11257911
18055075
27116130
25149196
40689590
28867274
30000782
26158511
39256005
12575328
1160382
5960511
1685075
10983461
42983212
11354388
3120476
20794335
35132435
29969561
19974938
9011490
14918938
3230788
32778555
4424331
34589685
37511434
11229914
21751025
19909178
22449069
14752863
10403307
28218151
931151
42813536
28796733
22982282
40289191
3518468
19752801
16101847
13999299
40442542
25327690
11676054
9452086
31341465
14987614
38962770
4339217
31897670
11573211
10270965
34820663
24926295
32237553
4013517
7078502
31938122
9092342
38889299
39197480
12016788
37533633
32081671
41520202
26384530
19104921
42292551
16334944
28420214
31634788
16045900
17897012
-650991
2223453
34693544
25809705
27677326
43519884
8694685
18953917
7812322
15395000
33900703
41660295
42541656
19437438
11283302
27506158
12105096
27251817
11649611
24268470
34443539
41955169
7914581
13188696
37902981
33860076
7547782
23960760
13628049
1513432
1227721
7479830
30510434
5148499
15084744
-630893
6552515
15566503
16312825
-831614
1139399
11352286
23166005
17511112
826614
11839717
26635773
8771170
39479482
14105876
35180987
31052569
13279046
29445464
22730837
36310328
41470141
3552800
34711099
26068942
24105854
2755145
42630126
43165590
25940960
15043311
13662860
28645574
17695298
3040101
43144681
27062652
11054847
32289381
7073768
14042175
30693136
6466562
15691124
17914981
6910249
33646473
43339119
37730755
36170310
43486036
38061385
34923146
41003769
36211614
17151592
19300275
40188541
12154757
38347360
10205783
24018173
166620
35556137
25884615
36540424
21625546
8769892
20009092
15914733
33169558
22599632
18905930
27437018
14180838
30741799
11305692
9104863
41825324
710612
1108316
8858061
9914787
32546904
17922115
8521926
35045502
21761623
28724562
13365520
41167314
30041487
21929630
39710725
38121303
12647302
3854598
24175880
9764548
19457801
15461119
17738038
19600574
4942353
37076210
41055560
32268417
35429739
5782259
37315602
22490169
41914630
1302595
14398211
31591587
34269453
33302861
24525721
-816218
7849394
41923396
43076691
8283901
39125254
9121907
2010821
12091749
28568198
36279539
28103696
40439739
20377102
29888161
10187908
4509704
25678409
14811745
30957804
42007315
5338500
38915565
29312041
15877098
18916126
3911443
21590383
-231962
2078397
5805675
10749200
7735380
15964474
25070752
11506216
37914976
6435199
27014822
20427552
488535
30811431
5597769
40475607
41984385
36104240
17751742
8069009
30025506
3153585
40853737
42023165
3014865
19066456
1047758
37857566
35138309
6348119
12033652
20942943
38569066
15681076
30910731
2378303
20108995
21548106
9996180
24325540
3336969
20092520
4295901
36382185
6716829
29524409
10926291
10716721
10102274
41639183
12294683
22567320
40974512
20397695
38440950
6754304
25645164
3605249
4081640
4838748
459191
42960022
1805690
6797438
33300717
39662373
7919576
-599037
421252
35036436
7913018
2096456
10300837
33175549
5073777
17267489
28335866
27818429
8362507
13449254
42054995
41676940
4238135
8155209
13180339
36416758
26177689
6965116
16232924
5623518
14680367
1246156
27003140
38117619
4030791
26272922
4901400
31609427
42734222
16970840
2289602
16881008
29850369
18670006
32145730
6430992
11630647
22215296
29743215
43272041
14769926
10646752
601591
25416597
13744098
30818031
37161315
18737322
22768722
27745551
795049
13089592
39985111
22296282
26289696
35712333
8114884
10754687
31329229
32220126
14263195
2033772
36419793
34806334
-442626
2474265
12328053
18783322
17667500
4269096
7138534
-979759
10811869
38686681
34963075
29855514
5709631
13422757
865845
43490058
-443861
25231574
33346802
12821754
33867545
2871193
2227445
-881544
16040930
42214343
10035622
22762442
25545435
9601740
33370125
19970159
20403065
36767906
604695
29985887
19556764
20374297
41520386
5608098
32607601
14549853
13064886
7764669
13262914
5482000
43431511
14723779
42190821
20915457
8960590
38328578
41405947
38671271
9993750
39359057
42253291
23853023
18131209
1367655
27969957
9969389
27953871
29305736
11544684
34601633
21068054
37195009
20786225
23050589
43235705
13479713
3208825
18074346
27043282
3863369
43338289
10293905
21742284
37720250
3108558
14691726
26745653
3499523
35227190
33499611
32644363
7185651
32394924
38309662
32937823
2165312
22392163
40338556
27696844
27232450
11103483
14780160
43084781
25837853
10841385
25631625
43245776
21852748
19829002
26509940
35202086
3875968
31684055
33552177
7156528
11870706
16806904
22043103
4418245
16774338
3751168
5186791
20325094
43356932
42413108
34614482
-770909
12615922
12213109
7711872
19754741
2026557
23707514
30682208
41307550
31891508
7548084
26128640
9776343
41657034
11012555
12687388
6297005
11542910
36614434
39402206
32556538
39164754
25125629
24323867
11400915
21288723
31819851
3984938
11097710
15385757
36265013
13338666
19908376
2098051
19034655
33366457
6728537
13731118
4080480
31654394
24090566
31356330
3876960
20959842
42461614
10106948
32961583
9769540
16655407
22266934
1599580
5586989
35515963
35926082
37517500
38963198
14180160
34175179
11701154
6395063
10643020
28492034
2775658
27094950
32030336
16166935
31547394
7588184
8869463
39317636
16380137
20410261
8916283
31350507
37518776
9258838
20785750
39587287
24637500
26654076
17792356
24697115
17052868
19188263
41655196
-385971
10468367
18137946
430487
15650285
22988681
1508575
32984472
2295646
21546793
30835469
3398008
41308790
33094236
38776266
5274874
29764608
16343922
37356192
34529548
7192946
41346503
37617605
22332274
8969198
28776895
33572122
7806403
35716340
10703079
10974218
-993623
-55115
39268887
33708437
35979102
31252622
11630735
7746595
37343467
28818898
22021573
31310891
12152783
12881436
40882739
35945392
42638055
4515716
-536379
23428182
15635469
39260504
38751674
13451954
40790295
35632007
13921136
-761881
27834320
34784110
33596749
22232231
30949379
43065009
35388794
23284231
39702666
30705569
8089095
8743987
811365
31023756
28817746
14726788
33516825
16539726
23115899
5335421
28503406
17593035
32816923
42056815
2593175
36655387
1267869
7178269
34919750
25215430
30358739
41732826
6119754
21518987
24527524
22505240
10312827
25350730
26631113
37366567
16218157
32083101
11876857
35920539
16973564
1593004
25681927
22854641
7561574
20418822
9439858
924412
22505253
7201748
17385188
41996000
39961917
40852946
31146066
8969762
27443127
10088823
17468350
27038327
245121
20983559
2570610
33551958
35776681
34062030
20718937
36315801
4863909
23066736
11178029
23002968
28529028
42809325
40116204
37837001
41843136
25481183
42976027
2281034
17368148
17157447
30899243
14215576
4562008
30339743
721725
26767986
19321335
22132480
12831230
41624810
32803987
24794994
1047553
34251172
35347529
32546150
41311623
14287736
11081145
14282109
11400678
13382672
19716535
31940986
39462993
27783119
12431897
7201217
32033176
33077269
34833355
15294361
6917360
7446700
36443991
22740563
18168618
28718101
31547512
14915004
11827070
740692
29339226
33564083
23207940
9190014
378856
5492935
5303961
27791073
12655617
2979392
6292807
22446281
32485787
79911
29341977
37517369
38455359
35094373
26205199
9175558
31033909
11885171
11151962
14440524
10614593
32584814
7035006
4115300
19441396
3865667
13790910
7994314
35850143
25603052
14215917
8819960
37675655
12670279
40158770
43001974
384169
26038613
42933299
17122825
32052006
24992603
4240315
16332251
6185599
27252387
34362189
14622355
18764488
883274
7873855
10913476
31971600
21073955
19435156
5852909
24990430
39033302
39664815
7687349
18140009
37737446
26622285
9724060
7257958
3746377
28956583
-439437
24932478
22410
33068370
16230553
29392336
15836117
12600712
28843087
15890525
35977428
21042442
34012235
9298302
8602240
23708917
31024884
42154606
833333
32949289
36870335
762759
16779158
12767633
13488666
34536847
12016483
17783670
37752980
38890765
3170608
12867238
10034842
18012957
8146750
-945152
34100794
37151581
3354321
36972396
19694856
23394575
35403081
36732091
2338216
4146722
13246823
7692982
22378926
18206217
3632608
10899279
21953338
40126572
16474694
42722504
2290134
33879934
8502087
41040767
30938014
16232704
29170513
37917550
15119041
4236429
15473010
20713605
676485
41247756
16670909
8865283
23011286
23104758
26499623
4440442
9821506
13276558
40641950
27578543
6922841
17300153
20844600
8993937
35674757
24857865
18555921
9988787
20294384
36978319
19412644
20483654
-258880
42640760
38657296
8733031
3628758
11890825
23116958
9184849
1361767
39132977
8825888
40084567
33963359
22355356
35829077
33897738
38771581
5395776
29994056
608670
41805260
32212883
42175752
22821621
31900315
28092009
18952611
13008494
26513151
8231801
31832538
6873345
2226904
10226223
41266513
-151525
798793
-943925
40446688
30030821
35598996
16291210
28754510
33918870
25244071
16637434
36261887
14023432
28885471
43220495
29599692
12757458
15302735
7500476
16169543
14927201
7373420
20548335
22149109
11346923
7651845
3729577
29949150
-361226
15519786
13880335
43121538
21965567
16296340
7145314
19234431
13529261
37512094
5281835
32409521
32265541
1039162
25974004
-695503
9790192
2679472
23708902
32117550
43288480
-271416
22003307
31441353
13921419
36977403
23924706
39841669
24618153
40573856
1873530
15983867
4782197
33285201
34263023
42495301
30752438
5051374
11929232
35213739
20644673
25089365
2424458
34589006
8351496
12067537
38309610
14560161
2775919
34731724
8604418
8932202
7105555
43227845
34278668
14608431
37566850
16684183
9738116
14904045
29952730
7069551
17600034
19575559
37237098
43209581
4744325
14081387
9734438
13045040
39326885
17538518
11813674
2102967
39729707
18010593
19129965
19772219
36581845
27751446
3477252
14050849
38865135
30076730
16302265
18367517
7387233
3486205
36482430
8417531
35601918
39194126
27591926
24200467
35921326
34318217
667716
38758050
753892
35825122
9455207
34274945
21082619
34232266
32789229
8510783
19437862
13833565
41429241
26797160
37408195
1706768
30922001
7973741
14806744
8836941
33022577
23114301
26908997
41362139
2582873
27928740
219320
917148
24369254
39061820
23320543
39253105
38888907
33938313
23235648
769367
16498786
9614366
4536118
-553455
24097802
43462489
11681515
14173346
42190410
4738825
8108334
1471231
21848085
12709043
17841342
10872658
37552312
3688616
12571728
29345271
16917921
17690286
26221647
39253656
16170066
33690155
12939676
18146467
7757109
19088436
1045415
10070019
34596388
18170252
1232963
3766089
31071167
10900049
1413126
41059874
7093521
41247506
38342468
1595715
42935201
10747940
24305144
990921
10569547
18555473
8931115
3321314
35656208
3571089
19559807
9361884
38943555
19512
1743614
33871699
2676858
40917060
12452319
42973758
203517
12626893
25744677
-24156
8643356
28962223
20482495
19778757
28436326
28214337
23302606
12105367
27815920
36294508
21397336
17101853
22690815
2538570
2239554
17310965
32481102
31133228
42931429
12950472
40949339
38688143
41031062
3082806
33315443
25781353
32050227
15219337
31076718
-142475
24268817
9504984
21104067
12392481
31753157
41828345
18570114
37949800
38473557
27026273
39914317
12684208
14010366
41922491
38372430
12290637
12599330
15582431
24906548
1143478
40236734
11091040
19352944
12265905
4518447
5004643
29962473
41272933
12033876
5712482
28691787
8875789
13336032
3277809
7659052
37364940
1751597
22953609
11289276
31851730
4680873
41882165
22844582
28463372
24092224
11849760
8432773
29443904
28966115
7291549
21078052
33168873
3090593
41406096
36903270
35279025
241939
26651824
13622682
24096470
16270575
13855037
35487865
5226435
36455862
25810515
23228336
30350159
42081590
14514243
8662129
24586252
20353534
10242053
37702943
1642594
33402154
22701982
43453362
5276297
16428500
40591350
3770661
19722369
30187420
21861220
12429496
12921399
24875693
21234936
9472218
39382284
14036714
239093
447058
35444406
29997953
3558830
41414434
39140475
39052632
18818150
36259460
2839712
30716499
21527846
1549297
15832591
38107987
10702885
17184959
17512027
9235415
21452366
34958701
16083379
6485555
31107488
22452982
43146328
28304900
2128487
34641049
32028541
37873022
10180038
41176351
6509244
25379872
35362843
27643761
6832631
31184425
13314695
31993913
4672548
24420959
18086014
5409929
29553355
21630660
42325407
20996691
28245909
32083119
35728066
1758142
35470398
15972794
32210291
19340598
17268549
19441675
26057242
25801708
4977125
17690486
22958967
7937230
686570
24189666
12471917
21571752
28414734
25375262
29545547
31738482
38580858
12219549
20125687
39834927
38124369
35591759
39952621
19632961
28420178
27105079
25467294
4791845
17101986
24615075
39891574
36613498
1523540
34003963
39316227
6978058
35264682
17307902
21114087
39201818
3984166
37093041
26076120
31557799
30836723
22392632
33990535
28918664
30807043
41044387
16617992
25803394
33297313
29109802
37597164
33833156
35534684
37091417
6321142
21100672
9599608
36808037
5529264
28594846
13978682
3973564
12900665
296022
27946845
23519863
14258340
23714182
2592201
7352742
32470110
12033884
9349708
38285133
31489422
25606861
40705380
20461006
33007345
4399289
7126966
384251
37895925
32961981
37895089
1669575
5959660
5152543
31620597
17682590
36534351
22725686
38949622
32739211
14952980
39535560
12439247
31844526
28710667
17645136
30247176
30399686
438355
5990626
25751008
26034154
2752976
16495875
38487587
22651954
15447599
38777047
23449687
33837633
41802718
34907242
38956950
9121441
27719078
36845899
25867025
29103990
9088825
37054140
14730872
35699385
3305103
41287620
8270623
34594725
29188549
38137653
-91222
40206072
42533011
40771467
19085207
6400802
14122098
2109782
23021916
4208356
32326198
17007027
15290471
23175665
5012051
2919377
38261520
215841
12349978
26256252
21788370
2869335
607055
26758278
16432356
31945147
9500958
4683116
18755633
30905670
30770852
31577073
-981296
13383216
23142713
40069360
26705440
39488824
34062362
42812804
11321276
21029919
16369062
10158993
21919546
19918848
23742025
16067771
16675088
32977915
32889446
36643756
33566681
4056645
3925018
43492408
22857824
33005438
3938904
31716843
1570305
18586927
-335488
29950441
23782273
42937480
35969921
944238
37569073
8110527
6176917
30809045
15781484
5822520
20763602
13361177
18401637
20409716
2273331
32005820
22300679
31547224
24518090
30663187
6424986
16290870
16752797
28644964
12250578
20723441
24104384
6073414
9193846
21860504
41259553
7374253
15817681
12511426
21351862
17080699
29170616
26799531
30801952
3304983
13220245
30564392
33461814
28436605
27418508
37355237
37973934
7431534
5200328
22400501
32555728
22829180
3950071
19850712
22853295
6753287
18984394
39559461
8885253
9456335
29617509
35850933
27021654
109296
5338783
38916864
4360149
15537849
11726538
6579935
25967934
2203211
19559697
33991510
28658726
19232311
570696
33349191
21049688
34263779
31361147
22159718
30202394
27366877
7229508
14363999
39949298
26109837
25886929
41391083
20808824
12141827
21232768
39756255
1487568
36888379
11466116
24867096
37134201
8455
24705394
20459363
21735454
12629433
20001983
2083076
11608730
-613400
11829751
3158735
9009626
4822998
24838330
-382305
1095459
14703784
22459625
7702551
25116677
28953845
38704452
16672692
25397761
40473403
27474580
40164603
816681
777478
19061793
-680162
40490866
22743936
41197108
42330351
18816917
37111535
22219192
11999518
19329279
27393370
15647108
18029675
27262004
9170797
20832636
30970277
28308702
8491874
29982778
17768946
2663617
867016
15050725
36139278
602612
17102578
3532887
5062135
21313591
35036794
32217848
28464315
9774580
2595085
27107286
14491327
23118623
22099209
31505492
32933924
34433407
13361414
9399444
22555871
16115627
35292689
22928902
30143116
14207777
23245867
3891585
15595463
3636037
16276836
27985718
9326268
395679
6838308
19350292
305384
3554852
33832586
5193374
9174362
35962590
30130441
26588720
25726823
27110718
27151592
-173539
27423861
8675654
13431290
31991184
23680218
24271969
9992884
13762822
10437606
-812523
22292418
21878096
21315625
38966398
43342011
12166168
9805158
7969719
35122028
40179664
1641867
42263071
7414725
5124497
35621193
21117065
25855116
37603195
19092326
15117126
5140442
32120956
24087802
332380
41603867
17803788
14629734
25004809
28462322
31532306
37287540
12281252
-269599
15802640
11008324
42206762
39901290
15229769
9302988
29018385
23413088
4929438
42680856
38323760
9882161
42679600
38869822
5299152
9527476
2518309
12029928
30119749
33032597
16595275
28007641
6738282
3463945
9349109
10393066
41932305
32078576
39344281
22968193
35715068
20528800
29067955
24244319
26424018
2397059
20787626
16137799
36625979
40479654
1302077
2784388
21567099
39374160
27052688
13990160
25475064
26921811
11556061
22843686
13189190
37320885
39330222
-953844
41726645
27093660
10378075
32282994
40471576
24464418
-867647
31352927
13467030
29403113
20879678
24750971
29167755
21619694
30242998
4722054
19846970
27400211
40640073
29066328
25346459
1963740
13014639
18990601
6343107
1871271
30531437
32584614
32595865
12737421
4614929
12147455
19755963
14066759
-149448
1270326
24779366
10182215
33155212
42480591
2258849
14108658
7947936
5908020
11705742
17934515
32484615
26587651
6533944
18329521
26511251
11556782
15351926
712577
14920498
19968746
41928167
1354156
11916808
30186168
38168115
31661085
23505142
33290049
27437051
31638640
21408829
12369780
29640681
35942768
33776966
24181194
13513630
6883387
920214
4598140
42884273
12845494
3971689
40394836
1786121
2123892
23522943
9247324
42600589
31441975
3111006
24800515
164610
41110010
38748182
30297797
43301042
33158736
24782444
38561360
601946
13634148
38637162
23785884
13325636
39185933
16505607
7355155
22512116
40280209
12319106
41282916
36153421
32785293
38637651
39983998
7424316
2022221
37899173
25737076
21219300
39917082
23885066
11784882
5035195
16212412
27823970
14990807
32522618
29238853
31248153
27325300
20292240
16268555
6105577
24477332
21468872
3467419
17872512
18072798
8437518
37391901
42851553
-975527
23279233
28934601
39877262
13251997
12653797
11321955
21473314
17479888
12488098
38791415
30331502
11283802
14124831
3226198
979178
19604199
7667369
40461679
36807492
16232168
6536585
111689
38690779
12225803
10874629
22577673
17272981
13385617
16039329
4051286
10840503
12434879
-965413
16484239
21569480
2837144
26284779
40480097
10495334
16668229
27912743
40759207
-392153
24969007
-489192
6940536
11557921
37268697
28034832
10127630
18955214
28434521
16406324
4787191
577295
9346141
26589816
26835971
21661645
26779062
9826212
6142011
22788179
31254091
22976150
27629295
19819968
42333325
-163652
25950109
12661956
33403599
34305984
18409095
30679713
25718786
42374972
24120226
-790149
16865381
21340429
3127789
30745857
33932736
42827265
12715251
8757438
32032863
40849898
33887958
18512997
1872787
1680408
391426
29265325
5070872
13333440
7184087
12403806
21006715
33161648
10225448
24642924
38030720
28931836
34038370
5057621
9728865
21786727
37320333
32360208
12524851
20684107
16748261
17077374
9066092
37589372
11021226
1133079
42739751
28289115
754392
39210070
37375140
8878226
8430454
41223501
18767038
13801152
27588656
2748972
37062618
33608872
29883940
-65599
19595811
36839067
30316832
8161560
26303158
23319350
9243978
10616138
5177028
4083050
22103269
42152189
-163479
22204013
34648197
37593055
26170533
6218120
10779422
13945022
16279772
26317684
35768619
37353761
35894290
33284318
38132530
25311640
38350272
36357193
40635055
6695867
14155374
19314189
34132138
1934983
3676837
42328424
865725
1131394
17031171
29284636
22793162
34898024
15951035
19194667
41692662
30527835
5661814
42151127
9232194
12521193
37707824
11378532
13922326
10258639
31652960
11575577
25806298
25854598
10341351
42943306
30989397
39133876
15360029
24305083
5476299
26015673
3325337
12148928
20548797
41632222
36286980
31624835
19080318
1291671
26481494
31430955
24752685
16254608
22600338
20146426
1906972
35138778
14439898
40618644
15521398
16572556
41780694
32050465
15607949
13875448
6842805
7222521
9633402
7235244
31970934
14444383
29207137
31356433
34007671
28114865
23914174
37872401
17596244
9538577
22041098
41101405
39587597
22871205
21916557
11955477
32943951
10006813
28468264
3687387
34193789
35437507
41798336
41129814
32001676
16492249
38431064
14470737
2916140
36988287
27449382
35440876
8694849
13247622
9489751
31650748
19367207
32276457
12169193
19096929
25349164
24197901
30714369
36776929
8711235
34896354
19116209
12103953
6920971
10403933
26223008
41631453
28441822
39997337
3402933
35112626
21613568
861209
30468231
29388504
26890190
-852263
29251754
19248973
41755417
1643389
17438369
25561048
23495200
16926418
12288852
9443161
36962480
7201577
1993941
2943939
35416269
13101004
20486953
7690451
5489343
33853371
30356607
19307891
3871639
10554665
26922349
10122826
5686018
43037037
7063919
32868327
35636958
2515566
14533330
6954659
26260585
3488386
32679912
11018686
18612688
7788256
1233279
19252143
28638617
12704089
24288796
13663096
2805441
11325469
36990568
19052367
33495640
17278713
9676065
26446133
28579031
40944352
19785021
33748926
-215657
25505176
29679485
33625866
7169113
13661921
4863121
2230788
32013528
990175
9506294
29121141
17352603
27810264
13707340
29294359
10969767
-6251
9879608
32181044
10592274
32814528
15653594
38496044
4377668
17954570
34424289
20861992
32409617
2300338
39912024
23117909
19420464
10220926
35976270
35165502
8127131
23740826
18843900
14129030
14566221
37617933
25908211
33242657
652719
12773446
23650065
14054001
12210128
25937184
9866160
3188592
9099111
38442678
8636340
5228778
26691180
22814737
40843961
33150813
11132686
39039391
13357154
18523578
30694200
37226913
23422183
11368048
6726876
33349613
19400539
36428851
601592
34697118
19168211
2356920
42315794
27885310
21526625
11260283
13471656
10881501
39714329
41384221
25735028
5789868
17980165
3974822
28560222
36945758
8840647
20430454
37118911
41990413
26823802
31822212
20072080
40103136
1458958
1453431
3416488
16493108
41943495
37200437
12220596
11330994
30162048
4054777
29048296
2750166
13176798
19966333
22289009
17699138
2252159
34678707
36293779
25015309
16814086
22564870
36138112
26111499
15013431
21311256
20498137
23559625
42322823
15008650
24804869
14496537
204566
27487059
26463114
10510324
36497404
28398150
21379094
19790659
27723118
36631827
23319881
23962877
23037504
27299185
25867654
9473217
666497
-64766
-823605
28993915
42076715
26181715
2793601
23514528
1797223
26073268
5734568
5242757
4741787
6512157
13644437
34233563
24853939
-104977
20664163
41352998
40430253
37418154
35439124
37734236
30088617
17847286
23911115
29804308
4982055
2622579
23601900
32498943
13629596
1154384
42172846
20036813
4085660
30542669
12155941
33691303
33307081
20886489
14509985
15815356
12804003
21258711
26134962
35832975
35123662
14201918
5990388
4359524
10607451
40128656
15533765
29930066
40888283
14732602
15699972
34431515
23824233
36207561
26761276
28660245
31728666
36239798
23092102
37926194
23278849
31018185
39755569
3373649
42651526
-56325
20025769
24359758
21381257
37240977
8918328
43389559
34247535
775207
8230781
24058600
15306005
16691004
25616422
36066434
8053616
187854
11760471
7440935
19263110
25535233
16567103
36602500
28148912
41513343
6484242
29194504
5776647
34144165
12182866
19556520
31301774
37499718
6184133
33154740
5703412
17843657
16026776
26201192
6839125
19021874
32513322
40813318
24358757
24797297
18558217
8890929
6033861
32850428
38551510
7803522
693412
5521004
25573293
41761467
6826295
30610274
25786676
7467596
19247416
12137775
27370558
9191902
19571275
32508304
35199211
11343113
21631613
40680880
38358055
11406459
5582760
33495800
5957437
11243297
22388335
29565671
10567135
21823321
17670528
11258127
10151705
18079857
37227721
26097506
33922249
27285886
15954847
27596970
31649689
-158637
8696205
816478
12071748
32202719
37719123
12144484
5358686
19578182
42066208
29595596
-482419
22812183
22467766
783332
17617637
32409895
26786454
26636306
16014022
12252828
6706177
10074960
28140134
37347038
4063492
22848066
25191555
-265551
29210541
40206752
19392451
33016541
36049090
4119643
42777743
15026578
18227856
43217838
17293898
13279045
23590272
14045007
31204494
11183043
-808307
22441035
7668454
36913925
35819618
9843400
11430933
19310099
22181419
18593249
35059200
27113473
34071271
16582431
22038031
26202743
32495677
25228263
24244915
34653351
884342
22386557
1718004
25473245
29651682
40275349
13157143
31143667
9987248
35111181
43061888
-220173
28370094
26242308
5636639
19958174
-944291
21154527
41790829
32410021
39493620
37151335
34247238
42182878
21247619
4654351
41538680
4601023
16971076
41975316
41264836
4092971
967032
20971788
11005762
19491543
33390971
9949921
6982001
18537332
19558342
3396147
24177776
-957159
17181564
31014380
1352502
38282290
2918260
1713188
20071136
3808696
24427684
16633346
27932629
14173328
20457037
17934762
38547331
22938901
28674971
8857814
2510100
40291139
21626299
37695268
17383537
434761
33333669
9113832
25033067
701385
20267035
35713
30254611
12385562
36739204
34784943
17605543
35604293
23719794
17105826
30461123
5836187
28986804
39621768
28564009
39573461
36714845
39327705
16609556
1005271
20918303
35639906
7148297
1851804
41857213
29160481
12982899
1884250
17600071
6306797
18474971
17929071
33021888
26414981
8693708
40923370
10861141
14109614
21565674
3886645
31102338
9093958
32909934
-497736
21995493
20377621
43092078
14318968
18084140
21221695
22841386
36558284
37868303
40627934
38266415
29140847
29770519
2445863
22949308
6410106
35447009
8092
18561606
39731714
21710050
28643822
407160
37469294
23480927
28442100
41508775
15183661
22285860
5073863
10860728
43421180
41773027
13567962
19817814
43371084
18191214
39085120
27495017
12735964
21207124
39255285
7698349
19160313
4612582
1400868
28102882
18446503
23790056
37778271
30549795
14495886
9927275
404575
42239230
26047445
34910342
1849435
14299186
12157945
39948876
13984600
19968530
7365213
1838919
33826533
18965943
28038179
6229399
24714752
15248886
24298410
18874506
27282395
21712944
20394842
13338970
27188601
16374388
29473995
24988725
36548937
30903764
34034204
17069696
37987671
25503647
19053014
33979991
36504329
30013507
3332431
36878709
7259918
17067784
22852218
32146843
27319028
35283362
6632655
42080059
15340876
20631829
42369048
41809812
29153020
26511071
16140439
23005575
17596592
21783543
42536098
39730020
32768749
43488106
2923972
41108297
27733522
16883723
7026908
2704107
16233255
8305474
9922088
31093787
20105221
508611
-542577
19037558
35892849
23909974
6142868
14230240
38936110
24150496
362542
17407056
32007904
39854764
21158837
2112399
3546778
37858692
28759982
9116861
31794823
17829647
12512381
42506656
33747942
34406463
41445038
2796725
22125696
-411178
9375930
1470491
17337920
29515920
17053432
41592185
10192061
30035769
11819334
19858409
10420908
7213234
981297
14500848
37563825
10320126
38317220
31036972
3115184
4164084
34705829
4135351
21899997
40967927
32960530
32404767
27422858
17443062
35833460
7250242
10054280
94684
40688802
20947000
18582267
18657740
36945439
32994512
43057491
7208122
37353343
24694191
34695109
15927945
9394389
6528835
15919608
27208407
19839293
21561681
39290063
15477063
706560
25492856
33577999
30246793
34374178
21532912
20103922
13598030
17185173
26733210
34945453
4922783
11620700
37453978
23816888
17764009
13396731
1052212
41595913
21862220
18143810
21064116
791471
36093598
41355222
24766224
13908475
8065451
33554523
15965506
23004930
41051595
10004037
15619507
9692361
12716086
29081969
1901972
19966338
3638175
745703
11867994
2675012
5322438
22938347
22603315
36566152
30380801
29308981
42049962
10418896
34046555
28507458
30680701
28856771
9142661
29776253
35652340
20617357
21866251
32180395
40942100
23520674
11802869
19697938
3839514
4437258
3261286
2518380
30184660
13746692
34183203
10775925
31475109
-19950
-721719
24305938
1760426
23055817
9657536
21435639
18990480
36036670
29956779
1934093
40840727
39236614
40482840
27549308
22615539
16488497
21309444
38334257
38373908
39903102
38738442
41088372
33511252
35848336
19877319
28281667
17451557
43469597
2658050
7968809
690480
38906224
4161371
12363225
21612080
341967
3795115
7801081
41998005
15788851
27632879
-652111
12831008
38788925
14469832
22054211
29435335
11871409
33502524
5223048
10787893
17129360
20525555
20632096
26713943
6323340
10495067
39886804
5422042
9722650
37014569
28877850
43288321
30331806
31692125
19319277
3612945
26747217
37864956
20272931
4241121
2570244
14578178
41378167
19689499
8416532
15377722
23526924
22549311
1593255
12306210
11167012
22071105
36220015
33811366
5361789
24974385
18476049
10093243
20589758
7727241
15798380
21332663
36698811
24941643
26161205
5166284
38465679
37977416
23840833
35608739
1833994
9899269
7929627
36561511
12934916
5925707
35544148
39184934
18522983
12722997
41305712
42901298
18636698
4183196
14672806
38619460
35572255
8045937
2361462
28583860
34415836
28005140
26855773
34977839
32217343
39007160
25835888
37866978
1083048
42399350
18376546
24824877
9025369
19145666
35946995
38181914
23997486
34862521
3830764
33170815
30975097
25540442
-421782
12212838
25400862
37446390
42268954
8734637
22814094
36102070
14333388
18172275
13055515
-927008
23020258
37718720
2530372
1702371
7192219
24644103
8492893
19309793
20885924
16334298
12731394
2818065
31138360
32240910
40571821
35049801
23666845
13801050
24521455
20252412
30643243
-898952
37631421
37434317
28146020
12824016
14136137
27470231
8896150
36751877
7928561
20385646
1166871
26128538
29003284
34177894
8314037
20654086
38751537
40532752
28471298
24517699
42194895
27510357
41880381
36040782
29847559
32958359
4878864
4548624
15395528
40586226
-348574
1224420
13859016
4375083
13836167
43040256
866805
17950699
30257666
26623245
20773127
5834198
39931892
13866535
24389260
-540699
5396593
29906755
34895282
13567930
16072677
18393508
8751554
14256316
43179649
17047933
34892915
19248084
40329322
10285889
30047878
19075435
4191426
-96867
35931877
33052816
8376002
38874012
16592379
40193323
10841145
34281968
19223202
10110371
19346624
42145005
33516928
33368941
4723133
32451661
22930524
13275824
36625011
13619629
50639
15820819
10772892
14632691
23675499
20737765
31347421
33038212
6469303
39078171
4530331
16652249
8758106
39576981
29789199
42002076
14648387
31405355
29909646
37237058
41607832
9286505
36760774
18269210
38302340
39892163
39869064
28791478
31460606
9442325
19848890
37773438
5811051
4483874
35654199
24999841
7050886
24194885
39374432
3752592
29093642
6191197
33738395
1478820
26518963
33362909
12559608
36624150
32459836
39950602
35850786
22389695
39579996
19934023
12851714
5168850
34808150
23106874
1095729
15089418
28228600
31653533
2618700
26457174
30271747
22922599
29692354
14426614
42880586
19518198
34123142
33909569
13823802
19135684
10568108
20108801
42826583
35513776
28107581
38502607
12782394
43235185
39686972
13806968
35032469
27402226
7510590
40458480
8490830
20338151
15059824
24380192
42587797
18363553
10937157
21187144
10275333
16865977
29206894
20925760
2951679
43491942
37111911
4740915
12075477
6659056
5372002
19191515
27593499
19781974
12928987
28477816
25833488
10248887
24572890
11468377
28345296
15249285
18314295
33153774
41575660
27987430
22591828
9655848
30076985
39597270
42524686
40983451
7503525
6768287
10701942
26586428
23993043
7377468
39956128
41401137
4405251
25299320
41630206
6915926
22301008
37288551
22295870
7429885
36549933
17091124
27255195
8744529
28215373
27227635
21121107
33662078
9417436
17771206
18403069
19969131
40512233
39719550
17970251
37046635
-101153
20610959
3510825
3906516
19750753
33063207
13879359
11521409
19104896
32120565
32744663
6113387
8039282
5418604
33006779
14452953
28667088
2908915
20373660
6550256
8446306
32441414
37981821
27184368
5417471
11896188
40304508
-356286
-43631
12858115
11290872
40892483
28308845
30991763
1209450
2449987
30841076
28378709
1024886
33522546
41680414
12488084
1567184
3944179
30922663
14336289
17414358
34560259
810591
11431421
-957551
23804347
33498642
8755038
3152495
18361158
-873943
32286232
4551343
5513184
12068243
32030192
-141269
9969298
9836282
33766436
36680239
29016720
29532568
37890680
33238730
6736632
-940845
3799812
36933148
7903536
19166896
9062487
19141346
10908711
10248002
33269936
30614528
31722273
1287328
25856401
29434064
41829733
42279221
6427250
28854543
38565078
42854278
3000981
4447363
13711817
21979810
8822971
6668915
31831596
20941292
41853485
43233984
15786042
10552144
6461743
21228706
35740910
28036732
22158336
24640474
30261392
4135728
34111325
32636622
7990655
1405754
31811966
36173765
16918427
12045760
14389068
6892087
22943708
27501320
19229140
24426593
2872340
3485404
9843679
20294979
33136042
33923210
10096483
1592980
8364082
30505855
39716446
22050928
43182272
15052323
5294277
16956676
4220999
26161688
33385629
26288715
37068032
28094562
4969407
29173852
14876064
41004756
37184149
14881553
21798704
12208387
32427550
27926564
19805286
18166198
18650189
39669559
36059817
-705128
5408472
15188647
18235578
17432107
-96214
14636053
26805370
19203192
24824144
730050
8319226
4359466
19418798
-949093
12564455
28326267
8808085
68558
22550899
30099653
26229622
23719659
41198170
36832647
23588954
20978125
37048273
25512162
10375833
19864713
33160829
21567404
42522806
1088117
33247865
2517232
8440417
29663351
13600298
608916
19673926
10517181
28419152
8203665
7077821
11545206
883504
42166693
3397790
8685241
23558213
34208195
28746737
30772162
42708780
31443311
39466740
37793455
19313005
25205930
8587433
41935421
10490364
24057211
24737970
34718505
3838167
21414021
20080338
31464317
20343055
7954643
42688529
36371092
10546210
22811588
41996598
32593384
1703467
42032090
15737340
24673161
34058193
34605834
38732628
40533674
34924549
22976469
25774907
34654367
7137388
28701238
28083862
20904309
33433451
11093001
17744225
33491108
22791750
1414101
18666463
33485865
11516439
11216455
11856902
10785907
30409610
16345653
3656250
2284959
33452346
15974648
43510997
7226283
21757365
21826148
16989027
5820295
6129130
20248131
22746672
4468651
20704324
28030999
6685439
24930010
1687859
-7845
14185508
34929115
12265022
22587603
-186218
19583409
17752102
42504703
220504
27172069
1644402
33033638
23820913
12537260
5198414
21767550
36941052
39830992
25998485
22149678
-688360
14392720
26967855
4821222
20185591
42385739
11923859
280934
11882917
36922835
40215100
37625214
16571139
42410376
4430563
3826229
28690910
33642259
25421801
42191704
35132003
14539525
34063429
35873542
6086815
32318949
13456270
35059699
30607280
26763557
3378165
13992681
25444799
20914855
-912506
40422359
24887631
28235319
18528112
9686864
33006293
18572498
40834527
25420690
40777351
27964774
38334045
20027428
34084359
21528634
18832679
41115016
4372005
38079952
13826692
4609337
16281828
21010208
18889810
41832286
27595600
14397371
42083184
17340696
28846222
11803712
18797171
33098736
41253535
10505679
12695715
9307648
1538256
25286729
39702138
9962963
18224668
26339094
17589378
11884243
33412741
3298139
36833113
8617390
14059762
19989591
28730692
13504717
7941720
43126338
13336659
17678442
29709267
40542141
9705277
2178452
17382498
2145473
5258813
1048467
16117958
4675934
-260933
16279296
28858128
16678081
28663551
36402729
35071501
37884112
452018
19456988
18775392
41784744
25477292
15341172
35083036
40611598
19576120
41305425
22103571
11723095
41383882
3547251
28706814
23921508
24548079
37404113
1898430
11009270
40026637
43527926
19212764
42874838
30915682
17408580
4929540
24349719
36019624
34213968
8786350
19730370
36103510
33549923
29082325
12868256
8145588
9952764
33614813
29991110
1891534
40299840
13950709
1264584
13141477
24597584
13706893
39090738
25615303
8565137
21433162
31371740
20974420
40991076
716327
12434288
7733870
38075891
19205176
36570041
26718550
-830700
34422677
39213088
38294703
14595204
8537718
14979919
15906200
33151951
37551087
21604892
2534296
31697558
9540587
2915292
27775356
26545160
25362631
11497730
23867421
20256028
19976769
25034156
8635976
31842846
39203506
33668380
36146638
9675196
3629335
9203040
36846096
29187396
38833192
6802131
39519563
15625376
29082672
42640294
38122466
35531199
1431815
16328324
30828148
14927183
17408083
24561718
14328528
26751048
37453669
29221941
38981021
5311107
31113913
11463663
26899753
415744
11274934
29157692
4591983
9062850
24257027
1649937
22429722
14720230
20450985
2359917
23290678
42025976
38693592
15875022
1267774
7571923
5214393
22446338
1919870
28716881
11482995
29597846
42436453
38697525
42099190
29862451
29483831
33106983
35929731
29653589
14241676
8874562
4846014
43130360
28539054
37595221
22284473
10481754
8877885
7547319
32244067
25626843
36189116
33976965
16691742
24269024
18959469
37785480
41835149
21326543
26081847
7127499
31330321
40473781
1933014
36733695
11821688
1727160
3494115
20398000
16471485
20525078
24379778
13986935
7248542
7740512
8723917
36423224
38180302
31341892
9514082
40779841
27664973
34286956
32799074
38402126
23077388
1689393
24339290
430380
904068
7584701
40849461
2934282
4979387
14642644
27197432
29834900
11660740
20707878
15675474
25961526
39502120
18340662
36856684
8750422
17434926
7901777
12054606
28528302
20889904
7538035
12119751
16500125
14130398
21043628
6371048
42262337
912056
11503204
37612349
2477036
19760329
10777719
19915459
32450702
42670850
523658
19754709
32623384
39671696
9267699
26378679
4264478
33537095
29083521
4454536
32823841
2792527
28348965
26896838
7363255
8991301
29513394
14449201
42040249
16988045
42591575
20808800
26715058
6973803
39447019
5459663
15565579
23853985
35554579
29552310
2626915
8584288
4026535
8665752
-337837
25121450
39441944
3207006
3290388
29182947
26565534
36074801
16122078
8166456
6231287
2953968
-293247
39466906
739393
3817511
-94853
36895862
36421431
28498400
33635869
9986458
38295996
24020762
6345329
21392067
24443565
28274998
12194899
32872728
40762077
35273544
12311623
9647509
38812901
11610890
39877830
41250626
39687393
38891928
25444035
23591878
23489440
3290033
840856
37540655
6258610
2558605
1282996
13594018
2104893
19095235
29937265
8299018
33662041
2174256
12383810
9709595
30068310
26413659
31985185
33498503
9689286
39829861
22672032
39525958
39695571
41859797
38845773
40099457
1101427
4382106
7138371
38940446
41233637
16659998
11799029
19710344
28528091
11890169
28612242
38272755
37488265
10534389
36151507
5669635
28927788
42961612
23151113
33243290
34302438
19685533
13702659
29430198
24678909
20976855
5975521
43214007
20192016
41622854
43434341
34211766
37346656
27560872
30607493
16616862
40524680
7417497
39930573
36108537
7006184
16083736
73783
-614262
25735196
5061615
26738971
34953266
20156955
7903217
30471579
24458141
29993088
23135278
30809755
28148118
4942173
13871042
18829334
298230
361710
23896234
38510807
36003635
41101183
22125469
31939635
17272322
35102202
10401820
27276979
24831094
28047721
30872483
20702660
28831136
23858610
31883439
43228720
29462975
32280270
5859473
27502632
11874759
4257643
-820846
23664473
15438775
27477694
18730649
6054362
24308027
39867443
41549076
10404927
80864
37054125
20362700
29885909
12560316
29351752
32603461
30780388
7518641
9523047
20116728
17289534
9723374
3449594
5897070
37108582
33081729
6341052
3397378
7568899
27338182
7981384
24358587
37499335
13820477
15043572
18497881
14233657
15798841
23947460
3462594
17652790
6174335
457884
29425733
6708858
21853871
25427072
8871205
34783214
10550569
4229288
12929126
7151193
19734846
20172358
32201454
27262115
12855093
42858170
42369169
12523745
14006846
41034568
2493344
20433171
33877945
30744807
9563213
35051119
21140566
17368983
12179995
18034986
42645036
34565161
15936435
19864104
20988261
26164
3683088
10542913
15775141
17392776
23139942
25007627
29805643
24957496
9526315
31958124
19536640
24798173
25618793
19541857
4450389
18926049
43172593
37989322
20554013
3761076
34992160
19122647
33599766
13259796
30025840
16275829
42433825
27628913
22833061
24369626
20483445
41033669
12175794
32465045
2030056
4626531
25078538
23538318
6744309
31382536
12129176
22045652
30322260
39675161
24174373
10712863
10204124
24098063
29154643
37969731
34137201
30998393
6771355
18386659
21807112
9553836
35450508
29201380
3744574
34671016
15485711
32544971
28502773
25625313
11087506
6730764
31719476
27476131
18517873
22479202
38628249
9024087
39817968
30312115
27671241
31614177
39883486
18627636
13224866
19871371
21836921
11515742
15692174
32408320
17527768
30618021
8130347
28775101
11397079
7831700
29141488
4602379
17256133
10220515
42578520
13557817
18419286
29924406
11368729
18028629
8890190
23560256
9356728
27909093
6060827
22288688
6354291
16877293
18957358
28069095
39918893
35427267
41107521
5324263
39955829
14923360
26184701
13905410
36132308
31996482
4605829
29377416
43255265
12177905
42175918
10630801
42532828
23122657
22193351
24986379
21103757
43389204
2486893
32531974
30215747
10886576
8867123
11366993
35952902
4419874
13537779
1356507
2140497
41811291
25715076
6540599
22617047
40608635
21063008
24069124
-403331
37325195
21915856
36745503
19644149
11070387
25004802
40930304
29258022
28922641
477125
28300271
6340314
17721547
40203652
40129160
42614648
19164003
38033488
28808985
26273374
7071426
2560891
4495929
-978637
42769740
15526371
3446436
41260588
4616711
40316227
2073031
35305846
35043231
9019917
36428104
7491009
40737768
38169164
42044123
27556503
26689575
5364932
24808242
32505271
41489970
5661618
16419426
32928548
7796696
20657409
17530268
39265234
7071806
7642373
2279002
3478613
29228023
32913048
35955700
26412281
14908867
33516508
12134630
1998121
10793698
-511816
20933449
37047266
27052734
32915656
12729027
7780977
13394341
43123099
22915511
9374733
3287148
15314422
31307265
-444402
39316719
36687445
40381910
14827175
33868317
38182482
27768144
20613466
21975717
8601025
33817037
30818806
25813598
17601113
18515134
2193641
3520413
28995288
20692677
16959065
8996646
6038988
42429226
25892613
9371275
748355
17865147
9011131
6842315
18246500
9761546
2363521
39858672
27377675
43262617
11809960
16652024
35531466
39859033
13820886
-401911
34528515
15223428
24791637
34401723
32622038
21631730
34496230
39852394
6576643
22443014
12353937
28452056
32575943
17009988
3218378
3804347
28728343
19943084
12653638
36520547
20619945
33098108
8218709
22159826
28483150
-11175
9339808
42223690
30086491
7083088
38656674
22560420
16706540
37678982
19839657
37590791
1846108
40098390
25838359
5282739
32171272
5352489
2500404
38695629
2856994
26602838
4122934
4930157
5736828
31206570
11474668
17770538
8332140
13638470
18158341
16557891
7634077
11907276
2084999
30974142
23092225
11694035
16042357
24589714
10774677
39912663
36735256
14128955
41945390
18332658
35962688
8090562
1517693
30050135
22479014
19415465
26740854
39372489
25164818
35969263
20476720
6613104
20722928
39054304
28236045
6398308
13089480
22747461
12650798
6804611
33937774
32684468
9372774
42960612
17682596
15038957
29179889
31096036
9262892
11237853
6253388
31509199
24466982
3359580
32951176
-657139
20164746
17833729
28141023
40234869
16384817
-407920
23255871
24006164
27181344
7800416
42613397
34501886
18345608
29595340
24830841
39684255
1022824
32314165
-776773
42606309
14742464
39579515
133593
24299472
24358718
18204937
36655282
2720379
17048692
40364338
21121524
30215754
8916242
16329063
29647172
21214670
3839088
36981079
36229482
10146833
10396489
1332435
3923251
39778875
11530911
6957198
16750961
40665689
41979229
26397577
3517468
28774290
41259948
39197526
32381432
15482478
30487684
3814900
31567591
6386951
1749892
26263863
12805318
21552558
12844367
32912493
36989887
4306011
14874700
11439079
2612559
2193707
4110648
24047132
4072414
12404223
25495623
14548506
37322419
11752002
16005769
42052651
1042884
11527187
43093725
21390145
11532658
-829343
6142819
39269638
34449878
2826576
864034
40398012
6242165
3026683
5784336
28858830
8475044
31858785
1288715
7642882
31328225
26281516
38369264
2316706
35464349
39669392
11815897
30299187
39865692
21010656
4374004
2729932
9531293
33382409
3331939
41939693
40870486
39317762
15991439
11569367
15429808
558775
26853866
37448143
21950378
13180116
41169183
39035825
3586161
39700408
8589334
30148848
11749550
39609350
31540090
37284783
20798869
-87216
29313859
30151667
24006535
41926290
8095972
9221519
5086342
41955555
9420785
39723738
25158325
40112226
17971537
21677656
16733057
4861508
8214470
35244797
29834119
12118218
7549140
24578512
15505385
18502144
7473575
2197455
42566223
33093389
20505433
35156722
4639354
8738293
2798166
24791778
27496020
11504561
15454825
38671059
10241912
10402894
29853785
17130107
32838873
4193138
22870521
24646916
19497526
42463151
22062385
13922537
13987249
30070118
30496408
26582623
13579137
14305580
23532910
25694986
20623260
33233048
755966
9792144
4652750
2374242
30063740
37755960
37738462
41967658
14537095
43051277
4142407
43214338
23773434
5870952
24118331
7017368
24351237
36371489
29246333
39868505
21777896
41756726
36668957
704997
39903208
6704001
42857077
11073860
26998381
34030022
1315899
-809855
18182489
37328176
35324790
23463562
18851532
19008819
29383607
38197765
12465939
17005132
7924512
37613514
11013654
9796969
31019230
28062281
14684818
27252402
21278052
37166762
31970994
5740756
29054359
24319864
30478639
16561905
31965355
26869827
37606997
8477741
8767907
34725205
3894384
6496790
23057837
22335166
37650129
27858863
25865598
11161667
32139342
21917291
1821144
19855892
35342472
18125498
36043054
19656854
16937093
32106123
9185753
22409620
36517787
42502370
-722723
27177803
18167073
9603032
34965850
24432563
40930818
13454319
4665517
35363329
770974
128910
5871471
2286977
8071925
16014774
4097467
28033584
28908936
26962183
21310435
36724832
27576393
18941176
12174843
28206444
12590138
9628930
28594144
31328777
39427693
615390
26429827
40066343
10875181
9033236
8945919
16265046
37096056
34278635
11995080
24212007
6522936
24151825
36714929
19167628
34489685
12551695
35432536
9171465
23913040
6952752
25847834
30612278
19073373
22893994
17723915
26630053
10064657
18313488
28075784
26375994
37244273
41021704
19782885
4925894
13470008
37281598
25480494
29178685
13231299
42052944
-169724
12933020
29073342
11840151
-650428
26235517
43422495
39799737
34928944
38692938
15227673
31652978
40672842
30611125
394183
19959979
24347827
17717055
5194929
11988565
16959903
27065703
20614449
18145428
20014099
37563159
25425954
11246465
22754111
1562963
23752632
32522847
17373655
9426335
29695643
7488353
34571496
4799168
1909416
5424152
12245167
24094447
35063131
22257857
-955278
26475175
41098889
-791464
9428207
39302623
13227449
34792538
21493816
37831001
25409551
17509007
29653664
23800219
3624131
13486676
13145271
22249019
40326629
25203651
36824161
25666252
34698361
27057104
40703789
40131344
13368532
17823807
39734340
13206500
34236531
11591281
24835046
1906248
35636852
24507384
3630643
42330654
19792053
6227333
148585
10152508
39072951
33149848
30806971
17308030
27656419
26942025
21178449
25610403
1606697
578173
9304311
12524304
29697695
22618542
21442781
13586688
43344868
8561017
5858157
22427998
19397062
26537547
2617082
28956755
30685079
13758932
32295660
34646822
5270327
36434484
18873733
12849867
20056782
12447634
28457170
5617047
38028105
20268309
10642172
24471000
6122433
32163096
39834907
12321935
25222172
24995323
1771842
36885460
2747665
26760010
-798755
20437850
