11243921
32767748
29522149
10355718
2091500
38825333
36858906
27879032
18121526
11115667
2966011
15345358
9339386
1946633
32554402
23534704
5249349
16197710
10953428
20959295
29513383
16283304
1218824
14434891
3602618
7940771
42965132
36603313
6623651
37221776
4819874
23423606
28295300
3886672
29922965
40691654
35962438
8822719
28759127
10387907
43034687
15426532
35783277
12026057
6573248
26002324
32389188
31803164
24625610
15106907
18995254
3285579
7941501
19505930
39082629
15257705
29289258
21888107
-119127
5071212
25826292
3924303
19381757
41078742
16486450
18300140
23725301
20870033
15528805
28840407
41550210
32689716
34195507
36396521
18046165
24592034
36477660
42097046
24276143
32597599
14764470
21987124
32447684
43444335
27314167
1602660
24993542
32236199
18691079
15680616
34006388
22763584
4499486
30597294
35018867
27609359
35152277
23823132
43091637
21921248
3624810
22190913
3076137
39796181
31273818
2687104
10542077
14865110
4249923
41485574
27133116
1724832
12418489
31822534
8240663
16726955
20037816
39160645
40603983
17918906
9205518
8144838
40663123
34704575
13508213
37258126
19739447
11640755
30588008
26436503
27104449
34222571
6191442
27888231
29371439
33783179
42158505
34775722
-783248
28141859
37235459
40805812
20585276
42227912
12419286
-102522
22357211
16946050
23699189
21670409
33411511
42478662
21358866
32477323
38668790
1098911
8298443
29744872
13464307
41868791
37565631
25999070
9231448
25515598
26267238
3058209
6728217
15933041
553789
5298215
13641796
9691144
30283866
5532847
19425516
24954296
400343
32975243
40092447
4930945
28679437
17839523
25312259
17232712
42100151
20527679
40797255
8366408
11830348
18202040
6554037
95955
-628360
11518378
764691
16750333
42033324
12535013
11143313
30552744
41128999
39870836
15237903
36401103
29083698
16076623
37601573
12390124
13076188
42668997
30604010
28719702
35175540
38016021
24182140
4332685
13423784
2311507
27478291
34595913
43264996
25061810
25750930
32243416
13665702
15524831
34990952
23819693
10359688
9412441
17610181
16262644
30429538
16493836
35389477
34065106
20358583
6423889
12444106
35778781
17318294
6034719
26441288
12480307
42637317
8429957
7928694
26988775
16825713
-498563
30328543
5516880
20195497
31620122
9960765
8825235
40041239
31374542
1438942
10042909
7503206
33102003
25138815
27734385
22950617
1417674
18893362
37451440
4448102
5492262
1347538
19694176
34816326
15786103
20459112
471645
30854894
34741262
25363757
5321269
21408973
-935395
34191150
22048550
8254206
21472544
22111907
6661439
10434720
10072667
26701807
10670336
15358791
42061095
18985548
32772360
11619427
28394518
35623173
32704697
28097912
20375428
15712745
26319789
2139935
5022578
30499142
5874976
31607795
7996815
26021994
8723120
11624696
21522470
23062725
33450336
36730139
34796799
26330391
38766041
11187520
8590244
42048214
36709525
2401219
5563716
28427075
42704298
42842387
32664596
33461149
651773
41818249
38431389
35748546
21210861
13754407
9711576
36834855
2703855
37136115
39609858
11824146
12038709
20615189
3809475
38197529
5374989
40487345
8666512
27481865
12120218
38884690
43136824
6000929
26135145
33567142
13366059
10830163
32091599
21129083
22155840
40614347
16673914
5087611
387380
35524448
11278032
808370
25545842
14687270
24126399
36451475
40944131
23652144
26760524
1165189
22228449
20530623
13485794
12539772
33640519
23668598
15203558
15979945
7707282
13821632
38173906
17496115
39602426
13145194
5108584
27391773
27254400
10173396
43492318
28300861
11750258
37771632
16765918
38214162
39582028
38574950
10101972
25461946
24306259
40589278
7190293
36744120
1633989
38253377
13888340
17980604
19416656
40456954
21357267
12829079
39424420
8058445
26399275
28750201
7518811
6662397
39651340
-370370
25035417
11427373
873503
2795298
39740416
2629212
42347932
9932077
15122893
11571712
33296143
30371635
25018055
33316309
1289970
20453222
-198484
26948451
17044020
8949283
18022162
155253
34278494
31914892
37791716
5985033
20816249
11044418
25401219
3230329
1749942
24081169
25801889
26520123
12081090
42213861
8939159
19620801
37326490
4754214
15276808
7211531
14786891
33650023
7460049
33211024
13095866
29217005
2752318
28018467
6527805
40593848
34263858
15868507
38614727
5620213
42075416
29107363
36373600
15135802
16423043
40767950
30097913
2164418
33104891
24713343
24734954
23031143
29672161
39784278
31951413
16041124
9697809
15757867
31285268
13327589
267057
21114030
28893001
13786933
38268856
16123514
32187385
33916461
26997822
43189727
4252363
13406659
17107104
40904666
23290643
32277628
2953320
-268774
31026681
25109477
7451042
10318619
21603802
23635048
40925890
4976577
8653185
35092209
29607155
16085237
7186321
33859141
21986132
2471550
11446107
21788130
26605634
24709542
4886679
18987489
24337565
23610615
22936305
28131074
3171582
5372276
37269611
6395036
18778721
20455766
6174793
17572608
3975253
14471556
6829463
28773980
17228860
27245770
21826989
3067677
40180604
21815233
1498942
31248043
38664645
12417681
32824317
40013725
5356604
26690727
26555669
10573760
2873909
140798
35849242
2158829
-359608
43437702
18511121
6568678
16864404
10808092
43525585
38300000
6947425
24620041
19669605
20615720
8452587
18616916
1354327
28353448
7637365
1224346
4609058
5086504
23001899
30598023
8819899
22388911
32386161
27991173
31301250
2894244
13958747
11028343
31680365
22518585
41169824
4620717
9420062
1075712
39769551
39296389
17190788
17078910
27363568
6160259
11966993
14900887
7233872
32094337
38492971
22169235
7866548
2347611
-710626
3468862
7801217
13338063
23602249
130022
21987334
31347724
3950625
3373960
27090539
13900757
2159356
29481979
33645015
26979654
38316530
13006148
14060844
23180746
6056269
39689499
28583917
11732197
9061344
1482745
20715603
22181960
22501701
6967856
8301118
33233524
31582102
1260669
11237034
15557366
29394529
41286712
-806528
30733617
14730077
9069452
11331374
31939774
41126091
30030757
18326139
11940533
40047
30391626
32177180
38495696
16226341
10821048
4419699
13040432
6457986
10338629
5781619
4248730
15116593
4812671
12105790
19032469
4107405
21510034
32955025
26565354
15720666
19183126
29894836
11418173
11423587
127821
14020247
17594956
8839456
10669022
41889071
29085285
36960670
36801152
39379658
5663502
7392490
12058708
39635150
7239605
5682281
12051964
21660275
10590860
24120988
41183127
33442897
35358676
12495118
4228170
31991343
17742353
2167686
22433382
36449324
40661669
23619575
27525343
1027181
15347836
33193145
17041164
13575858
19280257
12352083
1249605
27715154
29648277
24371767
27003852
17836879
38537423
38100362
24874539
11921200
26099621
1077877
18539732
15327595
36175580
27343592
35118176
8848038
23401923
23277
11672105
36350842
11905271
28106822
10642029
40694254
4785882
36242232
18742496
24295999
10036234
36291331
17694451
8158743
8460547
41250537
28308533
20727097
28512814
28352758
8794324
14193302
38912529
34437859
3357023
43529129
9188144
311070
24977153
12162704
26498265
474613
40355703
27367943
2869074
28398690
17874675
34525204
24592223
39176404
41331365
4114295
41971821
6014225
39246210
1229666
30897457
9740672
38659678
23737454
9313332
3824776
1762818
31050873
25498367
25186509
1528472
31726239
2443614
41385821
23260730
8007168
1205216
30742934
42906417
-678796
15304351
34699588
16218960
1921124
40311968
42183325
7799210
7421762
26797628
16430631
16154300
40296532
14753618
27276627
11523594
40453988
33363298
26949768
6115734
42895925
31651627
43438719
31529846
40123294
25879774
20675398
17117444
33731612
37034310
8902414
31242873
32634830
28533951
27664958
20118741
11292808
35972055
26656994
1345827
5807576
37407171
25591823
19943308
21541350
39436173
1535580
32029999
593628
4514533
29487804
18569291
27731573
12243442
26888431
34402291
35742691
30636218
39537898
22318740
16035858
41209667
22058527
4652174
21198715
28388935
20996560
7474778
43189416
38075364
33422951
-611857
26121071
3826241
9897629
31845693
10650802
39430780
17268836
7426510
32277869
5045521
11946603
12051903
19740994
19816472
18236966
22641656
6252082
2759933
12150524
22385079
12389492
27926101
42657619
2720078
16310940
28221296
15576079
1416134
29391961
1935159
8037987
21348300
24651484
42445881
11669496
20543594
8634092
18827264
19197025
19889689
7409433
19066236
24347909
-709152
11452920
-900089
2067016
22676472
8590479
20670506
24216979
42281838
40238636
3892160
16005593
1350832
10662002
1025202
13186670
12196030
25040213
23439548
10985867
6389798
5197400
13683719
-483511
25096081
18577563
36380245
28081572
3292712
6576346
-803238
9066667
24617163
29260538
10887575
13665474
22408339
2519012
10588147
18047609
14093491
4483508
39893084
-424184
7722166
19513779
34928114
25000215
12673749
13579372
31457702
41653067
14248390
26827235
6622406
4508998
41718593
20199705
19593446
41856624
18061182
10762827
3461253
34627386
6082209
41363398
12299758
37191201
20005203
25027472
30554384
25334769
11715345
32232457
30841909
30047607
39323129
6482026
9498536
1357240
16421401
43019800
36652274
36640157
37474630
33376052
24426612
40322884
32688774
25018205
1535968
17703311
14511858
3623032
35018376
21352146
34543066
-806880
35483944
38618343
9006197
38683295
-521665
21631765
6433612
9994154
34926084
40418649
27736960
28406822
33593595
8351074
30111704
41475133
40884689
18884216
37511205
16698609
9328451
7101977
35635195
36199633
30198994
24899333
21551429
11393914
34943942
9197246
-458772
39687037
35183779
-192380
38448371
19623648
12091963
34886413
40753907
12109643
43311020
12093654
23437539
23332032
33753666
15924641
5889802
36360240
38863876
30502144
29378038
34934225
433833
13431173
43047306
23353391
22636496
36258744
161566
3076455
22729826
22443766
8052875
1454040
6328368
3226912
26400267
419557
28177387
37717615
37001939
32011860
31264605
33473169
30473696
19598037
3602472
5185140
37725774
26211349
39065176
36283689
34510296
27323497
14714683
20986928
24476382
9995311
39078227
32376065
20203939
4963016
10489787
27206758
24819174
5116103
17873715
18209325
7354028
42363235
40568847
37580182
34470140
43168283
11214031
16225022
31583699
15076794
33479302
37369956
16286641
5950837
511474
17344426
19942867
26033178
27194459
2548563
35697157
41573347
17835475
40092114
28644080
24991515
33845182
38226330
21146569
10739008
26904775
10183111
705528
5530316
43321006
16072332
31380964
15573287
2545439
34680604
39193464
14526518
3772918
2762236
24479874
16641219
-674408
405048
5405994
41416634
6707481
26246259
987899
7383809
13249497
17891797
1499110
12135121
16027865
41700183
18364195
39798790
40126512
5779487
43005164
30663856
38140268
12386680
12134657
27142861
30299077
25150453
1997280
36459249
41265885
35304577
3542690
5573289
6905367
11228396
36229383
35481305
27204470
7947666
24618764
39541984
42926667
27614311
5152613
34226980
32883677
39450205
6395236
22499290
21307706
27892184
12241757
21999687
-928897
23070039
37265075
35584833
32774772
15873433
8364730
14972535
37617352
23581542
5609034
11218225
37831301
34223011
19064821
21668881
15266400
31087411
29520150
33844858
26522335
42610164
18064979
38183677
37013364
12036325
30970661
30341885
29668244
23051116
41394411
12315199
4209504
-645946
29437542
20724725
527824
16956019
5736711
29793364
817883
10874345
5576863
14127059
4060397
10020486
8392658
8399160
36348337
31469104
19043259
43078739
3383143
35580527
25182744
1899639
2991426
13325756
39532194
11277507
9238074
41883556
41680474
20692701
6561871
13863746
6580143
40962268
27147347
5532424
32966492
20101368
21761516
43239231
34039664
18759760
33286087
3049195
30338409
14465643
40442112
18104704
24881026
21432229
18080144
18791824
27250183
38020245
10751162
42522062
6109541
16720051
18160305
38768444
37343110
42875932
22319998
34685343
1990217
27253132
3636678
27558173
20525152
15424477
28086449
23906006
30808909
2447191
3235143
19743922
16050165
3915169
36777853
9672744
20577928
15330054
34034954
28840466
38991623
21411786
17156989
29554029
27418955
22041399
31738329
14998345
8636184
35145441
37000014
42671396
42920440
30849375
40036836
33686491
27160088
35785187
35587500
432441
3370074
34270245
2883932
35165250
2423645
39770299
21782091
17401879
25956006
19869241
15959276
35609447
36271902
9501218
24681088
15268093
27376730
14249421
24046305
31280931
10961875
2561169
23562388
26714098
42095600
5048554
32327632
8576933
-36022
8389437
2379155
36504698
6581448
13116776
34655851
9830787
8375640
9038045
36265561
7264052
37998784
4421811
7396818
14621285
7565559
-13213
19792917
14334906
32629388
24765751
18115058
32354849
29507421
30140824
27159794
7876333
43218701
13813793
38658432
1359060
5485997
29653944
36642724
25100856
24634368
959151
7012677
17966364
41940774
6930858
29350634
17952222
33874917
26155452
36855678
26121243
42017725
30814994
27909901
40218491
27967346
31230685
26939440
21272904
29838280
9341530
40295462
13182025
3641614
29940424
8141012
18432841
12476955
38846782
14611993
1671064
1941326
9755455
-744768
863234
12314869
16388211
38035678
29745893
28611424
22119086
37818336
41451771
30631418
28812969
6438929
500630
6330304
13402011
5133114
3021398
18045720
26614663
43090914
40356993
39489846
25248807
40631162
19673056
22160523
35843444
900511
39387176
28449317
9753597
7523572
4465986
26036946
11424848
3888240
6006404
40260015
24039588
35923913
28665754
3200993
33002015
30806765
15802489
24414380
9961154
16341882
31865145
6594283
11922349
6434548
25778367
-726628
20866684
19315530
8371513
5544273
13108591
31317057
25528780
7888948
11504635
32519281
10483925
30583874
10180319
19054345
40497581
38765699
27950435
27000259
28154593
19936194
35452039
23056534
20524403
4403173
34375533
7402502
12281122
-819837
3438468
7819812
6454169
9032535
4918037
12638267
17964882
20563567
16240426
20413549
5144613
33026386
5160384
39097991
42750768
35482902
31689178
43105898
834126
23612343
43310814
38450254
25099062
16065083
10358316
31078454
11329925
26575600
37136758
28341161
6713550
3427540
7426760
33410584
23662021
22530659
25975119
41650101
11429202
652852
23117668
35578727
24681331
37119086
26850746
18175969
32871797
16049181
5693096
4439070
38431695
7191726
36623355
17308286
14053743
9226683
16195621
30262191
17177658
9340193
12368664
18491190
29566384
42415183
35104654
39708535
13129497
6819850
7578694
42552000
11597543
2204287
31111055
20215623
35208871
10433989
-175026
16797034
-121094
14118852
35055226
-228333
8670594
8875898
13800998
13035465
9085226
2220304
2770620
10231966
28992706
2121158
18372335
34107426
16552783
31990219
31431615
2611892
3553758
41120358
35139240
34187099
10197139
24651340
29309588
38183626
42651073
-722929
27535947
27299760
18228232
23894301
11922683
29466702
41003799
25895978
27641879
35994570
530741
20180455
75268
43522910
10984059
19634781
13715943
20678816
28099337
31960511
24417917
15266665
37748857
42908282
18492493
40178505
4904782
9491221
6490009
35163401
1376763
12425280
2417994
24109271
35818965
32837184
-762443
6627135
41646067
39431214
17751787
41605200
20968135
21763381
40226718
21057440
19844146
24064948
14660709
40550524
20209155
1900690
13897262
39363096
8222003
43523256
41246830
3176316
18936819
39114462
26421336
29263471
11060331
14870747
27010658
20686556
-16748
42618496
41008016
30503105
4593454
13257483
694851
18247484
4807388
8928957
27528872
3146261
26725867
15461313
39379918
7615783
34399756
37174845
40646958
17709359
9027296
11288664
1414457
1346690
13263157
15178912
5750260
15035402
33553504
9366850
35444508
21989284
23290667
11250938
41013163
40800530
1378776
15073694
29164142
8318183
5952869
18459609
30266396
40337526
20603519
9273036
9841928
7142536
17610139
43502211
25912451
26183354
41396050
8772141
25977064
3769543
2432787
7237949
43049404
2114338
5725077
15069169
17049941
11969620
13988362
-68279
1547590
18322916
15761121
39187767
23640919
24539813
6317091
13082828
10872093
-407918
36552540
6169207
27138845
18565145
15603346
18866276
5674431
37211180
17690911
5826315
11841296
-969033
23460002
17669390
19642820
9182654
34082788
39032902
26649033
27559435
27985799
12179011
23682592
33444768
29308833
22029762
22215697
42248438
24166427
31706700
18214142
27290955
12534741
41001333
36502287
39566570
10360176
407750
36940502
33711292
35059600
20587120
11914039
23259809
27016046
8042908
6721701
14277211
18236001
5504415
32836155
6822258
6631584
26142091
16926543
9815394
8635423
37258518
39432769
16819758
12528872
33161945
22511016
21737174
24397325
42598060
9072692
2281906
17767696
28843997
30155141
40413620
14298784
26934632
19291916
13798142
22998586
18473863
26437356
33649563
14852970
7547028
11135802
24702434
10011817
7831607
12062003
23388698
28394579
24113644
25703573
42169269
11494367
10426158
30753344
6962713
-294726
16311148
12251066
7296650
16623484
16585180
39262727
6517481
23219088
33302432
-202377
2816876
13074837
28330848
10270807
35638573
31974653
38874766
5870106
38744146
13216696
38614144
29931492
-236960
4531487
4712948
7589005
23562482
13330080
43504386
12232721
12716377
28857774
25514593
32051420
3215856
10459828
25668801
35805508
25782252
5332816
22424916
744385
16147465
33387438
40029423
8297285
43092259
2600324
20410200
30322390
36690744
5545952
12692407
1635126
21929580
30053672
682530
33780967
29780233
23363765
32253151
8206633
33712457
16136362
13953390
36768481
7082295
15162910
5728970
33136981
40946319
23412686
18065968
18748087
42952368
4842494
-562638
29952622
6520564
9312526
20771399
19437218
34776658
2783700
16113851
-264774
1850373
6053170
31140221
19805995
30176760
3611971
31657905
4592724
2846101
1402085
39370292
14562956
2166352
16190669
39152060
30473277
-320192
37762047
41269592
19628957
12849245
25625206
25321297
26193024
23783355
1038506
34945850
13054760
17146006
12468364
10053080
34416642
6842236
25580392
29450774
12951333
37362413
37608684
33736074
6441397
-138927
36303179
26611467
39775555
6853368
32318704
42479449
36498035
30699347
27084409
18777643
38427040
-579690
17226014
33127113
30482751
2734048
32021758
4459163
8025284
9094691
38660255
22097636
21258657
3311534
42739457
19021122
5104892
33970908
24313331
17726585
1340422
23866358
21308113
42348725
40001387
2137983
13711142
39163622
14213687
24455798
25133163
835985
5778260
5534194
43058158
29554937
37023816
30670691
22958321
11213205
21596196
27158144
23019312
15706478
32351506
768237
42946369
34436899
14212563
9778404
34056271
34949285
4914716
17013940
17137927
33134614
4824475
36064103
12524288
2113762
14942240
30171062
6291411
29604210
11638094
23065518
17964438
15796391
37561863
31348912
29918985
36724074
-546282
12337049
36661181
18025826
12729075
8009296
6072987
29694318
18057794
38940768
28784475
37286774
24713132
32694605
33871125
11843804
1927215
18177431
24234059
17862389
18167031
23578535
40471404
13584067
15676761
32563001
35358638
11105629
28199259
30995572
7661484
11109175
3045756
40495188
35527828
28535054
39120831
22924024
26870659
29954458
30667485
17532348
6838416
35525655
-491985
15548941
35342035
8856786
36243618
4483423
14508228
22106581
43124421
27507213
30066977
16223545
8553176
6329129
11978043
4521414
31353738
33848479
23624384
10946200
8260936
20813696
39630468
34187805
41061975
38145405
32488695
37944874
30190011
2338104
17797133
3220369
76362
39786063
43405197
30263488
33315417
2183535
13542194
33085320
13549060
11001600
24226273
30294117
13949351
12118875
12075341
27174433
16881019
26782706
1328955
40273553
39683340
29286493
19718181
1529724
29731673
37804400
42159877
16515843
12890087
5448432
32418647
2713738
31542041
38989800
43153256
6927912
12366743
42915227
26656084
30331893
6083178
35656641
9382602
7389308
28596603
17122744
5664432
-717589
26556391
30362986
-909053
2999140
12006291
25646753
13032910
37342230
2473688
18578228
42323494
32903774
15725997
22457920
40796083
4694887
7580969
18417005
24748602
32402658
10192935
7669679
32419837
32886868
29995000
19585693
26919603
7331770
7273189
5791019
10051099
1985571
26033624
8364835
5611658
6637500
18521217
22668488
2910560
23784826
29134386
29653005
12803796
1479869
29030523
25559782
16594221
18645196
24716796
-655458
36872046
9218407
12145108
29902705
5277387
8626305
17117343
41089730
21384113
28425281
26788620
26324928
29369077
-576629
18642159
11637522
25931211
11344208
25225138
3644711
20441258
1029472
7972624
10740455
2443743
20409130
9617768
43490340
28073179
12960183
20824306
18188407
15204529
5278231
2874974
41789393
37378018
11635869
11559046
17318834
31864048
11800876
18967435
1966248
20166930
20808415
34471121
37956268
35661136
25629835
6017593
13245834
37698102
6126705
8060987
26325289
26989463
41878068
29931505
5856362
25341837
23317913
27084326
14372679
20988921
22728531
18914680
41477512
12526926
-188476
19867767
35171400
15949725
14995887
40143155
18090560
-829346
30982162
11412672
42340648
11258032
39846058
32149970
7840780
41662808
5739395
3992727
43042946
10837897
23975028
26416854
27722378
34822802
17065110
31726745
40897572
28336657
13987135
16378763
16455763
-830432
3064115
25720844
42638963
4736555
13617807
20862150
39679005
38099394
1090374
31238037
6448599
15259588
36876421
25184112
14837098
9029689
997957
3658580
2919750
18222129
19422074
3513939
21820948
28655847
6161059
7943427
26041417
35820174
20156148
41918279
20605680
41773775
21765518
10232035
29800788
35076783
16990346
18350292
22599199
43437155
14405701
24684956
42083973
10195495
31064117
21686379
14504783
126129
40612013
24045190
29505959
36935395
35684665
20750998
19078914
9337451
6026539
37991615
23911289
4720571
25219690
1847718
2833252
26757561
30556336
35426908
43343662
21328332
38763335
25403608
24356075
9770981
33197965
33286910
18598328
14841929
13837120
18205157
40251052
15398586
10161672
33261110
3844342
36922956
26787702
8889160
10715112
24362818
10160558
24898485
28587952
19178941
22817586
20644560
15109480
-106521
-176749
16221073
8395286
27019908
2877003
34303586
17599329
26577094
17173722
20125787
25704934
27201560
20893997
31968393
24036423
24279533
31500138
1648013
9038395
7337321
24823533
14442745
10028796
4380003
38444038
8110546
486450
40270675
10452791
12443260
31615590
35580660
2694688
16867202
33765038
31726421
24422376
10751273
14736304
9372162
16949088
10831989
8885034
41568227
26726578
2958733
8762360
22584311
20924531
8312800
16338621
13643324
8738869
7693746
8814789
27516659
28882679
35471891
23594969
43223425
30749208
26506660
26338047
1627371
41097511
40519160
1640244
24316947
9003417
20303380
6352918
36697439
25805671
7074202
32711950
9484652
2644225
7805238
14002052
35036342
23338027
868678
20741528
37570077
8796716
16822036
23022125
33005871
526474
33469195
16485497
5938311
42894351
33885885
27601600
15457504
17734205
9398675
5213985
-579246
21333453
11761493
21165418
32903391
26050700
20212649
3702864
22555308
9261729
16036696
41732005
37041026
13283492
34762900
35951632
24737143
15356564
41135802
36315328
3352884
20854445
28608677
14551743
12951865
20743685
7910723
2320701
18672285
43518879
33603441
31508295
35106193
1231946
16568918
10319234
36572348
38814152
31527121
23931751
40211496
37225352
29801034
24855452
33496740
19806270
20660451
23690062
27514147
30106898
13741353
2586701
6463248
28681454
3387577
11430597
20196147
847558
4193538
33276574
26794075
14318091
37832403
11615675
13717383
6709266
28157009
26267287
-140156
34114784
35942834
11692970
34058221
27585071
16506714
33052406
16957442
31502237
43321424
5046026
23223213
19832467
21330284
28113895
1822241
41521526
2291919
42843535
35369126
20933446
18200826
38584139
12749224
30618706
8413570
19619184
37054769
2495343
17514732
16404912
10798422
28812908
25551634
30104962
37554661
38394945
30081322
16030767
5145790
29122084
28749030
28854324
38908557
24998009
29861798
17333230
35181740
30491590
8926673
43275309
16240854
-340233
1011284
36692827
28854597
24499145
33324906
27952749
26235808
2382803
2720420
10934645
11761094
8408985
42973010
26927219
11760648
800671
23827278
19181356
29286315
10342281
29707457
42457992
4250219
2108442
22790979
-223100
22446628
42702850
36627623
23382332
39616323
36335119
27166411
30207663
37331580
18203824
21088278
24824036
8925304
6994561
2861307
17745547
34543423
19484899
3248398
29182142
31338418
360341
4422383
38278451
21022219
34396292
35832554
3024045
31482347
21473766
23115999
43084868
11798119
16198256
20447914
27141243
41508880
38281776
24745890
32652371
25767905
27567126
26766741
24837959
31585089
16278639
25359838
3773054
31279116
8586282
37593696
37082752
24839372
14381930
31449606
28737237
27917812
18232576
18983449
37396236
30838978
21078635
41005614
41646833
-56176
-714046
29367334
21392018
28533662
20686092
26283701
32299540
39612259
21629821
15740262
13208158
33242102
3100017
19454900
513055
6231991
39791130
12860069
20151883
37338303
207655
27827602
-729617
10201895
31649436
7157102
18842904
4053247
14459282
-38925
33646819
41093025
40906739
7397463
40926809
27995708
13318775
43051109
40846281
27095655
21402118
28226030
9937063
15790223
26483989
37726348
40017803
34029045
12172517
34004274
9233994
19925553
33309369
961884
27492146
21936623
28016427
27166836
3253458
28400934
10520007
23423897
34160223
43522825
33538912
15076835
21500841
23300462
29307561
39310264
35117409
16856401
37785379
18159123
21347409
10420410
18664581
4401178
40810007
8777711
5121104
31575294
11273774
22141681
38825488
24445252
37535804
-267991
33272497
12018216
9820518
15258312
-719646
29813572
36538684
33454107
12272472
11357455
8751074
5971517
21733759
38246718
20067423
26670088
10251657
40934793
10938297
23402236
26664338
22402545
29164727
11403772
39992933
32655092
17333924
5435525
31503216
28231208
10230005
6902814
39361342
40525351
20505470
37524711
2336719
13387613
16762644
18736185
5540309
41852701
23101058
24822999
14195824
2048439
34195112
37996147
28984590
11800085
43001158
14942854
29134282
15830710
25578963
8498866
27844526
36239518
6327747
6798086
34318197
43169542
31746374
22365416
18712416
7893651
-685948
39708205
21614508
11397241
28583307
39179273
42296393
39217367
28636557
25982033
23131220
8814392
37663133
15825721
31304169
35606226
4478220
10403240
12162656
38808579
11368018
108965
25457294
18090529
25425061
14738726
9583314
41943899
32652560
16689210
38269137
-534753
32915384
3639800
41061067
16293322
12665979
2899760
14977006
37207849
31265442
15340009
3041197
5463162
-38785
4517122
32068699
31613369
7203800
10590604
16862143
2873374
26700697
35859428
9005798
23619824
28703304
41994644
41970194
29843008
23644480
9796206
38906567
6992792
5100433
31082467
9833916
11587902
18742059
86856
6226848
-385172
42615129
13345335
38902851
23567130
11523023
5566936
42221054
15193457
21532510
12158028
31020628
15314578
-681942
36553634
17209411
26257875
40294695
5859135
2718861
25677075
26327970
28432958
9348867
21946507
8427481
26731647
24585469
22348897
42713150
16263595
14821603
20676856
24122232
18312076
4061458
29431180
17904654
25142548
-195445
5884563
28677492
25533864
7751541
10517077
36906208
236101
39165188
43092910
42618027
36574978
26514968
23141288
40342466
33034902
31167310
27703143
29957627
16489494
23050556
27043634
30313883
30745002
8023747
28021365
35675914
24461210
38308877
28389934
29592520
6707988
17522085
35996893
40136497
21674966
36407201
13348784
21337543
23592818
37349878
34297941
23795152
9378030
23753889
9383670
1156393
25479988
19456643
20706825
596963
7916316
41423180
31201778
8738115
28227820
39959020
26809390
8666827
11698644
43134998
4655970
-275905
36234428
1081977
8903697
38007771
5310653
36106510
28903470
23641852
42206504
694041
34955547
41362371
9050789
42221066
28687140
41567316
5222059
36990787
13919178
18036131
11069401
10891103
245536
4402776
23590006
36967354
23426121
9441662
33716819
16325751
13810933
36195688
20504750
28567250
9271741
5294590
2884218
21661715
5971821
22343461
42536942
18247502
-937115
10564059
21842047
39517510
21570684
41986375
34854889
18339849
23117570
15793864
11900211
41490739
7633883
13439568
12086137
7070661
9317310
18947243
26281001
7110003
2469937
10074415
27146979
11692372
35386728
10284169
4999752
25468952
40448241
29438434
31749657
28388900
29969033
12022256
31048088
18370682
586995
6173802
27421606
28795684
30513689
17853514
40399384
16478692
38246029
35582122
25643073
25386270
12521472
15899770
25586814
41028291
42334163
-161106
14466429
17531545
7343224
43219194
42855601
43277281
23397292
22507412
27895591
200095
39543659
30990421
33723572
32533429
8793581
7398895
39803603
28571185
2145596
15252527
-18357
24228274
38524694
11626519
37245824
13058301
27654839
42261210
9867336
6581021
21859051
18825600
19623447
7575575
7220109
5919934
37611501
10591098
21537856
30531942
27660694
36620652
14849202
30200360
6500683
27055399
22068371
16057314
34926733
39593001
10231977
20853009
28735716
33276698
15032880
30365405
19064064
996307
3405864
10795770
17929822
3827073
12108720
11273300
30789615
32363510
1481266
25668581
36261538
37554091
17865483
40744427
29005719
12532000
36086740
36732921
39891453
12469857
-382407
35450282
7845090
39797431
4429767
13584226
40606386
192034
40925420
3660201
37988754
22595324
14502119
41244556
37257856
22530680
656468
1735304
8384792
585935
6905201
2168119
15636510
13363058
32485469
38952243
12061702
35000391
4766685
24651002
31490070
30450156
36364285
30533342
5101396
37162961
10410330
22658355
19639095
10084386
42664526
18771387
37770350
20075246
32455309
6250444
28734723
11892868
18142782
35987334
34967527
42783211
12262530
18523460
8456130
3587872
15216227
14735585
3039915
9384224
28296662
21288311
21606180
4906850
30979973
26588082
21235873
6432032
-391878
26386557
39986293
14826092
16626679
10304666
35109238
35759572
35022121
-136923
5805163
426239
36329153
12142453
5741822
9275916
37208581
20733234
31477793
22802741
19540239
8098818
27008200
39199933
42228448
18701542
37374307
22769861
19645907
35742412
38856950
32289795
11998332
26298563
37874121
10331009
34334667
15312794
15931329
14148896
1903123
-152756
22065565
21272538
11738033
29207253
34253301
2336024
34353784
32442676
-538242
6364864
19243378
21838974
10240036
12184055
10475355
8330902
32022645
12505955
11505538
34538532
20120546
2171930
23941173
39587366
16628976
38182363
11879265
25391616
43424001
12692748
9461127
3471145
42771463
3549907
12231104
21199749
9555667
29782837
3936058
32356229
-827949
3560266
-615156
5138112
5170907
196175
10608962
16802389
13551024
19408271
28990509
19709602
28845969
9482090
32963675
20068942
6370492
18340865
33658090
33395843
25292845
22169789
1532623
11747526
24836353
7444386
12962502
26080524
2554452
7448728
14901255
41524234
2385806
32260199
25183336
30565998
27631272
3731801
42740440
5346863
1798074
30624830
7936113
4946324
13184660
16930976
24101208
24780981
19198855
40928534
-422678
40979855
30171010
37552203
42408836
10754323
37484393
11007842
12463685
37621297
11437870
42803581
24405495
14247779
37542416
24398503
1667914
3051192
40516497
15974459
22625957
1375522
38357963
38462682
41247869
28417829
38758805
6980206
2521138
18475870
24740358
22518960
43175554
31301011
6267485
15635557
34658065
8877044
8732894
13621215
41056057
41534567
35022659
34868102
13767066
28600391
5527706
32102292
1047930
12018046
43153133
14310768
26881441
24502399
21479426
27856721
35069173
35190016
23789026
3903212
35369118
5621813
27377638
5777248
4282718
32265684
25651133
39068801
-768469
5270458
34183738
26824504
21425555
7697938
16465247
10950782
42277296
22621309
23072580
46388
4673727
27067160
24087443
145916
13959059
31830803
4103679
4360416
18402131
15323403
26196477
36966777
24631096
34971126
9890982
39919538
22851966
24479274
38823767
30373397
3831575
15836086
21998240
29602196
34144536
16632481
16894218
15715664
20279181
4733832
36354939
22999067
22104881
41476283
42913700
25062828
6471933
8584683
40425120
42618265
18354465
20562857
42523303
41509932
21656428
34030504
18024617
34897803
18754001
19253498
18872232
21032106
36503608
41909756
28238568
23816098
8791131
15683827
9523224
4170156
-345071
990613
16602572
18916381
3550624
20594219
17525744
28665230
33419638
13581240
19843157
42634066
23876246
5842194
13250749
14022546
5754564
42394838
12652945
31680441
12537888
21670235
12969259
43449843
14591769
42597829
32860319
20073035
17187231
27139688
35020090
4852453
10229064
14614227
484985
36922229
10792925
18821408
42410268
42990289
18055489
30050569
30319921
21717603
32867422
13486483
35356087
42873435
17800101
15386880
4573427
13609028
12077989
2028745
9613056
30057346
43371381
31816541
33880059
-506055
5264443
9420195
5141266
18213915
6786200
21697642
12613407
30036033
22160298
14925146
26913086
34172258
35721618
25787012
36085480
26801811
20454876
28682662
21533834
31370858
14827849
14395863
43101339
38133171
249101
36593049
4490999
16588000
9317139
34803424
15159611
16711813
26991157
25857520
-505661
3792529
243790
31549718
21127547
13001902
26105416
9712840
33112868
2656718
31546074
35398202
38901865
2989494
37584968
18957564
3558190
11739831
37524738
1890332
17767263
2989760
2523880
23760251
37579297
23926738
21749234
12933078
31164742
10278072
40852336
1050866
31582762
42074373
23279104
28514660
33054421
10318116
8893784
1739988
10156397
-511183
14640629
27980528
25754177
12844739
8409150
182876
30560132
32680135
29132551
22570623
21337479
7293269
33141907
38833916
36458304
40171145
17160495
878869
39194288
8952658
10232320
35421261
41653140
7697554
33453014
24176447
271331
21705035
32597654
2170459
36398325
33416083
261495
43062745
3981725
36808465
32598949
17252874
3941991
4402479
28160527
24447433
3896140
2320205
23552706
38491890
13958373
40360606
40851818
29120703
1828846
5921017
27759336
31901601
41191316
3823786
38866062
-876628
27591678
31190997
33703292
20595790
12341189
11255222
363108
10517310
36949868
35864520
23378673
18072269
19536864
2995485
41648523
13757048
18987334
23783762
16085291
11031998
28775449
34430798
15762997
28095201
39894501
17718691
32074753
18260681
-69000
27280265
11601358
1310420
4690601
43284397
19694639
-125580
5659701
18330063
12231075
34019492
16844917
24107894
33403229
27014435
5774650
4147545
17698943
22923337
16681079
28238186
40537393
19632650
40673006
99542
5132710
24315117
38613206
12499666
8577133
36651158
38318946
2770781
39403704
5989468
87390
22322031
3738512
36481578
268198
28153303
23467987
42093449
16288204
905282
2290233
43000558
36410633
40144929
9294968
26416491
21937499
13675572
10465829
35863159
29253041
37801300
33303547
22244649
31305050
42697395
20626490
22662664
31525089
20476020
38939304
5834101
15078077
18263388
26874452
28070061
9870435
32870549
11981695
38802209
22734175
6415955
37073631
15463146
1203386
11358218
12834235
-683968
24644572
4931024
16741305
6914672
38151586
22514864
1055247
4479460
6933495
1614046
10120996
26824892
31796053
20493134
23439083
5221692
14460582
7120979
17343384
15554671
43239985
31168829
1912675
26905036
14977911
3079993
36596834
201302
9633742
40850679
31639664
20497534
7899802
9299802
27571885
30727292
32653704
4284336
8986479
36449203
22620106
2113004
-659420
34053447
10763860
5741756
421657
6515815
14462749
10101431
42545189
12530170
28950007
29266591
6614034
15715269
7292938
39816898
29698366
42979838
43493759
36709059
13591844
35375144
20127143
19140723
19349613
19000224
2381166
12428504
10926487
34346851
21472851
15114079
31843401
25587985
31292349
34893958
34932186
17739409
37695933
30236420
17589031
31029275
13851011
36570998
15966268
35152693
19229767
11671985
12375489
657729
39753832
21224725
31084878
37586898
1440474
5353425
5989001
14814146
24623672
40632469
15592550
6759755
42192520
9606302
6979232
-898299
16292071
39312372
22909883
-828565
8679212
38387262
23684283
12916782
19623471
24190291
23492580
11084937
34101760
42679184
39557524
20167888
16383509
21953736
19005228
9259697
12976453
14132232
12114367
32029755
31691571
35631592
39005768
42423426
42378934
23340853
32479766
24548533
18015977
20893490
39033620
16002962
34088430
7116544
10864972
6534990
36700376
13357738
10978621
6861267
8528709
17034776
43166130
3654381
25078921
23050139
12357549
38153740
41482463
35099359
30902569
38044530
10742796
3715847
2613095
10140588
9087340
28585058
38065720
27458426
28445771
23330330
27850810
37821789
4416880
19553341
39417658
34413572
12707088
6544597
23359035
33051253
10627495
31303828
9377078
28336849
20131220
19387996
17580232
21956733
6342965
14524816
7784855
8867814
40822798
14796742
3297004
25121420
43293698
41948792
39133845
35992709
24574567
19125119
14697384
18066751
41967877
29009270
39015200
1365251
33944867
9496503
18263001
32619265
22257402
5744352
30272063
5482769
5860350
24199578
41063733
637769
27989317
15366156
27783897
30773989
24872679
8335355
2906156
34335621
40097343
32051644
11241491
8893911
37122919
29363743
33344622
10766406
24999932
10056672
31895398
1886878
4109290
8619703
4560728
18560876
30937550
12153147
32578700
11228963
9709596
1534946
11026260
30475591
23805561
39967894
5489670
42674131
28106467
31147297
18455474
36695488
2702100
22833935
25099238
16986351
41913612
27922673
38667577
10265238
33363542
17099685
41211254
34348156
5459333
24532610
19172707
34702626
6120994
29505716
35087917
10770847
20742898
14709384
42129529
20813977
23236826
9885105
29007532
21872435
9358956
25134076
19014851
8537350
41813106
43255718
33071918
3841834
15719909
290379
24327069
40984019
10183193
17806768
28502095
3329112
21251028
973705
36844980
38345199
30117924
41013713
7848161
30235170
32815707
37032418
20416280
1788676
19411072
35512153
3783924
1195360
-563188
11095639
12060054
17884101
18944166
10833081
25222102
39036952
35858040
30983680
18898921
37306157
16671413
10559446
30226172
35674484
23994693
13887186
10011382
18200198
22603952
33764622
1651452
14627643
24977293
38010600
26681375
4928563
3817596
9258013
29269927
-736379
19904991
10183596
28947092
22724219
34019120
43281580
28738626
2603925
10618725
35818809
38778492
25358893
32204978
24429064
41158450
7061610
39898699
29469458
8617165
5754890
8396768
21061781
4489184
6066621
41374869
7461794
32312944
20348098
37202164
18759261
28788008
3014715
37976479
2019762
7642268
24395710
41133059
10324117
35668038
9934570
21554774
29902432
31965153
25156293
15333863
7982330
14842108
12241359
37091992
19622421
26241056
-842733
7952162
30145241
28500562
39043466
35134684
41550025
30676572
37860589
21077679
12466553
33833064
-333812
26720157
6708012
34640571
20027955
6818092
26818771
23992704
17352056
9835361
2645573
19701618
12981120
14084202
-267826
150862
10384856
1024938
9053071
36638227
35358278
27940602
34735967
34391232
9250676
14401806
29541879
36099548
7672172
22834902
6626928
1375177
6333016
4244735
39054492
704428
14261222
27028861
29740570
41768157
18908634
33255874
18623230
18116168
37375251
42110594
15426409
7209528
22925704
13763715
-424298
36847414
31965424
11766255
10611767
32969271
39092618
24088692
7177081
15733305
18273375
13377239
21019499
35111559
4261184
7209928
22112372
40955231
34518511
19299222
42144167
2986473
29079795
33046962
12568884
29386775
15212411
24816680
24404814
26920005
19546218
938504
24974039
28228001
22485131
21601640
27488857
30990642
30944850
34641719
9345459
26977488
1830727
10436650
-97439
12369374
10438382
6963662
23175147
14281431
722043
24112092
34631061
39709900
35296374
42212341
18034061
20324907
-886568
26876242
-938060
-344461
-462362
31057501
42827397
32141655
1917457
28706561
30244156
42010345
25555594
21533784
11375063
15551663
5755771
8498381
906783
32568014
29834705
32038100
36748669
14177375
10388102
24230852
9264420
8195557
18042700
21742909
42413548
17570141
2189939
5239523
27542799
11344306
14953334
7951489
19384987
10502343
10789322
18990529
43479384
38100614
22560762
21767687
20340588
26016494
518826
33244374
3555167
19383207
2927539
38010254
7845580
31417953
2394606
35715420
33270819
8828992
30912007
29259197
1598633
37835538
10948776
17925925
9259590
37440906
26161415
19364868
705164
36184275
29902267
342221
26301554
527267
37942681
20878145
3000747
7010781
17720607
10605589
27544799
3415896
28833459
4954749
42978446
12143832
18265556
28706000
35055015
20246906
25590241
4072959
30539987
6656247
25511153
6809053
38727139
4462752
19051753
36414814
34917320
18081258
22510076
2687755
5740890
30779614
12319184
14822207
14568825
21726340
8421244
27117850
-909266
20714499
38530356
36201868
25904619
41468610
31816821
25988911
24895751
11482747
18654218
13143637
43111106
33812329
36083938
27065389
32936906
12304960
38742240
13419177
38441190
27515825
20667376
31037191
19908287
29111918
5813747
31228036
10949396
39167626
8293368
31817753
14916905
7029009
413265
9606736
15015601
-56344
24655087
-793803
26900251
22531153
33186583
31509888
21361293
30687282
30781290
2533974
15283882
22288511
36738782
24519269
26071915
34998284
15669335
35789151
224462
32506415
2718414
3797471
25001539
26867047
35580128
41638993
7685165
13368408
34986238
16194161
2641883
8552160
19851370
22125999
34059005
8746056
7409461
5385259
41986733
-340244
23231511
8806106
25153594
33504878
26286198
10909330
41383313
-780188
41894593
31495718
11315914
14893848
37182636
8627545
23001608
34006733
35552542
21911576
17709309
8856003
10075874
16976708
28980147
28167234
20005677
21676937
34981251
26723985
10272288
24155112
33812679
5848763
4724041
11252179
37460155
6072421
40962357
34428172
31643953
27210553
31245266
21686395
26955634
2717257
36734124
30225352
41081215
42410863
18189264
9822979
21155785
4558062
24567687
14030938
13708369
16167190
24611362
27976166
14961585
21676214
23644026
36660276
37072966
3761122
17864146
10211986
5308364
43175473
41950006
30629004
42235140
14847632
6599462
42191464
42749037
31636224
29119623
36363761
3051586
33057983
33213430
23914976
3942130
8847962
4446567
37517609
6126336
41589514
22757060
40210242
38040709
8458065
40492976
37783193
7809901
8705924
35535367
12110647
16667493
24632250
35910876
42574215
32305810
10673367
17975116
21119537
9927037
36171582
11354668
8721370
29776306
6538057
19543494
4300773
19378212
1050126
36631315
706078
21415954
-215598
25872374
20351933
23020193
25261666
27063119
24105258
10911005
15109719
35579357
42161237
10740064
23348244
7833967
31311091
37601219
26984829
18610942
27214052
40878049
-73336
12569829
14541646
24363321
11782925
35136917
5710417
2227950
11248665
4281474
915413
6609955
24244608
21948103
38277527
36924302
30083233
9667748
16603292
7900550
34596399
28739968
24257451
42874292
35471420
9984251
33360484
27234793
42024633
39872629
14168826
4093625
15824282
27735967
13114446
33292179
27446531
19431244
29699724
38958253
27316921
12067607
38016920
12216676
30302961
15928019
35671309
30775986
10438775
5408516
34376386
34931734
30861799
36396027
30362364
36696025
22987970
29872763
12899168
17652658
23603873
6089198
15968977
33410564
25697948
38502911
7018101
32615588
30838135
39040276
32820993
37426661
30300298
3184922
40892767
1773310
17742466
39468434
23109896
41481832
33484256
5221377
37696624
-108723
7117816
13345958
42685931
30970241
8217212
7032179
8132051
40674979
15657694
35890884
6002754
33934207
4795655
14390421
35139988
18950906
21350088
763323
39150832
21858700
35152931
42484403
13405129
35014870
1831550
17460958
10921816
21689589
9600122
9235258
6373758
23264777
16541170
1627317
38962189
23104404
8886115
27852630
8620690
22139938
31300770
13037838
18479865
13494221
612228
12928846
33215937
16762755
-98779
37000989
42924169
24052364
36756337
12839140
35329754
30243478
31466441
39869621
11689564
29814193
28910722
-351243
20263941
8390461
40352451
38512703
28856230
29159754
6391662
13526297
6702016
26684121
11127280
99293
14587633
8354385
11910363
41833311
5510584
2689383
36445092
17586257
39070528
36821740
40746175
38598646
36317489
13977531
37074654
30645416
14258432
34513978
22725932
7304216
39801472
43160876
40938993
10989544
35697874
40898594
39530260
21846908
16250726
4538883
19839933
20830586
9899441
36754360
25460916
1016803
23631388
-914204
37694065
-620896
38308900
13466036
32639931
22256142
1061410
37052307
21974551
31262100
3545314
18964860
36021737
5216866
35290731
9336864
10530634
36821705
6493253
21272775
19901130
41381839
9503859
26546973
4955084
12347819
32400401
23086449
7378605
24559369
92978
42239944
190355
31488625
163538
18946622
4776115
18259050
39080167
1911146
641302
21882077
27741489
7713675
42929878
-600508
28759641
9185483
14522157
11679918
21242582
14912067
12016728
23111861
20113901
34338334
25057549
25500238
33108196
22395756
22474032
37994907
36041882
20667768
22860783
21753314
13817970
24056549
22875247
21107483
20505296
1205732
35991921
24131961
24158336
33149153
5389985
10253752
13645658
41867972
17969289
25965117
8418963
7409279
12613788
5532390
8245636
24327666
37283687
35896186
26857214
26861288
6910171
9283378
26507430
31873595
32459195
-343821
24744030
14350927
27733211
17193681
35885775
40680808
2611714
1721389
36610004
1749275
1253669
31523420
10565787
-220331
10079382
26355693
27063897
19054933
26946930
26161672
24276710
30134006
26912930
36928022
37900106
9291975
22466359
20112405
18665865
42237488
11121395
32785010
23600645
35787779
37694046
39920995
38959186
33424267
28444870
24818008
43016603
21297754
3910118
28611689
6254018
14325916
33782613
24820607
29548073
42134182
8970643
20563661
29638855
3287262
38677307
29793662
20752207
31717165
35667257
23838697
12948824
3417632
39630879
2795338
7872563
39396144
21522981
19321195
23820670
29175226
40520461
42286891
34584545
30409482
12765333
172874
12376691
39569121
10368919
21874496
21906638
28484770
42542031
13236349
2754302
14111309
32405887
39169202
10219551
34702038
37153979
6730171
21210625
18451865
2903422
21604373
28294380
17656016
21354513
19612981
10828232
33153088
23095222
33024218
6804889
10308861
16392390
5733437
19623877
34711269
2643504
11710204
6928029
16086214
19959333
12696613
14285483
5319286
17000669
23626685
36695831
13629443
40149846
8093875
17543264
-691962
41913064
32694500
19124124
20538897
22781007
11971351
16864064
35607871
37798110
40855691
26760864
30088981
40305859
9813836
38939585
41667563
35626753
41439735
42922533
15942099
40378145
28770107
27756858
39740162
13424278
38514921
25762416
15587934
10551452
14136042
4621039
17007047
10050886
43023681
24906439
229033
42958056
7257217
3511308
29758208
10600314
42027241
17702742
14018912
22394810
13434284
33851175
7915159
3677971
16006835
23212725
28910968
41474209
35690460
39378894
39969113
13611903
20003975
41378433
24068552
22462088
12524355
7425292
11927972
23184202
3470306
25367666
19607511
12791459
1246008
31861829
41906505
14828195
34890426
13929641
12431840
7255021
28503885
16525483
10881426
3104920
27474169
15173764
33638649
14649731
19439664
1839462
27712720
2651574
18068793
26220572
40184570
42748804
23080986
2294880
41357177
34532956
37655702
-777232
14264157
36463044
32382864
10236725
24084479
36689516
20871481
21872913
39912418
34556618
30378654
18496366
31117889
13854614
30878581
11374491
20483447
29076002
12190986
7299433
39362661
20364962
34498396
15691551
38473463
30859236
5951063
25530138
35939487
23348570
27470138
2794138
7766019
39028679
24383353
13435904
10357266
40533789
30873827
1707441
26864103
32667656
9589875
28939125
30311208
17517392
29676690
-816757
28966222
40174099
26572015
30082750
1553646
22963557
24293696
41813047
6003798
29872957
7477213
30000778
42080250
8107926
29333169
4912909
2804692
37087867
19842708
13645005
42628238
-248829
1734623
16595644
15822575
3625224
27967003
35073258
14257701
39023187
40999248
-523701
40508611
17361211
8632812
19325003
16860254
36328327
4986737
35369204
26339343
10451208
38631687
28842061
6758482
34624629
11610761
2392816
41858477
38145942
25774979
29457975
10859093
15209154
38550987
39013439
36106629
31389722
42752007
24546967
8424335
43483324
21325378
790389
38466781
24131303
5189528
30097904
2401963
2427660
25787128
41728859
158181
2657691
17526388
15410232
3705075
6959619
8561952
15144828
28917259
34230340
4073259
33626301
38480459
30579550
26001743
8027315
15962251
39342076
24505292
7502138
12931804
12913344
28658978
42505741
18916232
24472311
20738823
17381814
23400290
13537130
5785544
14326435
12268022
29145478
5433198
19121317
19789838
28254536
5074731
-363946
36734674
19757562
142041
5390190
29522178
12547243
744382
18799035
37470696
42399887
16374135
388641
39753741
39357074
33294258
32581806
-862287
21969141
6275870
23111118
27909597
21283072
825685
-759922
34259306
18555778
22566932
11303262
23631853
18059152
8336050
3342829
27102728
35661635
4499520
-874464
9068935
8764966
30197882
6620067
34318627
11280593
15798274
4649583
19056407
38372852
2493476
10925546
7496603
37054676
34900462
17517010
7368605
27904294
29403005
3198392
36302728
33329007
12079001
16819893
10372616
31076263
23444182
2384470
3817264
41424269
7753837
39115374
33376233
29402125
18731887
34628750
4158995
9732300
12958811
19378645
14129723
25482890
15745894
40250270
16109112
27286395
19932076
159384
40180082
20725803
22037843
34250287
38249254
7946508
38091500
31585284
14603866
33174598
38556836
30451209
11705523
36969809
10233161
37322644
34965465
12510710
3878830
41053915
1621293
10019288
42935610
33493843
37713839
23697240
39923244
34194965
3672302
25763216
16043082
39767137
26354251
30670950
35844681
16471192
36327907
25369349
22307795
25626892
12297944
18674946
39312353
718078
38967894
37776052
32008739
24202333
5770738
39968557
232447
25940078
10177526
3236305
15553877
2158735
15672898
20790646
3435212
35013365
33143951
41172469
31954350
38427941
14504994
28713624
23593318
24043064
34566631
10855199
4474319
22012012
28523442
24767770
30363768
9694471
1985447
27482384
4068636
17806028
17862804
-536445
14419904
38188028
150233
35263348
41440816
18110617
15827906
12249121
24525932
9968353
33257484
34235792
36701741
2139719
20487213
26033642
38032989
31647239
40680239
18773805
34261846
36253173
28898289
15195909
13011254
16998637
26498076
42781250
28020981
33333881
26451714
40050599
12349001
24748295
1746901
39734521
32513393
21074259
42896874
-140728
5580116
25893890
30418308
-441690
42770932
28622580
2431693
6383595
32941476
30500251
30062114
43034679
40603552
15665718
24410030
5383549
36892189
25531732
2744763
24992146
31959243
36123967
1522373
5033394
17959858
4332621
-549446
41172011
31230323
18402264
31472123
40684445
38740097
31450437
423778
1866614
4281898
23643018
36391920
23670400
7004203
7102021
9851560
39318575
28271509
39866462
15172402
6895587
10752333
39287490
30319046
40667727
34450653
22021357
17051081
29607006
41234223
18250890
34188310
12061257
36930242
26596662
5890171
42555124
29942569
24559522
11653405
32418754
41017530
9810794
32273162
9079976
2923866
29720376
9385864
20791244
22199279
24549749
19414021
32079347
21238375
18319714
17502670
17236080
5718325
42365627
32230359
37628610
3764654
17773109
30604386
9081271
5245510
13761050
18524742
35935324
31674828
25380945
36684863
32759303
11299051
30423925
33153757
36260629
42283089
8872527
40239984
10317499
43067435
4765937
21018270
36331704
39701340
33952720
22138402
19151794
8349549
11245504
11027282
28574854
32279948
42254852
40364434
1605337
15962084
39670159
24432746
30029912
13013387
37467957
10876992
19322426
26439858
22305256
28229448
42121016
36178993
10440737
26185773
-732970
29426406
33833454
14142193
42955019
36454246
18394063
13816772
3373463
26627743
25536511
39590316
34284148
27177414
6937414
20878212
38888526
27070312
32862503
17632221
9050298
1563306
6106230
34544948
6718105
23781827
30057399
32796354
22325282
20932753
19797006
16215740
30084446
19572128
22817009
16939341
41810368
10407308
40624893
18367063
39352129
16910337
24800646
12110168
36282750
4124111
40819807
42910475
7772604
35865022
31679411
17987289
27074641
4040370
1962244
33041657
31087718
39998323
20592468
64453
26660597
17378265
17054495
39459027
37129447
-396286
452395
36707693
34075821
25512249
1503996
3083308
7386369
24765087
35493930
30715548
8686984
24352569
23246238
20350589
25613560
32061338
27600573
1657518
20054361
42014380
42048754
5063948
8995955
525333
18186405
4909979
37679525
8387826
17762975
42889699
42076227
3230663
40178531
5067121
27162124
25926987
20752735
7769842
7855850
95570
12044300
32541077
9937285
20138842
41673636
40581531
3455569
2571923
1864046
18972094
34191185
2583998
31926675
8166041
6954047
29946285
2874522
30662848
30233505
41068027
-213582
36075825
21523297
42071655
3636925
1650838
20254224
24365999
9407685
8523975
26915543
22154498
10919463
27158149
34711053
3783877
31899836
25844469
4118497
5905454
12460895
38339420
43075008
24468118
15373087
19555024
30416379
7273427
1216220
3175171
36884835
21390413
3687331
42455221
38672680
33396326
29431105
19454362
35017574
42336379
8904519
39054145
34668594
26895040
1430382
38817593
1200654
28635952
1565782
36517540
25895929
20913560
12103673
