15481151
5701660
27942456
21040886
31748274
21032487
14495179
19532533
21182847
17288016
11552125
22107627
3111220
13080421
934315
42925853
24582028
122
36867387
3210101
36099944
33330811
11721938
27329501
25346046
5097739
27778862
14420825
36583368
40380070
13381227
38342657
35774946
3179224
18420585
35178627
18282167
34965665
15762977
30349252
37248324
42249431
30286987
7673909
37778642
2309772
3692112
40654960
3041320
8843236
27511658
10111968
-90769
20781971
23104112
36121013
13643043
40743172
39753991
25550597
27991676
25504616
22803807
9423394
17730886
25697585
-768840
39603331
13549965
29330765
34186988
35862525
43260873
33158095
27897666
7156035
29392497
24414371
24952345
38942279
5635143
38845573
19885806
24856606
35377325
13694705
16281578
-276088
6247025
36128596
23258615
28153148
13002121
8802638
4773943
19038385
5399132
41461743
8359439
41891503
20865781
18726080
14051809
41447174
8524301
37685803
34668673
32686599
19809233
43417563
21564113
14427450
-625101
8101586
43186894
33496128
35732036
16969475
40160879
32386088
40466663
4898491
33958251
9106376
32557906
14933081
24440757
35042549
5270758
8878038
17592620
26882405
23462414
14511079
15867710
32061547
2555717
29984372
32658256
9095207
27261561
17058862
8026149
40895889
16085748
36600238
29453562
7009206
2409158
21175977
4240768
27324856
24819323
23089401
28144777
2778874
30548461
10749057
23707457
19995067
30455896
40140625
4699443
14340899
42105890
42229447
4607018
30867660
5161678
5501617
28457516
30769977
8996866
33874217
18345893
41569187
35329781
1461687
27616880
17276818
12724598
9547110
38170905
42746417
32879323
29096613
14129689
23336854
7391500
36437009
14288600
9811894
29554726
43482374
21405317
34813861
10203687
26893580
28638691
37353640
34860444
8178159
39541043
34912930
40090560
10244322
32778669
10651393
34595480
16134219
2772245
13825381
32177274
-67233
1875734
11472922
29795246
34573069
22551223
25237547
22086133
29295242
6081872
8847022
35943723
43379917
29833374
20997157
22424698
26787673
1266936
23524646
2113002
24196489
14705815
32868374
2425233
12779992
14015500
11117244
34635265
43201706
31754421
19484623
30994610
34627677
26403692
26158908
39031363
29562824
972227
3587030
26962094
37130364
35926998
16034113
15925272
37127524
2713530
31506115
12943168
8574017
16949715
19935336
-378329
41192229
12057172
4514687
2751076
34448625
17579752
1549829
9595766
4234486
26900377
13998850
40728513
15554004
22886128
22862338
33475400
25538202
28580299
8491887
23280498
30230760
2431338
39591768
-945862
13348557
28338161
27757009
31687983
10328170
23471940
41651612
31414593
40435258
20034320
30232011
5882529
41086891
13819051
19075208
10431681
897497
35687718
39077359
40076791
1750972
10628042
23724140
422841
12343561
3763416
2024816
27325650
7289128
26918636
20907349
39867833
7131587
33388296
20938026
17577069
10331794
17647691
1844362
36424281
12510540
27307925
-159652
36963593
31045065
12040952
23426213
694613
38850569
37266053
21630700
27349174
20465342
17989833
16764523
33833135
24221388
42487076
15544525
25714646
3761659
23233339
13125510
11112713
2437807
29955303
5416629
12815027
23380599
42731611
17241169
28199355
4583013
23973252
40358223
7302863
37089102
9270160
25900733
6471656
26235969
36784907
27040804
35775146
42031816
43396864
31921397
18973926
28269022
39734140
37994946
21724643
30330480
29678546
24192879
34170158
1265513
19530634
16997402
21510687
40691533
31859463
23248500
8421666
8145750
6425985
24783235
6654482
3246009
32628968
14811439
-513724
38213857
29168831
4546585
24448369
12501187
42237380
10516049
30237698
41595317
6076253
27204827
24175672
15500706
25446236
16721330
7721212
12835388
10874681
41745910
9273380
2796721
25029814
37748283
34117664
20389074
25094852
33512812
43167819
28401610
780854
33735257
16848143
8129100
14762187
36735316
42686432
27121234
-315888
34837958
9565120
37184499
16283078
13159637
41536590
8226313
4091761
5539275
10370918
41252753
32301334
21945331
38365445
34412518
23215905
24451777
36090634
16887451
32356613
27006186
36085068
31367695
5688311
16189022
13283465
21009896
8273181
41702415
33369285
2382726
17913860
24279420
30323931
1274622
40638779
43379934
28837387
14885576
34490565
14799321
12262092
34960321
29689319
8200901
34886216
40095897
6167613
6318974
33582853
2246311
9645231
16061562
9487077
38444728
15299119
4012004
37553665
36817274
523768
20179236
22183252
33948371
-796541
29557387
10007082
25809167
41226965
14598774
30201614
28986046
41818222
13122311
15726806
6876077
6326245
2994966
21435762
18991375
12746355
23738583
35627015
28910955
41601607
38077155
20589673
3335475
32771463
28037107
23475378
1953994
32896030
8074590
31529749
2696560
20562499
30987691
31687245
13037983
34292965
4517066
4720247
34380603
38442883
16196963
12070975
25193857
23027302
22521415
25638664
2072801
12561884
18786684
12158134
15041327
36756042
8541432
34460571
10518532
38893523
20636542
5828678
26012861
4215426
568712
21289499
33135736
19582313
6028779
27957197
7993598
11139071
33801508
41917062
11705069
15390016
16243941
37053890
18171707
30700948
2939333
17423507
30214603
9375283
42408125
4858523
12497148
26650629
12093795
33293696
20341890
-386975
41378465
26799366
36915163
33634162
42959591
23483701
25546968
13352724
37323672
20167387
-228440
41637791
16069026
43085969
995616
38135574
26471138
12527289
4804959
28601637
9628698
14853852
15266326
21123058
24476933
41291672
30465169
14663387
23252199
6927914
8058192
18532400
3262236
10827508
36648459
10443397
-972348
13569140
34630417
43097884
22431326
25606855
24692414
37514188
38460603
10213556
13173386
19011744
28098967
19598056
31414646
1895936
2102641
1982261
35808561
15467128
4144668
6977041
13652193
13210999
38232908
38417278
19279813
31002281
39063966
6581924
37193917
36162858
25007556
18446429
10643036
34456918
31327641
41450121
15855437
19824430
17552820
33486447
1586707
33103803
27946719
12237898
16836787
5992847
13379764
32291865
5809869
39628196
29207220
29821379
9621150
39998938
24317241
40530617
30048412
15763699
24861400
20535464
31826884
22616283
2112110
-243054
7110808
-660753
26265785
11141459
537445
20652021
22164178
4955890
6391981
35721226
41358074
37900127
38785756
27980139
22641859
34212211
30120222
7136321
27025780
16974096
2416094
20939573
13025653
19409958
29998991
35674075
38666357
176175
37565100
2308195
31509012
-50703
28400727
26457242
34903285
12473836
8151004
25089343
12931948
35962497
-964644
40802713
26513060
26831227
37376782
12834494
871437
12943525
33432255
15042593
7626745
23704273
32817612
37298590
6093068
36330416
29763595
16807255
33090865
18932976
20367107
33197965
6750886
17622608
27146722
23605401
37248809
7453816
6562687
14656444
35333358
21422559
35640658
15678675
25322923
33500309
29264334
23838297
27709920
31954014
7913430
26451816
27297846
9063635
18065452
35724263
12602431
2067976
267627
22901060
5075895
33672783
-844719
42745496
18945681
19014135
2209481
36756705
19289754
30524197
24916941
29761592
37368033
38004927
5501155
5678361
19990086
37956284
32044070
1817602
13870399
25177633
1580926
19171393
12370936
23393374
23578677
34088953
9014376
26830497
11180530
7630146
15079580
19958251
24971026
26635339
40744707
10013540
42815674
39808595
21295754
14632011
33590667
20822047
31042751
17392646
21275403
28161226
25348779
39171332
21517029
23954951
29097279
13212245
40799861
16914680
33286187
5136532
20551414
15139489
27247864
37726409
27393641
10757621
22348606
8939572
7598626
41273201
6936454
39602035
17983439
33178219
21719733
3104804
12092879
15626634
18939575
9442237
13788354
32260058
31156948
17409189
41220580
42687879
34079188
32979503
31040424
30688159
37173365
-649548
34931109
32309888
6746845
10190755
26260292
28288502
42668114
942131
19487785
15287953
34506715
24720057
20360960
8623208
20993094
31686670
36811004
13338251
17668988
32056288
20697802
26082511
43245300
31996381
11721131
30998225
19017559
17805014
16206568
34023278
29891817
14764087
16309979
13631328
705364
33343007
25631434
5118940
14418876
34972447
35458853
15527651
18366041
29720875
15845598
26304914
27946856
19675338
30960081
24981025
19531043
37913098
20673440
36657378
35957597
14783668
158085
14974068
422418
-216772
39493495
10373798
875493
22649219
8238844
34345054
25398485
3099939
19009166
31435155
20389481
36334803
16288811
42042903
14139772
25907574
16174724
13289336
38890153
11569868
11150294
39767097
11620035
6132271
35383137
36848714
13892183
14714459
42309910
42473777
12661215
36628353
34328213
-737407
12840618
23382207
8104188
16909264
35786642
36923696
33720142
30850583
10978811
36188652
13466799
7048623
12651043
23903060
37701612
37231893
9281886
14090900
7848796
18185592
-312823
21105700
31524838
19622833
20665352
22753792
132970
6385917
-744845
-358551
5130946
41030002
17153004
453650
16126711
16697767
24046633
10257648
9066458
26231611
30814699
41996479
17998650
18738711
28304895
12366527
26506560
21487222
16568744
12014225
6783207
15970929
24210001
43528490
36333628
8733575
18635144
13891365
26141531
38159291
9366297
24286387
33143768
5382745
31036327
5852887
13927766
15270966
34241440
795026
28193172
18568169
37190210
29136851
5167391
35222496
28897852
7851236
19618099
2211290
2382762
15358427
14437268
10897476
15821487
24423225
35169616
9400756
2158326
16148525
7428652
21261552
28869922
30254661
4971493
14595428
17087335
40750833
3812759
15551761
27603928
5591911
29304683
2925784
9769973
35851345
4934964
4769444
1268941
-427311
7037885
15414094
20200466
-24952
32366432
18256837
21809836
3762494
18929358
39323037
26269006
13385029
20418140
31446913
29732267
8985721
28482931
2949710
39721347
27704804
24450871
33029371
12288647
-441471
15240974
38191834
21714204
33986602
30722801
14310415
9210401
23652673
6934448
1214419
13343150
5560335
12552521
24629832
36328192
22499061
23602930
25647778
33277829
38224329
26772137
11739715
8743442
11150164
-178303
26022408
23548240
13932188
13849350
38040922
13100380
27751423
1443633
3774584
6513042
32298399
41493026
42005433
620736
25951780
1229430
13194442
16849455
16070456
43423459
17895765
15787725
14258245
10231423
964550
10554351
31276785
35637426
23875432
7096857
26940372
-488420
12563892
5117659
30756798
380870
7210494
22514671
8786059
24279074
19242365
11122881
37434062
39245071
25429324
-869333
8136882
35299789
18085722
41392572
43301283
16891730
13133124
30999101
3900364
8799133
10488627
7717157
2302835
17246457
36113315
13943038
20662301
15943712
20425989
-846645
30408002
41662981
12503858
33373732
20613249
24419647
12577983
12956465
36293024
37118365
7755599
12989161
29236178
2629365
7773987
18486641
27262062
38388532
25746564
8528111
538847
33256117
36840486
32441490
25396392
3657005
6428273
5189286
26854206
19229242
4315477
42598800
11420558
24345149
33837490
19868401
6282086
27491449
1941200
37744293
21126448
15367846
25404560
24032162
10080006
14263542
4875699
21787858
38819142
15689750
14122416
4160334
30270866
1499893
16818555
11587216
20063687
7162642
20495639
27027547
28771805
18418330
1938216
11137209
29503911
24370842
11419452
21290031
41108188
6570201
7159133
31668277
14706368
25458336
15968985
23473755
34025982
39659505
27013890
23322661
27384807
31158331
38514458
24483469
31780118
36651920
25830886
26632629
35015136
15120645
3112312
18138726
16932258
28574326
20200423
13364935
34793047
19077711
12682936
21765608
5685826
38515238
4485641
4487282
11224729
42283046
21110610
41447374
5561354
34544898
29670716
13051967
25684417
40908561
27896265
3772787
41395804
18084722
30913752
389724
16834055
5397756
29522178
22921273
28458603
18421746
25028436
33893699
630029
27635308
7828166
27432314
19913781
12938962
41065526
3357843
1835898
24756668
5462305
32482107
2741581
32643687
35469607
31978840
5098520
7745034
19183474
-702453
12827402
27890983
20480432
37399918
13924313
33078620
29668785
20739552
15742029
17290868
4337182
15215289
29352446
18109814
29211245
19209167
1162107
41597047
12390989
10338655
6528177
28685536
17594039
24323108
22002588
34477763
40970041
31261211
28026844
17729895
5253286
32433469
32654265
39271147
22898259
34505745
26171686
28439751
37431911
38802471
13025338
37796787
14183735
10516105
8415027
8179474
27977785
18767135
22905804
39661330
13392672
4284651
42515769
37046391
17253957
10061766
37645344
4269168
32887288
12323810
14341785
21616611
20158284
41367018
21073161
37506877
40963328
26334214
40211113
10596396
-207878
11971365
31927900
32807435
28636575
38927393
17832437
8614660
11258352
729265
2575497
5301246
12229893
28336165
3226868
5642793
41563069
21550434
19457624
34956757
3471313
33368793
1410987
27072293
33472622
15593623
7043512
33053297
29097780
6810497
7349174
32953876
11302067
25704431
37841576
16826390
35518859
30286823
20340450
15734649
10273262
25412084
26934559
34362298
6887681
9439817
1251842
14181287
15846241
5112380
11317736
17411241
24394395
39302627
14057799
21479402
21644677
5869836
7357689
8670449
18966032
29462893
24579006
3591250
32112894
40238409
11648652
33215318
26005092
-300091
36930332
4658084
5356706
35861929
1779305
25861188
18956560
33981456
22401989
10570803
13880602
34636636
37992377
15449624
34224169
22836077
38050474
31684861
37960113
26835333
33153961
9814857
37712049
11609321
1615182
12499915
39714317
26458171
1474465
5416539
6450148
11313240
5649981
30784945
21199543
8853442
3859561
21744824
18796029
13223161
41101131
39153796
6441990
37911863
24885401
13090789
14085416
16429131
22386902
32278890
38195675
16388339
7418918
43160926
7048836
37089360
42680274
27595316
25714861
17837050
7989889
17964081
14125895
33074271
38143485
32672642
11822101
22726521
-818602
6056437
11881586
36882338
23551920
23993738
14523753
13425034
7661621
21294563
39500824
33521715
41530840
23987469
16297310
15966733
7464186
19483400
4243580
10286334
14311996
32732530
1601299
30962978
13928030
24570714
21842405
14696250
29239664
7350225
12565002
12737508
31088997
14385694
22971591
24442857
15353387
10494192
14958769
23453661
8578467
1634588
21211896
560391
32338217
20202971
30301027
15748921
32136922
10961740
14480492
37722079
23023720
34213508
24633644
3385594
29952889
37261780
1197678
32887058
41939128
25215236
13075636
6204741
29698468
24779014
33297479
-406405
25259575
8930616
35928990
30651795
7094633
18753483
15780963
30690141
1092690
11841441
8128179
-248052
8603998
11867001
38472446
16744818
28547442
7567920
1656661
14174221
35410704
37321840
34799520
24545083
27712462
29029082
42108181
18361797
40319263
42908315
24094933
19827020
19521737
12312555
38925582
19350001
28716604
41084538
17506166
6401528
10614929
28244916
-158120
38957309
4389767
401153
28512952
42096532
32396776
6286237
11998464
34120544
2176130
4826759
3874938
16751455
42685881
2188666
25752183
3950813
4857969
9496598
9703164
8185054
7609225
9473412
15778456
6488577
8569019
19342657
7247724
16948595
8472360
12025193
10674954
25576516
38397031
24246479
6163208
25387163
38350773
32006374
12780234
-711930
7173847
18389802
26885023
33783091
7115073
86729
39881696
26577491
7674936
20930905
26237347
32173949
11690706
30870261
26700622
6541585
39870082
33346471
18309269
14918104
19192893
10297492
24556891
33058313
34192539
22209029
17758921
17655694
13604165
34546810
38286515
11195115
23030704
13764769
-464796
5199935
33678744
14498071
14895322
40903047
11963825
35859365
23242824
22554558
12689516
754588
30424203
27556764
6704437
31236793
25945923
20195735
43263784
1087165
25042888
31679179
34234854
16476483
22989658
2292599
40604378
9116739
35420739
11923019
25289099
38567929
38768703
37927905
5667184
37168100
20651802
7210385
6372230
12659477
42808008
20631479
12274137
20606973
2751358
34504540
2375204
9838816
36555618
27951016
41577190
26320114
24116102
24901196
42477075
42722799
21466060
29812741
18893627
33477876
29884233
11732734
31575608
42405815
10402544
10117101
5540690
8729558
35229429
37847496
7006335
8172897
1359946
2466398
9118763
9123561
12091194
5581723
13146717
20204587
8772512
35168022
1384250
27187152
42384289
29413121
39735068
11359261
-852789
36590581
37257735
-188267
40781022
31079478
2040803
15122903
8219352
32109839
8303524
393198
3695704
43220524
5190863
6880054
37391006
21230713
1039302
2611930
42683833
5045734
33773558
32095694
10199775
14400633
33156223
20608225
710893
30536797
13199088
15381923
30326160
29349868
39820268
16363782
39047673
17193601
10749609
12832071
28732232
15860770
25363091
3841598
28854043
30881448
18243740
40361953
2340380
13721898
10299467
33175771
4867052
18338235
39439926
3615998
19701540
29030003
23800984
18113019
23049618
42815537
8130635
5164843
41735697
34056036
5774367
19006121
12301382
9492019
25800662
27251791
19415836
21749393
23306212
17965796
10803845
9764280
16252036
-401515
8617300
7634339
11363875
9835238
23395697
-320190
21749489
28964842
1361345
21989353
23367482
39080936
4107712
6258980
2510906
27428378
15306197
19318625
27427404
42800893
15467050
5003070
27814139
34534089
18960918
10010629
19879785
2105926
32083233
25817519
11024805
34837592
2230423
2210369
3748359
-646772
31142792
8183646
7114113
17343230
28611839
39156006
23412250
36272836
3628274
24472953
33774600
19178102
38397806
27045230
36692362
16217294
28360122
33890188
29994396
41669640
3029303
2998091
17999354
30685370
34174138
33521956
8039113
24113102
27292571
24641417
33389373
27966653
31041833
13324055
26113709
2457791
31812979
32886137
13755488
11195529
35025303
251911
1354919
1022037
16722436
-290500
21888890
6514953
26713738
5337977
22941167
25303626
35787556
33586015
21343371
23000338
15963104
17076065
-442189
16714430
16478300
27868793
6728799
24362021
28861191
42454259
19059047
19456437
43238630
40766281
1477556
7779051
1358407
25917604
17683507
20595677
22905677
25495105
11555683
13822556
8944277
35130989
43475730
33008861
11376626
15209492
7396967
40792673
35484452
19454368
8812509
15698558
18659531
3026265
31731737
32581687
690966
26900565
15810099
21781943
10602562
41988869
35778850
38968407
19324298
42570036
25975433
32348388
33875521
39987394
-53043
39040491
2066988
40243092
2995679
35453543
30534590
-89694
13910693
11999335
4831126
12789134
2951457
22987716
12813608
40651222
24751071
41394399
23322469
10138297
35514516
7576336
19804410
9478236
37596053
39862770
43249266
15605462
23951827
17222626
36436159
35558882
43134621
18151754
12231383
9550983
13675550
38903281
8586629
28940215
6233409
16871567
1926808
15218266
21812683
20441163
-714206
31136220
33566381
3716879
9727050
6102904
43441540
30510116
12844793
20036965
22369447
24331991
11960790
14591502
23539377
15162209
30423446
31314248
7842837
12213265
39944623
4596045
5580159
25235169
-242265
16096267
6431803
16131957
5661034
36573530
11154082
30963701
18644675
24510753
-989278
33801690
8481479
18068750
25147498
25088725
35763985
11671400
28739676
42166582
39319902
28441176
1477157
19228076
5768439
33961533
851187
4251477
33063759
2437947
41366351
22635641
2055038
34344058
22755641
20036263
8483460
32028236
27530311
19590331
30538847
36407641
25732233
13505407
9487927
29496039
23605542
35226837
38729763
31378001
4051361
22750141
19871284
1104553
37645633
12913873
26276730
20506583
5776080
4327696
18999203
886292
27776832
627228
43272800
16679358
20239651
26097463
2780503
8308501
8497548
39848247
18812870
27818786
14825052
4898452
41057266
17180412
6596984
40864979
-14195
10817864
20159442
9392639
23840969
21375157
42816831
2111079
13107220
26656907
22811860
25453408
34744130
31586586
6395260
36255877
9693706
3030419
29446480
27521661
8995279
39281210
318960
2947395
43172063
26413647
32223549
2191721
36038805
19425131
35022799
36435738
28105362
23598370
9360078
33385601
28948630
13618180
19333057
28713927
4118966
1479768
26189795
21721723
6199711
11356322
24297371
13418678
37922388
31685189
10855913
38275979
4048591
-790897
27469294
238475
18062919
11876396
16287932
34979510
41848160
4141899
4618686
34948562
34194084
40472180
33911666
33448483
15457563
21672689
29320346
10467519
36197511
32923613
20584141
2685967
17727954
24644112
42760867
15633899
27885548
30534920
26945521
6771986
17122162
3602513
31444651
33726114
38302632
14134588
38587049
34455604
10775342
929112
31808474
1438764
5466040
2683309
11380116
-453663
2788757
36518717
27380507
40058459
2457509
27648549
20599173
23831903
20403604
766514
35821474
9435786
1992937
17458230
38625080
38756477
38566002
42878822
9453662
31264567
9049188
974923
-600108
31265680
7078133
509320
1565714
8837935
26984064
11947962
23458622
13136295
36930282
31197845
6766373
18645141
40260884
13657671
21702677
10807735
32567943
31511125
36761803
24287032
41458195
3630434
13895120
43462150
26144055
19892757
36487095
28630596
7609878
5553254
18531082
21365556
33901430
15512980
3657439
26040374
34754967
16406802
-220621
37189024
33878054
25942760
5919705
13965777
13402545
28701204
5380224
41081078
36639119
30936535
12599648
21296377
24217775
22414694
19940145
25489327
7702677
8854927
5831321
28786457
34917330
2460421
42216397
43402065
18446250
36403951
26724484
18401466
10155196
36459708
-422452
18663687
12480545
10879179
7081010
32651998
22458425
26572679
2830003
-388923
34793587
5827153
2639252
14958167
13471937
527322
10554436
42823992
12309751
28948218
3489573
26231927
11916078
5265903
17531952
39811556
21597638
20087377
-688337
6952327
25493170
1330432
21718824
35104975
25480489
7447123
11764057
42797602
40969387
5281562
5912235
37793928
37567663
18194830
25955649
18547293
39407903
4127596
43131474
10250788
35275415
20856844
20015611
36692939
28222648
3244412
8052765
33101846
30097569
33401718
33362763
22165863
-253614
36199649
11357110
11612388
22422415
11103305
25242799
10880135
3199724
28192990
32913946
28633799
15069702
5737301
23755263
36641737
26442043
20561967
28413501
33206344
8041195
37298580
7696285
5687853
20610149
43387967
17099018
40116671
17170146
4004673
37993226
8301339
10930399
28541401
23606016
30823226
28316713
42197107
5976715
10186243
40861471
32858691
13015144
13034431
23191164
12732814
36279986
35166338
21039442
16970520
7987630
32865492
-360336
9403184
2176966
2899434
20132886
27225215
9272433
5834649
16638894
42700563
37624686
32733250
3892889
30009698
8531131
23867912
33576653
25248303
4821854
34169698
38103573
-287864
10265409
43368196
26851765
41520645
14736210
40335102
1554428
22233995
9628231
40619389
16675646
30345718
-553
42081187
26151159
12439814
41875181
3407294
29906187
36900066
11213560
25632326
8108271
43447615
27687932
27682283
32764339
31502065
12186673
23881379
7034686
3072576
35342527
5270078
11994787
26225902
37113003
23849670
14035653
13821810
38400156
37255619
2478823
37482009
42379596
27322754
5325460
24274052
26815806
5263244
19467865
22461155
33845288
18656852
31142162
24044988
22122668
24737724
37720041
42528014
7289769
27940940
40997613
13985605
24544742
1708138
28456131
21697258
35669587
17464866
40682901
858709
26536665
8471529
28898078
17833472
21196439
25905334
15181964
4494351
5088265
36891038
27351272
5524714
627578
9897995
34690357
3636239
10848432
32402154
17189802
35189752
36570106
2606113
15297455
22154648
32508676
12314574
12061545
14467859
24211866
40799237
20453080
8695799
26656104
19141973
32960286
33474920
35352704
39147707
35394044
36573091
38350136
-926119
6505756
27995753
11381465
32953396
41529793
34601788
5749646
22330092
31697460
10715127
9654521
30190696
6318779
30261485
38164265
16875339
7551317
35452016
39033643
6859457
17509945
43093991
6872437
12015784
20590321
23373513
7985570
8192755
40624845
33522130
15569360
10638816
41200549
4264071
11576623
13177476
16438259
-990050
1311309
15050979
8476303
2819319
40735912
34986640
33137526
5821988
-753359
23236869
9806300
36673858
40665596
10765926
34700752
12467672
4932312
33448245
-997278
10909995
158870
24500824
16279480
41380546
13950033
34747799
23576554
11348614
32931836
26640800
37383621
27445646
20161089
28063770
37937518
21510186
11523652
16736140
10163959
636322
6601246
10968760
27740596
12583306
37725713
15084626
37227585
30037306
6580581
6263606
17510330
20965611
39906763
18916317
29222152
25969824
537560
37124343
18106182
32162593
14936838
7341397
32756901
15364578
19229089
13627933
1972522
35745188
32635598
39007482
43090175
16213450
8274816
14921008
7640260
43008999
42794735
36212596
30863900
8746436
11655562
9595714
13555814
10404399
21699887
14928156
31342997
12540304
12586254
32611191
19701003
2621522
25892257
36486474
27531761
2010369
28289317
12512399
1352017
3065159
-448313
13281284
6625386
5134813
31229106
-819275
40788228
17498135
8362839
16019028
31888141
31614895
28599464
37632053
36921299
27672025
20228824
7706018
4872651
43398611
1012605
9901027
573627
14564442
38936512
11726977
19739535
13782462
14942957
39519460
1066303
14812514
25591243
14440888
27916361
10606590
27898207
12885362
812005
15722820
5322431
35869587
36291993
20292993
16943295
11180577
66585
39752228
3818792
24377922
4389683
7284744
3237374
38202050
42424668
22101508
31033774
7219241
38160346
4197482
34593889
38615111
11264980
27449518
40618371
33605768
5756931
86883
39827957
25037639
27929932
15116851
8555818
33908013
41572685
37405599
34695119
12335050
34966882
27436673
9989044
18907956
9125680
26134896
27840803
9969950
37571822
21425661
30952707
23162702
8303515
5440327
24889653
26042809
14125218
21170086
17173429
9520080
41898900
11675411
32462554
42044296
16196355
1548672
23491359
31275963
39966887
31793049
41616703
15754665
13043108
34929271
20129586
-319134
1036671
19056728
9446193
8768829
15017201
17509653
40558814
12492218
4056186
13996121
25680303
3766142
34291928
25422666
41615115
41603972
16929178
15365285
1116804
28979665
36142190
22263898
28040317
23255973
35751238
10059894
14219074
29535156
18348908
32393462
6880301
-968897
22107065
2838998
6916351
23430047
36413731
25972719
262572
6100009
12519336
39539827
28899247
18707649
2845305
26403468
17346686
17978372
30155182
5245241
9154872
39040351
11918605
3718217
14979197
35100409
35304502
11141407
42657662
8472002
3387417
25020945
9077177
14667244
38911483
12955654
43263131
11759864
21772656
21720719
15210139
35663926
31500350
6863422
26447069
14522888
8056843
26531432
1303793
2116863
24228074
5526814
15584956
18419913
1471739
30448790
23524007
2720346
23262968
26898584
4508381
36280208
41590732
189096
11216718
24356894
22110341
-486223
12839171
22249436
13750367
35843828
11959243
1819364
36777899
36673719
15254411
17624077
27440593
39899797
27043908
-966448
5410094
24287901
11322448
40615148
9922406
13049025
30390767
10354962
16586462
21474485
18369153
27339393
13896795
30942844
1947147
19948521
17598321
2910554
41398980
10200528
15774154
7688777
29238770
3452808
27179796
5293842
36873076
29595802
42651128
32051762
26974808
16322810
42318702
75624
40990911
29192822
39237778
27387117
26015818
36936359
1023075
13665872
11184645
33052838
9150903
10237882
14095898
31963314
16116450
20985721
30464555
32927628
40155915
-247956
32399114
39413170
9502162
12238864
31196055
8364874
24548021
1949906
27909056
1120719
17027348
31837704
10856035
32301419
16975982
19600998
29508928
21047570
8264413
27469582
24719354
42063650
28265271
22726416
43515382
14461484
20526997
35799976
19946231
6864964
30690514
13527696
23472550
-690444
32621691
37328558
6648981
17054719
26455630
15284456
15222469
32353111
40904691
37723358
33556812
15673742
42473619
38979887
16404110
11501452
1958795
4392172
6402390
3936321
42833456
32952228
36616624
17410348
15863697
17892431
-392341
28234213
17384603
31899513
11274825
30168251
6525189
10350514
24649915
7406906
37275526
30764588
11802337
10984835
13300440
8611664
5066288
21629400
12570525
7741198
35636588
25825852
12007536
7963544
8867560
32539279
29211178
30935998
21583660
19846980
11466257
1850407
3350431
22855332
14333613
12223679
29026441
8722023
27320050
27690336
38595731
4359469
37857359
18806185
32388686
32073398
4990199
3135248
2392572
4129238
10072272
35686568
18233069
7799820
16230980
38348888
-193500
-905575
29286875
37199133
38668003
32330136
33210305
1673338
11948796
17712135
23350566
6974839
12443669
18941282
37985181
4342393
36799727
32648722
35820624
36969376
60689
12114888
35365486
69693
19682522
11980485
13695577
11737803
16136016
11108936
37751558
3495148
37389283
40087595
5196419
25503045
36371354
3989177
15967102
24867219
13082670
37507755
-948865
20310158
8138164
1132120
29228689
1463164
34579449
15404697
18090588
31816410
23636900
1458429
42363342
31569391
11522478
18236803
19182739
15370972
18436667
32474374
9470888
42218636
25778091
8342256
10342964
5407569
4601209
3312164
26797267
34272730
23183294
18053390
17682194
35012721
38153989
18264914
2661964
40477731
13337400
16196598
4542429
38094929
25054918
3489444
32038551
9147186
7408652
3976841
35519231
21389571
10964014
7593579
36640980
28880969
33293632
16771174
40560093
33983406
22963
8993517
33660139
30334947
24149663
39685400
16193320
23024915
5015869
-963647
17991449
15334789
1354010
3954352
41187378
-276160
27422931
30213141
36960453
11357493
1730712
23174212
37090226
14265438
8641312
27074965
11540322
43434434
27770094
42263645
2801775
18139310
23243218
19235585
10708541
9486394
29275718
25869147
2699526
16655223
5047191
26283366
5462061
14570332
22216427
12971687
6435656
7778580
35407022
30795432
29752288
18665856
25172572
6918835
10191777
30256429
4669088
28342463
41011174
14369180
13879094
5313118
25252374
19720903
30950304
4454559
9678707
4705985
21290626
33103773
521707
37649533
-906343
28153913
26662678
20638676
32387634
26055437
800863
37444321
38480178
15617994
30172427
21277750
29640363
36666190
10245560
10659171
1511094
22058415
11101366
26101665
21949715
1737834
32781147
367650
36462125
24530975
15352749
-678910
879192
30818487
24230438
15057014
14774843
23249605
29939644
37266639
5780925
10508644
993273
957496
-811055
13413203
5472292
37080305
2683665
8789589
-978752
4036606
16762650
15958615
2684064
19917078
25735838
7202401
36130226
9244889
26973425
41880620
35076467
14117120
20450728
12985701
23949538
35599075
14065713
35567187
11270911
38188659
40829770
41679901
29301875
36209491
22686776
39121800
42730511
32080724
41372092
29123643
41496908
28741438
42484561
5377326
11750245
33736356
24071853
12476602
33212565
23632050
42913343
23624143
546838
26971123
-393402
33715295
22390567
35300823
41300707
42930071
13466175
1549034
34442350
8727413
6660499
15753937
5099481
20894464
9919153
24341243
9571275
9434886
25085660
37180417
21362035
9039227
26487298
13382075
19858643
24748224
36590278
780644
26376448
11339511
11784582
2653075
21941738
18004396
7388196
512209
23615908
31355805
2105420
28592996
8903613
6639650
33914408
11709941
42933692
22232635
12013449
31362971
32511930
17954874
19726002
26150067
13973001
29649868
24410454
20610902
34937022
4471414
6748248
21614089
29508192
43491029
10035871
3636796
20532736
692955
7818989
23338983
21741022
6157644
40537800
19995142
1971996
9134746
33055169
26769611
33950400
25813793
38031600
32941361
12117344
29629553
6229864
32715020
10190800
24068777
43265153
43375654
6313605
2096047
40788134
6854060
1645900
13019660
37124185
13266184
11168037
19031963
32633243
18951392
11484777
39509489
36039946
29905499
19682509
8692171
16190782
5942266
23009996
18743311
22841980
20695605
41141079
11471787
9733445
27280628
11689728
30808533
36245778
29691098
26580069
12270050
1031795
10575053
37893672
36612620
24249553
9202819
29232147
22738316
36997795
36895535
7176688
30887787
294655
29796969
22001172
26703530
38201014
34006495
16284368
16350897
14540065
16067745
37619568
25021574
16215333
2624642
3879478
17373980
28920291
3001042
23260386
2576893
36824045
18240068
9645719
40351972
20915418
19017815
1635670
18584399
37458262
38369498
5083367
21819883
15061452
41014262
29665324
18039043
19940793
7282019
7659922
8092881
31811645
41005935
5687833
37728369
8414431
25684603
21115962
37987023
38004549
23619212
23167637
17630671
16634451
9271258
24955899
-229402
13619202
32430796
33827415
10825561
18627919
23109603
19042424
24974394
10774693
29606336
3458152
41019770
-566065
3836670
41739200
31108875
27803031
24421958
37806627
13067923
25804095
7275702
27932436
14639567
26189484
18905556
5473062
35965983
38198521
16039695
2964466
20338292
36771865
7585893
29775374
1036064
9273883
18234154
9655532
31213945
1722036
36065703
17561001
39888445
29493922
28664034
42736872
23858179
25305868
3257356
28988714
41504222
28848458
36895081
16975571
8451851
41925893
12107715
31686211
7359670
38791127
855223
229602
43036426
37873158
-873970
10648000
36671216
33855948
41490764
15682629
35222401
4539628
8910832
26716827
4277477
31248214
6942845
28333532
14661768
892424
3694097
27533845
13065896
14991840
21290006
28712591
16944355
24328010
8833120
9553551
41880370
28052455
1364072
6672362
18940789
26054017
1866358
32130490
31743204
37484914
10161731
39669139
4009385
30113269
24417330
38474059
24660805
10517338
1445040
32263729
7493248
4518776
2681526
20544968
34434359
24201899
15819967
36814481
21379249
41478411
3770254
4393112
36504036
39580032
33643774
25347256
13691125
37393474
26071798
20440683
13021288
26373361
4003064
1630219
1166389
30135353
30868538
37222265
42482702
18234849
37272138
41756639
1749597
26755507
4629165
-929119
29925841
39762475
18128905
21504334
13451821
40867715
19802617
2216460
16135407
40077393
33456314
22823241
8937268
4952206
17286578
2063204
21023465
19789392
20254203
43076742
14798387
33476169
15359612
24948187
23807718
22751115
9495637
15631271
38151359
5410733
33865352
32041317
2758418
33365922
1432486
23700609
39725825
41247652
-487636
5049351
11802112
25692605
7139093
41090312
40910095
22130659
605625
31710253
11330943
23643016
16821079
54276
35818463
4953607
10638113
25672880
42852172
37230196
19905350
13755005
24022159
42559615
32781973
18833916
35623525
27102717
20405212
25075260
29288418
34618031
36228900
20845799
21128283
7408020
15545021
8057128
9048081
17671759
15713411
24737803
27352610
32070558
24730617
3347116
38423733
27520760
41634398
789839
4998887
5350307
5964482
35725780
9913020
35340666
11488929
38323564
32074831
14303366
38608398
3751053
19373611
8195582
38964282
4268253
26376752
18247056
-21577
25824614
14836870
587110
14397259
31123390
11930937
33196336
28534765
41323165
28675776
14353003
38194191
15374374
30236229
4191951
30375913
14625742
41755638
12734365
39279441
30679502
40037061
21944818
16400740
32069068
2909148
19222125
19697166
15128024
548431
1217756
12650576
14928517
41598086
14299661
43500670
26060528
31655379
24951864
14542934
15714456
30180261
6677657
36697783
41917643
40694759
3084098
17181029
35091786
8529409
39338594
40665778
5638240
-980326
19893221
38452544
18456322
25199685
7077900
7359259
12746223
41847060
11028843
32856431
36601780
41907166
34850254
23760372
41555456
8873124
25355316
8509229
12506409
20270882
35376465
33173291
40039377
-532773
32542120
22237779
28279636
3173252
26610527
1070954
10931261
18799328
24923153
35128557
26043478
24475470
41297134
17337702
25893381
7414771
9913585
11839890
2758645
38229287
23752872
4212911
35276798
24943882
16959863
41159973
39775112
27527945
290379
20004757
20180486
-626820
13163659
19042500
31761509
14838986
21694353
9936629
37302812
2722881
4685813
22938091
42029434
-282446
14213918
20213197
6469978
41712683
7247146
8996530
22199531
41795541
42642416
18326351
3008531
18490287
35746765
10999954
26652131
4582400
38667324
43024798
7701787
34984855
4842782
908084
11297435
40690973
13607078
37424179
26311089
2807148
1973721
27070512
8282065
38286915
15883051
283833
24758416
26334254
41984476
43396811
23257943
32378146
4535819
29918641
4792788
34323024
16589085
6607856
3215294
43252049
40073705
3144003
39250400
5105224
24205198
13143790
8560103
10860802
27690429
39421586
20605163
26923049
25660124
18645652
13895907
21603884
6811534
24364548
8654840
-100711
26562199
27475272
21687638
2475459
27213226
3575341
140531
17409651
31111893
39802876
-128632
26560301
19502645
41251222
36517131
6245047
9468346
4623761
3110998
37570794
6126481
10844553
15363119
16239686
7898477
41228033
17542957
26771447
11182938
39259884
17541561
33485467
18940979
7111911
5579646
34982502
42025229
20940555
16118666
18835063
14055602
4176818
1667921
9848034
17808487
21127590
42669808
38067720
3152763
10463802
25117249
11715608
28485815
36427799
-418468
3332043
24528563
16301871
38377023
42420398
13050839
31643197
3629377
3567042
24701907
12220259
17094209
38134462
19182984
40793515
13875157
18876952
42101370
9734477
15340448
40007675
671201
21070111
43458212
900785
14361503
21250830
32598832
29488612
23452170
28001528
8282061
27374927
1147451
5121680
27250908
40914841
14895318
17494813
16092697
36027391
4010275
34961428
12618329
14580138
256400
20126112
36430017
194537
10462773
18641286
34614046
37081371
31295805
29916709
11081802
26455970
5472424
28851612
19682949
3804740
6369095
36767424
5215137
16531526
5041910
13152596
12991306
33106003
15827900
11843975
9643735
605484
9254451
4490425
41568714
23452709
26931713
38452249
35449921
-590403
41220320
9699034
35384006
433099
12554006
40338278
22835928
16267085
5699210
10987780
29175993
20131254
14612254
3664282
39778577
2680795
15953306
41704821
20764073
32181860
23267745
30400823
8171240
11051116
40228866
27877322
10452960
31786610
13039320
39390088
42055588
-724843
18653548
39592700
18185309
31618947
16194050
26790685
6820248
25627413
8438343
29760151
16694547
17406311
12059289
8916665
18203940
18143379
10207478
36243370
32253328
4924392
11837070
26136375
28180206
3008645
-313005
35695967
33279101
34468313
20257231
4636317
26129061
22067795
9336839
15860617
19615352
4398640
23270388
-835490
40767561
25231476
16257276
34893021
33345563
9731959
40350111
1163230
28480980
37288556
18515687
29583337
26041811
31643066
4963764
21640696
4168926
41227166
31361827
28810510
42760760
14804089
20333094
31447425
17894443
14366172
1216366
42923544
9873935
20145542
19871882
16711811
22327292
30205617
18466627
40319485
25403557
39705942
29261358
3615524
36747673
28723527
36045052
34634885
35348688
15339250
6516709
6369221
23004255
7300811
40724201
43472700
40987318
21082160
17515118
17746010
15504170
7585204
43050921
17513787
41689666
43243179
23711120
8149796
7985681
39419759
28898971
27445888
41762277
14551924
28504954
30324802
2578749
28498223
35531346
33311432
-506489
40998487
43366418
35245187
35911070
37129098
10589578
8938782
25911968
31461629
12270451
42544160
37061171
11216148
36199972
8125439
35739688
31277463
40220891
3533383
35002233
32403379
29995017
18541635
27098055
16871667
23170249
42290250
-384531
7991808
27726850
40699751
19120500
43402519
22036150
25604434
14437772
35929742
35288895
38613335
42550706
15542192
10356190
39119635
3474404
19591289
37916667
29000624
27177726
36637087
43505501
13569219
20351591
36827107
38317189
-958183
12812020
17357875
4524341
6980408
42218405
14163253
43320098
-236465
42358976
10774157
39753883
38837005
30455374
10722707
13787600
17275701
36337553
17652120
36800831
2253754
13261419
36713502
24369781
15589446
11769447
27350014
-756590
5846833
28810762
13029666
27482185
14022470
2493710
8657143
11407331
36400804
38328837
34560807
40543257
9784974
12369972
18594315
35634637
5402862
24360619
3821154
707553
14116942
38710943
750284
37749486
1050965
16125085
18774254
9294050
18407784
41581770
14739737
14300455
11587165
2679972
7259049
30816905
20475721
17426106
18762920
40520560
43340970
33524354
25293091
11444621
5057573
29999738
36186712
37777193
31432544
17740844
8282872
9909894
25430216
10079481
7268481
25153538
40316306
8616665
23599282
35842892
17220474
5329794
29298650
19273125
14759678
20184928
20479436
28486639
17249392
28730307
17023100
9736689
41352985
25980021
39464059
17034420
40888798
22642313
13977216
42728662
23348091
-740462
11102749
11039069
8227282
42501463
21775648
36106094
19977788
26865994
28132890
40747241
22082504
18752369
21492702
17727150
31170555
17025214
31426788
25245883
43395968
40566553
40035211
21494483
14218005
3536417
10947878
4823258
41145793
41369679
38097568
42214044
36050130
23603941
21335575
34708308
33004920
17702756
38015304
40767830
17077085
42786894
16231909
11317838
16050872
38089572
37847801
17810573
40614709
21564238
20208320
4217988
11484651
10904685
30649755
2873502
37753
41408453
13727760
4055450
-851220
36421194
43479143
18134051
9294297
25655574
5157451
39884215
5277251
-401914
14105705
32727442
14090125
13107037
36101198
16102339
30114988
35041142
16260607
10422123
2350577
6507306
36736973
41282982
17339728
10185314
13785210
41890093
27537169
39467778
31585265
11929956
33614463
393494
35529300
28278816
12265376
7383838
16677466
33842271
37882785
17593404
36768748
16553614
24559691
26792931
26884526
27780488
16658961
29767997
2650916
33970942
36551883
36844173
20678303
25127688
41000195
37356856
34356528
30047971
29854482
22455508
6260291
30798369
43007930
36347208
33140473
9224153
280603
5183533
42608828
6460036
41805707
8708284
3012368
15594710
33652728
36474213
30894048
15303277
32310837
35185082
28189600
16487153
29903655
33753404
33853041
37081972
33505929
35657493
41561403
14434533
35250602
41414396
19165597
4165882
40592157
4691127
8637307
37852120
39915072
-870471
36998020
33710703
14914027
40856493
14880144
27590378
25708460
17555929
7675211
31896721
7472774
32353605
2706291
9342780
18348459
33694581
24656582
21718104
42142399
14263566
9090842
15569335
4459178
41646659
40390974
19468692
27905849
34990015
41293857
31221906
15360404
192259
6618665
17023001
7076792
40007680
23589
25795285
6620115
12117624
43028848
42445766
24072942
1538431
15005161
21089408
12900098
33185760
691684
37734445
8847330
18939817
16850695
38854832
34279914
19404924
7612274
24367778
33190551
21999779
29973304
19131897
32219462
11165897
20382569
36995131
37306864
33699627
25860430
21288826
3514393
14555315
39410380
7205297
16675793
15847081
36953865
-976124
34474663
-833761
769771
25291081
13172997
23692951
20554891
8777966
32241520
32422438
36590326
8393635
25669055
26954040
42753108
9172462
41342639
11063306
30998574
4732230
1707279
25524855
39604910
26746841
1260746
23576444
7660365
17826683
10588474
37146766
13972692
11072907
22405600
25666841
27690120
16634920
2359147
34773749
5372997
190479
36580467
27327119
36505871
11137659
6516774
8718689
219464
5545694
32589755
37638680
29902722
36726101
6517849
41734715
13513683
4900578
10434736
24833595
41074400
29621437
7124471
20589405
12010345
28917408
6915079
7165769
32601316
21554644
12313569
32762831
26474791
16607632
-481531
3252143
-983268
11927487
40644229
31175608
7675458
12195073
10316255
31750820
42399870
20290445
39146681
28225673
22221031
13723058
41448726
33376557
30035903
4991970
28602866
16430657
5168286
7937310
6004697
13560863
36370292
13623237
39802457
25690494
6729651
22919032
14109563
38306088
928312
23284317
22501542
7307865
18747595
15177880
35146479
26663984
7944886
37374260
31760217
24816802
8180309
40875385
9847585
12960785
31566236
11097899
8252898
27102484
41300557
24278745
15358410
29106569
32759939
15685772
36574833
20545584
14542656
20968818
17356921
4483856
34416390
36256118
27662490
28227694
20838670
23531059
41954533
34843816
7047993
7169797
40180818
37028451
24964804
21834783
42388964
41516611
36986840
31931960
33598362
14042048
28152146
21637003
11549377
15885027
14017308
14734104
32327622
42896960
35728519
19260926
398981
27556191
21345613
6150208
12534633
1273867
14971479
11096982
10148223
16374299
33815713
986596
12559008
19897954
9279000
22165273
9803525
41644354
36425873
8372679
36081822
25726110
16540774
9056763
1993126
19059965
25174637
13258649
31260881
12361282
43079065
11346758
39230762
32728772
27281862
18520108
29334624
13839359
9485918
21824686
4951292
15321920
37615351
-630082
19228216
7128403
19560501
39300678
41942594
39841249
10945486
15257564
18793133
37139834
12276191
9032621
9136925
20722869
19465411
19477191
25222621
15432492
17902376
6135007
27929863
34931521
-644270
9246346
30871917
37314462
20671902
269333
32093853
2836288
41565449
9587444
20688396
11178948
13139968
15828802
20456388
16691418
38087765
29039858
43261305
27985965
35814889
6163375
36205681
2848177
24724051
4125598
477339
7759347
37856094
20415172
7214047
38084533
24272094
35677456
32926565
19783910
23607727
654641
40463797
38200904
7429554
29228723
19600591
33659695
15244465
28850161
20100169
18529744
21301101
40363108
10451596
2345122
24292004
17827622
28338483
-59065
33086771
43116892
31986977
41309950
21012663
13054547
14370937
25569548
3115008
41950354
-365277
37830177
-485535
32141401
43387859
38269923
7828813
7014451
15146081
42008696
5193550
11747106
36778564
25473295
220424
5724960
29684761
15120878
33489460
13264498
30922018
27585324
34530150
29763586
19012303
41073986
12343117
4710410
20784416
33486805
13595886
8019836
18908795
36399011
26264171
32531142
34696863
35203064
15875359
24833016
7720753
14779228
20567730
13280775
15714135
18395811
30005319
27687727
22192996
17070520
17340279
35929675
15199971
11520393
29433295
7857681
41674528
40551225
42041213
33529803
19366308
31428310
-889064
4929791
17679315
1595853
40452795
2137735
40383623
140127
34721021
34974766
39418902
3518109
33294843
24370841
34237909
40327900
5300478
19044508
18769714
10743618
40206768
8537749
20871564
11847467
22905884
40113643
28638933
19194971
26128403
11731792
10168472
22162021
14382157
13094601
16503845
15015767
5085444
26589217
-534413
23713113
28060812
17406006
10856094
19915899
12770439
1563390
23685330
41302257
27937354
40086417
10278344
34974462
11729319
20386409
20208930
13600023
33293913
4617180
10810367
37594334
16664062
8524296
26541988
16121993
26497895
30563470
-298869
42994359
30181461
-114601
-969866
13655761
24551530
21165436
35289386
10031858
24801074
30215244
34116722
7288679
12016362
15959788
6265905
13094267
22240678
40270530
12514663
1860377
12783841
25025690
9261720
2756050
13073203
14133269
20003207
8414600
14832054
2432911
23430106
30424046
32059439
26036047
18678026
28263943
12258369
8172243
10996670
8068893
8278833
10867140
39486856
28649526
31982601
39931643
26279822
13815622
5407684
38210356
-888920
28903294
10122387
2535041
16954679
24706046
30146993
4112240
123614
29295225
38812305
10948028
33345797
35463468
34703459
34961136
1101052
9084498
22809917
8707427
19698153
30589090
35411125
31917458
15565235
42655935
22183176
10323819
21658771
16506586
40069196
8531679
28083860
34266251
27652596
22684142
5779188
43418776
37709984
40194119
23540206
6854321
37020780
30706285
10986891
14175489
19451539
23853226
7143352
28940659
14124456
4443249
30691020
33929294
39092194
30516325
34136239
14787747
35277792
26319580
19265926
-971615
8039704
42187794
24939784
40973246
13605832
43517857
34827582
40148077
-232680
9419860
4930393
23717596
36619938
10945718
22280639
1068604
11245580
18951655
6595700
20165246
38883272
4895522
38925086
28278832
21740555
19706592
25944959
24574962
42678825
12027390
18511803
31492912
17635961
14885849
1535376
38164270
34811292
28315210
9528304
10090816
5827246
26162555
20982969
20569756
40687043
2759321
-507679
40574791
31211272
35090269
36120054
20081056
41795925
39332902
19043007
5258330
15583046
25211843
38938096
17501498
7617591
6829158
26906449
9284333
26492993
40540649
22650211
39856333
17864085
1704242
43145246
3945237
30433503
13606478
4539294
39201741
30934863
16846097
25389628
4287327
41154503
7606118
968187
39142132
28638013
14234093
15235066
836609
7307024
14865372
29859330
19288068
30029129
32361218
21801673
11311643
26124876
30692821
23455538
11595843
35370523
26727979
9517968
41427805
9957793
40573420
19735972
8186804
40515446
42943622
13358512
606115
13254777
33496394
29229548
42136021
29205143
13579118
10722794
32818615
31912931
28060581
36377891
22541561
38429267
29193761
4869440
36440816
9570990
13058772
24531320
7486281
33064393
9771159
30993769
21968965
42506928
10179465
388985
19976322
38687510
40417669
38127207
26253857
39106193
16915666
25208874
26747871
26846911
24414736
37746691
35957584
13995279
-251056
16222049
20281298
9499976
18906018
27305316
37818256
18071537
27087912
20871419
-445532
12706717
30230094
24780887
8065179
16441491
34168396
37148522
19965896
42199362
26905343
34465076
16134292
1621686
7743018
18057606
35563235
42201020
32809827
27897005
2202944
18213908
14379064
12560757
288844
21412651
34405415
24052229
26651433
25757021
32728766
33500899
39706717
15539048
33871181
38274894
15775380
37116518
36620446
30710471
19413159
14109257
38486315
28231989
26752768
-919523
25954991
4167878
20102019
23663788
16614429
30876248
4438890
26571289
26122023
35977838
39302116
35324180
28151630
19980379
34200176
4169591
3526204
20630591
37134975
18876081
40341019
32658994
12133976
42065087
6029205
4117426
18887309
28012971
9898120
26778544
3887372
42525697
27881668
4237130
33451630
19480113
33483157
15460669
20607568
21532573
24312779
27390688
28609300
15785422
28851521
22466304
15871066
22668871
26637400
39569048
9319604
41399299
7332640
30937590
7160598
-632034
19501142
32947556
34934556
11802104
38382642
42280326
16837438
28779037
4426223
23323793
-334895
9768523
7477460
33707756
32973549
23290185
17411868
32650774
24100670
17933866
13262168
1750547
26315504
43196977
22947786
18179653
6983198
41073066
13610105
6179712
14675064
12602595
3338170
28419937
10788633
36699440
18487900
37855791
18616759
40299809
8357078
30895014
8451112
2583059
13426537
42467785
3554684
4239107
27806317
-635912
21218516
22384407
18097099
43212759
-906899
3080848
14121718
28015336
15433518
20708951
7520828
15873796
17156349
18465186
41730378
10847245
25084102
27992194
35925986
12239707
7006315
18014637
26839437
39121454
7275513
40164148
18545040
14003095
19122334
42614550
2666525
26725486
19701427
4878227
37475098
25278066
25711979
32188790
41868160
8886367
7488019
33001133
39245816
15843903
9351996
19533022
33003615
27391523
16281488
30233360
11835570
14990547
10742471
2847924
28176206
29838431
14796833
32069212
25929192
7515834
7952474
5265055
32709367
38973429
-203195
21002650
5704850
2142281
28429565
11066582
7231305
38687432
8496120
21260990
22320023
36462853
28359582
18796938
18234703
3762003
29859064
13546011
31836769
18036226
23108460
18980394
42382570
7353452
15106293
3453723
1053122
-489080
-700230
16229073
24792582
35306147
19840738
759553
20280291
34164576
18976877
15123801
16275653
37968218
33603653
38179217
4157491
4507276
37347690
18553715
2509791
46662
18817576
37763211
4498012
26662857
38426162
39516655
42349255
13479996
23965012
8069733
35038648
19344484
41355523
37430843
11351923
14163621
-647829
24136292
39148635
26240876
20249259
17434510
9927927
2246774
42615974
27651177
22062583
26358443
20199458
17433906
12046625
29425301
19545496
38457542
15263196
10657930
18087693
7964438
33027602
21326028
18016052
9747970
7745988
22510861
5699640
9312454
39822516
25935755
32241703
37145518
23838392
2092422
19049832
13979872
15400470
35947334
39826622
26668285
10443081
34092902
13313014
21251595
7526580
17973300
6950360
15548504
-104866
40913483
2144657
6916535
13953423
26593338
38260947
9557408
38257960
37737165
4977140
40915139
17929973
43017201
14322805
18819403
4483282
19592434
10631820
36484753
2203816
36211502
24095669
18799689
36620731
2020202
4648653
17828348
601195
37335257
11008550
35671945
26420065
31944097
11193723
1443683
2426375
23288570
8892214
30327746
17089067
19758953
24878707
26515354
15331767
14824268
39107872
28706266
30955455
5884614
41843879
8014301
27132735
34795919
15740713
37497631
12704597
5604126
32355957
11717343
25780608
42615857
22796339
1905542
-722958
20871372
12846638
4557496
611874
5764712
38067622
19486384
24766878
16160873
35088695
23244362
16108235
37197869
35565634
2296186
20967301
41261147
25206485
26694630
21830448
8706711
3532617
19286948
32604618
42004667
32311115
18538348
15149627
27083718
14830167
15432267
24557428
17658025
19012399
40434949
35854752
3595724
5406712
30331765
18936820
23458549
27978754
1038546
41368607
33523917
38354884
32078485
28488238
30615228
21730457
5329341
29964813
6356844
16827666
34511441
15865518
37254020
5688349
41127136
3315204
33601438
38501314
35424660
38397677
19625029
24675248
13484304
7457612
3253766
6431184
4599260
42680947
39879682
5610053
26903385
32393612
25782686
27791586
21439481
35801071
43509570
10703736
5283065
24282775
20364381
40371848
34224129
10337603
10729411
42814650
6542066
34670962
2774997
3784843
19198801
8594297
20989621
19934256
17234615
9661686
32767918
16923672
5555021
35643291
36659081
28899097
26948938
21149434
9864408
13249000
40380968
28689316
43074476
9748898
41005978
36559662
40214064
33221813
2781243
18128115
40816486
11827495
5964771
11769819
551522
33728879
1043222
29240137
19618245
15750508
12987385
1138365
24380748
11768010
11476657
18751111
4895275
9729492
27385030
1610332
-180225
