3262899
38033517
5075773
2956306
17834556
20470463
514643
37262682
27640160
17085959
105068
40211393
33546013
23753180
33016551
18080853
-524201
3025691
29627683
29908122
38940892
13788938
3361165
27998274
18383950
22328604
19808276
6994895
3369919
38088464
4741139
624697
14078177
35108154
37613913
33959560
38876519
23820737
40194137
21772473
9944341
33334214
12555476
40175921
26034711
4620981
7562531
16966303
43494380
3759376
35469635
20828120
15603227
4543394
25100568
41410636
34485593
-213944
6891235
1301009
32878135
10642970
35619570
16283452
26621638
36799778
1516354
37875776
14776844
13698411
30818897
14981774
36531936
27034435
16875672
10591738
40310730
12684244
6733970
24159362
28458597
15821655
23262013
42555330
27304654
7481511
13427501
25263152
14951909
33283697
30478888
14432329
20563852
24139880
6607325
1774221
36689201
11367604
19211659
35384576
9741796
37240609
13884415
6696826
36758776
15526013
835333
42922869
14617514
1133681
28634107
25309321
12182297
10791162
29709679
-522395
40952886
16803564
19713408
26871287
41325619
9614004
1892189
11530878
15987109
31401995
7474597
32454263
18765190
-6179
3304526
8200736
-668294
14310135
25050145
5973238
24950073
3040754
32943175
13719953
41542943
41289808
7050327
26512399
18326529
35796598
21696502
6935166
21601541
25959925
1896613
33946968
30557752
35793888
39434717
3517940
42433577
21094446
2083647
480957
2161333
17656670
15203945
7546268
7403888
33984874
38521845
8815992
12817959
12312644
23161491
38200802
14471378
36078696
23948646
33485349
8634654
22537813
16618996
38309898
35682005
16118720
10120006
10368943
18447893
-594197
12880035
2518581
17881781
20486852
34779006
42727857
4928197
34073832
12652498
27541993
18062510
22877013
21415257
37136915
26591613
17973009
28851824
18793233
38030345
28219039
41364752
4282350
18364739
7463648
16790106
42994253
26018884
33053176
39883572
35568451
12754130
9947882
26342265
41513631
40220054
2066038
37926534
5457981
30805806
18583024
24263131
43434393
34523428
21797965
26639232
20284161
10796124
23473647
21395534
16525111
6857172
22635011
32574014
30266470
31945702
30438746
13881742
5994274
7906505
42319525
43351527
36740808
8761678
25265875
41403621
14418752
26614425
1151743
13473733
1175560
37658631
25900779
1431724
42183212
8448761
13531171
17443658
20023301
11776840
31615766
7408651
16954175
8099595
42466595
17323207
20754507
6860455
-595969
30666023
11336936
30886135
29224772
3115708
35427957
14724372
30656621
28511208
8998174
24733437
2240530
4086130
25383410
37081223
24121070
15171673
29932364
4205411
6227743
35130586
28493051
13938238
7702058
26654176
6644105
25714431
35913535
-958150
11912768
8423421
32787971
16801837
9540743
13194376
-883917
436007
11609081
20359562
43313076
21646844
16254949
33795681
37812989
23896313
23943963
32505713
5553119
31240623
35818345
38324337
37415145
17251067
22776108
5204021
42326845
33937940
10467809
4994483
24050053
20922501
7577487
2126126
13891205
38725777
41166820
23355206
22037994
38766786
17179320
39529787
-899565
16642145
5408745
17558446
17594481
10884424
42391503
2548615
40442921
4070408
40282279
21438245
41708021
32469147
13700902
32313929
33230425
37980117
2912289
39333231
31941425
41447758
15163299
31571422
41968672
28913345
33220243
39799463
707266
24775024
-268281
25515967
34297758
10127859
8241398
27205882
3790561
31085539
7808310
868290
26159627
19814207
22731980
9564503
40997854
5050734
15074001
38254842
26741728
29474088
3252407
10060300
33423346
4669237
1618581
4156244
37330242
43092358
2399902
18988827
21198034
10416086
38995055
33081315
5888754
34002499
37569366
33999833
2232669
-129722
4172343
5156996
18250839
27171927
24192616
38403332
32471387
15909602
38261451
26211402
32763411
21065605
8544477
877282
41922255
27213425
39073931
36646530
13039583
29750465
32561253
37906906
23902566
41205828
41230290
39715946
9072963
42260200
7574286
39344193
43379912
10763659
28444954
951786
-722302
39531578
40177491
39622087
12218897
29310401
8081418
12451639
19499365
3502311
4010837
6757934
6760937
14988804
36970937
27863182
38256540
8316192
4295549
2653219
38635049
665473
18809607
38730524
5048878
22380291
40521069
41367561
28288650
28173340
38752346
19841825
7211147
2810978
31863989
14026824
34747565
35922015
2988215
36793594
10080838
4606235
27439993
4338555
32088825
21690062
37976684
39033505
25602328
27467409
6848403
12999306
18317564
19071732
1276547
4567767
10265439
16245632
37868946
21208009
41989712
23015733
494083
15930769
22917652
19020688
24044956
35378009
6467880
15189016
14285412
15644733
33455424
1436462
8003959
12858136
1722325
8189735
37459915
22127177
9420777
1206433
35303733
18576072
2045584
34597977
35232228
14852714
17620682
39547668
13725061
32391069
12307680
22272063
19463926
39820093
4375591
40026081
38679175
17718668
32888673
1721648
32706287
11240684
27169823
41427222
18513690
42991965
18300133
31921675
5230487
9505247
31770882
10368080
26624846
42465266
18048702
3987540
22566246
4572574
30126344
24149371
18542587
42931958
-350657
25652841
27145273
29661262
42617662
11999593
13996785
26754262
34749478
24311851
19585061
36719585
41093695
6217333
29407084
22477272
14213587
8419547
41864990
17067531
18265483
8290450
29857233
4827
15455800
202105
38849043
37768114
8446529
7677112
-8737
5850961
34048191
31554238
42277815
23921271
42456117
36726856
43369741
4955275
28937826
18037838
1660899
33585043
3966306
25056807
28132196
7322146
14314859
14695475
9744414
5053192
5531691
4836459
25728157
20459413
6089970
36491197
38576689
18425593
6199879
36205804
18139912
23076667
21283392
28446494
29651357
17174018
40953242
28800071
39128030
11500253
4044994
14614849
40134283
3287554
13463939
14015592
-687074
10781574
15608038
16409281
7746584
33056455
3197536
43518777
29671868
9669118
30741140
38391604
26691460
35077248
2733258
38134282
12659624
41549227
28765088
38775098
36711668
15811570
6743249
17711195
22211033
23157306
36993522
37427440
37902694
1296938
1515837
39402058
32932534
6757043
12246059
35808810
5590987
1508269
9299089
10660304
5167836
26034948
34900585
15934188
16935130
11633770
31315745
8485974
1087823
39458550
29052851
20220680
40531597
21324527
24174464
8890537
37507627
33673335
29067667
25046752
4090986
2493575
10249008
21535788
25216440
6907064
24768018
13968890
4993033
11421731
20708163
41569512
26031699
6887172
33994070
31896633
11688069
27954241
13479255
40734875
24450007
8618087
38957112
14423950
4756494
20399418
31201628
17912201
10861994
3084652
24138698
21964035
12265607
8274768
16556144
11141652
31279441
35625009
29322358
11742224
6489681
42952066
38931318
36927126
4485416
6048
11175297
12861598
1589162
13105478
41914549
18566567
19010490
42791530
36065223
37579539
36331194
21085933
8631121
39902252
41655125
17886328
23330253
20188664
26469138
880055
6755188
27699691
31954633
36506914
12365344
7212022
31152617
30802792
22316124
28168838
13586319
32700354
33888570
24038249
7237014
27499423
12167244
14867066
13574491
8628631
32958919
5079484
14967101
40471350
15331558
858473
25618771
5307797
7221410
4418271
5805444
29440441
23706626
26219055
23086377
2973477
29336582
38044475
3693062
10392285
12660965
190465
11865982
194307
9631688
40138817
24817703
8435352
42878425
31340836
25406594
20556134
11902274
15555866
42306158
17448916
35832970
28145484
6298310
4092857
16613345
41379491
15065334
5484328
516611
23671858
25314188
41987402
8474004
21011681
27562383
26963383
27230256
33351887
32149433
29494044
12729090
2201203
7360196
4935995
13021612
14682853
31368062
2576757
4592005
36255300
29798775
6599620
10902862
42900988
26716759
35442905
13914121
21355125
39442880
40801687
31073
35247497
17050771
10489481
26202002
21344360
10854725
38313217
7192054
6055660
8113558
35760427
16558452
22004597
27790671
34501432
37316642
16329509
24224990
32815754
30525506
24275437
36737410
31235468
18799412
674135
20092316
41903491
29404249
27690433
17037384
29787788
7759682
11504640
17236507
17186751
40756287
2420403
22081847
29184900
30252289
17425823
4634745
1077416
43046584
21762023
35038153
7098476
33474324
26160538
9137947
9097297
29801144
-424765
12264615
32375739
27672631
27053209
4083428
38257095
4895499
8123533
8931421
40810108
41641326
13378414
28566718
33434153
28981637
31350175
5535841
37294766
12893629
20049015
26569970
15037073
27368648
33678468
26847238
39399169
37147287
34392925
11341142
30203559
1578021
32929371
35781754
38470388
25551780
39643264
11849942
40794874
35783275
4876967
28402144
30339881
1047946
40955429
3982444
43109943
22726303
24697818
42522710
-559054
33740039
4568512
8068323
30356986
8096698
19186376
33515843
36018377
31458512
29036275
24352936
28845208
33083776
15901980
19070284
30673827
36959176
35307998
20043670
23404716
20181291
31353517
32710638
11344567
41857745
11157593
24110214
20052495
38115240
18338931
4225815
30207405
18115672
3791464
12365745
37517637
17189581
33240358
17710275
19187356
8733831
31095010
333100
40698722
12245162
3411826
39177259
4134237
22000560
7859233
-754228
1877494
15918042
42096050
7719626
32373600
7448276
40650581
23898872
26303774
14700864
1500803
19010780
20162249
24576042
27509072
-103826
38916664
33021487
35859872
20755530
15239657
500173
32683196
-35283
7983656
18447939
9396373
42533589
30769780
37724692
18030378
41023530
31360157
10786858
37177987
20900537
42398758
26065487
43376384
22723662
28536806
37977524
40434979
40136357
29027702
26639444
42800770
35028251
39834773
32474306
33040693
34010581
3219279
43312077
40650926
1749725
40828973
17216404
7297856
15088802
32854864
13440434
24991030
15717819
32187944
23781959
34382437
35983700
17248480
14855825
14098239
3740095
18684645
37519312
2030010
37503940
26400242
12764856
6809806
2081583
43000886
32687662
14926464
27303213
23950937
14638048
30812193
10573863
3479011
1886415
6929366
30261866
33089552
40001000
26420518
33872168
31766158
20500048
13953371
1404887
15959521
24746675
18516077
37967822
15224822
33091977
15742682
-923036
37492719
3186174
24509292
31339859
7263788
23848985
40051314
4154908
39027082
6742515
33674153
31361208
37054007
18756193
33883365
23135738
23544539
16396685
27979534
15788839
15588917
3456672
41171238
14609110
11894735
19674246
9417006
42988067
20412398
23877235
10493774
149865
23693116
22562310
28415241
30173651
5758788
33008830
14155681
41193713
16865203
11085055
9473156
22757144
26628949
10126897
17791792
13781377
30772076
10272882
14022257
3317313
7439605
10710331
2905746
31505787
31647336
9039142
-750106
21826298
17377210
14273923
-182204
12591048
27819963
41867306
29983265
36208142
16835712
-418038
28446611
7182953
4984676
39242931
5381001
24882713
6607653
43354360
16555859
15862010
5711910
29230269
18803946
12586434
9214657
36992717
43106298
21367491
41237182
34233927
22436271
42075895
7792621
36398840
7822044
23904770
6445412
39485437
21377765
10589823
12993602
31692841
27649508
39595888
6947407
15070988
10521583
33191261
23961343
15025246
25364207
23229987
27215066
5765327
741426
11650062
12729400
10350436
31683712
26560123
35065274
6339226
11354225
2487453
23222183
8204795
5781014
27563424
21545874
33400285
19177143
41588038
27463759
29108988
22151374
14562339
561601
28792770
25686485
42295974
26338308
12925627
6926242
40867554
2057222
15572778
23220723
43403733
13323398
40980019
1390429
7769176
42963138
37728288
8722276
1283108
31299665
30051351
19265853
39663276
42449187
38988915
9051837
-292552
15741495
26812024
20271756
13045080
34834056
18444535
24345820
14327665
10599097
33324141
37614895
24594583
14377070
15907228
29679567
32696020
338218
730301
3948731
1145778
3175526
27915515
3363283
12072193
28890880
30427669
27486674
23257144
6472519
27868012
8496723
33555068
12264114
19035715
25693584
24913164
33942800
21029705
4667182
-861026
21835704
25616844
18225088
5486796
1177332
23948128
24735629
14281794
1444613
41344294
35527144
26254819
14606618
17076101
23999404
5476351
5791500
8211813
31844963
9305367
25979176
32549258
25231331
16554553
5342721
12510017
21320924
4183228
1050799
8679820
24871672
39698013
8268515
2626453
31526315
4628000
30015733
38613946
23484034
39055716
3621276
10257772
6628848
24327890
37935856
2772702
39096642
17361891
29647963
36977415
37767904
10107530
35637847
4778601
7697353
23417184
35099489
24320711
32012345
23326139
1719740
23256612
39680067
22085470
26427823
34629854
22862835
12513455
8306483
27945186
-807406
42153532
16926554
34427775
14254758
36430197
33467226
26828830
28397494
20328792
23757477
2577717
36844537
18925835
9451381
15189285
42802247
10858697
33514756
11012889
18364248
34813828
22209117
7691366
2794116
32721417
22758861
9521194
14377292
-175855
32808475
99031
19655142
28065192
31193164
19864564
13327180
2185767
42634545
26663174
13797601
20046192
16143521
1184958
17070401
48324
14607161
11683825
9115771
9832788
13885107
25162760
1024018
27201169
17402195
33421790
27928926
32095374
8860575
18567509
24127215
10692589
39645004
29846570
42579208
14767215
4291967
20446639
39242590
36617265
36659821
11781696
12492486
25194090
13845718
1016382
10808669
23052023
39280347
21011805
30160721
38721230
15246564
29411021
37268222
20999277
6892086
20639396
40934861
3339850
26306130
30593115
27722858
23564288
-444634
31121489
4991542
38052328
405335
27682769
60284
6736655
7100678
7833806
6485868
22406804
1307025
15061675
12807405
42844164
6383758
42672525
42326467
5510775
4699742
29286786
747280
37764697
-251676
20198808
30962556
4005467
2336610
16427585
42001437
27905429
901738
8406266
16370044
27196489
-334173
2332025
7522071
17200571
37270335
38913647
40313189
31646196
19430091
2209420
28594627
33636860
6363766
6556854
-623230
12084799
31625772
1459300
42521805
31475305
31278992
211957
40367871
21705073
22336648
41511087
26386829
9349015
19738929
16235223
40741053
35991816
19092595
4251785
33078071
25508076
9910859
25853985
13481620
2855481
41868775
39090337
12428463
1340017
3640509
32941371
22170942
41650680
1177547
5001329
19396781
13608423
20661489
38633317
2003952
13137305
30234745
26275970
15576357
136396
37096018
41925577
9770628
16611442
18016188
5259451
11188893
9707583
22291605
29842411
39052803
31425005
12076259
7299884
181204
27894480
38363920
42492382
34494186
33860691
13632873
16333001
42377327
761753
9588821
42379763
10201689
42135037
19607364
4111240
32619408
22360869
11261977
21687856
5838378
37247256
3203810
32906161
5470917
18971553
11469714
6025876
16737921
42104039
21623179
36016468
29271411
7876669
4114385
24731718
12198047
8948546
24096661
11272261
34134874
-247097
43318166
4102515
26484014
9023015
33971660
9351279
8589480
35680052
14925536
22971742
33812766
18173134
14904878
36898761
40430551
8195804
23022259
16837817
39464859
43263540
36512124
8889601
30678790
14030443
34152420
29428897
34752
16281795
23444654
33616653
34626683
35682328
940939
10628919
13794925
40912010
16847162
25280433
39473880
21399431
35878268
-783715
40828052
19558908
3089821
16135355
16000145
34197803
17238094
38995380
15116596
28166272
6736449
17255586
8026844
13318609
19377257
13320703
21220814
35479286
16400427
7814254
-842734
26115572
6555308
11018833
36434439
39257760
30359993
-216711
31530035
-386586
34494273
36637189
18177948
5800852
23457613
21465994
36927026
42473604
24667559
1656600
5879462
42404030
34977343
10243774
19786461
18444470
8180636
8914377
11949190
10618327
26445384
40096282
27046586
13134223
39127635
15401505
41759515
13565274
24168258
35633037
14721094
37004918
43037305
10103621
42272916
10684257
42427632
40632166
20452255
26926817
39140604
38174322
24226647
9948906
43454180
30473431
33785958
9625189
30929600
14070252
32924873
10973503
33743192
23285074
31635535
8206362
14829943
4776557
20420953
18971988
3433087
33637246
37936019
2114236
28447109
28843059
19660672
25531145
8142094
18505582
22573890
10449576
28945038
22346725
39558536
30467305
24036674
36647129
10715719
16220073
33390185
26764597
25283913
17880801
35111936
14871874
3081069
33224361
7609126
13025958
26395444
10473707
6335941
31839263
11007126
29159764
4680970
22350010
32647725
11510133
-339482
41654704
18797958
32267033
30165302
41008821
9631813
29475710
42265198
2096832
16861848
12258202
11843784
11064790
10073496
33578707
43176176
28175083
486743
8819498
3240543
14792760
27354920
12893378
32184978
7569060
16570196
30317325
30886537
16795996
30423452
34393538
23744288
25451883
21548865
21892556
13603977
23172664
23277828
14589448
29491506
5238991
11041824
39770346
38423872
7461096
30958827
22353078
22479898
16382111
33092571
8700242
39906976
35600160
33239953
1308946
32433341
37472909
34654043
23789629
42726374
23648386
24369994
29006974
8120891
12537381
31389876
25369500
163598
43215526
12606053
28802011
37812020
4383118
13490925
14370798
21285839
35943717
39351948
30842390
39412139
2285320
37718208
11029840
39599577
24256252
43225880
9100404
14586966
29699037
42601386
3889929
13524742
32617536
18003811
28043862
1078771
31095030
23485816
24782844
25392648
41101873
-202606
32048893
17890473
17180364
11686028
6546216
8474384
3808596
17820945
13621221
30528737
16306589
29408182
27434003
1552174
8193417
9420384
41331271
-531402
9560706
37087701
43240165
9719176
42024948
39376044
29566915
10960564
2527982
6516180
8057997
21625959
17714669
5769511
11482724
21589740
6432269
30649629
35860035
14303631
17033935
27455020
30245251
20931913
7863866
7006890
33063450
17543858
14108382
15196510
7968234
6699943
30373217
16393033
8307732
22869024
26188246
32914406
37247805
13377578
-926007
38012191
1629409
25282229
21345334
38014580
37664782
24169194
23096034
36476905
34251510
34198760
29454154
36396019
5546555
8711776
10358693
18546702
32936849
19529814
7808128
35561713
26614798
23299752
2485918
41834980
27835826
19927847
40929560
10239409
2824321
22676119
7548278
27336825
7629005
39926661
13004671
40657235
41132610
34892952
34866479
16271552
4673892
38919475
25492501
22275143
16586969
20147538
43066767
39653975
-434631
4138024
11409642
937106
20742144
-186414
3638572
5746222
40129470
8242043
20738273
937646
25707790
12110443
1071665
26500910
42815495
41903803
22780215
17418741
10068442
3463848
1690574
5890519
15319335
33194154
14647238
24257317
41790550
22558800
11702771
13149490
22675423
35101111
5454380
11415336
21619919
12014368
37119959
18214947
25912156
12642075
28273299
740677
40180137
15662273
2435855
37110036
15441392
26981408
6380831
34648097
18779298
3558473
19372991
18397692
37944616
27885320
32731812
21961259
22023289
13196271
3931550
-38223
12809553
19520585
23605693
23880953
43489557
36896482
13115507
6772105
32709307
2122197
25368525
15978108
19814742
31255234
24344852
8869917
27354223
36496396
1878860
536575
18938386
38232031
17505879
18396305
6922545
5656549
36158123
8866553
1337265
15237080
12533406
21315597
30094028
26729036
42675812
3222339
36782710
14268787
7458569
33612408
42287331
40664437
28075355
6380805
38922890
37678670
11410949
6554371
25899183
18940468
29906686
29911055
9354230
20820833
17987658
18339656
29575857
39502460
16075464
3248633
32321493
11933453
43482015
17465284
2853396
43005579
4515702
36518940
1580179
21604539
30730572
19039732
22067015
16748707
28869525
6094737
21768934
21592094
25600061
-971237
41179557
37843044
31022621
6888604
28282010
6724390
31001020
11587691
37686097
19918748
32720309
38392013
35115885
10964114
7041798
18993469
15379257
32701851
37843210
38408869
9955696
30002136
2179139
24298165
-507116
38273690
23986982
5193143
37752696
35365933
13787453
8976797
38621475
37624819
6618086
29233765
41844098
22112039
8234546
29156629
32494424
3562885
25291159
3281329
23424296
10136982
39741091
37251680
31048900
32994567
10655551
41161513
7887609
6082829
23264784
20470077
16997027
39889423
24754833
2090254
36573201
15440697
28951206
42739641
39433770
4601862
8999204
23682059
43239047
19894468
23771401
34054553
18637420
41929373
14612210
5004363
36560332
8740826
22296392
26156349
21993553
30519975
36892533
22685075
1906495
18280783
695340
17628845
40692039
32959834
18976634
16278344
28047138
38453659
14982583
9304180
15574378
23869640
6865104
26041210
12126808
2401659
19352974
23340052
36630916
5817375
828297
1753536
3587194
33507558
5547109
42349577
8910865
23135231
36967409
10727596
25906327
35221364
37503091
17535403
4188050
15102445
14943615
21309943
10905473
42757719
18818321
14643241
32850321
1386300
36639880
9275244
35780259
8315108
8403039
37270853
4419899
16559788
25617190
8563750
41393844
1469439
10896989
24187332
-466222
11862459
5177488
14174036
20391734
3629110
10215873
30994616
4135848
17952629
6490229
594631
6253019
40166464
14446095
33174562
40325363
35746051
23350587
14849459
33562939
42987187
8797644
30894559
19639115
20146261
42012694
18287045
40187612
23388720
39151767
8415821
8383868
30244099
25464603
337396
11871712
4082909
1355699
19482675
23275879
1008925
9057163
16184733
28074166
18556956
32981163
20999013
31659340
20718350
41335687
1256263
10088240
38945904
42107762
32524649
31023860
7314942
33691955
7361697
7955665
16996650
23532363
12152104
31909563
9428697
20062192
12872899
28063911
28501520
9471433
19917945
19378904
15741706
5609040
35974277
36652600
34930050
18265211
20213826
1670067
10470394
34690084
3183992
28051727
-752606
33731158
17799757
42365720
33092358
24127989
42396389
83590
31285487
5415788
2439123
17045376
24847240
41494369
28019634
5899625
25549313
4569150
35179041
39389118
31355499
21432012
8919555
6633217
19947171
1343748
18929540
25152859
3042148
14653438
32923252
14123437
3024506
19162781
1000349
17127270
11395279
39722910
29797550
7701637
9543475
27009748
27926038
8824949
34253257
11299257
6802214
-574970
32267919
12195725
30373680
34294195
10600083
4724770
40740115
41862556
36371451
6387676
782243
6039005
23918327
39919948
36934500
34915094
39514862
1297199
32049596
14257718
17250786
24886918
9749917
12312898
13048683
36399015
1445058
15167176
18207110
38679732
29993982
42590165
13850729
36150555
19874101
11413544
34084949
-997655
35244419
15230569
32338055
21097580
11340330
31443536
9082746
8508370
7150257
-353961
3714628
32446695
40586886
28264861
37995400
25565681
18077805
6866183
23849143
28005192
25756981
8818764
14795172
32837577
41100465
19905902
18733288
32540505
27392499
23451199
5726908
11525901
22082785
1934101
8628258
30125835
14948797
24068348
28904112
4363317
27672654
15606450
14650565
25839109
36398032
3261180
36351312
9987821
16517932
8955911
39744820
41438612
41761548
28412703
34780709
41471546
13936501
1898698
29072249
7082318
20811164
39772036
2007990
24947371
22592493
2396943
43415977
23038848
23177483
26818874
42139255
9964572
16860595
-130552
24339342
27328378
22269590
1504434
24079545
8401444
20688609
7491544
38964418
23928987
20057016
-626834
22103109
37399841
34587471
27355740
18038562
1454516
24169979
6144071
6775261
5482772
36291441
13547219
21657925
21600568
3606104
15055813
38237090
30474887
32581965
32413834
1659722
29658071
3853424
40420484
10833760
38498536
27394246
3133427
2344120
5274099
13367422
26766430
16250499
29554314
-69163
41918940
35527756
30055920
30935787
14096770
28869920
-515040
41994525
28430622
287156
11472780
8639834
35921821
26622569
24297439
9504231
11528721
-730505
8002165
35137191
10808184
30353999
19708061
39552228
30501799
3322807
2019318
11638462
39026007
35358458
41079516
10836761
11006030
26876575
33611512
35914185
38618878
23194612
34442819
19568932
5063598
4781678
32782299
21360986
9012325
19892270
-177390
21411362
8117209
27733370
12939841
36175872
35653929
10984626
8130854
30996116
6752439
12696883
1421576
33892703
8427172
34382418
18282074
5759523
20035985
10680446
12124427
36990425
27532010
3321848
34491285
39842569
19621823
41229778
29964251
3799111
22114778
40193653
12826902
12353904
34151407
30572604
16861862
40765496
21806095
32105577
8965396
12626788
10723569
20409573
25734088
32407574
20624137
17000564
40137166
33702971
33694478
37235457
2800064
35193277
12292186
17524966
4643764
33179053
39298216
32998014
14506135
41659388
15798190
19137263
3803934
25393907
9341523
28584349
31884225
8411107
3309532
30524208
3273474
29012137
16640605
33210161
32057460
31633636
28730053
39125012
6392719
29035222
42379822
9893399
42553039
23935494
13796376
33446111
43258509
15275830
29975598
20198079
28994176
39457152
879859
15342138
24594749
42737954
14171436
11301404
5048717
31134219
22838615
12595778
11754815
18748266
6198850
5739569
13968014
22731833
16666077
790500
13116884
11543735
1047414
29295361
5965150
1136786
16163334
11340012
21888936
5630371
27930693
31922507
41950338
1563771
1056866
8236071
32129871
36892948
6674234
12501302
16659980
8253485
7049443
17465800
37105057
23400188
27065520
33481247
654357
13769783
20446614
32951935
34435150
38296646
25656141
1806290
9014019
25424376
43140606
33437727
29185835
1749152
19621717
19122040
21586635
6647057
11892397
26400715
22320317
2223014
9659589
41495378
34795305
29947836
41431022
2688717
29078195
29512324
14406459
26003380
6520784
35838634
26592281
33385275
27281231
22966229
34643178
2248632
37643392
33885007
2025226
7290102
29312395
6305045
27136141
14079913
-710551
34715637
41415245
26662620
21726088
37648256
2191830
1607029
41899332
16846996
9968167
34276455
23282099
8823634
6061055
27300374
6333476
13423095
25114257
-837682
10223749
29009326
36964195
7382273
43412298
37330739
9201729
438382
41114985
11078916
41749383
14811909
6999593
15103922
22853747
34289999
17823726
19707234
35443236
28946398
13223442
12332049
12490082
10999303
37710816
38165426
39034867
13079309
4844120
29394257
42367526
28487414
36535013
37423544
9930231
3624505
27180577
991921
29009262
14701158
5237243
42495029
7802410
3517617
36694543
42623901
32836946
43341292
35357593
39926814
28910143
37924245
10712623
11936976
7183799
30177971
30753987
28415704
18156828
18645090
42636392
43498798
7827200
11249683
43344553
3805711
22489080
25316142
36352604
22700234
11404355
28409603
35641860
37177288
20022134
33623791
12474673
21830966
39713270
19612741
39342587
31760570
1848201
2496911
27655273
40500741
29740803
19574598
5565988
30291328
4849759
36619995
5216073
43016868
13659351
30402867
26267347
41338944
30371013
40646213
41201161
3511463
465134
37404243
36605188
208767
23356015
10360715
42959865
31354532
32447722
38021719
42249209
36321277
11257447
830750
21336376
18931758
7365036
9011827
5860269
31942599
33085371
15233848
42412213
25664116
38578923
24593949
2560370
358863
30469120
30899864
36158119
8773649
34839832
17821133
21976484
34932172
8985260
33024115
11703165
2408459
3046958
18473003
38531083
24374365
24013146
4830427
2356377
30979524
13937836
15482522
24880652
35346531
447662
7033707
36436064
17003910
13573623
17407721
17847848
18402127
4107031
33275402
35026201
1432239
6011150
9654751
23840716
38556342
3119662
7720353
32914261
4926003
1620008
21034074
35644014
4810467
3499109
34602087
1342577
18052744
10665596
3893808
17396883
1224695
9669958
8335258
22426683
703781
43072108
24608961
15556020
13692744
18483672
25516060
-184761
18070200
16426420
21740028
11617499
25855669
9006294
27181579
1329093
39539195
34396121
38258157
40807223
13389361
36725203
21447023
26552993
2603364
39425929
24340302
220187
38003646
3679973
13593638
36375432
21683411
24630908
-793631
42792840
3805070
18874203
37089697
24771391
3393183
40843936
28813489
35213141
35721181
23224778
14915198
9189322
28882814
2826170
32881379
21041803
33309925
32422075
36008236
33934846
21196545
27238030
-235487
28984144
1956855
26960938
27044920
35905977
24540346
15707351
26439417
34131373
36572148
41541886
37791198
14649399
43417792
37208176
28164221
7455231
11223320
25317697
23126268
5134132
41353859
42038034
23614218
37899875
25969390
1612931
35484066
13965369
25900015
4083297
33586331
342941
4725094
24510652
22480961
39777791
37227011
4336941
18351247
31092614
18570714
-723639
39809866
29987048
38580829
32924744
40899954
14648704
885243
10289013
31034458
10718362
38124325
24109468
394022
22427671
5964845
42899520
24008919
43023906
3157279
22088887
23809825
11106318
23855523
34992085
27920654
14788574
26010018
32615997
35083170
13053804
9452034
9259428
-446039
15345391
25765326
-22894
11699639
30514134
37190925
32600355
35989460
39757169
34166112
34327566
14722261
28728228
1319799
13808134
18317563
34021339
10290199
29980709
22428149
17458696
28308367
38089485
7500885
31273243
34473217
11637611
28257651
2551382
-235571
24632988
36705781
33778090
39915215
30313834
19123050
8105086
28779723
39815290
12685774
22103142
25909123
15098161
2396417
39782779
41197473
37482154
18473180
34007037
8370530
21576650
2127618
22894230
7458923
36779878
42285243
22414345
42505782
31396203
16220514
8524358
38632049
5058148
30383789
25538629
3726349
39145512
26798311
693036
35366265
19780065
-740495
32107152
36186455
28418818
13543416
42140134
1955383
13103985
31988118
16367185
17047033
30433724
18925584
19942708
28502493
40873684
13643664
17278554
8693423
12067997
8043233
43192282
27925421
39516782
4051383
30461579
11566028
42431966
26117368
39346926
11993143
30983002
7626170
1534543
4496647
21253725
1937727
-214586
7543558
30515000
27433463
36828737
9497087
26082606
21415990
1630846
34656959
17872375
14420176
32292971
26875112
19129440
35976915
1257419
6221280
4911797
7942843
29875744
42649018
37847006
22377010
18311061
5637166
7143083
35814031
35092330
35345276
41459364
21487794
10309635
39766594
18766808
37900953
24481917
3785132
14071219
3973531
11564495
8323274
37291438
26724342
15551149
20546825
35455551
6060553
13139661
40227569
28714374
25750079
36931845
20002241
28365574
6561582
35558911
-962587
40436997
8055387
31575647
33473688
15132417
25053343
10700697
18936797
10760557
7938156
24346857
29430149
21616185
6541614
29318483
11775471
2291321
2497585
30087554
12317455
35728815
40539174
-504464
5617161
11550221
33113344
31114755
16298183
19658336
5583654
29402507
1877615
43234200
22500518
25584628
18444915
13188645
17006988
7012850
33049
40838306
25790600
19041486
34900518
529604
-573675
16855655
31230122
21357039
13723938
14129953
19263329
2531966
40590826
1158120
23825862
36223268
14943208
15938350
25234814
34313090
38985123
15017704
18977711
-620212
13154937
39913938
16418830
11668021
43163938
34852319
22806239
33646075
43091310
11689124
38420578
21136328
25037882
11295684
26243678
607536
7728959
1790537
34991181
6805562
-366810
9797937
27376721
34444530
34035994
23308330
19872998
1122703
-780361
26845060
32990257
5207295
-12638
8582187
27165705
24037853
12976391
20163765
41291352
-557494
21440368
-771877
-519630
16268982
9531423
12561665
39910137
13952865
4226307
18689998
13290231
42170362
43310432
28412752
17497739
659361
28553271
33519804
166211
1959118
34252875
34981743
27012545
17253725
17460801
30600625
2504688
22928670
40950054
21290387
33089123
4803278
34361086
10249119
37428496
14897728
4860937
3932173
38605823
31220474
23309494
24771747
22304508
21127970
24524678
11442232
42708260
9004283
9677256
25885679
25411347
37255955
32570481
-641167
28797889
2551636
39022717
33880519
37741674
42504924
21582615
17394153
7958260
2046477
43374150
41360130
13632254
-834948
15487297
30872589
30473595
37316716
2696711
33751707
36122618
29570809
14433709
18394577
14234868
7044837
2280744
1472630
628257
11047565
497257
18528869
28538360
3884239
8555250
-512763
17891612
36759821
28928245
16263422
12180106
19845881
23504675
26487787
29593701
40846487
30516549
27100273
27117625
362854
36125675
19359767
25356600
39546697
35245137
13208907
20454566
15069425
31556361
14670711
29298560
26750228
4368217
23098247
9033263
32782132
43191783
39362139
11922454
10975982
39097452
11453466
13947074
43005972
11198810
37377195
18097456
3819882
24318607
30216003
22338825
39306945
3166309
12874965
26022674
221480
34673156
24888982
19599434
16449963
37155247
32377397
38341949
25210276
2283510
30516087
42949420
29865642
13917427
9386443
40089610
41205748
5369061
10119919
15273968
20448977
9993417
4416405
38823936
7179474
40890459
7607589
35467
16187630
12894270
225429
36130983
30069888
17782263
1126258
22099037
5961834
-68970
27390663
26518696
25525220
5229500
16333972
3856681
43182748
20478523
42626437
184670
24215823
32776180
21144803
30297969
25621278
41193408
10275205
18171896
15051914
26808128
36231944
4863067
43146063
14551644
3839027
15235561
36491646
26948361
2680733
10362914
11658773
35024175
39374724
14109853
24012312
3462137
38967929
13795984
30092378
6934790
12289230
46752
3410669
42926820
30370543
33804211
15220974
13700063
42520475
40937716
37535308
7736959
12970079
11344596
17430370
29756179
602987
12039036
8261879
40705514
42205138
18160644
20834761
20860979
16822015
14912786
7045411
30255452
19588617
40072579
42639171
38927743
3766088
16587044
14989509
34424349
18856749
-2166
7092539
29070273
35784571
21427563
12185464
10570867
-418371
10083180
37036630
38697166
3882975
19435670
5822716
10364815
12225506
10466341
25418446
8718486
20254579
13197975
30274151
23678770
33317655
14275160
26216401
21484023
1380887
24223915
17772122
32746900
17345245
9274219
33387204
19922391
31880582
11596872
17335639
14159593
25492363
19622204
35332097
9801787
3325189
5956075
5122068
10219841
29896662
1698084
22520560
42449736
29591002
12885686
40986289
32942227
42947907
39897092
40690364
36530891
682178
32962198
22787815
18134922
25896201
34009329
5007110
20338790
15925634
11165641
37624067
38691109
21567999
28140141
34758593
31701000
29862771
561268
4882700
7891541
31148493
43399807
5440971
42154339
39065170
15553072
7679805
8115799
530370
39571330
16848681
35696656
4402767
42081347
11392781
35754444
9432433
5553385
12161015
42188811
13686150
26991476
25928838
3133817
32948728
12683224
2212024
-740887
28223915
20313896
17330738
42050941
38800986
41897745
35826150
15861963
1839774
-293487
32089571
-266176
40108349
32394231
1017533
30921358
16681144
41648375
30617034
-426901
191230
8837362
33177657
15137387
7639546
16336593
37630851
2473751
26415439
28906469
34551223
32958178
41008403
10937482
24150961
35223554
30497033
21614345
39011426
29342304
6085321
23230521
2279431
43152414
42318068
41374999
14119732
26265014
21757933
39907097
33454445
6763838
3141693
39529857
9270090
4704580
28940610
31667543
20347082
19989552
17738512
42367525
11940143
15169044
13945668
23618635
32083993
16161873
4220672
17055570
21884574
21271086
32668585
7309791
20532302
7082547
42664945
16552607
34638425
32435329
39405783
1849514
30001870
33323309
-79233
36384578
24526015
4840432
7099465
33350867
25193989
41825085
11319020
2927151
27597842
10415025
42778898
13815618
18159091
-951001
40254737
25933123
15498385
9250969
19364481
36248407
27889840
20643532
38233904
38792373
21211855
37443215
29977354
26259141
21616750
5715046
42391333
24000536
19099162
27434689
726184
13149937
25597705
5679747
27988170
6936608
19428
42822104
40332261
25427940
11925455
12994308
18987579
37458533
23392553
39937041
22196329
39062082
3202560
34290543
28654303
13654213
5367013
38452663
-177565
28414684
15751435
24076943
40068257
35614012
527854
14282773
38315883
30543714
40490076
31848053
12065362
23218932
17798464
24327926
25558248
4342289
23632914
29248054
6835751
-10628
4633864
8985818
25099429
33556987
31919662
31740241
43030022
28462615
729594
20756499
2146543
24680840
12660767
18121019
1443360
24861487
27545153
30084430
42005697
31589425
9000761
7649585
27946211
29696524
986692
2430773
14771560
16546907
43274788
5280831
34439162
31751252
29709836
37164394
14697381
9793309
16144766
42004133
694364
31059223
38277090
13269884
28463684
19795442
16255959
11900916
22654004
22912349
17093351
11970461
29600012
42534286
4521998
7831397
33468454
-325509
34644621
34233613
25965696
25162150
7752472
10853877
12029738
36275850
5901273
41718768
786093
17157669
20129161
15253343
17756860
28433836
26527281
26091697
42656755
36335506
6117392
19847198
37820622
19289676
28328733
13752026
18372600
23303592
23139509
31094541
20161893
33216031
10910299
26100894
42783154
21156100
35858745
39597629
35244592
22095602
4122142
40216468
12285557
35485313
35603318
42275585
3495948
14765334
9492474
36939264
13788361
34756681
29928610
31666575
27536654
85111
15348749
30046110
18060461
38021359
2869450
25873868
13738401
1636263
26462583
4599124
33981668
22590378
41221676
-289320
27696224
6111676
28238985
9917480
3365746
-870279
23646289
3473155
18050118
15889666
38050292
1828894
33057172
11113387
23544757
35430500
33920866
36474475
8563921
39931739
35355021
20802061
41211928
35373915
40683246
21241567
34275066
9938297
15706457
19017150
20671299
6000032
14032007
41048290
43183043
37107300
11746746
9566308
695506
32526833
16956092
27343028
1622920
12657124
31841579
30364827
43203505
16325094
40820664
1247715
42641446
16750934
24423651
17275009
6088027
25253397
23542638
42729468
5166696
24761278
33606712
33095559
337258
40221529
13428492
-10611
5308019
17002236
42949833
12073781
38065121
11341433
39241804
12404350
39928863
25386057
2020727
4566123
16066523
18017843
27582050
1261741
35924360
43320354
6011103
1165194
16831994
37101838
39361795
17364810
41165414
19379076
35729278
15453337
19063343
13150105
14922621
11125941
40965258
30565369
254843
12499350
36027074
39710676
17151767
13692696
20256639
32855919
20616152
34588086
7365197
20900905
19164906
8731474
20960090
23842039
7226083
15909777
11836494
21003373
37458448
27650510
13490773
1119518
28706394
7204128
37522994
-14920
27428105
41273455
18310830
40431648
40090604
43286375
33082153
28865264
10821546
18258461
15492148
11950067
1342009
7005169
38846879
6720949
22595707
1866436
15470276
39569368
20227604
34019065
24015012
22170624
5472309
12061061
411468
41810844
35850816
10886416
15891346
26892832
5827471
38910555
9582654
22160905
36867246
3958448
22892632
12581001
14330466
17066037
6944154
19002785
15240234
42835023
6145650
5857608
16619589
6239835
37360688
24183303
25968246
24479529
39778029
30661548
34904036
3320825
28903797
4866398
33289489
26988568
-240013
40634699
11677711
40204805
9422927
6027836
13969806
33247066
-937136
26917915
7881258
40423461
43035482
35237935
1402142
31968088
-918061
3337176
37692389
20171823
8187756
37296643
33570777
20996633
28560110
268790
41918915
545182
13132073
6965947
35815500
42225324
16486998
39884857
211211
3449636
1182479
37324919
23400122
5769047
35769334
35589663
13782600
37566163
41493357
43364455
42398302
38492634
29296609
23582474
8104234
9777438
38396158
12399501
31420972
3326474
37011304
40062018
30047547
5829221
304901
7635468
24444067
34625286
20445841
25195240
6808517
10096686
42341472
2712793
38061560
26117261
12334178
35480970
15250456
11756377
8926997
19024511
14549193
2113990
5258803
1693358
24067586
43296160
30698467
4918460
26642340
34440335
31335113
36229365
40506797
11397565
14228136
13745107
3090843
37716634
39639880
-122587
13815830
9984824
18483533
1804152
4815086
4695981
7036999
27979885
926549
25947435
13583731
6720684
7810776
35726899
8814731
34632821
40475921
10633165
31641397
3725271
42560665
16989510
3994967
31245583
16227397
23346845
26725560
30134316
9694203
11656066
13218224
561365
14189007
28927391
11889676
13923426
33892762
14659377
2893282
9534856
4170503
25968074
31519743
14319931
32028960
2608496
31762376
29841446
37033062
39948302
14429277
26034364
34403635
12958304
22374493
36403518
37650806
35068735
18798214
4904014
22697120
13082586
2044665
15811886
25010984
34335972
41643809
7166221
16826822
9105131
38407003
19130533
17647813
12882510
25669850
4162075
41610306
28526489
9876757
20665648
20532297
8497305
38866607
9496980
-22769
14088165
3671538
24266481
26733606
20897930
3003484
3158061
12999189
1231155
21368218
14723831
38981061
41863201
37366964
42030714
38559034
24466061
15316790
4070978
30556562
31058041
35816811
171101
32651064
10612504
17541563
713974
15265336
9420702
27904596
12606421
42947453
21809845
1867263
17930112
20663818
21797512
35612686
2875711
37637551
21295604
23297797
38233469
10361485
10461688
9515788
30645455
23794669
38165698
29293750
16715669
29294167
19305911
39827218
8325755
28234055
16657800
42006327
42654505
18513418
42159358
37062230
13433115
12278687
12867219
7188480
35691149
22768759
8956128
36585299
8023080
10647058
39207920
1165924
14142319
399112
26552386
14422190
7338960
42272319
27823975
6723402
35949658
3931240
17753769
26238103
7808642
26904147
28846347
15197045
23322271
14814352
25683905
29488694
19919974
5594205
43247313
9385954
17122703
37489437
21957133
26508732
27784802
31344203
21900100
4967491
23483116
24647728
22569103
19190636
2690855
8673024
42850787
31878266
40774018
29953535
15311143
22934980
4504182
6930810
33265668
41269038
14644192
36458720
2668678
41846661
13699846
32330182
41153137
36491963
2541812
26310449
33026670
28250416
18500213
21555222
34780807
17602802
36370387
25853957
1896374
20162274
37893801
30043260
34429617
38072995
18621538
40899865
31383202
5725265
18214695
28927294
19827142
14956702
29673953
993365
9330128
29577746
40192743
40126779
3683277
42510322
21549313
36103222
35595638
24844878
39069862
27353783
35010112
38359406
12138812
3831501
42747578
3493455
5111369
9818150
12149184
23475228
40962951
18413660
9931217
15221766
40340335
34448483
7049564
36606176
30081598
13050234
41168768
12310979
2221374
39496281
35709946
9749814
6733987
19258530
23776098
531966
32058906
11653505
2133978
16388318
3550310
27231016
35402307
30988742
13514545
3232777
8591875
26511803
15144405
14430446
29207030
3838160
22698704
24657588
39553156
12708964
33612403
27004887
11094806
13828251
35958258
8889560
15776946
30269727
31299214
36258158
15184540
28356007
10695497
16238466
2777254
2857867
2659931
21692411
33203156
14206953
-100304
32137723
7072463
22086826
759653
23704289
29057100
11699942
8101596
8114186
22869
35083829
22557645
37077136
1665820
42407509
2629165
3971658
9425087
13187587
38232416
34821189
38459918
28840597
29513232
10853591
12132018
1653830
2805234
35004246
32896108
19045217
11781780
25962066
31885238
27223715
35368278
13394868
28152442
-457819
19427991
31513332
29756645
23566330
40957846
25873860
24360582
11634458
5003149
40832720
16462785
85054
28604319
14335754
28892766
-132212
38228921
15075214
13526895
285233
42121743
9595618
29026686
8914014
40949645
3955672
15381377
34989336
29360068
14202004
1346236
28667623
12823531
31023729
37630847
39861947
11604478
10294699
9268854
4108951
41879151
35430682
12898454
-900792
33805229
28790666
35338233
25058829
38893396
3422144
23780975
3597228
4267797
16518562
32230084
33122471
6673575
25597438
847288
19026862
41584479
40458967
21013732
24310547
19242531
18339658
8255439
16354013
23491917
1904166
2452705
39401881
17360308
9197826
8036737
23301464
27908629
2349189
24775389
18349282
20284952
27091940
39597476
7966130
29800475
2259840
12598147
19909591
38343276
19937798
42234935
23646910
14625607
9769889
29499434
16086048
14091533
2906277
16773194
18780680
18018570
16812992
14527077
9581058
8207795
29151639
37088933
27833712
5139929
8875992
33574340
26870642
1080059
34455196
6405266
3835254
2019530
9231542
35067933
27786775
36847538
41382066
576535
33408558
30278435
31976719
13780456
18821338
60380
24467518
27005407
3305101
25511304
12505721
4817311
27453875
35649823
16257108
32691207
3554770
24941145
21535407
17135437
38374773
29324318
12240309
5877925
42693564
17167756
14344302
34597619
25534543
20941482
30893662
39654128
36511858
35580118
24459626
9287646
10989153
34238605
42055530
37561316
16114116
7238217
40767363
24904485
3579084
33047031
28101773
42244576
1498561
26344266
27367521
5028530
29218558
2415807
6830982
28166255
37679074
2027887
23500721
38633133
39177384
40764713
2401723
33320190
3213426
86568
23597568
17429273
19504833
13185521
35414072
9886862
20401179
14399880
25845568
9410894
25838393
3070066
17586847
6623462
11357620
36628005
34029406
9334696
14928674
13659670
17985908
23262060
9232080
8167624
18842688
30058658
31041404
4909255
24905824
42387938
9709541
6018641
23892355
12730530
2714405
33200796
29172458
38041458
30624983
6402862
783718
26100888
41974306
27927852
41788018
21846787
30424506
31042485
7414727
10387917
8081845
13930944
13603128
42797082
35921400
30719089
35991381
4579985
13530142
14947608
35922499
27786988
7632593
4495491
42910217
19075405
7499873
2270575
22701882
26536165
17549252
37626026
8049285
33343672
23498430
-349979
40156394
-492238
27606340
11101027
28822764
6373133
10491193
39213568
14629066
2417225
16543743
42166125
35546122
37328071
12129759
6024562
26142867
831005
32527654
4745094
14452874
36545145
21356663
42533484
38059082
22116675
2035904
20243933
31206875
1963197
10786447
19705140
27451194
7039574
14893714
23494455
38318974
-796905
32982857
29109654
19676315
38000944
18226208
33396137
19229617
7708349
17321294
4399668
32582007
11072515
41522722
14084410
13856091
37020870
39547027
8259752
29380871
36729332
27250661
32284347
583741
23394402
4203490
18958937
36806063
2063718
26267774
25395557
31923817
-157214
13570194
21922018
33529643
38802312
27151296
13674007
17606787
32656705
7174867
42311264
6304701
39825274
3753954
41493499
16762920
5759380
28447222
19890856
18977682
9935113
40220736
35438354
13056060
24939879
26783692
42197438
1910650
5608597
5665399
24919007
34289525
39916956
19297767
303433
31405420
6093742
13213784
41277450
23682133
3848228
37929183
26183062
28145481
30379071
42936099
11941852
7758326
16031759
3625141
23962395
22324879
21250429
42985908
41436940
4369870
6426901
2404491
14935561
28928040
30931161
8355992
31208060
74452
1480172
9563701
26794440
29956365
1964606
43052295
42866146
35017513
33246908
42888009
2978308
36427766
28339733
26332879
21215383
29003547
18184108
4760508
19252350
17075605
33832636
3567263
8837288
7539769
25512851
24391822
8540859
8636830
29565154
38364482
34892217
23887571
10603131
40359672
22755044
10189239
30789869
11430285
31203723
13162229
32866573
24543347
1518623
-283438
14814556
10737619
39323821
33847800
10573027
13196625
20496773
7089312
33935103
6422449
21384650
22572638
18327962
32053049
25812029
33463264
7394669
35456678
25072164
27374181
13792429
7220745
16449452
8439884
17263318
36789034
41090459
-455313
26068843
28820561
42954043
8974189
42310064
30031813
932903
23279482
30986211
7413238
478904
9780790
17435619
30686776
34677167
10081516
35414279
36187743
19211727
13838424
26895973
10242284
22379497
33150092
1570176
1416461
24829965
38222150
24316508
37311090
30542543
36235507
35969397
8231430
40174707
22519707
4679461
-277421
40681730
31743899
34541753
41676102
4273469
22363467
34227257
26645931
29521012
21652145
28191699
38541795
17176266
7973789
10567811
9823948
27323315
37270754
3780280
15544917
16327678
24956439
18162348
10802448
16388550
26411275
25639682
4372604
2577444
42708387
16160400
-52102
2884449
37649206
34643616
14318861
20831608
29116736
968710
4761854
19813417
14702682
35505858
28899914
32670408
43110218
29346350
16886179
22299919
16189765
40831252
8105490
14471727
37895820
-72537
33642350
35966514
36343926
8116513
42985004
10530084
29478142
42428549
40679598
31223303
35918361
26976589
352933
32384532
38556251
4915028
26034288
31581369
13291982
10182232
39653539
29686532
32675246
601243
140284
6890867
41936022
24623398
39054454
5146859
28131277
35742189
27708335
11777141
32353414
14527781
3066598
16689025
23407332
28843205
29334192
40409128
37935342
21812156
30495158
6752425
38561791
2224809
40330089
17159296
37574090
10101867
6132421
11631178
25457746
10011818
16616197
21005136
41862051
28850352
25100716
16342483
40991056
41909210
26774494
22669235
40440823
1151383
19948876
81442
40092453
1114912
11897622
34321969
5673118
22521670
19721591
17679711
8392864
31635577
35472760
33693117
14210414
43306114
6211223
3220186
14223372
11055573
24400835
13726517
11061687
36498750
1828287
24938422
26012500
-76270
4183276
17164348
30852668
25175003
23634506
5243363
39760960
8454340
22338429
33186439
10369007
2586657
29153953
10248411
5334186
32593265
37944544
21157593
34380173
2462739
19705756
13308739
1160918
38768726
16911949
43019042
22596481
10187532
42587789
35726045
19181304
25872655
40264535
29186970
1790644
26065129
11401434
7109123
12759112
26025605
12389111
38923565
6819557
11883146
21274537
25255639
7642738
6978617
28548919
12430861
32648122
39548696
33334784
33570781
38168271
26025804
23349901
17085953
5417402
22207893
28687064
12545505
12713892
20126439
33964434
2207536
7412344
33262099
4202407
26717279
8057084
38923794
14056876
16286102
5521156
14027240
10520016
18398697
39495377
32558166
38099152
8612571
43155312
24554683
7181599
36226314
39013175
10723483
16831834
27412568
33194309
16644642
31534426
23910327
8003727
18083454
18770760
38753284
17684672
40588908
4913444
1837452
31022256
2032229
28026439
19220859
27977504
38254166
13771701
22002791
268901
3672645
37166081
35487399
22093679
13739386
34124481
14249525
1635692
12575620
41432430
26795661
298083
18536478
28564882
1157020
38729030
34124042
11045714
436018
2157590
12260566
21411631
12610238
10425883
26805442
4624678
28092688
1342967
13380541
23261093
35881139
4176298
13728656
10526369
5389404
40386133
8720668
10456696
38984204
11831738
19914837
38688994
15950560
40019699
16987976
16046228
34738066
34736580
21952309
11384364
41479945
2817325
-790877
26306006
2476252
36953924
22999488
13483228
6355983
3970681
18152128
43481935
28512570
25542246
5644583
8927829
35205850
11897342
41995951
41604922
11409166
11551908
31713579
38561852
28551892
17480211
21824685
41387999
10084669
15073733
40001173
35848139
27849837
14336455
37614164
8269354
3025288
26739748
36158788
27913031
14866583
19549445
25621314
34091661
24070173
25239015
36559464
2955125
25465831
36117170
27008045
6966160
7768764
3574121
42681036
6335102
30270738
25016018
20500692
15319277
2088857
27337615
33222255
23215445
10640973
33041924
2768571
37649959
6561776
11593823
39572143
6474945
30907251
5776609
23360018
8993315
1328525
24323018
33181070
5754691
2229578
23891792
28465922
19116993
18892357
7793565
23793449
4018237
5346126
33649949
31014466
28875581
40358991
38461180
19333950
66354
32083951
12998415
26275218
24260928
24634335
10539898
20461885
29069283
6390849
28917703
5863244
5948091
18037049
5021956
16614040
7805850
21937835
29622036
16483345
5195417
26311182
34177655
7153239
26031708
7748569
25659031
2910941
36394467
5856945
22682280
16581556
9003614
21297925
-814888
17550116
43245586
8730015
20532026
33864182
19088497
5940306
43008973
1854278
26731015
2594549
21338962
14135397
29213850
36700660
21056426
6841322
40046598
7393768
30777625
16772618
38006208
39137056
15772789
3157305
40342640
12138718
10501649
27855078
43131129
31945341
19200846
10888204
13699992
39953458
20355123
30900678
8337241
25025398
32373332
33835066
11680851
10659896
17749802
18912929
6272264
8740364
19069146
4522482
29970259
20691426
4058592
22214370
37507859
8905291
21686668
13735218
28599219
19932516
27907332
41522552
33303601
40060369
13663671
29918362
30243733
11852797
17144690
11850752
37857077
10218284
1414889
24485550
26593328
38204325
15752071
21835516
5477315
37145209
23868196
28493035
26681008
-146731
814229
1246412
37687477
20998524
20053373
32842133
9728807
13482716
11456918
14273219
17597
9962053
22041265
15865166
23984503
32322184
10236781
38802177
20179044
28835290
9439471
4976234
24634995
38600305
20033924
36263675
39059390
32557677
13122741
9786696
37561481
39781807
23750080
26018804
35436913
10128755
20739803
2297095
9166970
24527891
15500796
31040128
7947754
12244033
29884349
6467053
3748074
18365832
35786920
39086116
10895322
6781740
5420286
24706445
25125774
37150749
14352257
33578458
9333991
27776628
13251249
4363134
33439072
43371673
9462912
33674450
21462246
21910401
1019677
30172309
15399379
8492579
4976033
32106842
12251829
41591638
307396
28808870
13492935
29402466
19806067
32991466
43103092
30919177
3018836
8344385
35986724
29005689
-355305
26560017
34371412
7564712
22892624
12661241
29951732
38999430
34494482
25540605
23549212
-66610
30532282
40835496
24820662
40271006
26554741
38209410
19998338
8388191
19825645
20396628
14347538
42936168
29135802
5634214
15252288
11003336
26366971
41658906
10873078
18313336
30340511
38329935
18855789
32413181
28038431
19144268
28956461
28491222
30948430
29758843
10861929
19310627
11252699
38306891
36363546
30685913
12859488
21719491
20754034
29714236
38187930
25634177
35069687
28544052
5147069
35308320
1022647
12310743
16860720
31311698
31073572
43426065
35135729
26652988
23819937
21072635
38521740
18962184
31640321
42622687
15680245
14075411
34257058
23747666
26435415
41889791
4817009
30499748
21389175
38321725
17904398
8516589
2523708
42726763
20464866
16538939
30732548
16167525
16930138
39334204
27789853
33476884
3485856
23306339
19112704
39212856
3750608
16934751
30302394
20761027
27700086
27508638
1700655
29931617
19254687
