23961958
35880593
5200139
34757709
40072309
28706266
41216347
18432354
35789256
5550331
20817403
26306092
40409731
16568474
29222559
26566197
5706158
15549434
-848205
20376166
35406611
25526203
25823219
2667239
33124616
9655287
25644469
21278461
12015894
36554386
29828814
1340126
30718742
32983188
42225472
14913173
24959454
12662993
25307529
3836424
5422504
38445681
10576388
25968294
4287737
34353541
-780570
38830963
5761748
43390627
1150273
34867789
10349670
42615365
2870427
19071893
24596293
-463037
15784959
14672039
1712644
42050963
26781614
10699122
32523067
18537819
16051722
40939289
38987039
14216351
17386990
6565685
42967730
2218064
14231651
27605235
37855020
29019025
36067635
41019592
42507650
17373558
28354997
38009426
25714279
31482243
24118427
3945766
40558983
4414167
25218488
-354614
43398070
5246819
28583573
24227985
37553701
20796940
43127986
27069327
21410022
37350203
3707789
38977552
11653623
2416904
36073482
-624652
11183238
41444819
22329046
1787690
14585004
16267377
26961894
41587873
19268847
37224205
3954452
4670631
19135873
29063414
21053086
28591522
26803658
19289483
18729707
8244918
8669465
42255964
10037480
23983054
6612330
-777889
30154475
37410902
12081261
16361613
30280249
18473752
38586632
32146504
28716406
28716229
2121088
14813224
7624965
3546496
3472324
15148479
12100162
6258129
3021662
28914819
40991220
8570484
2295631
22647565
20888148
11985537
39092039
42606380
1514876
1811313
12422584
41880002
39809739
27446797
40653755
42405801
918471
5372456
2124711
29013850
24483398
5672344
26028920
7282570
40596380
43113374
4594524
1158067
11259154
31716705
2974615
25505210
42381306
30558465
2674113
-397470
34694328
13712680
37042776
4765956
3618312
24271915
607609
21701498
4667283
13640468
9506320
1603888
-787790
13775723
34902393
25212799
38711246
24806266
38709310
-305821
20183108
17997343
38429279
18824977
682003
14384715
12753798
20590360
37999660
33853220
14275603
27784546
41759131
21175401
10128086
-66383
6047442
12678770
40714734
22577048
15768523
24953961
43032355
21397595
16399178
117595
36275394
41041800
41134473
4678802
12433370
15882891
39660543
27854624
5342444
15120637
7388531
22157987
8539870
23864409
25956512
25669958
26589210
40124912
41062593
15855100
36803416
23619914
-114569
7997366
22260389
13155532
30958414
10082013
37804992
42884525
23542938
12850105
8169952
25386996
34817117
26100651
10576793
26318195
43285292
19129906
36383339
9586619
41576389
10447962
18011989
11380963
31899122
21958346
23308170
-910513
21133908
29206377
8666087
38973734
33552345
21965162
9666620
23362113
15763943
37608946
37656357
25370891
32464643
26605787
409100
8811174
16025965
36993389
6050077
14419301
22939401
42998510
31644909
26340374
8853902
41958443
35819892
34915924
2013377
26608858
6975733
4248951
4226471
28472409
2538561
29223621
18427088
37898307
8291155
17693492
18916410
42480844
11702581
17119945
16641608
12880194
7875259
6759263
25369186
28626202
28867982
39869705
28690910
4376743
1001664
2226540
20050433
32489253
41762335
815929
32644919
24309650
20751625
38497550
39129778
33454239
11638684
30914171
10932113
25749041
7462901
18657260
23417669
42461858
7787381
11720138
747564
16291725
16933017
15278989
24690139
30810726
31193304
27252958
19523452
17277498
31788965
20837736
32087209
28803423
39129214
33500069
25624163
22727843
11838967
-978865
13645973
34189482
3065913
1623315
23190015
8550376
1564020
37997145
6167036
8978053
17299932
24293415
10759245
430908
27713564
13238218
25354897
14912969
12787784
27057707
35363245
11038883
39679513
42085240
13616352
28547334
27972771
17618833
22049690
-640151
34333180
33382431
9730815
20437609
11766604
34255524
9068808
43264718
17191011
15357052
13004920
10121194
5028946
28247143
40829643
26804313
22879845
19133177
38759778
33010078
24474297
11963857
32019354
38013922
32980052
15364924
35963084
16318347
42754647
39019705
37046806
9485485
836084
987997
3545423
35171878
10202607
23855013
34137720
6773103
8090828
9145667
35950877
11288665
23108220
34791934
42989457
8480944
13402014
25483020
40395823
10514477
28315129
22056942
30918310
24441679
9177545
8534957
25552638
28537932
18453186
670389
40056857
4111545
11096153
12234020
42772767
1077610
6439432
4559520
17375206
38909575
4800451
40462571
16622454
16997571
30079308
17090556
11360197
3723406
35125171
3401246
23888673
26537468
26022803
11836076
4727700
6911918
19867069
41338009
28386667
39611366
25884000
39367108
35564980
12530894
39151527
38423132
-884507
4376375
41883710
15406382
27216808
19727095
38356239
27771797
38630474
34265779
39282797
21846029
36980888
-32030
22284098
9673898
4623958
5098029
6358979
33451242
40717821
4952490
36932226
42660308
36075288
41987734
31932744
37991674
34546372
31765957
7136113
9263053
19332528
16121497
21274125
8556235
74801
40789496
29526596
16463430
5744302
19706528
37425869
27357627
33012443
36189305
32398892
4801633
2417624
32236199
5525259
-613988
11969888
38546616
21799494
25762698
12051771
15451743
27137572
15568725
7696269
1742022
21958020
4442508
27275516
1650916
27392278
38275133
2371512
20632822
38711524
41404522
18909140
23302777
24049423
37168211
19051326
32121146
37040661
30259173
16603898
34591115
18840962
29019705
9853008
40950978
42558076
28248261
23800664
40138951
1777282
18128866
24016409
8919209
19462676
1653171
-201401
29574571
21385275
2283889
15793163
15983510
42841780
9372645
18844249
23516142
9464992
17194006
6192206
25127522
10861814
34207622
31503764
28786334
32199471
5019540
20159622
27603361
16098756
11509003
42457933
15857042
22324006
9854241
28693717
28805752
38490050
22301740
42161504
31140038
42905035
11876446
26754430
30098456
1523645
21794733
8038242
15778732
28009246
8960724
9215870
43129505
10876421
36666350
21634167
15730748
7154329
25041133
28423496
29716012
9429680
11764656
31508506
24234028
33121907
1548232
3959103
24033205
9527749
9903092
7765763
9339983
40458809
41454805
26606124
42821059
31873063
18530991
2564698
31408538
37727725
37213369
43450405
26419852
22880618
34919419
8231988
42840991
10436079
3917208
28950503
12060391
36711439
13637851
34285575
6691984
8369801
41755548
11623457
38582749
20607279
26467231
7467268
43152951
26435315
43076348
19169001
33326073
31398021
39960098
8881619
4478006
14943735
284011
20010876
12078842
17870662
30230293
14050355
11615127
9099709
33994805
29218518
6330457
42771926
32507972
10113588
18624691
37233891
10438066
11685585
9081952
42966382
23929881
16525343
40504990
19564758
30237260
20043212
25449988
8514274
10230410
20013868
33064671
27137948
38593417
7400579
27733988
27886799
-735511
33759445
-595232
5150356
32515068
11360458
33606317
36035871
42585657
28938565
15330058
23263889
10407108
964425
36758821
3317958
6730995
16738442
20887986
41094005
41016382
35936258
3392696
20733472
14842769
21541542
10332943
25471672
13949706
33267241
11441417
15063821
1898424
43092574
16317741
6648125
33071113
9930335
7164829
38996747
9915395
6890658
8442563
26414873
41185257
36254869
25962234
11432857
-473888
25089446
22133835
981445
6417273
28203292
35418068
8750604
1882481
34550308
10811229
24755179
4448381
40578502
21260303
10899929
3145929
-532862
26723535
40937030
41027599
20182484
21594464
38396683
39880401
37355307
25647909
33635672
2393250
24984940
22654061
2178618
8620577
13222193
25557541
25894273
7101306
10154667
28652587
27090272
36832664
25225867
33186106
35201942
4513357
15903781
13796193
14309079
282405
6111037
-109505
26788566
22047834
33761826
-904080
34711887
38912391
30413241
13410877
16607429
40766396
38578163
38988223
28592317
4628527
26204371
23391613
17270670
27107018
2615991
2588562
10472509
1564349
32632419
27066482
40629742
4688170
10750494
20059537
6065083
42958671
4975462
3015470
28737123
27895799
5596970
864433
43064385
37561151
19068634
3945722
11508029
19663563
21707938
24923964
8025956
7273004
32805558
6566114
12228487
561486
31166935
25071544
37565066
16571255
20712019
29260061
35505737
32224402
11941148
2005512
14076408
-586213
1554621
24825440
26230783
24176886
35105914
3561650
11652883
43349136
27126660
34805798
10511338
546720
29569696
5379489
23643522
2505343
37245842
15603556
3292740
6589291
22816337
37036608
9620005
24601611
11227939
25173564
5271907
21422192
41846777
1573603
18298501
9777959
9720646
40497481
12862483
4718774
17265635
21530113
24359070
41796622
42750694
10982589
33845796
24854888
32316891
25645330
9790250
8167551
40879289
31241747
35754080
32152202
14730721
20280720
37607696
25292774
31674139
6160734
14479872
8526851
16626861
25496645
30985540
18065199
42619077
8743045
27214582
18201803
23420674
24785094
13096781
31701061
16608698
21560304
29823336
33780871
18595946
8025416
26522390
41188230
12468561
3643201
12742987
13321908
18414698
-674300
14223973
13119746
32657968
23103790
30452672
12049515
24203908
9245240
40093890
28952422
28944922
32540528
19798817
28365646
32224637
31685245
21870181
13367869
18700462
12575509
18098218
864901
42381260
16537000
19637680
41526736
32159539
29622627
41880144
39279379
21197332
4417654
30007008
40427169
-992577
29028211
34776696
43500824
27827347
12747297
31951881
21245617
10057210
16847488
36447152
37052195
32823448
25736380
24662375
23481307
18859234
1119846
15720546
3837222
18624755
39628033
2032936
-4961
38686850
969799
699834
30224487
7026583
-974707
1749864
13215471
36735644
22682556
13366299
18803505
21355798
24923570
11107630
37050750
10026515
3462356
29217207
13112778
27508103
5461628
38298179
38029285
41519562
9018917
27915958
39629215
14074013
33807677
12118152
32575724
1684407
2701081
4565223
2864141
41932162
36925474
569506
17972527
17029139
29994641
1731326
42053117
42174563
13480031
27480715
9064927
8188087
10213279
22611624
5886219
24000955
30874580
11237764
26876303
14381302
38216308
14774388
41006977
2151940
22631265
30152605
6337382
20625622
30521726
27748143
26530750
25963069
42313456
32544852
20767047
577987
41375379
27538729
20422738
10749864
37019399
38430730
19518972
5880775
30998181
1063212
10406357
6774925
15454868
41162279
2445825
834825
30526999
12582086
36054937
9639060
17337474
15319804
27507242
29378845
25914710
198070
24844942
36546403
15540738
3555192
16236565
33819020
24442168
27846625
34445493
3539907
21627353
25251977
4377294
29629643
34090067
10264872
33171045
39384199
24362793
28179055
25554591
32254169
1011812
40872305
17685513
22367280
23573391
13742752
24184614
17128269
3720984
28899566
27745796
26645763
33869260
16541561
41710267
-147710
805202
4788259
37880984
-92270
15690552
21794214
25772215
25913277
5400796
38204667
15605487
884313
27410633
34208784
41769569
16871300
10073185
7427580
27897257
9118653
36239820
21953099
19433786
17353817
22877228
28976652
35405664
3862104
1425926
12643455
32711192
20408724
21414655
521664
26527590
11660820
40267152
40019391
15244501
34034324
12691963
25027190
42496270
8346099
43476082
13197707
27558113
-459343
29850318
23834550
31838976
17249146
3450091
7796754
8059160
16583467
18523034
31398177
7667114
14994699
9583698
35941753
37803936
42978339
25253477
8447301
41153855
16316935
33400369
30326708
5522117
18072804
13820018
11242424
33874234
-917660
25912114
24320023
941925
-185804
4126902
15477130
15189499
34307894
12953613
10956036
29405911
2029226
25179880
42296977
23411877
21053642
5358060
42761447
42652016
4862727
20113797
41261651
42966880
4863480
33281344
14942191
42193820
22266215
40579549
11941794
27125928
1459032
43445222
14093059
4205746
14512483
36847807
35861658
504271
5728845
41438870
19727645
15914662
27586068
27328503
42244907
1247354
10388728
37709762
32865407
8948550
35233343
11377076
30041236
35080064
15476244
22450828
14889664
36144653
28577701
41719820
10054584
12099788
5706587
10922366
43219864
42369939
-593919
9138625
43470812
37365824
42132164
23797235
5739529
17870266
16674184
26408058
4153460
28865420
-237511
22731833
26643208
2767330
31395943
30213621
26332922
5506731
8668848
18796560
8484368
34001076
9801579
7935608
33613471
20374211
24558176
42761458
21454763
4313309
7158094
31862959
10370846
2128832
20447298
11516843
36511549
2129111
31162429
654591
7657529
32244912
33449828
6765758
12048889
32491736
20281764
4225740
40492334
31287759
-156918
21042244
30061134
37192317
8887698
25113157
3475644
22603303
35182270
39331397
29746666
42367368
8509704
32496179
27520981
10304932
1476823
9433035
8915411
43315060
10515259
26746432
18232322
-136805
34072232
22443018
16312877
9963878
35187134
17651035
17942437
25574374
30092164
3203731
14093357
15360141
10352409
34747712
31698225
5128882
6918302
6773597
82612
4223600
23050735
25034906
3519573
33793138
36882479
8060931
42519207
29955158
16525956
20037499
20725343
20562060
29083460
-44569
22985296
19335042
23508574
33226884
37708825
21017185
40548326
11413160
32349281
13618900
1509271
26244466
25696022
11973094
41557550
13273597
18778243
23147456
36183323
14328837
10975225
11768018
26164027
39353679
32059383
25759205
26426952
9847116
24567413
20501652
26373587
30199614
34298495
39639760
21083116
5675278
38206335
39055289
22983327
13293290
26381814
9833526
21281947
31925225
17364665
12497078
21843964
31497021
19689900
9336264
42194757
31377834
11530948
43437707
18851611
28898518
