35477137
16840844
14428809
5918096
32624315
30255274
41049704
26657061
11076881
27226003
2351696
10136809
7324761
39929661
9312742
1658405
2492307
20838391
25461923
34819207
29373454
7681437
3098515
30370249
25804998
32763676
6667905
25824333
17275837
14527817
1049635
917845
13370233
14593651
20321543
13208595
16916880
1646908
14572328
12295822
41252896
17610540
42039010
11112325
2372737
25748377
25528352
7936375
9950639
13105077
16306291
15553725
24321786
25867548
14143817
16235948
16573148
18392569
1966460
41133381
21704099
15248702
41594728
29224960
26865085
35133842
16846859
40579144
25693735
40835557
26729565
11899634
21502788
7104143
42363313
42135175
37804588
36071544
33641920
37677220
16643083
43303936
4502770
25226385
22134394
15965513
6016159
20768961
32930696
18595325
43113986
13521981
26876512
25573634
29404422
9067400
34233536
36579689
36376301
1129659
337411
12237501
5741964
41282001
14049105
29914524
3861787
10710420
2043329
20292196
25334657
38298247
1847767
7011103
1306414
28240002
43016830
36458917
40286235
7468895
37298934
18084434
41757013
26555208
38834014
875583
14823870
30683919
25238451
2414205
18485890
28573331
37256851
3854915
18616376
37105732
12020347
34772584
36762505
27006670
35444916
41924789
24344443
17425451
18815201
10383955
7936594
1946800
9967053
6079137
15596732
4521793
36000887
668107
13657766
21674487
-390608
39869094
156786
43335463
37784783
41837235
41712642
35254188
18748843
16516101
27003191
2764156
23504534
3538537
38239863
32703842
25246342
40938678
17561085
7274778
7145917
13966663
20776427
22680142
32421402
9046817
4488287
26277638
30762000
40371123
30573518
28722908
24200832
29211951
19931195
16273129
8792887
25767533
14183808
32939022
899148
220204
18661404
32893212
22494905
33811004
25444130
40479794
17887332
4851631
30181295
19572891
35282625
9228644
42331333
-623995
36156474
20227346
16043476
18846340
28589787
30010027
17485599
18649367
41399738
-459611
16158172
36125885
29820621
3809441
-936905
19289121
24554735
31041638
22863510
39230842
22661124
26380650
33958427
15573641
11937545
8362621
13286354
31818063
6961764
14280038
14632010
15041610
34294887
6738811
17034136
24888924
20545659
29353547
28459579
28564345
22640835
26088794
21026503
21330908
5040133
3854163
30202514
7700321
26158200
25938235
41752637
33275881
17640328
26645538
40684159
17407197
17320190
18571264
24739926
13830381
35042372
29795341
41828700
30347898
28326846
2688125
29960121
-276081
31787845
33571856
14914189
15665010
35684498
31802644
39208716
20656974
17830675
37447196
4782351
5350076
22408447
34461099
-775821
19432142
10974555
16894103
14947779
29927634
42865008
27249931
18537336
5115770
41766759
31785887
27935291
2067460
17645483
6469214
717587
8568713
22407055
30063006
22579123
41558718
-707044
40166843
917885
6022512
16022084
3520014
24249475
25961493
31386576
24134360
13804797
3572371
19177814
42593169
-276293
7345495
35967868
35582129
41758867
30560140
21608304
11801166
10745199
9938770
15437446
15506123
26702944
37897330
-152474
9787999
5830924
22216129
25089124
11864298
5925657
27615647
11723694
21513577
11961541
34278426
27302506
1085710
4725687
1991890
9341180
21411065
3217296
17355692
17401605
40530998
24284073
18788297
23373592
19577199
19954053
10230041
5715674
29247413
24142765
14787564
26756249
31243181
21421638
15845295
2155719
21410597
13129912
10326286
9384539
10142618
7125326
799659
37751013
42920975
22348262
12725922
22796466
30540769
4621874
30403481
2984607
24701304
7831919
41879764
41829437
18802587
34326303
34374222
16897443
15964395
-337977
522986
26308241
23190535
15220057
8366558
20256256
4301885
39846919
13979079
32698349
30781349
25129437
29640633
2213247
20348693
16013680
338360
34834910
18376079
12591712
10086615
4891562
1803403
26542471
6061750
19775485
19733815
15211899
38972386
28792591
500460
30973388
18268688
29693703
4843219
4257303
14436755
5002588
-587606
20439927
-518025
4451805
4467775
42741365
2426737
35738124
29780549
41222478
28780258
41065857
29921770
43057633
25071650
33301264
36190507
31785178
41750903
2389854
23635654
42212176
12005552
42224312
22157965
42890819
3451370
9005111
12214896
27681632
15305715
17091789
16174513
33528923
21653093
20000643
16402020
13999852
11006076
36560639
4181174
33644735
17094968
33950551
16729234
4118306
29177639
2060936
36290668
3441496
26494281
29478568
42278781
37344656
26947772
31213225
2799463
3092885
21465258
42227640
2047554
17968428
698636
28403830
24811467
21816864
11082786
29633425
32715633
2317747
21209981
16243231
1062534
10368288
31821821
42345562
31940309
22621088
20696386
35854271
17865166
35984039
12326382
31147138
23214577
15783549
34502301
23916569
8556605
11658458
42846824
36957573
-380242
25752761
6042953
27319263
23426312
11404672
27081225
30797697
29575849
13087620
27597954
38750448
31996745
24403134
18138562
11030632
40242287
32508773
39423800
36146821
11772830
29151740
15813367
23670454
2568974
27733723
26620027
21085729
40453352
7813160
3911040
8013581
25668053
38291584
1689467
3586289
12853181
23783514
42485913
2099598
15092597
24208346
23843980
25853023
1123823
22206217
41902086
37263947
17764376
36330245
4188669
2101389
13565531
32072760
26510951
20038416
16603456
16298856
22057175
1076588
13680767
39248697
19183807
14966586
4717562
13850579
23220115
13125078
42320633
22586465
18192006
32718426
29268346
15478440
40848765
42714637
35894350
15823977
32673776
4475826
43168646
15041812
42347534
22612889
24995761
27081294
34965756
20733805
5628724
30161135
21138995
38510070
43245366
7712921
30852448
3527407
38730390
25923938
31682615
42142734
19022308
19276728
17904934
17390761
20791037
7097893
34679047
40472623
16842051
30162539
31428666
11054287
36017470
40058588
9758873
41696533
-731286
42724298
25859506
17159116
37044900
36692902
364984
17312418
17566918
19782865
32757537
40899767
7769751
39169435
39285241
20248117
4841847
34764429
17263084
25312131
27362234
2262846
15807078
17807110
32113711
33945227
-495795
11116766
15512385
22416334
12748584
9953145
26095152
8785353
22192934
42061799
33745796
16336364
654866
-316503
30217775
28411223
5345672
32260125
37384998
12722816
2792556
19419357
37542860
20227142
12436895
22519422
16337796
31206832
12426935
32346353
23896557
19581566
11914409
28266796
31566068
3716515
2524649
-170559
24383787
5999745
25067903
16236905
42971313
17355235
31615419
29251985
23630034
35444960
29320497
19189613
10344369
6731901
-684043
22190463
40049040
20702277
19930920
24090474
9082434
28354526
15419126
38852587
37637639
22956343
3728601
13663107
17044110
11367578
40729042
18658253
14789426
8382556
16605871
37558429
18617968
8690214
14483005
18151070
33051505
2357911
3411159
34538031
6223534
33721286
7551233
22222388
34170200
1077099
39033130
3563407
32848520
11327751
15144483
31021000
15847782
18980924
1296305
7823934
19032404
42524259
13469425
14693879
32612570
40339992
19682372
41966825
39667767
30704566
6421614
9064403
22782381
183493
13288327
8731889
-442868
29373528
32052527
25956601
25616220
18241174
2021405
26029987
9017652
40180104
15107562
34620763
8712427
4946897
43108447
5588629
2844144
27023192
8909595
8246830
26036648
7946792
37090684
43109147
-579891
42752206
25384198
17091466
16174957
24204812
24179074
21776896
26416225
18466612
19786000
10864078
18141064
17706480
34588112
33065491
12511544
39609574
21086282
7368148
19620936
25080386
5049205
23734880
18127295
6739085
18072564
6816923
33345238
10116226
8763000
33904413
38882029
29451077
4592438
3961247
33030135
7627174
24263195
39666258
-19561
39487583
25177925
22362305
7860163
34594090
41735834
33428282
20611704
35977928
33388426
14039042
17010776
20217534
26608345
14231330
9590468
21209736
24567047
42147806
7001650
34161821
22043516
32889356
30599393
21280475
19657309
7768292
34032973
33956496
34010284
286141
3090450
6863077
22342032
8596390
35403003
41022824
36057192
14196406
12215387
26140087
28392256
41093299
31454878
9333445
40123033
41690551
20083250
7672079
11127912
4371932
1457589
40265850
13222146
30516595
24905716
42462676
30898915
10161346
6897778
21298261
8775139
2085476
30951493
33690694
34582309
22427241
40138853
10143441
37150322
42062461
13677804
27451412
34264371
10704255
30014938
8983915
8017256
27947260
24367469
1124283
27994350
14188592
19952213
31126456
36707533
19127946
42522517
20900103
6213898
35702313
1871061
14663710
29017548
38913862
1648934
8853787
38638937
37943795
14946500
14641100
34564599
33943974
1940925
42190607
19426769
20832013
39013044
9352359
32789366
-821294
22750696
14470062
803850
21383453
4662296
9306657
35529612
26406866
5876327
31925518
30773454
23495301
9855378
30160272
42211871
-470382
35525618
31214369
22082903
19049739
41024087
18584034
30574119
33734596
35681583
13907537
14705543
5837920
38102109
42952197
33627577
37746691
18095122
13639866
915774
33545515
29170167
15863606
11224610
35402114
28119503
12921116
9224699
7089243
-17035
32541191
41231500
7829248
28051793
17406083
27991890
18319145
21705184
28291401
18768051
2205264
23992187
41785259
27092416
12078508
7940013
31165551
13571455
24158333
31328122
7115349
26165350
41905689
7179962
26414561
12288988
-948340
20351772
9217056
18666113
37068364
39668295
31558731
23121164
11538681
36242009
23476019
21499294
38926840
29051229
31599074
16513214
17400261
42262126
19422439
1798603
9695806
17434314
38767853
39084841
41298384
10171130
11891281
11582178
29779416
11310185
26629768
11105336
30106946
38459254
16242818
11941145
3848626
16251463
204154
31898725
21218681
40017070
40846281
2823738
36091013
31853742
27165715
11858527
39375638
12910538
41460789
22447128
15441649
30759729
33867250
4212571
33009896
9641531
35364872
22877007
20054755
41699708
41968192
13660424
-197619
3135344
39888989
24050339
18654378
36421757
14885739
25124353
38315415
17315248
458148
20522051
27946744
29196893
5251932
35456281
29745744
7623877
5372845
36593438
34036001
43395793
36470259
18727979
26134192
39358550
15422027
36235738
8597800
34155901
33479655
29115253
35218572
43359012
20349685
26892057
20333145
8699631
27740318
1896441
4305935
30548362
22079123
30512739
22019514
1232570
32413968
2029253
39665638
32137406
12703334
11985577
33867811
38353884
26884823
24265973
22467114
28470130
37679664
20983997
16461526
29356792
6719303
4889555
7778282
20173462
15463188
20534600
6532095
182622
8980134
23635786
31458863
33997479
26248964
14106781
30971776
30474859
42435459
37846777
22653431
6547503
36408745
23585443
15339116
15960742
30081115
28845503
43373121
32696434
22537693
8644118
4702482
15448539
3404036
22471407
7044080
39579660
-587852
6992354
41137703
36121345
11665775
5776150
39891552
5377864
29644521
18608754
29653013
34120996
41392216
16264519
17822701
9967467
34824506
39224692
9100548
14827769
21737824
20059013
32942377
39117497
5036306
43088056
13205315
27434441
17020078
10861745
15110300
21572473
40026852
17125522
10679796
28621509
18575684
-936927
20405924
2898277
34239342
19232138
10343172
34073302
4462852
35991159
1014208
42174867
41001812
22633105
27547522
189520
19271935
37110124
32510238
24873768
9343179
32531768
5821681
29177028
38755274
23128114
25251631
20342206
24845591
8572588
9227158
26717012
555878
13604002
17229256
8440669
33769376
27871814
4457319
33105427
27175573
7678284
19765259
10964367
11006359
43002008
6547198
1066117
34080570
28719134
14754042
6732370
9426909
19553247
18483200
19671588
528320
30183758
21819650
1486208
26453095
9546801
15889517
18100869
18976803
29999744
41754336
5637827
21782712
8106444
34488196
32852457
16141132
42760401
1983869
26799218
13048990
310072
5259345
36756336
42730667
14913439
1768652
17611822
41810673
2506523
1883602
41974652
1404352
43442642
10010096
6113766
42785331
24042492
16408230
38890483
14563483
2870679
18870229
31056978
10091261
30718286
1581782
26889074
2843889
35450275
23365710
30563808
41670882
9291110
21266945
18316886
24610392
33630052
9596755
-874602
37447870
14916099
30038879
7490085
43017442
9087728
9253056
25356537
22763336
14211179
15050722
43465518
25370178
42960657
21688725
25323510
-986239
11842019
15270533
20519613
21111418
27127478
10904586
27477038
6912026
32691613
28634698
16992389
38684004
11476652
-412460
20648625
22390293
26635859
7419196
2045704
7775689
7039331
42469573
40807657
28474946
9291237
29019306
23451301
16905706
1441469
27840544
42798718
32050274
37370590
40947296
8071693
17827560
9926335
-298105
38912130
15684174
39262207
7223253
12605947
26775405
2769916
1513909
11562633
35852084
23843589
18071288
35267030
40670794
5049697
20360640
8883098
3536080
36253806
-321115
37091338
11598835
16335442
27025529
36444465
4341567
8943285
16472684
2257370
33801008
12632373
12839294
4529449
33087690
20389934
20139441
23131134
5362524
38888744
3239251
14695840
36874935
42977982
11913012
23688671
13258762
14877553
31689567
4623933
17046098
17999722
7070824
37810142
16259281
10380416
41148023
644325
32596291
33746591
15912930
11424163
42400746
331176
1527323
16241565
20456478
25227134
18570414
33627914
18553434
39279052
28093330
3558356
39028794
11842258
16888353
28642545
17822851
36460188
33226998
15847990
16446115
15621342
31177106
12855323
6662952
39515549
39510471
39418087
29893383
32839954
