21800121
25791978
37152230
19492134
-775526
41102023
43364844
13289436
14979469
36682969
40934841
4396936
25892114
7699679
25108110
32087867
42449986
17466267
30153526
9001583
5131993
21544344
2206268
12610205
17660691
34405907
20550746
42144770
28121224
16290374
43168888
16360562
34227370
25950951
38252745
38994264
41856862
19528102
29914822
37798172
5526188
30562296
24571186
39072142
27251931
1435258
26558728
13275906
43494607
40552564
2633991
807129
40039049
16794563
14306403
24767533
3696334
18721550
11001072
41767
33735755
12114409
23760961
5555060
23027193
26591585
6014158
10182754
15615680
16503616
6486950
12251247
5407800
1512408
913482
9285353
40682337
39875553
3207711
41453374
41678321
37804640
28651111
22988252
11559919
24749685
-876462
9389261
5749372
28008556
7391364
6588985
24938942
34007254
17822071
27539550
31447754
34771537
-823936
16067554
10379381
10336981
19206677
41298182
3181475
14851920
11710903
20873806
40936276
4783927
4020641
6869283
11422342
32633082
34978548
1366654
42332283
1738840
19835958
12668560
1053413
38969096
42522072
9931728
2650514
11753352
29978783
35616277
30553618
9337798
19935177
23036565
26383985
38764441
14268551
17388154
10919533
41814575
41564207
41081445
11871590
16418121
37164472
34831902
35704851
39981752
40113841
16315310
24255482
34437180
36681204
37365110
2454209
32743361
31217415
39304705
-997615
16645213
9808906
40012423
10173096
25341237
39670912
42850334
17156016
9831562
5272548
23773432
21163004
43281488
28601217
8471147
7152141
40230036
34906125
15800477
29510555
33732326
12875284
27850594
9980454
21734290
42765358
32645942
34560622
41154629
29590942
37521910
28694078
17631558
9721984
36737042
38776534
37608582
18607175
29020487
42452619
42537157
42093728
17306828
13419699
29853168
16239073
6366357
28751053
38670581
17431101
33423841
12348405
34131235
22750775
22903422
20544289
25834891
22099016
12388089
16452550
31389877
7582041
8551053
3127768
36968888
19594524
34596308
12499115
299644
20039198
15567929
25289305
4311833
27832810
24275389
13005513
30652941
34103672
42776565
3332232
9164765
40816207
8732249
10650202
6032117
869294
33033128
1775498
31698638
12794396
40082119
19335410
39289166
2283701
1113736
5549105
3892289
13549069
23591032
31027107
33719058
20587971
12555463
43526935
36512421
34396118
35282294
33929284
882765
43477389
23907595
31534125
1898916
18256699
21843076
17793653
39049726
30106592
3557524
11235169
9621269
31928897
9664213
30839246
35943916
42114918
35718474
34634107
39194775
10925249
18591090
34846871
34902591
-275414
30923679
2908825
7127850
22537361
3323085
15175230
13106456
21827810
33500902
8136749
28688523
11631619
28323609
26695249
33921625
23523581
29945457
9388580
9951133
6624811
14908785
24779112
13779694
21411544
39386375
6375396
36306478
28855363
9694703
2558725
4194852
38070553
14359187
20890496
25714003
41037902
4723615
7596866
37319094
2056046
25629274
41292118
16237679
5684423
20897083
20230036
40724813
19538427
-483242
10951643
7853822
3039593
-774026
15485874
2785793
9996772
15758971
40517189
-275855
37974564
-899744
35034968
1829678
221665
1905201
20525627
27941819
30713106
32273247
33992861
36367673
42200856
15965113
22950657
3054890
17172438
12430
34614752
16156838
14422821
31321930
26272650
39050685
37598432
8700412
4543850
37032997
35818921
16909667
41417637
5845080
11583517
9689109
8889133
22459649
7561341
41953626
34194621
33786937
40648057
28350741
14360932
12510305
3371714
17201903
39613488
31936857
21420406
12624021
35759028
4775920
32610197
19758349
11003114
28577040
5915357
8688181
25312539
9545832
10989139
1165034
39338745
16936084
1962309
15460047
37053671
33078651
1211024
23957738
13202475
25239762
28452374
15608258
21315322
35379210
11303684
31965971
29879542
27915827
2904588
37624158
31594751
23718025
29540651
7717427
32555656
21591830
-947399
5929886
16952681
30658566
28628724
-322015
-952650
844215
973489
10546643
33782455
29687665
10978890
36912433
702209
25195553
8759183
19936016
35271417
3916689
33516396
30885033
10644692
33626943
20830849
42775167
10853258
3414214
35355712
29002835
15909121
32715964
21875401
33322619
33896528
40253646
9998146
41075749
599616
4228388
19756514
36365319
40342687
18787411
34295830
20993459
3620712
38345369
42366549
30708997
24882456
1522378
41277928
6913985
33479709
43213036
4660798
14450900
5807991
20954277
713714
39280325
8482634
6852593
29585005
30182605
579908
25333409
12518691
4449307
5296369
1716926
10742601
7800309
14574185
34802999
1160079
-578144
13801432
10662002
9424713
28309259
7393202
43232736
33048019
31891526
25754074
19971700
40641791
5078242
5259668
31141897
32664452
41520679
31286576
40705719
35130600
8980168
26361287
32112489
30194220
7311726
4055921
35100774
31325366
15719338
41048669
31614007
33560005
5486412
34174723
25837112
8888073
9066106
21677920
21795906
34750360
22026071
23751488
40621451
3455269
7431547
35747478
42483480
22897793
36505675
32411087
41047955
15712832
17588674
33803048
25442083
4937954
31540284
13181574
13613002
12400868
9481746
7408932
2824792
28818173
32350657
4620917
14388285
36799920
32740264
14371013
34793874
16182028
35857303
40172173
9451825
25472281
3346156
21927837
27532343
31877116
37173956
36273687
34619312
30498733
36944498
6423571
30528523
26342276
-536428
41616253
40891175
43384219
4896894
7652857
18193409
13373236
29383290
7292698
26751322
35282769
223181
15195766
38359504
24231591
21146164
663951
14651050
39281260
24289875
32743775
29013287
8197532
25088440
7883449
33638857
16209900
34686659
15099566
19062206
31680445
26508227
16007299
12019439
40052702
8245931
35762095
34832953
3995304
33151122
5709927
18145640
24646275
20109299
33785331
8947680
15793049
25977357
32462027
28028981
10539448
35403822
19141242
25243338
40181670
33202097
108366
10996745
25121739
4052989
42983223
33762036
3462538
16673651
26507729
12646304
15139251
37234956
1418948
22711324
19387756
32779291
25569870
8269604
23623689
1733278
34570504
42810692
41002994
23822667
11540453
1094975
40950448
33267404
41397488
29117848
36487034
39080440
22324219
13587090
27024487
15427800
20505483
42248953
35188036
32260353
37630713
17477046
32265547
23788408
43075646
24777116
18231184
333518
7866111
34699296
39915089
15971070
19664658
31503330
-131452
21322051
26437054
31102798
42669864
7547484
41616173
24562088
16964720
34331956
12547903
21104579
9038268
43216055
25202481
9390400
33526639
27996215
2695026
35140571
11951558
23783194
5839090
43391933
41795327
9779842
37306307
15207779
18367078
27213533
34065783
18118841
8828760
12972163
13236013
14613827
18403754
5021013
42804146
2143398
43430661
3022887
15569256
1785976
41476115
26274584
34751409
1738155
42506238
27300870
16090382
6607198
33329921
27047346
30004008
39084473
7727649
35427497
7688944
11213168
949506
13336415
43530146
26210253
21934927
8743209
3493869
2852838
-280151
30114612
29714148
27268633
233961
17455851
26811210
40825597
11689148
29556308
33882648
37290434
22426888
17996404
19358464
40146338
24546394
34164295
28457696
33461683
28936594
11997386
14593954
16989393
26264276
14345510
38443200
36275052
22271708
37756935
28503635
20551626
6885663
5916624
42219203
40879474
40771077
2391913
26662132
5510053
37598556
27813448
41168329
32349075
2072300
10532923
40270943
28029526
12385559
12044429
39766736
38864856
16230803
25854625
40864451
29893516
34298018
22277064
3382126
29293430
24232765
39277429
12332214
26987979
13896929
6555655
-443277
34644016
31583000
11843231
21647075
37795324
20249267
22177138
3334227
18594224
10905253
31983516
22659028
9566337
19836419
-92140
41288602
21812537
28200001
16914521
11629020
38882470
16676074
36425942
25607174
23872822
14751447
2333147
25797736
26596316
33792066
24220764
17959786
9329855
8776183
21947100
-586873
5365357
4698426
3309953
35843984
29591575
6615110
39089856
27134633
24195693
28450023
29538500
9622796
4896297
25689851
33219069
26052411
28976019
21185009
9577512
6684688
19992440
16011122
2457326
28331903
2912051
32516166
2340168
43194329
28644332
24324295
2778712
9440697
43457734
36919553
23637453
15122391
21161827
1063800
33490986
18063423
25486729
206682
6086975
10521295
14703558
26034773
12272961
18331453
14121374
30080781
12281007
4101939
6569709
13692254
27641187
1586069
664718
18129724
26511657
24712824
38946086
29385598
43440998
32168921
32414041
14550955
27673509
7214177
20844240
19607440
21772032
29566907
16998313
26282071
5834711
16706251
33893066
27295686
9714169
23899228
20068354
35831905
35780975
42790921
25441172
5244284
38544880
9481877
3009392
10169304
40998242
20308614
15337266
11743334
14147145
34226297
28609562
31305468
6756288
1286841
8622800
36113850
32805832
24039484
20200075
24680507
22045362
21952359
21800604
42371733
376308
23864779
5852603
32695239
12703744
16236160
25812913
43213731
2242753
17078803
39905582
43080790
21542373
23147606
25173667
42067574
10035648
26519704
2938651
26815688
17211662
11015384
35656021
18328684
2785207
18195435
33934466
39996790
6092921
24816246
7058854
33582067
17340180
31639267
13855436
43161933
13712953
41719452
34617699
39206729
21316478
9835631
23252819
15725041
9752004
19142574
35806542
27181473
117180
32042959
17821302
22424553
2217626
36365691
1324392
12131351
27358251
7075161
11505081
28240724
37212996
17794715
13529802
18224092
3356108
2165137
37452678
5409234
32512372
8964615
23999474
35650100
3408105
8062649
27658999
1678966
34458276
43194079
15329670
38551351
35022843
37046311
10063794
3681813
26437890
25117364
13756224
38269707
16452812
42096988
17072045
18953212
4400822
19365246
37637283
38949805
23934573
29993890
39379400
32383291
4079294
24331417
34035586
19124716
13164864
31906354
42847841
34388026
16409637
23126754
11766154
33104804
16231496
4374412
22317220
34354949
27351950
28035808
33037851
42676687
23967045
11417713
8513760
10548162
29978853
31296904
-683930
24444912
6935593
16042195
43311620
29344954
19178812
20422238
10512100
37522210
39783286
21916257
41139121
21839338
19655703
4660568
6280358
10262275
-90709
11404015
7717222
9552797
3862053
17393818
11539188
26995054
27280738
1585046
22585885
27887573
38157612
35750532
11234678
16065918
4536059
25848524
8686121
16506254
5909668
1498868
13825391
15219021
26916778
9186717
-521714
22109168
29374944
33750159
28990316
-646756
33944986
31897418
7345430
36872056
31671745
24633481
2775943
22811924
27978032
13572057
35027541
14194752
43059027
24183679
27661331
28498383
42031151
5449281
726532
19892298
28322215
32849491
29928299
10154122
37274192
37941564
42554578
16860489
32212164
30931224
467717
8870253
10000639
42904145
30219656
1638853
43348382
33894241
42905496
9970635
38133355
24170499
31169578
6779921
3456026
32996691
28609594
9838632
41284695
18665915
33346460
1073243
39090514
34971570
10344614
21040945
24872028
19756553
9087508
22833184
9697716
29173514
72359
38947330
19242214
39882259
10980488
41472865
39511619
23921088
31210902
7390677
33010670
24109002
33186897
10021034
40596306
21823208
21038478
39115475
17683448
42646226
2341622
29019151
28076992
21862212
6369313
34792960
42113818
23321647
8666817
4292786
1760862
17793082
7302171
6661281
35718611
34721496
5523481
2731083
11770655
34221359
19035296
43371103
34875374
39053774
41041623
41288959
42416214
14136936
27003335
30057883
18549714
10931972
35559241
21620382
39535648
13123892
33684205
6268325
18819400
39040108
6628245
7638555
39271209
4552119
32919376
651810
29281607
13272510
3907978
6242086
21354512
13171276
5542040
42584065
28400037
29273721
19259430
10885219
37821001
24707672
13326054
20157305
40737602
5635275
30236603
14318792
7361340
34337314
5919537
22380268
2642076
35153581
17275308
35147285
18020437
37458814
18727421
22697150
27547249
24149345
4933991
22520043
34706412
14169863
24866474
15438145
11031751
41211598
-532992
27308332
39817508
37365313
5632324
11141238
20310514
26944088
35942195
37532237
16343778
22844545
1257829
22136343
11043902
-771898
12257115
854778
12302049
14215323
6802285
43128023
19987233
7204462
18235636
43327442
25021244
30368176
27235351
29077947
15247978
23669905
8896350
6208744
3438647
-787172
41307035
15089699
21250819
40461091
26863650
228415
13648747
30973661
19955693
34261394
23647335
20667339
10305008
20858362
33135701
29341039
29194332
36236451
14941773
18316229
42639199
41263338
42065643
32612889
4856604
10353722
31990490
36773877
15045788
29871946
13570292
27015851
27338765
9911997
34448395
-132963
66121
5020346
22484975
-852445
42482744
35165234
5250744
20677913
28085445
-761101
31009946
16677242
13520887
35236372
15309105
37408552
32312679
7415141
8766728
4871532
39215669
21375630
6408969
-366715
5888681
32517500
12148002
27676847
41308254
33559512
39439670
-977427
23747879
9754681
7388703
41603342
741305
12520711
36724436
14303728
-737034
164644
23399912
31082481
19459048
2074278
34552213
26438914
26473413
12673825
39424585
14604286
857925
4838204
16802596
3857645
31427735
40025023
33194489
-637266
8938178
4447917
9952011
33580756
43020702
6073774
24677271
17524924
26488666
40056550
7128312
7231918
38482632
11788139
19691594
18987374
20550827
26165135
17966143
39356163
17689886
6473159
6701290
2686162
923858
40498189
35077446
