9620869
5599553
14636404
28186375
6387344
30667864
37420823
11955516
32222727
10877811
14492812
20602138
18918115
36693433
38527349
40544306
30836776
38061470
36577340
5952344
11276153
1431365
29124568
14802707
10191047
-746374
1554012
26156934
19031723
9706408
30719307
33026503
24607692
7330007
27473571
40592809
-976665
33520338
19015092
1774828
23520252
15647759
19859233
18035617
28744225
33709154
17786034
23575146
29487864
2281045
12594465
14658011
26666152
33227774
40708410
20037005
14743147
41993328
33783091
25651241
36117711
-524163
10897962
28318887
1731157
26190735
13486653
41617708
16478645
34797823
37464906
22368866
21178207
28928373
33906093
22926833
2835141
42494039
29518082
34948410
9959408
29925239
15614778
11137855
31713116
-773896
19816064
34047476
10125588
8657440
6703713
-515336
27720544
31710679
9990131
40625796
28543261
6068163
14197148
28271494
-480009
41990090
33023349
1142532
17470100
5755472
15506265
6293299
40772650
12857932
1815110
37961137
38496987
637081
13884591
40075725
21488740
15624238
18601090
7243644
2501977
41987187
22457088
26922349
2074102
1521845
1737562
37485109
35507021
27170676
32941257
39550550
31943254
19259120
38667846
7341796
14859644
16996648
8058695
14294479
18769844
36742008
40323424
11113118
7038773
8549756
24913292
7319513
12590831
11634797
34557826
18398645
17218433
33944889
28156207
13226800
15231898
40430907
10403066
34460135
30372256
-873615
12992847
33242820
41763872
36423878
6869612
38696154
23494473
16104786
12166588
29150288
22409376
6811954
29605787
31918364
6954025
16564998
25877490
37111914
10088375
40353668
26011186
33204832
20762223
31815942
32052017
23990370
19218078
23276877
31930062
27076284
19374619
37124456
9339226
7041562
12474429
31987196
3938419
4473703
9991081
8457095
37925258
40345131
40924483
39349718
1007588
42514234
42853331
40326989
-363655
18188218
41122684
13578513
31722000
23123158
3632155
16692173
12709324
15836194
11271227
4403263
4037934
20206195
31839825
5616179
22203260
25550866
37202765
20025647
7187102
33809433
2044970
35795149
6003237
11234184
33555485
22951399
11706391
7880991
28871366
43348861
27100833
19591715
10289035
17604048
10770221
43366059
29021953
27673320
11792610
12484309
4285505
7175959
10453645
1623673
6540145
35631325
31480489
25929703
24726473
2330888
18130116
7379091
17165672
31966136
42698455
19968979
32683076
3593780
24109440
2904847
4427326
6238906
17182617
28195984
18897984
42492028
22612796
17578129
1921230
27078815
26200070
4569233
14641360
1672022
31007023
11217253
16084823
303324
28383559
41155037
7371543
39443507
2210549
15764209
25870557
2102674
19251983
20200916
15330223
1891563
41262137
16108070
20550788
21770901
16130349
23981348
36227221
6750470
-555597
23381547
8271905
17711600
18832356
32622808
7496031
13786972
36567446
14109714
40940056
22731172
1904590
40443938
14780544
41471098
40417043
28076479
16957475
15120256
20715458
23348148
32917589
9708545
4353916
31210203
1792439
37423383
25468491
6724275
7679890
21685975
35726822
5470919
42159628
24628874
-470343
22376844
19670215
39115721
40346529
37193732
18480305
18894297
10592880
40393342
27150354
6710605
12993649
43366267
33106261
1503291
11491872
16855575
27992042
25786672
26459085
24265497
26465005
13602089
-191892
7739526
1156499
10584568
4627318
16623660
28947750
4540903
12207519
28911888
18361556
21224733
12342851
40787843
35608597
42896861
11586862
27784897
9684958
30640884
12256535
10304850
9041221
7517101
38037935
2166852
28768645
22108992
34695631
9854724
28447158
21814032
6795298
32882029
17102545
34863855
3900354
10894486
31963521
28723049
25730529
25314842
-25830
9487119
5624686
24947334
42778616
14993840
20377040
33401469
24688543
1448263
16871429
40371290
17533503
-602729
18854504
17492357
31012250
40443004
36236061
33343935
7978874
12954946
23570633
23522384
36222957
25143210
5432152
39949457
23637158
31129474
2627222
5848429
22830109
1054931
23205709
1652726
17567789
35776899
36157032
36313186
39281196
3848115
22505524
11486249
30878766
27460999
37698431
11094454
16417125
10834747
4845060
40465078
2139745
42642709
5701321
41275141
20069805
13841436
233997
42078707
11641765
39257946
35433017
19066636
42596109
13984858
16001547
20068004
20546061
40294930
13574162
4996453
23803702
-463318
29407472
21611431
27319017
40880149
33443228
26808949
27585428
4834055
33183078
-743719
11143887
31784508
30374144
22357947
4648832
27378455
35303464
37367345
39852221
39028874
23178804
24911504
11102940
27215962
3744643
41702985
8410911
24312345
11254799
13141548
24129788
167550
20655148
32230470
35225839
37324848
31365360
23677185
40041641
29281275
36682785
11699006
2530392
25290829
42333133
14911219
13288649
11289681
7354088
29831585
7685454
33673681
29742815
16855982
22704569
10862720
30920844
25438533
12373882
4171526
32249614
25641590
10485733
19650236
42328234
37224478
27404101
37550125
8075196
41977181
1266731
19218707
6851506
5982952
20875471
21113886
493322
6321010
42721664
19102237
7579403
25864212
39313370
10027502
25153001
8601265
12439391
18437586
14879257
38704589
41145621
8329559
3981851
16761745
4499001
19047197
24067563
28319413
-86511
30480654
23990331
39181190
38682317
98677
36155290
16173445
30642157
29398428
20265563
32670662
37893233
11075469
28541379
41247495
10923992
26377233
35403255
19455339
31558108
25926427
22567466
4679594
1639473
11047254
30475856
28810465
2059530
19359287
37189809
25115777
35499786
1544809
18226118
22149441
30866627
26601160
5337867
38255383
13912731
21650620
31985524
43235947
15764454
40996748
33596112
43320626
14480357
16135718
33990317
41953936
16324746
25493874
25658062
2291794
37682837
25592724
2112445
31906386
1748788
776292
36971068
6380325
13793618
1800389
14253232
3130300
15772751
23152487
16176069
8575024
17501538
41645605
14538982
32950114
5475546
13961279
19833646
14222700
20488346
6206696
39501306
42445781
27919478
27181006
36417474
2263598
4886234
15761393
3529982
40858862
39123822
10993582
33319250
41977204
12096726
32433185
31808875
18302684
40250791
39265280
38129109
38325596
35160117
33971625
21975699
1226961
25579441
39307843
18368185
34518297
9617601
6739610
10824748
16732369
24351360
-111967
151902
5307355
31720487
17512108
39640118
23743242
39031549
4290879
16876913
16993546
27184335
7517055
6672468
15981861
517070
31416822
5678867
38479034
3060266
17385527
18171597
12118615
9275431
13389216
36027759
30172357
23853244
26382491
42194254
37461868
9350870
31774358
26723147
31696771
12735577
25040229
1109121
8258286
33393963
22584403
41935326
-844839
21962599
10233745
19135566
13169666
16062375
39343634
3109487
33704030
14267578
29236426
25478115
27897294
10198731
21279947
14644042
17957326
21944967
26441082
9381778
36505880
32890470
30006297
28988253
20234938
14303830
26029292
24446350
25275073
28550924
28325058
1759845
3893397
31595422
26503561
24441088
28103353
41919322
4742289
14352172
20708616
12434732
29576129
42143281
6593894
19128802
24153676
42645607
36472954
22923819
20554560
12414098
39337598
29242730
6104494
1861460
22074323
13855876
30238009
36053988
9287754
23875533
31517554
12639822
18160109
43325081
43248184
38637283
24572220
6844998
25313123
700446
23699900
38016209
12609458
32169043
16338691
37153685
8313571
41902186
9967140
28597211
7544406
14625951
25730373
28567624
4884354
37516744
11678350
26163122
39201646
25135480
26255062
22346421
15952335
31796998
6067710
33362657
25717077
2483211
29284643
22145922
8339659
42129743
18431277
28709156
12365580
13843262
22665313
32635684
7050963
24033854
41436574
31088953
32975033
-818173
34734441
26321523
6507259
29391128
34776574
5645751
19740212
10674294
1316770
4823113
27796107
1284426
15618900
7472971
3297788
25070937
20440692
33324130
8993768
30003450
29935927
9561966
36166998
3911375
15760641
14500798
28702865
41110641
11943637
30489214
18741657
4587039
16334058
32196884
24476758
16948316
41888712
31265196
16851123
27876576
20625452
24711494
38429743
2434765
21328778
5263426
18413485
29504048
5462898
1579319
7022329
2419438
40531395
-606080
16266585
37301618
37029907
10428012
-696092
39963354
6223083
30213035
36869454
2813257
22602195
16341157
13785802
7252025
42104694
37101101
3558919
28889355
11188692
9035202
30271957
8758492
7372574
-983016
39688670
13394029
14636684
122578
24536400
21677968
119293
3307883
25923703
41365950
5092205
30763587
20442044
24243564
23308899
27493217
4959205
8327306
12931547
21179377
14302048
4853570
22818618
4058787
23910071
18951687
8879476
7628512
17286828
15932854
21646017
16773893
40376459
14291287
43239464
27060758
15816427
6058562
23183851
29623154
31955491
25296873
17973462
7504150
39152356
26318203
23107952
17460430
26225378
42106051
25079565
14361970
28321761
30518594
12726018
32413691
40266265
42460230
9024213
16651756
27006622
42990880
19265230
10992226
31073640
-518977
21764082
12790094
41175608
13842474
2735779
16883815
42192427
27657145
32664077
42793970
8642996
19183546
19447899
27829572
-37850
18967336
16523600
31157076
1320085
28635619
40515481
41703110
1381518
35711159
205171
14915152
5471692
39844156
42891597
30742109
12095776
23702558
30675344
35760865
32245888
33553548
32479978
1817854
34930220
35068695
33076541
17736603
5926632
33206397
1324592
22420744
19084051
27425563
1197433
3282013
845545
31709722
20221204
7019008
16320073
13819101
1393518
28868469
31599513
39191311
29041330
15922292
25827570
7207384
16229683
28456058
42798182
10971821
7412353
25215429
35894906
34834341
15574429
-365547
36773749
6990358
32962640
-47065
28280207
23041833
42959147
16277155
39512148
25804025
1668128
28388384
29146935
40237633
4603196
40527602
2743692
33951128
12222806
7002570
25604650
19335487
-16250
6825849
29721834
8534254
-110939
3274376
23079490
21772049
21419860
8444664
33106125
24837106
6329156
39598121
34956512
20250563
4568614
9393198
16485724
33399613
32877948
-199399
33564469
6337004
27264183
40374358
8519044
8990306
34277500
28680078
12757697
4798476
34228586
40338861
23735184
18912186
37063865
4249731
14261474
29575777
14396497
31821472
36968317
10622602
-156393
5261063
12794423
27591369
29392851
6559667
12501461
29141285
38796063
19020340
-582087
256800
36411471
27863364
28868053
13759514
22965733
10274705
5850026
35030657
29370020
32931530
25529817
39451958
1483213
26363055
23049656
33306155
33420991
18349936
38281026
26347615
20219284
26958321
6536264
33624734
9936852
3203179
9904298
-349238
-924738
13780084
16765430
36672338
41597407
22819153
36579785
29192722
10054031
37973917
40435385
16992360
24460072
-868006
-709529
31160743
204723
36298657
33398440
10857038
8936216
23134936
25483532
34080505
42592087
36586289
15600764
760858
11291673
29240470
20197214
18729416
10574487
840588
5735176
6260473
29939069
14698507
-310380
2703182
17496966
37525747
24309428
26946030
38676227
9694367
40672754
23625301
12867185
22769300
37509734
5342141
10890118
41452441
17907418
32718729
28560487
39037778
34591081
32739119
4799099
8063615
28041447
31594874
16038025
23907007
39149949
22370092
1938751
28327594
43524351
33094275
34331067
13871323
22192957
6718652
5398798
21911142
14158602
35533721
28639956
7403770
34331484
21965078
3490935
26000339
16023256
40114568
38429190
14611261
-165427
17803755
29046859
38153742
20917634
8721373
12215876
9984940
4676071
13865330
25155576
5587390
32040938
19679822
12993106
522111
16077343
33355323
20917008
30929967
39955353
830115
13297407
18560326
34492648
11288066
-86828
17068570
8602226
10953898
18427998
40820265
39238202
26686933
23764132
42397309
11342585
8368583
17841553
12656559
18159539
22788746
35613115
10191286
4670809
33368136
20122770
14545080
29744265
3549395
-302336
14376333
40105445
11455022
19279896
17254491
12770410
22479866
4071005
7334431
5597531
21831224
32684136
1892536
39345981
25603709
29501137
4979782
39534029
38036070
2576912
41376060
34269190
10626161
24503552
21308758
34274160
41695060
42155484
14513811
14190494
19455524
7965082
42728752
28089999
17128881
8396136
21313278
5056850
41248730
15974534
33507246
40207748
8036341
25831773
17101815
18390068
19877405
23399830
41897852
12244715
34074168
10329475
27901828
15932341
5136025
37682945
26291748
12948896
38450073
19632503
2707519
10856255
29045336
11353207
-474814
27249627
31853990
7507689
6729457
33892497
38979234
39404972
7012436
34178277
19771226
30601918
34256462
17525541
39990067
9857745
41680270
-704166
17877529
16763477
2138808
2832713
18750878
37711810
34025033
22304403
21934270
20159404
26385939
43051146
35465669
2618027
11373476
26304721
41712421
6081183
-169476
35185286
2358888
29880083
39699210
40186776
14355079
19199512
8000063
-249844
42437878
17640006
2150648
6176107
12590702
38593760
13439027
14529534
34777196
20195725
4548505
22087535
41767514
7184055
13122611
40635683
31440863
19534107
10969227
36419785
30838886
5876991
38762113
21034221
18240030
36523960
1270041
22630063
4121459
41296745
2296589
22701491
11885932
36056024
16812989
149131
20329306
18069142
422602
5319876
29800839
21266840
18323937
28466606
23356632
40472057
17987160
31206133
7154397
6310124
26954502
8847108
24455662
35794733
30408833
12220708
20667454
34442508
42242796
3904968
38069356
28564636
659199
28387482
18141348
40575990
