4749405
32999512
12984985
19420455
34910785
31122648
24343464
18380426
4823687
22490505
24208409
9394150
2470386
21080111
31604432
35888202
36414131
17508827
4008925
-888220
15018157
8657341
39180004
22517121
23164233
35674193
-362413
30442507
35083277
33178608
25670053
22710438
7850425
23231143
30448561
25566565
42243393
8340487
37057944
9473421
732017
39535059
-275796
6175643
18757619
3612537
8124359
33463951
39435756
40380386
20692169
33214509
27081369
42121096
18334202
24462886
27997038
17098305
22348721
32782244
39801566
33985222
6114224
17421634
42375957
13041966
18704236
30235419
35980161
15292458
29148771
23360089
36972962
22466520
7025744
36926685
14741413
14294201
22069133
18145251
35067818
3074708
7141527
32166467
386369
38381337
7307134
379930
16526579
3455819
29708485
26591775
13824249
22645940
42478014
26396352
33845213
40738467
28329375
20018979
18550673
15101565
27224059
36758129
39275145
24815870
11083285
8449745
6810324
33496593
29678262
2518974
21124535
3668224
41014429
12397244
23297214
24573736
17064069
2239215
19826450
1701736
20322580
33693493
6568537
38932058
5517521
12527373
27885634
7871316
30706641
6124789
30222306
23226275
9364267
31810798
41645395
37457540
11625155
28054283
7621252
-24255
19652826
14414748
22188973
41009583
32650517
15898604
43002018
20383898
25638519
31648947
16274492
4285590
8426690
5385854
1853228
14673648
2477012
16530782
255722
40651694
34572468
-879276
28723933
26892102
38304142
11909409
30069135
-632467
-50654
3056644
21841607
4339918
23683684
28629172
23738954
5554366
37378123
32795072
16623911
33913311
15952492
18772890
27498609
14870052
20696893
17731202
8925102
28304256
26409641
8230808
2589218
31869107
22257133
24018676
26885278
8703036
31945903
30962813
9776421
31230681
23461522
6568173
26521567
10542998
14738871
37919102
2593400
8486697
6589802
35118680
11204101
16178522
-139005
30159435
41340880
18346981
18477049
15448426
31607136
25758256
29866662
8927795
3278797
40149813
5575599
-888075
17736604
11687159
23998609
41513050
2434203
31502711
11141019
17625755
22594832
15255339
10710870
2928163
33790449
22969853
5494777
5063144
30079192
32708002
34759596
37432368
8626187
10652558
22566056
25770158
22746057
39860038
3427947
8255958
4632002
3522156
41188770
23718618
14431688
12094799
31976568
21520891
5527671
4848632
20445243
30202626
12851817
3751165
24422841
2794598
32558389
20346304
10665893
21988397
12110145
10900871
37542580
12461613
40817193
7819527
4579155
15280345
25717030
10196838
27972885
25350841
7005466
33255461
5917098
8106654
34163227
42605009
4216171
26137250
14948071
35605324
28870147
23603613
5691064
7297487
2952467
98928
35699938
18682971
14792874
16420567
11213333
3116253
43208672
24465947
20724314
1438257
34397055
4849621
37067556
9727287
27810994
9644958
38009106
18003702
17073830
25957576
27063722
19905705
13505830
9899624
7377884
34522710
33164668
-224560
27393607
13170291
20726987
2678663
14624512
2290340
17997028
18384403
34900463
23912970
23434190
10286509
14101348
12075207
4560805
42915319
18035562
18808754
17371202
17420688
23337309
37542134
36869884
-834602
30823774
7674818
24626261
35742855
-986213
20150100
3066934
6618292
20350137
13779071
15561894
6756095
25489001
11790925
38898906
35965532
6743846
18509241
17243862
37600805
40285672
7759289
38137587
3796489
24254511
5602245
22251258
41114729
27699390
-38543
43030884
34574452
2848749
11280580
32518821
38183765
2211732
38646802
11731392
7853934
24641800
42735611
2575314
11263244
7437025
20811667
26980167
-75964
10458776
-861757
20635956
35470443
19486668
43515342
20265010
24987145
-323916
5262329
10012385
41565814
38762097
11136221
28357266
640933
4326426
36217990
23762902
18011798
6328326
5473227
10655681
38320841
2303016
15530833
1241942
8390160
154511
3365262
37979547
10729790
1799056
32660197
288455
28876873
-59319
3206536
16846758
15452270
27242673
26184288
26717971
2063859
29094619
29516454
42794275
5719134
20347571
6325261
13756613
29497816
1793097
19891747
3311868
22470684
10282472
30046647
13290662
10767653
10809486
36232820
24380024
18590190
8769231
6864441
19226912
30466810
5982749
-419450
21357755
26036549
9101279
17481895
34489611
19731507
8063267
8972615
30902305
-549455
-849194
29010177
3951668
9562259
30010993
40636294
37449451
19638249
28615960
1964649
838524
17008571
393894
41029699
-752437
-11578
28363039
34284117
17547145
17206695
3536852
22840932
135578
22132745
27207793
14734495
43261987
40445384
4389009
21768124
6141861
24653079
9984521
30474041
11070218
14956808
39841147
6486676
28159358
27135483
24551913
19679964
4831577
42176974
4896401
24171449
11688904
6920003
27335656
11012871
12109544
15950925
6394240
34916002
42237869
28651320
220625
13738840
18351252
19614271
8124793
19563451
16345289
38062041
9969460
10649152
43183614
16085098
11844859
32701813
31793432
14768047
22119779
-203869
9146539
34988163
36684750
42237782
4923350
10333590
20340269
20940592
41437455
38450522
30924320
8648363
11524297
43235335
30019171
36602410
6973293
13963484
28372529
2289128
32041563
20808616
7460067
-822446
40001473
39529140
8664706
13028477
7858201
38205104
13481194
41207050
30489305
23346301
23948391
38837525
5663476
15517857
36640894
12391073
20511230
36398095
4952673
31982174
18076627
10114388
35278124
19110447
12317211
28029771
6646127
29141331
18598673
-435028
12656667
16709933
36424330
16203652
32606604
15134037
11718611
30592153
15968500
26729882
4397666
34314763
20834710
21173722
32552015
4057346
28694021
15884911
17066542
39470224
19909095
27224048
12458541
23578559
28228511
396741
24359315
25076979
9323169
6489731
5170201
8125017
7018495
4536546
18819649
3328946
16189426
19259835
1955978
38819105
23719381
28189787
40712414
18737916
35167716
16207245
22986272
9486130
40919192
40127504
31529301
29680787
22213720
30995999
27620979
38095461
20521167
17093524
39846181
28140904
19997037
18781954
849049
10835181
19731739
4598546
7323188
41037424
56339
25949296
10127584
38870293
12655444
38822872
13722460
26243405
21794878
31687575
33358807
3598528
3916649
3926687
34579879
32053996
23901927
10912325
41394029
9218655
24322147
3829778
2473689
-169857
22711545
27138546
11189092
18009496
31423349
9649464
7470844
34953871
31370302
10521701
30208335
43145566
42962543
461916
10875387
1917540
28244706
38098123
2962705
26131607
-496477
41228598
11345187
16529643
22159578
10129514
19901483
26440274
40052441
27473076
1842781
36686040
2921180
29025745
12855541
21820313
29200395
16532930
30850443
9830344
1698538
-24910
9679415
30172079
40908459
39799954
8159907
42932936
37795210
26108134
37466614
32249008
36673769
22397042
16851834
35473422
40860163
2033092
38765521
39884862
15091991
36253303
18287753
18717324
22375150
2442691
27072118
21577614
3994949
5616420
40386568
1103607
24588707
5365755
33242334
4502160
4344444
29146521
15198804
4819439
18465653
3157035
25770613
42830275
22354309
7913052
10342897
35302260
-426978
40698887
17467517
28380581
8866966
17409499
37510868
6187632
38845260
4983879
1092943
12258757
37075746
31909584
3172235
12221911
1202216
35928691
7736590
13527685
11069249
23497572
6277584
34801377
25104283
163381
43451681
680516
43506647
5177795
12919365
10199816
8362370
9008854
5254809
24309109
36591262
30168446
6524514
2890523
19834294
33453737
28911351
11038427
38014923
2363932
5265026
34672833
31559106
30373294
39455708
6237902
10913925
11015492
27154210
21977424
8084316
1361356
4159379
10939137
8935924
33713520
404848
1462444
6301131
12149864
41002442
6864614
37336347
18388633
31589495
42191720
486643
40846484
35106131
9474425
5717698
33325333
34132076
23558995
10435056
633630
30787259
21856698
3966368
14001425
2921452
13465052
16641169
35051359
22016292
4881187
26911459
29324182
13367717
-354474
11900134
42809985
35670792
18918137
14710781
21063480
-873391
42726741
13106032
40414598
19381226
18909282
19413928
31598413
13748207
22011895
34494845
20503291
41907538
2175866
25456902
28289101
5277450
12380150
36707503
36057095
4625456
26478987
42539171
22323381
26292998
35079805
35839847
31970842
35014278
42972587
10652428
43353297
6188433
9493979
42772837
12771013
15178864
26186991
31521344
20574014
11255531
13779711
34244913
42737609
40165696
29694198
24374078
28021713
14531337
12609105
7955639
24950476
5256350
2631957
10531303
24545314
28268170
39724039
14954466
29225010
33276125
41923739
21763594
32582397
-868026
8797431
8189746
23345399
6738563
18193048
39750574
2155451
32476245
4175832
16100219
37284943
7426716
40388558
33233499
38592594
38368097
12702063
4920241
13822629
9409376
24536971
2517588
1529172
20769124
18246973
37739818
10841700
40542960
4395229
24581453
11564726
3691408
29921217
20764751
6119216
28547062
6531689
17592094
-961365
11591914
11088939
15799275
30067927
16077837
27134623
8098619
16879977
42053272
28874864
8772054
42963000
8049045
24534698
23645380
27358307
10123424
32129947
7955854
10410587
22093217
34423396
-686460
10577216
41467490
6555242
36561887
1564459
31854363
-308510
29986369
19550716
37353038
32296207
10214332
1278647
33388599
14467273
30054489
17809019
8403083
2805202
22705201
25265317
38627084
32246384
38351063
17110361
19745568
12018326
13320751
10658411
633737
38436886
26813222
16433834
38686111
2473498
40238843
31226367
13111334
33567051
25379196
-236941
16772149
18960473
28304259
26844302
4787045
5216241
31219879
11434938
15396532
2234309
5224024
9109917
4627466
36354323
35337473
25278601
29031547
26509143
32048035
30385441
4820967
22597620
5277095
24615712
35685429
29182960
10888229
24504109
16952297
42833754
43534282
38596916
8830095
19742018
20017534
20708993
32467101
28411340
13514146
42582280
18458527
-415123
31244425
25760849
8383480
20669612
26061891
24320673
30497137
4297908
25009137
3596534
1035461
27419174
791983
18261901
2308763
25933911
8235271
1641846
20456879
18274762
22059716
9431054
39770407
34454012
12485284
38015265
15617973
25271239
32442851
20998756
2617400
18455692
42016661
19848021
8267627
34151976
42005130
24805112
24734467
5561881
21716235
22884148
6389074
25245314
14284167
17806344
3086242
29896361
12422282
38226387
16518931
38051806
18409300
42403715
41528444
26692573
6380344
20789340
25627670
16639757
11241896
82996
11708599
16731176
10894998
11228356
25835883
27943488
13399713
4532706
24232758
31284455
3975586
32021249
22808598
15241692
20241689
35693103
10781012
17310921
23038975
38104217
18883762
21605901
33326820
10415716
31336918
4368700
24675284
15928085
11782532
14569214
11171124
15330562
37862806
16962125
23858330
41906062
20099651
27682373
16926250
18027245
38900048
1794581
2683087
10179945
6556170
4640531
15857375
34315018
42985500
32820577
24144506
18210211
32777008
29585317
14140992
25901010
34256921
40789000
15557229
26539771
33501053
39912985
24572960
-236880
19555970
17475000
31276725
20740541
4739051
41319344
27394777
16425141
26307841
30317698
15419602
9055877
28457364
9606085
37589926
9574335
16209945
31339580
43301634
22428138
34099927
34385944
5560781
14728886
5362929
26041289
18702441
1364222
29834365
-168724
28945818
20912362
37479030
6959677
12647899
15271266
27065649
20545417
37008785
36640232
40775512
19809611
4140513
4990302
36314706
7029222
17956991
43329274
30900053
33872187
35906928
19260132
17364918
5595547
11826844
21616885
5911960
13045622
13323070
25886914
21263276
11333201
26900949
42985000
18294144
11898556
43127992
21627785
38905310
4838154
10521766
11983549
43401055
25020261
-395227
5097795
33990146
12729196
2757552
40064916
41308810
4571630
4569839
19029843
18274005
2136419
40940971
8663782
21650355
888268
18252844
37396532
1189500
7785452
35688464
35135348
37274438
18605923
-701733
16248345
33998004
18478857
35106753
36271973
37238423
30407239
26224984
43128612
6656574
27943999
36632034
13953221
40106424
25548715
22557943
41594414
20096279
42320116
39623611
36147319
41555565
30359096
14085451
20575704
25501138
36649721
3647143
10010466
38843709
29767776
2469628
18226778
34473356
28373612
25342970
30421256
21484268
1250587
24238457
13195471
11938954
-99821
42964845
39816020
31290854
5458137
24914133
41938393
32890774
33194279
19252378
12052516
42943595
29034047
10000439
19076317
26499580
31505488
24329517
2393790
7756310
38170504
32055696
29758669
33134601
32442883
42378702
12691023
27379293
22076460
2042899
32169384
11427214
22228449
6726309
28588169
38046345
39927478
31165073
34412325
34482116
16724388
28203834
39783971
25513609
15866545
35787202
6580614
3190823
34124706
15369696
28723209
21490888
-927730
215547
7018809
14209512
32067251
43492001
19267476
31231950
36959898
4798394
39558706
25612877
232911
17214986
23857279
29305
35943953
12252244
2431197
30058334
33451254
36732293
13724312
9816870
34518273
15763252
18627260
9374103
2648573
36954994
1052795
25845234
7748926
22734499
2069741
40915200
36367995
3670713
30969593
-518415
31696437
19466555
28140881
17716636
39806283
6897563
13099524
19802447
12820190
29591645
29088620
667104
24154444
18593670
17402221
16996370
11393305
20685891
25827737
848070
-277278
41667589
36703052
18566352
24988458
17775890
41000236
-754823
5779692
35805451
36989013
8511938
33684130
32407400
15459059
42284447
39990857
