29164887
30354098
42265669
19333163
3120338
36610149
26354506
31954398
23929057
9806328
30225341
24198633
22976545
38590445
16775543
38376916
18151786
20284345
17668479
19928593
40467581
41348663
36316870
41458960
25442796
19122798
154740
12481593
10937792
5445820
14977550
-529062
11147387
36727935
12346787
20258100
16732959
9450617
25633936
33802570
31968973
15999808
29673297
11656477
1713029
40563408
4558274
10334945
32067472
15405316
18595247
36258760
23832456
10373611
34697565
8937415
21619713
-837544
29495595
37762901
35371036
3994506
25677117
34400201
37318235
-370007
-726229
35361342
39714069
3725838
35677601
26516216
39822100
32558303
35640332
8138004
14240256
3852890
5985899
28015569
14178583
34238827
23828626
581538
13537197
34266084
22081983
28696613
40133819
2839771
11329343
17479093
39119894
5751409
35625907
3508574
-324008
31574588
4294519
33564848
14802784
5432906
26343983
5481467
24049256
17744684
19226776
25525596
21468790
13913937
9822576
-635483
39113717
36971166
7798110
5817164
39661459
17825297
14981170
9264730
9270385
1587350
32517556
1787768
36930521
30632028
6377094
2587230
10405366
6358884
3833674
12817255
12088814
26550037
-736260
12986166
16725296
25597838
39830337
31565979
4233558
14225853
36856477
20921422
13994084
2604696
3043547
26156036
37537458
41294617
39529433
38093780
30341496
16175364
32610397
11152870
8260869
30774821
19977093
2347137
35150085
16545604
18179169
2907232
13558753
33745728
4446682
32848842
28686715
33220282
7946705
11882477
39312597
18497828
35924199
28494681
34899749
42455160
36587761
6255930
10884632
1936653
8797379
22827899
39760445
37246083
35571986
40831047
35215381
24444155
8205182
32438558
22812412
-665927
12901507
8423927
18823850
13903456
3391062
12023940
3391331
1279983
8015544
41202826
27649558
42199782
25816907
8808708
15889178
3974835
15689591
34577497
4439821
29969102
19677881
11586475
5856244
26636659
25117866
33336234
7892342
32014063
20680872
25826403
25311055
42360023
38462741
32894301
15852314
3881083
17250080
29233234
38098873
14958966
9607255
26984778
10663265
6976824
1680880
11784652
36761581
23523741
613409
24569739
34927635
31430000
10885339
17553387
15882805
38527209
16948792
32933292
25270767
9885501
18794586
39135801
9190338
3953094
37616822
31357681
21196836
4144111
21875779
7851566
16247820
24237689
41508750
4098496
40497146
31798087
-510436
34745049
13232937
30561428
38427369
36731164
37152622
112583
35368424
16303542
14495355
-551203
14520947
11492086
22785725
37142564
1925021
36364694
40197699
30814275
34049379
14751637
17285725
18303029
5171989
3599342
-398042
40385216
41638095
6952664
12677012
28797069
41164115
17783965
12747972
28298761
6703286
33394548
31557688
11202021
22960301
27771974
20030644
2170712
31597596
19161390
36602414
16349177
22184230
10462893
32309759
25509704
32790435
42607257
6713690
36730395
35889981
673410
26021613
43490594
21071249
24184213
30643239
37725512
3028464
42726039
12870014
17029236
35914648
17521438
20028545
34799889
30096054
-876742
11457894
33567177
27329495
19577529
1683748
11956905
5552733
31991828
28161142
11143278
2387892
24784895
11965421
40503812
21383755
31131516
23126684
6828120
20706449
33132951
19986720
22814574
16616145
43366177
16418308
38674400
33296683
16005369
33034262
36237409
15802550
27250020
21451891
1233534
29419381
40129223
21408327
36986282
6464900
20854750
27726415
1584192
3672334
40895488
37703105
2253958
19099379
5231481
37628727
27430656
5318617
30174472
18811987
38252308
11598052
21522592
28275518
35686883
20407116
30791315
29547043
41859361
36821897
18036182
10131349
31098796
12695562
5031695
34811449
-48615
21272914
40764140
35678676
30383316
30566482
20310278
33087155
9313363
-864485
42958067
28161861
1403666
32526446
12907182
32105779
22515030
19244949
32395152
23585996
24389055
19642722
36157638
23303822
38321222
1585941
13213760
11478222
16161255
26940714
30434660
22475278
29128039
29943557
36670322
6442121
8452524
21823651
36915653
11252647
9250503
21535087
18035769
3744597
3812602
17313547
16453008
36578662
21109264
28756346
8573386
2967548
35865761
15889182
12767534
27024925
-645715
16547033
11230595
15005158
16194234
37927054
30977653
23213155
39181744
22287847
24060423
11935807
7692982
27671161
23528943
8633194
28013073
14198045
17319270
37455375
43480987
15895060
21281853
41691109
17762429
13332926
12301819
10440951
22250184
25471690
13529014
29156437
9775670
12898549
27631124
32689300
7793317
24238063
28548829
16038340
22889299
40620759
16055268
31274680
33720223
11478761
27996067
27456803
1192168
40573092
6129201
16670423
24606875
9124104
31353135
37060489
29551855
36806848
41889908
35151789
13859775
36673364
10365971
28469595
40174639
43405839
3573584
13932745
30429962
16344658
31157530
25480175
40613030
13621986
40519867
26701670
16313667
32159654
8809812
35641117
30706453
33742580
1509496
9173612
12453284
19347926
35351357
9159873
15384112
29733036
10050858
16485514
12390242
39766490
11965886
4913224
18974549
41083467
17984758
4980741
30437580
9343299
23985969
-108424
15012967
3914511
11510992
8707009
35171131
37136926
3634527
16900118
17330980
38728739
40045636
36359069
2155339
41429826
11381973
27097195
10222227
36053400
38160911
11386829
20973246
15074090
9784945
25645996
20173586
19515537
4618913
19826352
26081990
8018015
20846382
8594185
21208784
34592535
21547113
33259056
38889901
26303578
21569463
19418595
38472144
5118339
39360129
13473675
7657014
27951334
18407038
-280181
39965724
10214070
27599031
43431832
24117431
18441454
22286938
28408510
14592545
3956877
10139934
27200396
21566912
20626352
9926866
43443763
35259759
20074604
38572857
41828542
29178784
19137704
28224996
38521633
10588133
24222399
38276604
19345657
27224728
12503079
12799135
40416121
24292644
1672020
18235236
13411198
35105198
13309310
31408897
18003988
1687985
27324968
1839107
20131267
15026958
12374344
9881012
27069947
20814655
4164971
-509052
1289557
11851098
1290564
24516152
4814028
18930269
36484840
9709609
38069566
28541135
27558758
42241017
42474053
41394633
6578084
13116849
29822889
21898620
12758402
42856871
36035345
34232991
298352
12976205
38354456
14706277
5759658
1819280
20881103
33343605
8672827
13143703
26124196
17030894
28151077
32183015
28366154
40957962
14205783
23723138
14182883
10054877
11588963
39641093
9964827
29967519
41166458
33027945
28788433
13667729
12645201
33795897
34341358
32443371
9023892
23574395
9937035
9613693
38625767
10044617
9794661
21845282
7840987
37656810
39589685
5298270
4953713
33208294
20190231
9628291
15454465
38408142
21058539
2630186
27715440
37104968
17574978
21923077
36088842
20425929
26603051
5424209
-721588
4823381
15838284
14817808
26630806
11350302
7135974
30345533
35861390
20469397
35487322
17789035
26991380
28005602
2155654
33361381
5147416
41009464
1040977
13478045
7650418
10845269
15697902
31619061
28881485
20577612
3710207
1116487
23781968
39832771
27458359
17736622
-527711
14509846
26085459
5927748
41282667
39854900
22008163
27839730
7389747
33163396
13203157
23180436
32876818
42803066
15323787
2307083
29994633
21630436
13391721
1190265
20734869
25176658
29851139
28351422
1964482
24084115
32568787
36666217
9209460
20235125
17952755
26479490
38074149
35750777
32211106
19484680
39232378
3154358
33662984
10738469
29196809
19814957
31053166
16206178
30543301
35959168
37703960
37426620
24633540
24015082
22097089
9483910
10936622
17951897
28222480
8258184
25381774
15553903
27417707
-934136
26134576
11538167
39961591
6669163
18781349
4853031
29909076
10055913
7586492
2205176
30476888
20948101
29517860
14361083
42394288
8733797
8807040
26028544
6818037
12569757
5268646
12353318
14198796
9221998
1354325
41051505
27733990
38065883
22776224
14603822
4735287
1726944
8994774
6767866
15499795
6576856
35881502
39895570
6941689
17948624
10572053
4510199
28661644
2168420
39577496
17899506
32445890
29040323
1020239
11453361
22461261
9856335
9024010
24460060
19570953
41630059
3676985
30613195
572812
31047202
7984567
36469271
36957161
9445929
40268011
23067702
30884285
2957928
5889203
19520941
23005509
13416120
-666329
16190644
37795916
43333612
3661517
20768148
14149411
10309417
20888495
12706359
16755240
30284127
17920225
42370969
34925612
24367196
40713967
28490908
34951341
41969408
29203753
28432278
6467408
42614343
27814851
-428777
3959948
27258628
26225237
9251262
28492634
15189492
14743276
13429036
9245512
42289959
273623
42315984
4755805
9134426
14421194
40550915
40050710
35153487
33391535
1013971
37796653
34647789
35232967
42979462
7878082
1310746
24948699
204327
35055740
39196244
16326520
36809031
4765564
40045326
25531168
18550
30376261
22483147
25190449
28413458
16634876
28659317
15414115
38466243
12324785
29861855
32996040
28593242
6453681
5285148
660257
28328029
8815122
16769727
24925290
-83424
16113501
38899243
23230060
22934650
36335524
27204418
17083197
33612510
19927629
31422357
6352412
21344681
16567935
18959512
27451017
35183834
34469325
2863928
8177829
13949457
19880739
478472
36672671
43061086
28668309
40532603
23022197
23653490
42192729
14660035
31448152
42269138
24455197
11171760
1803041
-697528
27551674
40961784
17858371
11135160
17913362
31448595
21100454
23916291
20418783
29086208
4757556
41641904
36388895
41001821
22120282
41381729
25869635
9343710
14599932
27937381
33210346
23703649
26558696
24137708
7855484
42993806
17801668
25584235
43142467
32745668
2892962
7748287
20646771
37999620
28520962
24617686
20243226
19002215
8530043
38422217
38044096
43068343
6737463
393540
18055707
35689931
17143019
8666164
16050606
39612801
38273350
33543489
14957168
40877319
23570932
24766047
36983170
40716914
5751640
26829182
41093667
37885382
36250485
43263515
10941507
27168378
11281336
9433281
27004847
32019470
35858830
39565700
29432456
10058321
12200901
25892987
17237682
6278865
8035546
11543256
31242384
14583525
43410
15761668
3135594
11850287
15439045
25217186
7646978
36110897
28267264
12947049
7341358
7746496
23199779
21091151
37886480
59621
12708551
38622122
1494723
28041764
28853632
37980691
14679328
21965508
38956284
35960895
16463499
16273335
26106006
39425826
6017620
10431529
8461592
292522
41842910
37232414
6484386
26767044
2703743
39843516
13014667
24395636
39169805
34846566
22136011
-993937
38416324
33391596
9204637
9704475
36333145
21769621
12736735
38797016
21627574
29372649
33507531
20207559
26018492
3057504
31913210
41043642
31402962
11276580
324623
35533439
2568407
21335252
2485809
39542147
6269125
26090277
9831305
24043329
41876569
-402378
36601898
30508992
28936779
39350645
7146245
12630176
8068032
7818468
40635193
11812483
27299345
13927190
7308359
725648
12419076
17549709
8883497
14980959
19296736
13820765
26297082
29833422
1006458
11621977
6091183
13505874
16709199
16365026
6339503
35011598
14333422
29931285
15256465
31467865
38571110
181267
22498329
16566548
23931243
10353129
39487842
7506591
1676364
38440592
33720623
18885438
4029140
24991951
42894009
23460637
33857273
6491611
19511007
5055251
19269657
21487455
514188
37071828
19763678
29382907
21863566
38872517
18262655
5285633
38369324
29227108
4067975
8647605
25005997
41941212
7949347
24559664
34901083
43201819
25696901
1388752
28325376
27819415
-443448
40847550
41917921
34783084
9823567
23494287
18048971
10527461
24943722
1532723
24118660
12056927
3795801
18612322
40761757
33839707
28371634
34122441
18853507
9102623
15643196
15925105
3800145
41196892
18507583
38170717
17196020
13886714
17602805
3883309
26416041
2102201
17658739
-12485
29848293
29816815
3168842
25647545
6250016
4492213
2907532
27837489
977516
25507811
1476873
26460808
26137236
38117
31634890
15645599
29726258
36457271
13360328
32973239
38381736
21322009
18030596
40407255
38410410
39719525
18968688
35566671
36131413
20545640
33621886
42678478
8833358
40122735
20981566
20212950
37133158
37041847
3782464
17528157
24411179
3279786
18761983
27788094
27256460
40270900
12548897
17613165
41383823
30743604
33674448
10120476
30963755
37088808
17485833
3826361
16217179
41131104
36430640
36371974
14825918
28600478
38074423
35624089
26836592
6005391
-672589
18609541
15673724
17958213
17084264
39403760
-75899
21264961
17628393
10634341
6672114
26798525
10645333
12136239
4868924
12078218
11152506
19443940
37669560
3898374
35985231
31703229
8969498
32525822
19379490
28639953
14103344
10162515
24759068
10254226
29436052
13555930
32641680
14538205
35739633
11334937
11665818
34782074
39131709
29295925
23460817
12070647
34459606
3436250
29382732
16096088
11382667
33623801
15732411
11564590
38155953
27179069
32261981
25597089
34898256
5921857
24757845
5006582
31957616
40456496
13935812
15693651
28936582
26562957
39289582
-654382
23258018
12970474
23348206
10345660
5817458
1464614
36650530
33703526
14638889
5748630
34460461
30169534
38072703
5518100
28554789
9981726
17536337
23478841
12209370
40922263
21011150
12405665
41014814
26395523
20125726
43348003
39318111
37472623
4625370
12436545
11103181
1965694
39658802
3615377
2056507
24212599
4146332
19475018
31002874
1169619
13620138
36136517
41353766
8925065
5928439
30403227
7518026
42349249
9258064
1796905
28326634
6225650
29176481
11704586
11543260
14176597
5630517
37619978
32985514
43052122
25912393
32986900
