15102985
31436495
2612385
8679375
-676734
30997854
15688657
20393314
39816990
37533238
23186893
17086281
7872989
24373645
41115290
16730193
41840977
27922629
20250158
7985361
16300111
20831399
10354527
26411840
11160289
13393363
24258
42499877
28669260
28849357
34851066
4836986
17298855
30147473
4545365
18690828
29319203
25537824
43296256
38712934
43333263
26389251
24256130
26404697
39744368
1296562
36458219
5295978
8857356
18868214
9328144
34764940
16461911
12897770
11884126
6257570
288870
3281682
12642756
32608630
4968348
38662443
25678129
26426231
36257277
34569427
8572430
8102701
30162183
23346117
1874104
766425
37094611
37085445
17106410
15133344
23613870
15342140
31048623
18542344
31580726
21291727
30273720
21420013
23454142
41176417
14154347
27942727
40566293
24142396
22678915
35864135
22597902
34956335
4298846
8887079
27732596
21735792
9986592
17741473
30714289
19726537
38364134
3322780
24449287
8699227
22171624
7453061
25881154
40989082
24934773
31631188
32208481
12457642
546526
11961630
18267457
15965263
2549178
20286580
36895069
36907338
18602593
41177386
22328962
32439975
6938022
22276916
7760311
30250334
31797872
39278276
11394626
21700009
42553693
7659365
6546620
11053948
20434040
8759009
3848946
41271710
38634277
13895177
1207293
5126467
17857765
-300977
26145922
26763663
2000232
35721178
9885847
35305419
32291535
39019013
10953318
38214634
21957781
19710324
34040214
27850265
20323856
25014499
28300331
33789356
22652703
41379915
14410481
28198641
3446751
40165027
30684767
40500004
28269307
38296053
18210801
-171226
5483615
6051625
29466180
5652303
8843056
21267077
5414230
17075377
25918332
36194913
4976668
25560253
27132462
20108119
13449736
13669101
557173
21488249
21850721
24056821
41006609
10227823
15239282
31720011
27369040
43431695
32402397
26975562
21470657
19034006
2152223
27600957
5646570
19563621
35197919
35546639
23981674
183183
14656740
29439540
4086882
29555061
26106948
20995188
11993583
39293837
13324038
25317295
9640635
36925162
28084437
43136794
823836
3399038
803178
4169030
32000908
2688002
5082684
14888836
37897965
27117717
34250124
24213148
41628491
25151959
42399693
17689069
30592288
9364281
20601827
11551076
26581173
10315425
3548409
35843235
42512287
22432597
10870621
20375144
29085877
33374474
12172029
727833
33064938
10757735
13387590
9647998
3976760
9137880
32145596
15340884
40328834
-568854
31918548
36094370
35309466
17398926
30086415
7193520
21592792
12540624
30594519
8735219
29938064
25858249
39768031
15893622
8877669
50965
36613608
40490617
24817223
-814743
5659880
16883960
1214761
19608239
32137428
33471497
27835171
9962657
23099934
27314811
43379165
29804671
18461754
37058252
20986002
501572
12635236
36396737
26769631
36407001
564731
6461812
37367366
3649054
33212700
15261226
31315716
17823260
33172868
27090677
26196392
30860422
23649953
42598192
39318760
36928479
11392289
43300990
37003656
37408999
40954418
4810152
38749207
37071168
27982040
13536793
41653894
7528704
36913495
12819524
29905987
42002858
63573
11991656
39658959
36354078
19511420
39642762
26450493
4751810
11227459
18330817
11405131
18995230
16902793
27608331
3707246
5393016
9397478
-409632
17023227
3535502
41187497
21404602
23556079
42465710
36807604
42566634
-879877
21453661
36893179
6103031
15667330
38220061
-845250
35743918
6290960
13455985
33630766
33940159
1005188
37657178
14384655
21384101
16652530
26094783
32984310
18922338
35946403
35852135
29965697
5481123
29630325
28722858
19967251
7853088
5762092
-757927
36683547
31921359
39397840
2673192
-944915
25135237
11179453
8213281
6825651
23609344
10531006
31998049
26529365
23546735
34516152
26448249
271936
40643003
27845912
6232291
14362660
32974899
18641808
2852866
12148679
11940124
21401696
31262280
20170489
24766037
11773657
12781488
27245097
37661421
40204472
36680229
28739024
11839758
15324813
35478644
9265803
30774741
10565702
34585777
33914233
39869314
12343756
28983328
24294285
24045045
42790343
28696137
6189878
38789328
34834889
32892058
36835820
21268457
18976174
23795515
21743754
6590830
17156391
10723160
16075366
27335681
14490634
27918537
27876953
23082379
21379528
29960706
21999772
23426707
14200451
20760167
17854526
14769591
17327428
39304599
21552598
4077919
2971552
41188918
19109965
20149839
8270491
34858474
2281363
23615550
4591481
40714207
23927236
25502867
22157642
13764992
7536658
28147231
11017931
38693301
39513498
32482636
2747651
26979088
-306100
18285942
40480848
3146796
42566790
27349122
22578719
25610861
26728117
2717535
39357884
34253920
7425990
2060327
38233297
8136512
22321002
34484052
42276832
29168915
43283562
14229530
43316385
8498498
30725748
31513613
19491152
31355671
24591652
7611742
33659579
-465895
7325541
10232737
41175413
23205272
36714043
2996779
16867044
28985391
8281245
17574673
20486667
6290887
17267942
6562986
5217257
32237442
3934590
30913823
24683262
11382249
25333647
31375103
3982369
38270496
38574057
36704693
14630330
18169322
4559225
10301356
20273567
4788647
20581057
18920950
2649646
1003449
18768480
42541920
5484829
29964410
4250503
37387744
15267734
37500575
9103709
35773077
7661457
27555935
25215197
5357125
27031988
27410578
15561566
40324854
35399487
29460182
25419066
9330087
10074458
2710999
13774570
30019100
595977
25599891
40784231
17181744
20556312
3383706
3514946
37879689
4064309
35580020
17529304
18207935
32913497
9511219
32054637
35288934
19501703
24907597
17271481
34267053
42033655
35104299
-221678
17827362
15905145
7723457
28870119
15160959
35319713
20688894
27310855
27451974
22851391
37228714
33651419
27401026
31588739
41905720
7376075
2404422
12765960
4686657
19532550
26638235
36913262
36262393
13312352
41551820
3299733
41840512
22368358
8436509
40670950
31666200
35546302
42076016
27406069
22182482
3939685
12780254
3935884
1140943
28659425
43117143
12916431
21388602
40530291
15459230
29628205
9204686
34746060
12729462
30598127
10428436
23854712
38883605
38593886
8588749
2291704
34030729
6073844
17028709
33737801
42815449
26154638
18243686
41702070
-174173
3129213
23813914
8349015
30702349
8547458
40515086
33557470
30439259
28284227
31335716
14535282
18107941
21449471
29851608
34510324
17434017
21151760
3846278
41461345
15072978
14854497
7022661
14576546
-469889
33239108
13504728
16006661
10635284
10695807
42147364
19125720
32768958
36901753
16552235
4437180
35267033
6338977
39548668
25331264
24232162
2186176
16145324
41740670
3982453
25684825
11390724
6331427
22976990
-389549
4996591
18168897
35599909
36104918
22634312
38745497
21280779
22637564
14488529
3428644
636945
1892842
8202340
15716053
4667392
35211223
31317609
37009533
22049753
40510165
43318251
18662826
12857758
4055645
42085591
30594617
21493681
25217741
30088664
35783349
33075385
28681271
33562822
42070467
27561077
-219073
14452239
25338895
11523561
18039685
21853118
35311352
9448606
24028273
3815270
31825075
33840636
13901122
37333522
36892177
29690843
3777996
27446160
30183466
35097939
9432408
5677677
37100445
43023107
43388888
25503798
25614302
4777317
16259104
7134529
42357108
34728896
13178445
21378588
7312896
41985343
-555296
21729706
22840601
4572549
31280600
40543262
2556812
14358001
8039132
6455204
9650542
34056569
6945188
9038468
9662128
31728864
16481486
5324456
22102680
355796
38263449
42926091
42735874
42346465
6958089
25256530
37486532
30240360
28721935
33407848
29210050
29877807
3050907
2250279
7618913
41411801
26272272
39418775
18783503
39130906
31417401
41897480
30386562
17733389
42971643
43087601
9149071
1543102
4311392
32789614
18022672
28383884
20927694
348903
16267263
10015854
7505909
33252643
21796142
19015677
23554429
22631764
31540893
4367753
10891442
2375689
20703090
9671178
5107437
23402617
8553203
20666569
38970958
178960
12187
408035
30026793
14310597
33519853
42819108
19026733
5927175
31727965
30796841
21163548
5420638
21516975
437435
14644787
29503562
28103134
27506509
21953346
9747280
35651071
38844670
19218246
10061881
6819199
1802618
2534313
20562368
16281935
2654575
9156091
10290579
18621245
32943172
13708871
39951482
41498488
12020298
24455710
29794471
12341571
23555446
8348010
20959485
18704831
38904764
21805033
1005056
28043830
42206195
12954830
13586466
3127215
12953762
21215307
218064
13206196
26835724
3645670
-944988
8970128
15739590
8318441
14130010
19270667
10990040
5408542
11885483
37681587
20884941
16426598
22255006
37529099
34920291
16877560
36501404
33882722
40520316
16524094
21000993
23625558
31515960
4863154
8431258
13229605
24479564
41480622
21444813
18249744
41150448
34884499
9674940
19760529
28659999
-706291
34833919
31835954
41370317
24863089
30946626
15332069
36955384
15312412
27547332
40240632
-449213
37579681
13205004
42493413
21660704
18359672
12739167
38710465
14867561
38346858
17486230
15588948
10947138
37691420
5587306
42833678
-32831
3213684
26417622
6494967
30857851
7842153
38193386
38378113
33738249
36730241
42553826
37932066
28353908
29837196
29903312
2867155
39127742
-334057
37416945
20148854
9608923
27199631
11578238
1784159
3702830
20512193
16578761
9667879
40157749
8970427
7521566
40673993
407288
12297586
808296
28889073
30758584
5073216
22863473
943297
29537550
20867146
3230778
6516623
27979128
29685485
39160206
34060180
15904174
-20458
22653786
16356231
15728418
34203573
15473179
12024505
31163239
33501165
21609060
33311572
25874132
7656238
31350349
3149954
-153376
301711
3645036
38266572
1206951
33408689
21181367
40758175
2678104
23333724
10755631
2853292
6614227
13400497
1263829
35891559
21966748
23294006
37617057
19176735
17242196
8758888
24193274
8368049
10526596
27031892
41162797
26767679
29192405
42237904
11256170
17496800
42300231
6271857
36633521
13366212
26991239
13945432
1174976
19357117
3590052
26002441
43502065
18957368
587388
27870540
5754024
1871609
28151296
23865691
2090201
29391204
-367858
4703156
23684827
40461401
12423095
14296500
41586763
36377280
31365454
6016067
30643023
28854825
5686501
33846778
21609038
30369296
41131409
18568985
43115610
32360085
7991890
19659367
38719175
7171160
42185625
10722157
7399112
42286475
10116402
17058963
14687346
40384221
16621072
6738478
6665410
18232712
12139653
39572051
19143336
34997384
34221532
39398197
3010100
24540450
26240644
42467432
28580632
34624266
6867770
12824460
33799595
42697304
30251893
24181857
21965918
4414101
20991897
42770096
27409806
19541763
40385812
42075571
20252140
33001367
27816536
24493846
19230919
8101915
19324530
17886514
41513190
12770073
1707667
19399038
16561965
7768759
28536536
27243287
40292349
40760160
25190668
2065315
12329081
1551085
26098377
28807650
8311438
21172430
19466928
36394740
6440933
8318056
24495544
28225518
19793809
19614231
3899320
42424773
21770271
10020110
11178843
5405741
29541648
29805400
3412377
36853450
28762850
41549856
28939874
33428838
29101611
11905701
-42214
11803948
11241890
21264489
30422551
1403787
36337279
39632203
31482345
-842756
673961
20773477
12169604
28106659
20591901
40225872
37733235
26368189
41939067
3547500
4702747
4128385
12905845
31411841
3086039
14019286
29996406
17054822
24914041
42217902
3393418
27468977
35095703
22008564
862975
33837403
15619862
15393767
22348578
6086524
8512127
30550219
38471323
7619561
10730236
28613982
27845488
13022868
5952985
18078362
19984612
32785548
20815294
9485187
39070038
1791676
33106222
-556674
17146221
20345649
36430054
13060297
42802989
33672268
-471070
5514738
24403936
23228971
14386584
3176583
3898918
9272442
42267259
30045160
4662501
30540767
5658323
42809814
22398593
5889674
19064878
17671770
4009790
32139306
13348180
7781372
28181829
22929223
6159887
10149274
22497828
35774862
36341835
17722891
8302514
38089073
31469152
21578576
24773420
20812347
11813387
29649279
8690452
5312160
26627363
37581437
27952879
3567747
37786431
7092679
11517264
43234793
12567011
14579556
36347338
3565411
41800105
29645699
430189
38714831
33046699
18660107
28107669
40874555
34183570
41431372
9897402
41428329
9445584
30649311
36824802
8523126
7201005
37481177
37232744
39568798
260066
7928617
23972348
32658358
28718409
42734952
11349614
25933513
33723374
43346093
11478266
34969690
28668466
36511979
9199198
35659309
34287484
-114514
21870178
1265091
9183257
41774138
11015204
33466568
21605591
6244855
41726342
21855978
37360958
33701370
27450055
19165534
25131838
-47202
22124999
43295865
35305155
5480128
1558421
5748953
26001437
11232439
40838907
42372837
23993070
18665438
2371755
25150142
17648221
3684294
33342394
35317704
41570275
41263312
3963089
21817055
37252716
21489161
19120816
32443513
38496387
30776564
15890329
36423040
31131259
35413932
37250576
35296622
10453689
10901337
684600
32304938
85713
19706973
41261554
2950498
19018569
29570982
15607111
6728549
33312532
17273743
38650662
3364000
25955934
40634974
11214470
16957710
22829338
-850299
38231410
4964360
-65960
30493955
33417375
7984939
28347602
12777784
18423710
17161174
1855518
3428870
43145144
41739180
9959464
7434129
37521464
16547126
30925990
24168076
31626295
21473178
2953017
6814706
17679751
1434989
12065846
17471052
582351
37996362
13463309
11128181
2688085
43142077
40316917
36082777
40898142
9381955
37606473
22467801
7462344
11638239
18724568
7383889
30415883
39453384
9438170
9771143
42304430
29067942
20591200
12611466
12694401
7209725
25862345
13650835
7792494
30509420
3656248
25606558
15059630
30328518
2021007
19811909
15948387
29854166
20282804
41600056
7491186
42771124
20353600
3964987
11502922
25907583
27573663
30966786
35938782
17504042
10028495
7707979
38083067
32766046
21417148
29517201
63377
3336930
21737288
23191142
7161964
34225113
43295141
26321076
3832114
33197441
12135554
37420555
18340281
30786911
2252941
19486193
17536680
12410268
1337502
9356482
17925910
37758539
26739328
31083112
9047835
18214188
24010228
24985636
16834344
9922439
9239703
9096122
38011355
18983679
13195415
4415541
40572731
37059840
16490832
30295445
22504886
14649200
35064978
34026199
21301136
39471723
8162250
7384025
14823908
36666397
25646877
41578622
16155283
915643
32570539
37535483
18292421
19220555
18247063
11834863
6809969
36079503
37654537
730363
5043658
7263316
4016865
30475860
3077310
21446747
18382582
-472592
16151929
6539643
15614949
-103858
16952039
4537227
683332
25141327
21888314
35160391
21676042
38830297
13327334
23767591
13092686
34135353
31471360
35754688
27544225
15393004
3078380
9289650
13250290
24507721
14027674
32440175
13226380
2702919
8840634
30858434
25684537
8322728
37349785
10374530
24868209
7926032
5789945
27857875
24270
33411277
32012702
36783758
34571222
23030898
28176305
28315671
32181904
4769264
9445783
32749646
22292108
3564059
41832304
11542731
12021278
5873070
25001599
13323772
35719290
19738271
38435495
2998834
14370535
33927101
9390318
16889156
4821008
20703577
8372545
40670804
40025700
19117258
6922483
7630073
26641007
25676942
15893603
37518248
8213072
21221927
3512033
40552937
43099088
13904627
28349556
8683606
1466718
5044727
36086884
-444888
30664607
33690332
5900590
8945781
14219228
26983
4066313
14695735
19709557
12113009
-125393
4475981
42024272
6796983
14165164
42962019
29306196
7210385
35965147
6077666
-647544
27899621
33207306
-663692
24144206
22371636
33428888
25375199
35656107
19388634
6221954
27152593
30539897
6707060
7328997
37823286
29546033
139833
39011381
38958324
31421140
12608255
32889160
43197319
1955363
40302020
16845625
4111949
36931487
3675605
13334117
25275984
29475707
32411315
36802760
7564886
42216426
41531725
38600057
22318796
42373894
32221515
36575635
27511092
28738701
25408728
9847210
42963065
14446933
1647847
32838483
22298312
12161997
4219756
23719456
12443949
10816142
3655107
15173907
40755328
1426873
10720517
18124441
5989022
19410928
4387624
22272185
15904681
999384
19870976
8264270
36970755
38920206
8780726
3075770
22862014
19421031
9562412
31638636
20773246
40722962
19908726
8633072
23709589
24282444
22270934
23575938
1849736
31404169
42086500
25660228
13042054
12311890
36664444
20739860
11455357
4482078
25031136
39526012
9954106
27000382
26630481
27267539
2867614
36724507
-558278
24817094
15188830
33180739
4890576
5409874
11791002
11931659
4017715
1461470
36479700
17957874
40818744
38963917
8082503
1560594
13090531
29925151
41387927
5947978
5124221
23601971
13023656
1548347
16705015
26555048
8321641
19100217
29015681
6247318
26369464
17369685
-676500
32616724
42666060
42131993
6014043
7914917
39190140
6788338
2751101
20978765
41933889
18511163
5422103
27815164
32070648
3897115
3637711
29268157
14256639
40385231
3817985
26121467
32299012
40531276
3453820
2050363
21854200
28403186
1796366
11604221
8901778
28381864
6659442
22317248
855196
19856223
11045389
22218652
2138675
27809451
34146752
8205765
12574005
10644100
-539304
21234765
6310396
29464258
9246069
4441117
22383435
1858423
9292547
27702596
20047993
31916396
38174602
17129294
16108503
3726440
3389649
23566893
21210519
40904972
32592427
26029654
32851507
8412240
471764
9848450
23560460
13068404
27117293
38483904
35735335
17745232
20692234
35228171
36987964
1060921
15764620
2588820
1907768
6814183
30993216
19594654
2145682
7224332
23036277
-641721
38906868
6042120
4305052
17606414
37497371
34562711
16286608
16745764
598281
17927715
27884286
9452896
14794354
23231254
11092720
20277485
32961429
9258489
32708442
25305219
7717853
27982380
19346790
23683428
42737657
-861615
33232979
15154965
35740095
5374113
27459416
12047545
1431025
42120480
19366044
13234369
29076611
17361603
24373263
30794517
15435595
11983607
14510192
19693989
16268853
7036886
19521842
11825778
31398238
18744050
2782390
16136727
42130761
34234338
18273698
8281488
29241342
39064003
7667504
33071675
20105274
14207641
38575206
5143898
34939676
22213263
12972777
40372491
19166231
8871697
22118722
27821793
38164565
13807023
169096
27630802
34761026
38727721
13901530
24114213
12220166
37370270
4283752
30768989
38260248
42026757
24101573
23720966
10549449
16383984
13378517
1123370
40800072
13055253
302868
11409819
39479891
33264534
29347429
38183946
35249036
19292220
25794041
36154829
19500585
12801252
43113291
23766721
8912463
12865343
26343255
27779598
39393204
3717289
33159228
4111444
35682306
-35535
32289072
14206324
24369953
13574019
24632764
32492720
37732188
19111589
40056133
-726886
11793742
8484177
22651285
41122007
27654641
4723694
8853584
16330011
3477613
25958563
41759549
15688494
39599681
16955599
13923781
26127669
9113886
11692052
11247553
16384037
38270770
5469849
11757023
6282862
15347610
7391055
1375065
14743740
37418155
2855981
11650801
20421590
5164992
35143209
37762211
3052514
6291182
18516651
22972060
39659706
20863939
39174038
1613689
4839597
4897507
2256245
41323334
2636571
42460325
11023451
20863439
29272239
40128533
5574694
26704625
11274836
6554875
3769701
1112808
15189744
6113102
11075658
15524702
25734676
7582105
6890091
21784158
24226263
8336159
23418834
16903403
10873336
4877788
849866
2934653
38473258
1304823
34774935
6083288
25955123
31194886
20005254
20513292
30023196
33019710
5930955
41538133
18793106
24960712
14818504
13788651
10060946
40856004
19188277
8566571
1738233
5134480
6489770
19013441
31018507
2434409
1093071
13994191
37687405
9159585
26417435
21951152
3792925
25739605
3943580
20169740
34298904
28873538
38571261
27797067
27556640
-365177
11699166
18751913
41130030
9384681
7295625
20761297
37214210
12756062
36646906
20197711
33473308
28920576
26836429
30900554
26772286
26007493
24708077
38433087
5404949
43365937
26261852
11389744
4851719
32981450
32823269
5352512
18263497
3880220
39530756
26776313
28384783
1868245
39283241
32378392
37470421
37204941
14595761
40722515
6223517
23353970
25812909
8695386
43019387
35666009
2918385
36510997
20562838
10590898
-509473
36759627
9641862
29584522
23017233
16715338
5964452
10899157
13424839
39763711
2392061
1246210
24053156
25146935
35181862
29775635
35512025
16015316
34009057
34100022
27319630
33731038
39051707
7201628
2881831
14537715
21093518
14403166
2802494
30713849
7184051
28175842
30040272
30164405
371940
36281761
-922550
9162691
2758647
41060766
29347368
39077368
20629453
31786871
15391130
27880156
24118158
27832331
22049502
8879375
20400690
22113659
25138900
27509972
11273590
30817094
20849422
27596288
30778891
37390656
26890518
29226063
42759341
14478126
19436857
20246150
30159842
32194770
25923844
30756882
13500819
28788246
13392144
3382712
9540900
17695909
30177952
36590562
9699302
-902102
-107317
18972279
18634520
33697488
3001730
30364371
35990057
19873482
39678046
-670570
11527456
7116769
30427932
20666125
27572952
39084081
-41542
994814
17588112
43487408
3179446
35711626
4375336
7554660
7416803
24240822
12400201
33598678
30121685
32363808
18880669
11616464
1983633
25426450
30204309
30599467
9429520
39443267
1344007
2507011
39129908
23560192
33245968
11030235
29250060
26572085
1384266
31033076
20288393
5373969
30015981
1303033
24641670
31227897
42673218
41673517
37275705
42307058
10793527
39421261
19808007
14883505
10488731
1301052
4766557
8793596
16224107
42816882
42926366
43061649
40803925
9438493
12508143
28005286
19605439
33212892
30468144
8957117
26015595
12895965
27204298
39688304
6631951
11353555
8309619
11449059
35896030
3771736
36128376
36856122
35278537
6621126
9119819
32472652
35227753
-444179
4615131
33797350
7752965
2438353
8450810
10550119
1877102
17936285
41614635
6246090
2816063
39198452
28241575
417727
16881373
1300479
17104582
40731789
14146086
36478052
4479112
6564654
17185488
28851017
1916658
4329779
35672401
42331956
42577869
21377291
7203189
42387272
20664936
38554790
7502855
982552
33411374
2093695
8866075
12850747
32045603
3428840
37301013
12385253
13878364
26351360
9526758
37302349
27441975
27903956
29777795
2209115
11153866
1460057
15902435
42110828
30510952
30052679
14664446
27706678
2150835
-405166
30031614
33723572
14823632
28197669
17854875
13349090
16656091
4862240
17507095
29931604
34724173
684843
10107408
21697862
15041360
9144168
3741230
13013686
38223136
315165
26399797
26234876
36035197
8121057
13900345
7254132
38384239
32654763
4124649
1598441
32351500
19019200
26323750
7700879
5864544
12647718
29308000
5228474
5730642
24628779
38417036
26065497
30987738
38408372
-954964
27490871
30476728
16929317
7528044
13014464
16089248
22738730
16432688
39950715
28971018
5408537
40487584
13996764
39763858
38081048
35331908
5172821
34197837
22668786
9435537
13831108
42072895
37013100
42631110
3826628
2479135
-316910
16685040
43275225
25954385
39326804
40490800
39520976
41515296
20581196
18702797
4889337
34787397
32038884
16109702
23554063
23015841
8694156
36209795
33682103
27535045
42845820
17937605
19873383
30086385
9602074
6644004
1004764
4850410
16347122
-918657
27094706
19784470
41030104
29600035
21816647
43048921
39767867
16483001
16181107
32512397
14052019
26530630
23200
27095122
20395596
9328981
24983945
18476879
24277920
5053866
27710168
19545979
35055309
7549303
36803562
8872199
2381974
32497889
15002768
29354305
31731628
14619027
20809927
-403926
34359658
13909433
6450116
22970509
5292034
42669397
29485021
12966728
10848468
13899751
35212332
2286024
10247858
3295743
40589380
12578835
19356916
6819119
1578313
12929526
10970372
19817027
21536091
36792981
16404493
38910372
26472989
9682396
18871546
19575963
30561191
5145399
25301780
33247591
39379712
4781137
36257015
218161
13882800
24267187
18223533
29456073
38463167
34214717
28267116
33868350
27844534
7290528
37602661
7335826
21064871
6117633
23482158
7518351
8974259
41855377
4332192
17745504
23295835
16053210
4887939
33247275
30880282
1699899
13681218
22716301
23558951
5192314
38745140
6971862
21989709
43168389
12224927
7413012
17523413
42729014
39033848
-48097
33597349
24088910
13622809
15347787
152144
7184585
24962056
1843026
31603845
16721344
3914311
25039288
27622433
17373076
1624467
37765393
35040779
8483919
8057248
37195033
17590190
5273752
656297
38408716
9683114
3281296
-917431
30984037
34477033
36236965
10738378
8446690
18837720
2875021
20874343
12779220
38235665
4867896
1964642
5190652
-293031
42933381
35800292
42610078
11961955
11418235
17076970
17893204
418577
16777860
16959224
39407972
39486512
37772527
32634120
1794125
8439962
34208625
42134339
25939069
30432436
40014396
38162372
898698
33632872
37951856
28267746
-341422
21870939
34394150
37750339
42631757
1981309
32325083
-493896
27128138
43117469
19591622
1926729
11552783
15769314
36748925
9875943
34622139
24182952
15754946
37729029
43063611
41193911
38021877
19917870
26440930
42435476
5819963
33991787
39903219
14157293
4514018
15786116
1094360
22495716
39508361
28898062
7513607
22285328
36722395
42798440
18370853
32155644
314228
37934420
29738394
34000062
33378091
1186958
10038568
17865465
1131265
24185285
10749216
7871132
10763551
25100725
4606291
18757045
36832881
13258058
10098436
39012665
17989311
24926304
37744540
5379083
34310511
1368984
43280282
7853569
42702763
19382429
22336595
42539566
28859539
7610112
23479113
10160583
16570670
38617136
4233252
24552022
6080572
1549602
38221671
28532974
11431182
25603683
18390924
41558839
36457044
24169041
9195084
43106329
9993163
26595250
30611590
33100555
42364843
18532568
19342271
12475335
21786675
40162494
8985602
13222803
39681182
-494380
37901786
5175024
1294156
5730830
38004533
3788017
22551920
8149401
36891307
34023013
17040623
34070991
25302164
30160195
5713737
3647283
37247328
43330000
31318246
25369952
6409372
28342264
30557057
6939617
5952085
25266098
34068825
1637161
18112688
19832182
9758791
6461189
33806717
15299969
132860
5625777
43273545
31485356
4969232
28476683
30177142
34839792
9550309
29026524
4732165
23459299
29925203
32502779
37151311
21931210
12119018
16817600
41566524
37206674
3938534
9904922
36710107
710158
32418045
26822560
17878115
40957077
4192175
17368423
43049786
29805395
20099944
1426458
40697230
16254326
38544969
37003069
4000055
25787192
33471296
26663989
2353160
29052453
22052589
12665600
31061476
1913584
17076162
28534288
14117828
8808434
28790337
35506951
17406600
14898782
1804623
21419141
42524376
39277348
11927182
27514537
8804653
7441301
20388201
35303025
815934
1667368
30155981
12219827
13634917
17679533
7591880
23089779
24131102
17261328
2680683
31957560
31321506
32607121
28545307
33992703
9656792
37408715
21717724
243691
43187387
10079586
14378872
19450849
8510161
42395773
37892532
3729739
20557245
15532643
19342247
36336008
1947719
15256317
25170470
41657470
-527028
27680398
22654279
7469819
34244979
16876001
40228346
16911969
11368277
38743358
15696817
449759
26067527
29500499
21654408
18869226
12904781
2832469
16615334
-378530
3018988
29344752
38803810
37966790
38146375
11334739
2364225
36173666
4762442
12669498
9292783
28362271
9578648
26043492
20021224
25370060
13368722
5862492
22072312
41256798
15763761
38698529
83148
17854119
28460695
20042180
15418034
24934929
48296
26832524
26642176
28838610
19532418
21856450
4730149
-904101
28305647
17718722
40032583
16797443
23629412
12116134
7741
37274747
35774353
20351543
40386409
6584183
36470548
31113240
4225130
23751151
16841459
27397972
30785705
13962627
2353452
18506959
10910884
31571347
26180774
16589050
32582969
13071920
28767496
28043861
35307437
15356032
16041477
4089181
-942295
17218185
36624669
1371575
24618785
10856273
26385236
41567266
41028671
13913082
35526955
39126636
5141840
1693490
1743426
7073740
39038253
39563793
40201126
35589300
7474207
11114260
26834207
30431273
290700
16952556
28560331
24254248
40598292
4362110
29952951
23328128
2902337
43481047
36589605
26708193
41548618
40635934
32021710
26951471
4440115
40719210
17553657
16595524
5951208
42648726
39696631
16186988
352721
36679491
9818921
7997556
37279854
16265842
24933199
36717053
37355061
38879415
38883065
11441955
3793939
31402173
22711337
18698470
32164758
32940537
42441001
39480123
2546864
30929
15519538
31947376
292613
4092333
7389673
23287412
40895231
26041600
17142128
20821809
14270733
32930099
5449921
4455462
36942355
9759954
9976946
26151377
5395669
35625843
24043224
1397852
35244530
25351935
4091323
4848523
5473402
31195806
34818818
43428498
40183932
31638726
33865669
6376492
19728756
16925183
-216513
10953430
16988353
7096705
5177959
4131675
18176538
37490596
37388452
28284800
14128197
29193596
23630218
204436
23769807
18595684
26879532
41068144
10429304
10243260
2404379
34736811
12701105
1537186
16438580
1419306
22833406
39792971
2580864
12896251
4477595
17826190
36217861
25439946
39808965
12488542
16589832
22492289
16418032
26262153
19400492
1999642
24986514
13494857
5229656
871206
29603551
24200470
30524442
42675136
40839770
5631909
3792993
22856665
4313307
16279562
25337818
1907754
31021053
-1635
3731456
4844056
8232854
13974714
24945731
33815866
10884940
18397905
42175709
21404309
13102878
2738916
27291140
6739628
42669604
6816357
9888455
30010925
14590768
24376805
12067918
8034118
32081327
17218692
13194931
4577475
17568516
15444092
19265305
21257620
16716554
8192906
33658003
-584180
19068705
19896490
21367685
33056340
16700463
41860525
31929813
8143669
17046596
28777111
23974733
8976097
16635676
27676814
12922914
3004020
16175173
2087203
37269377
41499582
23880202
28670842
22868900
30453201
17867790
39215354
10912575
36347257
2019280
28752050
20856340
13234200
7681
26769616
4371151
18341621
22645984
23416960
6107924
23466258
-235903
21635209
38553161
21170615
14143904
2623774
35593822
24716989
5992932
13795988
6946905
5991485
13628935
31365165
13867740
15084146
-871456
32884355
-968269
20761899
12442797
25316657
30897280
13776497
595241
22706883
14772222
40131767
33947508
4878762
42720244
26388330
5226983
31599874
38833531
5336605
36631480
2302599
35695877
43045437
41624010
12355507
23127397
298277
37768752
26600462
31165247
20581416
41299573
8592028
20647812
33086032
40181512
15230824
35472561
880023
39379430
24781328
5508774
21424020
44551
38482538
9626340
15493585
23527739
27255682
24465462
42836888
5629301
5913924
12997477
5733428
6014581
37072091
14190578
28279852
27830397
17847273
39800196
11617799
28331968
26384477
24433495
41461587
15612081
3646808
30076544
32299712
9328505
5324476
2416482
13624432
22989511
23925703
36226037
41968006
32338348
127606
24458539
-570571
17398940
21074913
6936433
18581758
2029239
1959016
32098076
42814
3330115
26290975
23738734
2812039
38574365
33540107
42813581
17703474
15582689
41568187
11095836
34795955
9054259
13590348
29469191
3902393
20155371
15957418
36086062
26453985
305599
34749272
33309803
29623947
36693345
25008713
7458762
39077467
12349341
13362468
34039205
17559794
34067605
42796365
38570564
26487094
14758959
35686085
39466185
14149491
4972902
6818824
33460487
35150881
6384651
40125307
40456445
8805942
-197285
10931395
15274009
28982079
33801227
10634620
18874457
14694542
32341719
29223138
4910912
1611837
10427595
25504037
28035862
41888924
9059716
19742270
32769297
-848701
29350076
15121109
18311858
35157492
17505406
32653907
31820407
25005679
36292494
37679007
27811062
517396
23991084
34954211
2147971
16165058
31210348
30654109
2830058
16689651
37611718
17276399
5307972
38761520
37108055
27224415
4100476
16816467
301713
6135402
25466456
37867530
35032878
35275168
39025967
5351188
36167300
3675573
6875180
11153873
18825841
22533402
8552714
-48148
11498225
20370402
-9230
33354830
34296598
15657213
17105189
14588875
19466118
32048611
24105881
22062694
33777943
6326421
39395816
30562690
40171893
5313074
43454169
18658125
9775095
7687839
18851439
39576767
16835827
38579008
5553741
18123196
41457055
34443798
40419476
12539169
16925169
33583314
39691887
1492183
3464513
25818290
6690304
5475211
8001671
17937704
35547028
17526418
17446159
14080556
31161749
19052194
40792056
26067520
8525241
21616593
10572483
29764583
6808949
20880919
20503398
4193403
4768402
17679688
38211735
4737986
6272216
7317322
9090942
16629371
20507431
27421730
17444036
41445650
30680212
30106663
40631561
15026944
28224615
16523466
7019232
15272883
28814850
28047492
17517586
38435165
41975890
35228819
33636122
8516894
19055211
27359557
34252837
10669971
498304
3451500
31017989
34521006
5976282
42422633
21904195
18540229
10577262
24649131
17137885
36912432
4648977
39623785
6779444
9866635
30276612
36691123
27702375
6743673
1845519
32267972
29424546
40112410
10007929
28947836
12450921
26512511
39143536
40019720
12294437
37226941
24572751
7666646
20482984
7454138
16017009
40065129
35771333
30034513
21918918
22551738
13179145
26219893
15947094
18545661
4084510
21625785
37480330
-626222
4236440
15842950
18308778
1724365
25492269
9033366
25904520
3553188
35416058
2759760
18529729
11990652
23397544
5484503
17352129
43332493
4001670
20290599
14441372
21324740
25757045
33517272
30029517
1200485
12601145
34877554
20583548
31688615
11457700
32859616
25322639
21267651
36175259
30318643
11085654
22540315
31265239
4221104
41541437
14179327
1999697
1162957
10475962
6501300
24099177
42443002
19596787
28977582
382453
21829042
16382388
38966658
2844454
23008254
5546511
8434350
28530801
23211571
43024521
39110945
43402451
19185833
41418318
6791126
42155742
17165369
33172196
42632745
28627566
26935739
23715999
11340016
9003190
6392289
42631413
37534808
42613593
21143523
16183650
12462079
25057618
33772555
37625803
28195690
4346602
11442275
34405525
25066224
7808535
24928872
12844632
20791674
29845965
38845698
32627654
4999689
39167970
36520988
21648132
9770170
13752902
-927569
42617195
18032293
35911652
36666723
34992377
33026614
20824099
40235398
37212049
28921851
42296825
27248113
4851455
18623821
8927539
17946977
42461855
30887688
41721028
1783839
7964476
9271007
22904408
32869865
18694301
2943458
33484833
8852460
27547226
35182623
39497049
24455459
24772184
40490758
23643531
40758205
34220063
33097765
10544777
40000779
19618773
16295561
3070610
16318796
33835718
37647011
4633392
24897785
29088143
13825535
10435853
14414496
41124146
28617992
29754401
36877051
36720717
35088123
32683630
41492610
14827716
17505817
7755484
19148398
13640078
24448289
24759801
16891551
18994506
2558630
-60561
30386682
19454528
10437364
24278682
23561073
15834005
36404481
43055363
23688594
24701453
23095665
9342572
33576483
7998099
21425933
22452280
31026810
15518456
29887139
11099751
39641475
26046672
20359298
7860321
35201190
22548457
9639002
29074608
28268445
27456402
29434765
41219273
7148669
36289615
5061091
33519454
19101954
29248475
37308315
12212103
8373843
20105923
14501071
38174762
30649608
41859821
11006872
33340995
13468327
33324872
8597364
34801088
6566973
29613875
37104970
13040563
26195257
30124527
187178
41192871
12675458
32347413
25576394
10448417
20942506
1486545
38672755
40063926
24204460
20423616
17308169
32195181
916317
14838812
81713
42124259
22516025
25683181
2272961
11795761
33501944
33585528
39936446
20421490
9134838
38791102
34743011
11654361
41887479
-1133
21972213
458523
36328765
8869984
3657177
40430706
1064738
33093977
19286122
1341276
4886501
23618310
5352250
20421201
16548857
4973026
9521091
4252092
31273397
40301854
32673454
32850544
34608324
21781148
3908453
3631869
35169648
871536
23526731
42556242
4906053
12188545
2332142
534786
26522995
34609616
20377078
7017024
4422536
7135339
41266221
38375827
7659773
27980877
6762207
18996969
24403257
33491325
43138965
39108819
9204640
35439576
38488548
25336260
35426364
43467672
17957564
11432
14710641
1187455
17088105
13258412
19778119
14414782
35876971
43509001
21585151
30137236
22994376
27639732
42090060
29057748
21444734
-355341
34815881
11707093
33104767
33587415
23746371
29035114
28087508
12345313
41357628
26193943
584761
-758288
20498022
5066078
21728261
10690086
12727734
27594257
25688942
12129418
41565012
19845905
8746221
19648545
562406
35467831
41793347
27690388
39090895
22314843
3894360
34288195
9135580
1031614
5390483
9434651
4758540
19017018
34067585
26336527
549195
11532461
42384353
15637860
2510821
21226311
11428061
30589300
42699574
3379833
27190691
18926459
12971172
19231926
4638415
3846665
38430509
25425575
16329230
19594506
7394982
24420531
6289087
15824345
19664302
23471709
8319621
5766015
18060669
21118644
4294757
10428243
40613984
2008378
41756337
35129985
39896752
18807221
-205497
9723851
35696097
27221765
12503643
500723
36202688
9631812
35366655
21969698
2061148
22431856
36964271
28639168
26109046
40528853
2642951
6898196
27193329
34570466
33253368
23926410
32643690
42688759
40172130
12281016
16187682
33599078
25292869
42524560
35609848
19928663
4164885
40786501
23101516
10586470
32803598
20081602
40975387
23483905
18011602
4958563
31291101
7876803
39664867
10046563
38122190
8346925
27266360
3260007
36054636
27131884
10048906
11136516
2197894
6706328
629769
30381329
18369286
5682219
42204482
37718557
16604426
14349095
24863557
9385062
13838343
5499563
35829846
16305362
34960475
6620756
1887072
19417889
5001354
26138422
3421916
9646767
37122255
337153
39882774
29334898
28182006
42851053
31295871
19179522
39963183
12891425
28782285
9902210
6200804
22772868
43109971
36146430
4862232
17637758
26022154
42148468
17088184
9734210
30968178
17641698
32575370
35882095
27050789
-468651
14535220
33609614
43392216
13671822
21297842
18440111
18872068
26172866
39428626
549811
38738353
18688390
832285
41722699
1759291
39753597
21231259
7010988
15710458
8017844
28592820
18344073
16406535
2840884
2792802
35309765
8270401
34902550
32644151
11656437
4025191
15674451
21047233
21437481
24047117
6647764
24800577
33051513
39136330
13480078
-18076
7236238
24953874
13782333
12996750
-770500
2140078
8137660
4447431
19781700
4725986
23203402
41516510
15818005
42961156
22074413
36230113
26842488
12850652
13360587
5204632
38907693
6550723
35811194
23925675
18532967
121599
39538779
38921897
30081685
42200001
37924396
38447271
23687827
4324107
36806062
18750773
1463725
41551836
10760469
7072895
7796261
8926856
17216040
25786932
35597118
37884297
23672992
42268461
3206155
14815582
38042571
12515127
42650163
27480260
22940181
31454119
23689773
41036777
20622038
2603374
3965892
5675772
8460175
653114
22716333
37594358
-908044
35161723
14211562
19455268
5939375
14371791
34014548
39291224
10540405
15357224
30709256
25667179
43109328
23762129
10708938
15055821
6582509
1798274
4419146
7852546
25363997
3354112
2721927
17373579
16547573
13998319
7451882
30924611
14183590
27472060
18209637
14341261
24824619
22960741
15868538
25974427
12835363
33163879
39624611
26338497
29334800
9301329
8067877
11374696
13348535
13751755
4106678
43092241
22178183
20752128
22545678
28889858
2105171
6965832
35237839
29471952
5277393
852980
8107875
31372346
20811119
21139153
18474517
43145967
31770087
18963117
8050379
8033480
-264918
38105578
41913279
12578123
23384875
8712498
19132363
6602929
32495294
-77097
22798391
8224741
23351490
32259445
11278353
2431754
39490683
27501280
19240900
26401510
3561086
4611278
41459472
22494809
14418596
15468770
14005495
34519355
37803794
30835941
2482660
15299739
4234077
27319790
40697614
34927272
38056824
42232125
9597260
10611476
33660122
33095289
11035625
15023418
36615660
29222689
26306043
40410281
33204675
35773904
4735905
15539449
21728601
17975009
12015204
20241702
12085086
35635106
2525844
3302598
40545646
1975764
9592734
35357265
26458103
31895530
31421453
5265938
22729864
362512
31184871
40657512
7976885
18763963
6563532
24396194
-541998
16264028
2506113
24403713
26989785
439890
32516417
20436751
15866589
31798541
11623331
43395757
2228817
36937279
4481924
11325653
10620513
18460097
4582820
35057511
38310207
9663999
5295081
33604233
37299533
16156220
38857719
2629587
24930176
10417341
10793541
29676527
38129430
2071124
9168374
-285563
2826150
7919565
35661618
6185690
13212538
3072868
8878014
37485942
31842873
19379692
239157
35733954
24891159
34468431
255598
14913134
37970565
38214477
18305967
34307833
26812658
19485338
11834053
39403686
32931426
-347000
25392967
24172901
23204583
18473684
32865657
20945261
19252794
17770968
34179179
21669007
36274528
23098645
6119500
19897628
29995507
24271472
20418554
37567955
15439721
19330269
14371802
6738629
31902755
950953
2785866
8119503
38001987
6207935
11218442
33992400
13623216
18779837
37876330
37528045
5262562
38469671
9770395
31705642
28500755
40492316
38016988
28979706
8434500
9058474
17423619
25709384
13060456
14108134
31052443
27053294
30182742
28258126
17975221
21704375
26046765
29112364
887517
6827228
188510
23183562
9938240
30751155
20283525
19565739
9678945
27550088
21521949
1992154
12394786
15641157
22139668
28312647
29629618
33682149
39462796
8452116
6294339
2694128
2437106
8035143
17209632
10710299
12637127
34459412
2654639
18724431
29072712
26345136
6036327
32955320
23279083
28595649
6066175
39506803
17185952
42692567
2492057
4250388
15961697
9963057
37651284
4207166
36111903
2055884
-325132
31193099
22542849
43194854
22954923
40445466
30319596
37510466
25955625
41050954
-219570
36539455
7018879
20675089
18431479
17929128
41126474
36602533
9427399
6652727
43348896
37886235
5415370
20621511
6418485
23697084
2506101
4390937
16478993
10726493
32676291
1488672
12602401
3711539
37346240
10042299
23252172
42908193
33284192
9356421
32197349
12632794
39680704
43397281
35779299
18033292
2263875
5235381
29615145
1353894
16308861
18926086
34009663
41222826
7828077
17825946
10528777
14468645
17440096
30972479
24543185
14576562
43381352
27760818
20683535
15005019
19100058
4140809
12214805
31499886
5109539
23886592
13526895
39927653
36526756
27542170
26045109
32701004
11658328
30179685
38296469
42457052
18593431
38198896
11792056
3434190
25603178
43024398
15657969
43042701
34533830
19654059
8788504
3539637
25038704
34173170
-324520
2194109
30871272
14710052
489208
15038212
7325378
13024350
30579973
24120503
17025116
16678638
33764042
30947878
5707459
26462520
32586525
2369018
12472744
41158626
10592798
13878737
5742771
16701319
42170726
28135201
41282525
43490746
29033856
40086798
29850277
33023607
39971399
25120964
139912
21982382
26743585
2584574
16533117
23025995
30250892
13398716
1749613
39120020
2041300
17820294
26033580
17194410
24574530
43217139
17421224
4942359
9856985
4023736
40546551
32774389
9103925
27636972
8486520
19504345
21115283
28015129
17899430
21382381
22283560
30715886
37289831
33192330
984521
32749696
22741072
29246610
41789764
38638516
36246361
38712378
568521
17912140
21013418
32725603
19442257
14938225
39114199
22020459
14645752
10060677
18774441
29174413
10754785
23409719
-790431
20004963
32583210
6701134
13752069
27874976
38554022
30582173
40379064
40836451
23205678
18590970
7238113
9338792
13127666
29502741
26684356
8041339
37663530
36183380
16860218
19107809
7201835
40748057
12961970
38135650
39952680
22426569
-374338
266737
973040
27524671
2948682
30109905
41979250
9279535
13575973
37205090
39669993
22593969
39186702
35731781
13644468
34343345
19572255
18511584
7153472
26536295
24136324
31987039
27198206
27374730
32161468
30571971
26017515
16578954
2157385
26857271
3069713
10053135
8097651
3473516
30421412
40534606
39073731
33438083
39906484
14244436
36467376
5465609
36520906
19197244
912446
14722366
12800279
12132617
19723724
15341974
1939820
40122222
13268113
22442140
1702134
12228512
4125019
30215456
41941149
33251855
36812095
20001025
13107244
14136207
33757843
28641184
34688454
23364525
12763733
7660895
26288777
42557851
14512641
31636541
30770266
26493167
7168193
11095133
23596053
32228284
688164
17243683
3637707
35803484
12258620
3194609
42255865
207780
16546098
23740907
10169911
26295842
31405008
3401075
24261877
22376184
15121548
41467042
35072704
35736800
34025690
24802961
35243641
32143973
9091026
36057838
10950415
35104025
22958094
41458445
24186292
17312450
2438750
35038534
23923896
1965065
28736127
3576218
33215564
41736611
15195057
23538810
24100502
37585185
17926620
27706480
26969016
18770777
22481269
5717069
15623239
27253021
26868649
28860431
38469331
16550499
39582561
2875707
10101741
33407263
12854015
38924819
18068553
34714368
43402618
5936327
8709541
6312
26766755
4603117
5271502
22044900
19439281
7040635
42192018
7597553
16771399
32947960
43194288
8475942
26350293
39256986
21441029
37496521
32772084
31869739
43409681
12842413
7916743
30517030
17964471
5244028
4416860
14320609
6819727
27407157
33203956
4857000
22618148
26615695
20865847
2229275
5730972
37807582
9313487
1244790
11600814
6908377
32199534
5203365
20399765
39185383
13241201
26010128
4622432
10418863
23941136
23814278
18099811
37538541
22057734
-686085
34074856
7907914
42980661
22202211
40890581
21103528
4105656
-726853
43005394
5432507
38805535
30249711
1366482
33548318
12180177
35489936
22940402
42741227
26772506
29258079
2304260
37636161
6340272
39479581
13125285
37233445
16750258
32011205
5827993
31032974
20640473
10047981
8763786
30211524
43171304
20530237
18402307
2135759
30091874
17032775
10267926
17029970
24311503
42624400
12972293
2805269
38616043
5810411
33167975
29264393
1522608
11727032
41103025
8123057
11420640
28727634
23329508
37636529
8301303
16573502
31168337
16026973
27704489
23628445
23999502
36738051
30825136
7283809
34044780
14752429
41018982
3023617
19309481
7532631
23066788
7854260
35338112
10734019
38163932
11534691
215896
20326800
3381020
31465944
20450748
3079976
15963925
15457392
12939648
26357467
3136441
11451290
15839238
11836267
5257369
42285852
23694265
8219725
18605119
36967115
26857609
10146037
653663
21550606
15569324
4192777
31879322
33629261
30069570
27209327
8706073
8993407
16734883
536648
13102878
21024034
34437841
4002383
18411448
29537192
26383854
22390508
41829404
559204
33235310
37872387
2613842
34300038
39816371
28195103
22547832
12905757
31437013
11978357
22350437
41323773
32165322
31872223
6571670
1011107
35133093
41778739
31000081
19941502
-740016
15454100
31534400
20558916
33712674
6565595
1278297
5735393
3149640
27438233
31734295
42727593
-388309
39276069
41881334
5244615
25475478
7801136
29300286
25681928
34057577
8453391
31220379
36489394
27143641
20653979
43212137
5005615
20373020
31752411
7791589
37837515
2455908
14736175
35554663
26373849
-851364
20369088
24141223
36809344
5829664
18473463
20588526
11787570
43384644
5142673
42358973
22527446
14374350
31100730
7997019
13005220
41798604
15068666
13759640
13267681
14268645
40547749
37256072
26023958
25031344
37264907
19203021
19526871
33174326
16659144
2267946
7033321
32302385
7403240
38129691
3002516
7930965
17248773
16495614
23258246
-406505
28818046
23258928
11380147
40414815
26385906
28397050
26861209
4283574
26176641
27614014
13757103
5707255
35285206
22443091
29241531
11515500
2379942
15289517
14403230
33661665
28910707
18279668
22615590
23846699
11668262
41380932
23715349
32362388
6337165
226129
8717365
30103071
25028129
20345338
40574259
15710766
29012226
25204429
35896287
33683194
27382406
14308123
13363737
29891853
9461611
18403631
22769343
14513200
16371077
33729064
40851858
14544376
2652175
3507872
38173140
1786872
38393672
39813391
31833577
32520176
16381141
41164477
5250291
7647325
17947542
25949681
579315
12859461
19264012
1463943
1283962
32716060
20509777
6993305
34626718
31708245
5127036
35574076
10252714
32888488
12422722
3777601
39170248
7155667
40500344
40244009
39026041
7914222
2264286
14932356
21068423
25161865
15587885
14615513
32168594
15797806
41474949
24373421
26247577
12033158
18191030
443328
34790731
7657982
-544732
12203896
2146889
36049996
43205937
35645570
4024374
35277874
14634314
39636720
19145992
7934370
36230593
35718036
21918900
41031011
38589020
27052064
11285190
13041872
42900738
29937833
20169036
14796504
19182976
26963882
40810507
4282848
28512406
30909884
34988766
22972903
-268446
16792846
33529527
30343068
41041895
24685777
3223324
4605051
18248424
31083496
38276019
28090374
18559931
7103949
26393900
33411806
27084686
28566289
41673709
872978
35116104
24035209
6012017
25263905
26973658
17043655
20641593
33524018
34505077
31182505
20232416
3286015
-188898
39002830
28023378
3619273
4033349
36154513
15132853
24908139
1288466
26815032
37320663
8142395
1474298
32354335
243549
13114675
38044739
28945778
140718
32966966
14415586
11477653
14513345
1529695
34353506
25009079
28416931
43124182
33425989
27516454
21598295
2073125
37866302
3716968
33447334
8876546
5532900
42922994
30234403
42016165
32175038
32573802
4581189
38577040
34965751
30342646
16162867
29410878
23124018
13487949
36213035
10097284
32316186
16555500
21797380
824389
38265598
28822525
7035376
36337382
25811614
20539783
32148063
25764900
8979269
33299419
7029812
35598393
36686205
24298332
19636730
19142018
40747522
35258588
39409821
10030983
30431489
29915891
31724570
19082650
26166130
16540668
7954680
1817807
25971461
24810712
42077042
2374717
8133372
24855583
12500693
1612149
4185132
6474468
32194781
14234407
28989569
5187739
26246478
30939744
36451798
3456274
-809474
17764233
3013623
40981587
39747221
3933170
-843603
181493
5621981
6876349
39786070
19188345
6941362
5657672
10042522
32947113
9133775
29668816
29542485
27112980
2251115
30054450
7772815
16758505
5919249
1268268
1870599
13091817
18636330
32977254
9415289
29173726
19123313
25137523
24793964
1143508
17149764
22923642
5368395
41728531
14553143
22260927
6515633
32051394
17681596
18103675
40824488
5753476
21051117
27480678
36907333
19418421
-208494
3447190
34830357
35034713
26589836
21198880
17208815
18421351
15517034
6437663
23107052
29927019
28661206
25869577
31731550
25912375
6326332
32974965
2587010
15980501
7269429
27216458
-8248
25529391
27394781
19264371
11949842
15285954
14793539
26203077
16709230
4934702
2578367
18413571
3884200
42566629
27323637
11271754
22375474
3235368
24421024
36064853
41366638
27768830
38066952
29828970
10453471
26928036
14075829
18505123
20619905
29492299
32076404
34736025
18857869
27493705
5917458
36224932
26374880
32631069
36925055
34537358
7326469
35738067
6092557
988342
8381981
40004678
37083832
4373000
30068458
36957783
21511138
13304016
18210447
7216242
31474203
18866801
8395298
35276860
248330
9112886
-729700
33507580
38889409
3344429
31602761
39516089
21153812
38560986
25798305
36323026
20528232
8165843
15253880
12171524
9896583
15801767
37286937
16832566
26021884
41803840
16016318
36880616
34535803
38679837
39954338
28832321
21897887
20614867
39547080
6345073
13904797
16851093
34116903
39576823
37114914
30264895
32832553
39727026
38201612
3985095
41238519
17340609
42229684
12385703
31666083
12603699
43231689
21089105
13913412
11516288
12285261
15532837
3372337
33001709
1099409
20806028
35585770
18381350
12980211
25644476
43359957
27523980
12998775
469934
41683595
40219
4778396
18875384
24920244
12731828
26888913
22817253
6102368
38387165
35973482
5792959
41796336
27179270
37592237
23575535
33963476
24315168
21412635
32651474
34494003
22194376
15174115
3724467
1573847
39192831
7736252
26819434
35505449
26251797
25536451
8730052
20956167
14803718
18694367
14157494
-572215
8652774
43298717
9501556
14838632
29401821
2198852
4918409
26463026
4772705
26975887
9223010
35443813
5025332
19604908
1103681
23073418
42540550
27842048
36005522
-713954
30111215
20541835
17412781
23946072
32262161
21112833
11965431
6164245
34873173
1131886
3835889
41082928
21762359
38735660
27776885
13948233
24552877
29089051
20264398
11050382
9656528
23337607
7829586
23676254
25389141
42297897
43270124
24573163
26954753
37034800
12060472
11661262
2634787
3329984
19202492
43134267
28125384
26311168
5685825
9887112
42980144
32911011
23518678
25958218
11316137
29863528
31863076
1006272
33484731
15627460
15101507
5386296
19056409
29396150
4564745
41371949
22851378
35068385
16372954
4778376
27332029
37261735
31375750
25476300
27198539
29586149
1075655
24690833
18229796
3212635
22611673
28135733
12484883
7350276
-588768
37864146
34301132
17090201
16326128
13220608
6465886
1808191
35467181
13621135
39305756
8777276
19026350
32005837
1830755
5098928
37858492
2152894
19091968
13918301
43146713
29506904
20798880
22983697
19458467
35781288
19973056
43405408
10951632
40908389
5853190
26399641
12860853
7583878
17707665
42307115
28820177
13394613
28769857
-332832
8547089
5113203
32728799
816174
26570284
14674343
5427066
4123364
11367219
4831880
19405625
39497953
29813529
3499279
22937024
36283350
2688790
9713419
15583109
21115501
30102358
6576211
14708645
25434839
29527380
19397146
10450085
23694717
22738510
20051525
19101927
13566419
23534162
9282801
35390622
14895555
43045623
24538064
16973759
9634671
5807245
30282138
5576990
23057783
387167
33576490
36688879
29556779
35061754
33789438
15248362
27061802
4876102
30399584
26282788
6968206
24181961
37641309
35173341
34129331
28596130
1449205
41341611
16600300
9454069
12298669
-366162
40117335
37707678
24574497
39034506
26018980
7681652
39923948
27801438
41060619
36050873
11702163
24369728
10397064
36757717
-966652
27840406
32405345
28936057
5848046
42324730
7703526
23422602
15943681
16029858
3989576
15293254
42836019
34901824
14252353
27705772
26370309
42695071
2879672
43423815
8055639
38005667
4977012
15127438
36937426
26163153
33061071
9530386
43062317
9449054
32871378
31193900
41908178
31559381
5925038
32008359
14812737
34089346
42092689
2253348
42764481
34821471
38976392
8066184
14990944
1966823
23524105
11193780
40494516
3848901
32545988
33139998
6765333
33648595
550
1443384
20444194
40035340
8778197
29114810
29096776
32902062
41732359
15101651
32135002
12151875
40580
35587183
26615723
26494048
41136968
13086445
8246439
27378213
8977981
21417620
33432099
40911107
1197146
18493032
17948657
22660314
22816778
23621962
29613147
19271777
42758370
27371498
12776750
10949102
34262922
10699871
-659763
5028092
17848129
27639986
42801685
31807423
8631266
4956596
36272624
32786140
10097764
9151207
42088704
396771
9425226
23178411
32739399
20315598
15387247
38854540
14273097
29555282
32484121
5302483
32212305
33650991
36293432
4482209
7393262
13334918
33795576
3866796
26097177
22656101
2723316
9533152
426839
33637165
23728251
17080433
6839035
23100825
29479927
26780879
13400975
25525027
15205848
20134239
43316061
21200289
41705162
40845220
40358309
31608498
25465790
36087736
10245146
18830181
23271758
42933918
23333710
39725065
9019192
3594482
855949
37245335
41465583
12936775
24370958
26060169
7171677
-458033
35779095
13030518
16458741
19929152
8070866
23931203
4364987
39006827
26075239
3017621
8118760
25452530
35558491
11010482
23777085
4060212
5369446
27526060
38249420
30484463
3060051
40231969
18946194
5205914
39301214
41304109
4169396
11601687
1223049
36577260
27078135
2047649
248420
15601416
21122416
21778247
38883693
10552951
14086163
41453184
30083021
11297114
343926
17104240
32752715
5787832
25418849
9367066
2683364
26810716
17920253
19710732
31061958
-497927
20907662
22207566
8842978
10047772
-652730
23686388
41180092
35012348
17917255
20913722
29420425
19029469
16825691
24986169
5697290
12485306
16751871
27397282
27794180
10629859
36501864
25087716
10463443
12963010
2340481
13150925
31266137
21825962
34245155
2155876
38488831
40606957
39089327
17940778
5475844
22196513
22415852
27166687
33491910
8080986
11568979
25592389
23521870
4399152
7732291
13456984
34874972
31457847
38210174
30316373
30001451
11618759
-363407
19879149
7168780
22175678
16480942
36637382
42254948
11357320
26560576
39281533
5532613
29097786
22559148
40433210
40331395
28769417
3429521
8614580
9336277
19819508
22045359
13202256
2499620
27266405
9843557
43137155
18577164
37113334
11254401
31355932
1267936
35342548
8672410
40926781
9053140
3640264
30448032
28911420
38860349
4423893
24885440
22119544
35739604
30052779
4362010
42185062
25843872
33699735
25406325
16886085
40842978
13414088
978030
26838949
7784705
312486
3503918
8398955
35223885
17332133
33480842
6004097
546326
31161057
42008355
36000071
6379560
41551588
6967133
12680347
21891066
25199057
25010241
35285780
25571478
22312538
30404184
34501531
28905190
31839981
32291824
243015
10693900
35760230
-643236
43030174
10785375
7713158
1881082
41017549
40686375
19714863
38655850
12218902
28778774
12480249
19794653
36952344
7393811
10886437
42375401
-971202
38769424
31345990
35450600
3021051
18313360
15823739
43248493
13472024
15858979
21190158
6509944
43399995
14123875
20547291
37841569
30157779
22434526
4855663
31667051
8743593
28801173
19256448
22303610
20262246
14042256
7850253
33346849
31844105
42949160
17021628
38838048
17826398
12648045
11144690
23248440
5287239
34820025
24314115
18232854
27027992
43103456
640113
24942270
6105654
40000732
21249312
8761196
15347913
21845127
42366638
29133915
7224452
9480895
-128601
41310445
21017904
16864882
23211083
14663461
40998933
23466122
32232353
27155965
10423020
6689253
10314937
8377157
23267288
24672338
4023950
39973114
21472121
34043601
6091623
8844885
27400843
1937881
42266233
14885359
42812361
42804107
15805016
32977871
21245148
34564817
22757478
30856051
32288297
33645082
38702117
38891303
13000708
27242232
38822767
29613902
26623308
17702365
7981994
33078718
29302751
26824936
27305724
22900800
6412928
43503722
13078463
25925884
4094266
9970493
908448
-900964
26726872
6344961
21851329
27929882
3173778
13956667
12774106
11779927
-69165
33801999
25150389
14666319
4668066
13534784
37687042
16938672
36641914
29426940
36010621
40810553
12094386
6354249
12191623
6213771
2195293
24413850
2977791
-504643
38259769
33619782
-443575
1636915
8841037
17610826
9875891
21274676
11515948
24938397
33497570
12833337
41600833
31090137
6263544
26879456
10652617
23144991
27715740
14977898
14803886
9365711
13375657
17432797
13546471
41157452
2165438
5987938
28891530
-796178
1622270
28798509
19546038
18237366
39633734
22200887
30716297
5534758
12459385
4420339
19661120
2483079
21237533
19942219
-352511
38677828
2874000
21943069
42430645
24465077
32936703
32802913
5035158
9242790
11414195
22605475
8877140
16140042
29644384
39647419
36336899
-881186
40980918
37743462
31811720
13291153
4726002
29743215
40130862
32009371
24855524
43252021
38367327
13105869
35583623
25439749
-925696
14188450
31637177
31833353
13599427
24385959
39942248
10977527
5738574
34080696
16659442
19304682
1382046
33552379
13028001
288225
1840690
33769505
23445769
-35517
39256674
27631015
43260433
34902450
28026474
6544162
22826242
25456903
15314073
30614571
20246331
33791551
12642364
25946872
36625374
31848980
11356009
17415702
41796521
24990286
25816152
23178933
16678863
35119203
10005990
17320386
36192842
28696829
10076438
27768682
23504505
-415434
27369353
7039418
25721641
29999915
42979258
21105360
29987510
31434616
1968390
28831106
26502203
25067445
18286082
26890393
10363028
41983903
5964863
12016295
22802694
17864024
2328340
18546460
11637575
22579129
25874132
21431057
39499746
30260990
14195185
38360483
24621146
32090315
41912487
23247969
5501994
5391027
33928092
38982297
10156919
27662965
13582346
32087489
17438311
208421
10455067
8241021
21256877
6515464
18893974
37118583
34815540
36424666
32594140
16824533
16201692
7270704
27013998
31694906
19280045
15794589
14509956
39833479
20891035
2757140
38719710
25116131
7148519
31844094
32365295
4806815
19464157
26575365
19629414
1076241
35181686
10129772
26165119
19230644
37271145
33841255
16698232
9224526
34185108
39666979
30987055
39328893
16413196
19252126
37274020
29522341
20866275
18702737
5682437
19136294
39440620
1190938
32578814
7026072
14750572
41161115
7762985
-112589
4571847
40983239
18019533
24590011
32600151
35236730
31073620
-706917
-433896
17511959
6094933
18422478
35123272
13362406
28234209
-357744
5112554
20748187
31359647
33740493
20284018
12774832
37200447
3169068
23294634
23803531
8249415
8060122
36430505
1135658
40105254
40492519
5760688
9841161
29501288
11948212
18562779
25017729
40288075
7713052
40154843
32198087
26017273
20752767
11430138
42189477
37823052
14497382
-771738
41905254
39363005
5375585
32383604
32881215
27090571
29305425
29840858
24369900
31036653
11028491
41926136
29927219
42730759
38851465
1055267
-827584
34619205
24861031
27652107
16916631
21545155
13327602
40173654
37056272
5620725
11616368
39699752
32076814
22914375
503606
17075087
24105551
26840394
39049112
39727909
19529620
8355238
19740497
4256370
37744049
39654167
15672688
9615815
6416936
34873003
1225549
830477
16097936
32558502
-688819
27381608
23813676
35320878
42801354
2085286
19175018
40502366
40951769
32984198
8951801
1216662
-723520
32466596
36257509
14793921
26305648
29553921
23910724
9162842
38673570
34489085
11141492
3252446
22394549
33739374
35121238
6322627
17514581
36336180
13914477
24185542
13392018
16275697
12333044
33373687
9602890
14567317
11704304
2309996
16259729
37200021
7710029
31861241
9361685
34507600
18343797
13596553
10417277
17446880
15993478
40814569
20921647
38151328
28135168
938127
2098014
42507589
43403891
9644407
18399046
14185872
32282732
40062595
12475551
7134733
38007176
21250689
9802349
7403716
11817032
36498269
39519100
5185711
29654753
6998645
16049339
34449091
34163878
11316484
26330360
7512390
27082439
2955465
30441394
18728946
41244388
34970725
4119845
479734
17221629
21627330
4834088
32822053
9621260
3013394
12559461
7439236
28528291
21097802
16784454
33882676
6463658
14332491
3646776
3493802
21685174
13641448
16537892
8663539
34660073
21204245
7143843
39292182
42731289
18212758
25829757
24835280
38907283
4243939
5878766
41595934
6073163
-99520
26702088
41328654
33510798
8789836
14300711
43449705
37032581
10383329
205380
3294512
17593954
34929041
34461743
5110497
161678
20306644
11793835
32551520
25783793
16471813
37485643
32013078
16944630
40790244
-633448
37973262
28311623
32968533
11839262
23398277
20367455
4325223
3977905
13845537
43446206
25617762
29096542
7647234
31099814
1102790
17210797
14244553
32393227
1414849
20826916
38874123
448941
22257975
37305177
-626655
34077390
21886706
39924058
1645686
30544124
35008106
29309689
35624492
19552667
881410
21361963
28149612
20155098
19575910
28259457
36601039
1187606
40816297
41101710
14094213
3861456
26040920
-935366
11221947
12517093
40814896
8069753
32445677
16281446
11101349
13479297
27496065
12529994
802695
33098403
2054701
38165220
23919524
27369356
9180298
24469627
42262006
17261150
37945469
25261686
31067396
43504933
15350364
24088344
37134690
26413696
12353668
7275815
16210942
2222139
17742978
19281357
3484349
27703722
25380238
23886883
36454133
30228819
38640505
5218776
8661648
31666954
42299599
7848912
14469339
6048336
40540825
11651965
25137822
11314264
38563128
30341500
19368977
41236976
16534550
7260062
26124395
4380177
8543665
35709437
20762028
27992505
928489
26492441
1966960
36309276
11172249
11273389
29814484
38075177
30121205
41488518
27450996
13628922
17298902
25344512
25459292
6634918
27354300
19972638
41933323
10322178
12323315
1455586
32072319
32425890
30070174
15141153
-424996
24619664
22594304
19754990
2787236
25886813
25970834
17613065
29696632
10538438
36278519
9668979
35327624
5844626
33652335
25042264
30693763
12159333
41173209
42268730
27247784
25942811
6409222
26451727
35578384
31492435
11882382
39656295
27448447
28195602
38225308
17540072
15014686
12213918
21651513
28533297
30930070
7341000
35086393
6982721
25039399
38557097
22031517
4754617
30020918
11342059
36791356
2556660
10344467
22162587
13895648
20606069
32926176
2871000
42942209
41061548
16151730
5108821
13497119
39036669
8015944
486614
33009888
-334533
6076738
41346877
4520296
20203201
22527951
27980445
40683026
30015401
5209377
26705542
39310317
25067779
-428381
39523843
15022351
14452498
39776196
32266949
3596837
29653660
31752409
30683733
5751418
4433872
6209348
2569483
19177042
6977607
20540356
26619111
20071951
34479570
1652226
29922962
41198463
23069280
36111233
24876607
11195791
29188449
33439575
12571729
8502834
1738603
24907932
40486214
41889849
11342369
36780147
5379765
20211705
42734278
25648312
1219299
31068600
11923403
23661642
39903603
25717981
1872796
9781175
40797090
35336849
8220225
22360967
25929287
15988667
39280837
14903910
37280289
-367612
14486330
19328174
14112106
3416770
17497021
27848311
17458270
9516675
16337601
27722606
2168417
31261422
11618046
33288530
1949774
30412475
39268422
16419143
17036449
12184564
25333970
38528604
37754722
24496684
40324522
13114220
15656756
10783609
41051039
16677564
25087458
29293868
33794798
-314955
25190135
17402106
31309273
39286487
20471581
40328699
40067185
43199015
35604526
40757111
6421392
30932872
25662593
4411298
-96702
19498463
33666343
29311004
16043842
15659093
10853014
27689907
13111939
13649645
20804448
26816541
31631897
35234303
1704776
24029392
43237693
13471026
33309973
19382421
20449282
15831227
10430648
36733556
-267816
42080157
4056674
8620093
39491497
16477094
35228110
29956431
32248821
11806515
-220283
24103945
40965860
26307202
21560970
1290156
24580401
9504999
3522195
9345559
29065138
20941584
39729372
41481609
42663639
39724089
27353708
4696322
8678449
24697252
29465184
14916024
24130371
15730303
32384695
24418649
714728
7486602
33643680
-111027
31657235
31895739
32133325
15619796
29357173
31028036
25297151
26799738
5324338
3690340
30582251
23862354
-218445
32673827
13909944
11426461
18294164
31149262
29379955
27320967
13568844
14704446
5779043
-5797
27466936
30586753
22279666
36312182
5409066
32564397
23444890
33824983
3733530
31167414
36931307
9437702
3473166
8838110
13861094
34671940
17026825
38559811
25923804
30817250
23763170
11248415
7994178
2211953
28653277
15196964
4220814
24483756
40018596
15879664
5611900
8995219
26483255
30977588
4775009
24330702
-605000
34073667
12768170
21165735
28564053
3652428
35701482
36615028
21174503
19819837
27775647
7898748
24422946
32679296
5077949
10227024
8343142
8627497
7098323
3278393
14277026
1729108
7973565
1301096
3606894
28610208
37206406
34472589
13906400
27230200
32843374
26145935
3000299
11418792
26487671
2739458
11965125
17850822
37210112
18961396
36258095
37611181
33213847
29429701
3643846
4647680
39389106
40744450
15720191
24659242
18802497
-59990
24803262
27471290
1583355
9511754
24814336
42762341
22572112
32536013
20284608
7896057
10329693
20456603
16849923
39125497
3043444
26964209
12614191
8144444
12480921
34489945
40446746
38938646
31502549
17697948
4819814
7954711
39625450
7177806
1056741
34365602
5788041
38410170
4633409
38101190
29301631
38476067
41381811
18004669
20965468
29678565
2111582
20003284
13869158
37731399
39034590
11784325
11814138
22452376
10685850
25293428
24990243
21652126
11327554
29866045
35573369
31037473
2893737
14114155
27801280
31300593
-431991
36709296
28291000
10208431
124247
38397795
2812140
25255558
42569285
10500096
-75798
18427844
38111410
4334222
32100737
21980981
13767405
30448401
23880790
6268143
13147521
3959413
10900688
17177774
9843074
16567829
3967531
41047270
11905074
7172786
9154504
29209506
25430803
4039927
41621927
27436027
39764144
39209061
38324295
20912981
41204433
17890733
24516139
32398445
5444697
-93281
40698423
6458519
43079298
23168182
5217884
38571888
16519478
30097642
28739843
11880328
3791330
1098736
32083277
9239767
23963540
31918760
-856656
1787025
34490992
22210196
29944190
-934615
35700332
20886839
11340084
33634688
17987581
18387532
15440995
38696748
11000140
9358304
24038866
36943606
34281710
38760423
41157492
13749327
-298549
35702482
9654477
23835466
38352747
24407131
-160085
28657419
14241245
22812941
38127039
11901020
22488949
1387439
9857003
29408546
15978707
21404873
23682353
31214796
18351763
32695582
354551
24277354
-808502
39837825
7770156
3898367
5603484
33616939
15889127
18487305
35891118
9680139
20026653
21411191
9629484
13459630
36277972
981551
26245623
17792291
32963617
25790152
5820948
39744795
17722485
1775474
4007776
9081734
3735158
30080492
4314772
12447704
29815811
14850957
36872311
13588618
5323434
1713856
139627
10334797
40020208
26411845
912834
30296679
24447035
25576072
27858329
2155761
6344604
27410937
22276450
38739926
23141373
23682473
22550390
5622766
28346918
32634537
16202809
-851513
24675017
39015471
26053644
7309898
19961418
12923160
26972316
25389159
36312189
22375978
37269790
38996867
30712257
6281215
7681922
23635542
35429737
20400841
41881505
10338098
8465775
30381678
21582682
1066995
3823372
16635322
12179435
39706101
5947308
32535880
11615495
11155640
18188237
34228210
17801353
391712
29109663
7230037
491419
18740963
26194287
42783292
20278631
35972784
24397235
7129650
27306705
24293755
25546671
39752317
35039468
196832
6625786
27068070
9496355
4652006
30801696
35002413
2448413
513968
36755310
5252938
33260044
13694985
596300
12332621
14950236
29433217
16309368
22411719
29078019
18632914
18956039
9672548
8824460
19093395
4649295
34855055
23184077
23524598
35782559
4728863
12918453
17250166
22891401
320059
39515078
10702197
2155275
9086842
31843135
20338867
17650122
2199298
24715675
11613083
21337688
7494864
11418254
18248979
29154226
18468725
37636740
26830939
38002230
21071785
36658033
-772519
14848486
18727490
26488924
3498819
40665430
11702200
36850376
36388473
15944956
3979171
2780883
22235200
8109662
16464391
10302725
-384810
31803433
40023649
13356839
41573330
1715777
182823
12617839
15201650
42119719
11315630
40620713
34898347
4945472
12114526
39425680
20255047
40374921
11809899
24627918
14384113
8603214
37143675
26101656
29711611
7060570
15480038
7033808
37941611
22888188
19594520
32038659
39761445
13730440
35155605
38097053
20361768
28934125
9915186
20542067
4633799
15544534
630562
2869547
41950822
42660428
16228413
13131370
3874307
8745249
33011130
15040859
19568403
7749827
743560
4067065
22681315
28313699
10217126
28733075
27251543
7004121
5268479
43281670
22218757
13061358
24767356
1171657
17312259
6067204
37729108
10231969
2737323
12409441
21712803
42053218
41150397
11216239
33531561
15778447
22677589
3558274
19711120
36488250
19071134
30634411
1752043
41341383
32095225
27087524
13764031
18956464
16711795
9663866
15073332
34015421
20889277
31013001
43304091
32412268
32514422
2978311
17223985
22208419
14126346
35534018
12709885
4042296
24969336
17263512
3342212
39411871
16842937
37113860
28045296
373010
4602121
41163608
4804788
8969526
30767070
10280735
42986819
14319658
-942317
25689033
25282226
480008
26431454
20392876
14223091
36745105
15356268
6392493
13763447
36306687
21558256
-665391
29919660
11394280
41154257
12733958
20830424
8377779
34625440
12909406
34467004
42215159
6289177
40336700
35208412
6741802
-196626
9912000
40113555
42605426
27804059
8658566
19437135
39768357
18026276
32405510
14456872
25205086
24360602
36179381
10364145
16272325
39257881
32964102
23280533
26584535
-154166
16381637
14349542
16659876
25903064
38968565
23106144
14209539
41148557
680072
26835838
9260977
13138916
31576766
4622970
34610615
31758226
9551301
31986163
41608349
24612666
28226834
42779721
9554786
30116091
29082675
668325
23857958
29912069
18189686
31071468
1729837
18191201
338067
40687487
6396044
22342666
973760
12122447
38613780
19323906
39409483
35121351
16358018
3192774
15550869
11156380
41755349
28299255
7608597
21589664
24430884
11934003
12468824
41603599
26431196
17148530
5722290
19559454
14246638
12303627
7936157
21085417
42165254
14150058
28420332
6303413
37905660
40673089
36646854
27927168
21608083
1825253
13638828
39024317
37912031
22548539
25896653
22606309
40864132
30883481
43205802
30963005
25660007
-216031
33068034
7985793
3255121
21948135
20367576
25053802
520902
24466363
31631272
18523729
34063268
24708245
4947920
33560988
21658941
28067699
11065800
-315607
6848557
4866740
7727591
16131082
5475823
30098008
19736373
17201639
38397727
5943792
6016957
27092809
32198990
15561756
31706287
20757704
9835473
39306552
27481307
43085102
4801890
30436894
32772949
4351543
33200652
13938941
13171507
27895429
35745448
36703639
23675222
-942180
13912453
3500255
38626935
35421199
25779340
35718633
38841662
2634053
40440791
13303827
17422806
36443799
23274301
30438222
25309815
35258690
17841301
23352519
6286332
5887324
9132814
15539517
8223617
17237143
-232811
29510155
14610402
20815536
33038792
41389190
7898339
-547621
42108888
34467020
16329362
19658704
18953013
10137975
35263703
24150385
39424072
36855856
30858126
1289135
5747934
21952723
4296605
11110434
2727347
3696441
42126076
19568172
23935997
20137214
4759867
23092499
7421446
41018128
3497164
43120402
15932954
1946509
7209975
2289892
32404948
16527148
30309160
14819218
35090010
33172036
40383566
34037152
11376713
12381308
5510033
37760880
5616744
845084
18169438
42369958
3801226
-597785
34701621
27381760
8166673
3982205
8176844
25631731
6842698
27458926
2396170
12215461
3178862
14892757
30040896
-722761
20365359
514891
37359095
35077340
26578821
33220952
38295049
1210452
30330758
22964531
35961071
42114256
39593929
37940448
32395408
39929968
21199318
23162582
32032262
40409639
19600982
34727473
20160158
2489893
35947257
15651411
26090642
15657875
3620299
20498368
10252311
26552392
25942433
41530468
14330478
35438511
39528504
16504533
30366175
16023909
18530057
2123220
4604073
944657
26646278
25851814
35978253
39640224
18815445
16066393
836289
41677568
23592014
31259829
39552791
43393291
23366525
35130784
12599187
3806470
32128604
31986881
6184185
31060500
6779244
14909473
27456654
41383891
28868604
11918896
3858764
43499085
24704750
15056016
577750
34935461
2533198
11310212
36560731
9162756
26387859
40657515
35218195
12588533
11057389
23428312
11484008
6348238
42757769
15607189
1251134
10153402
27684214
6805756
8585535
21036740
22831384
35807870
18475638
15038942
9064531
30111659
25650016
23447550
30320985
17744283
22286531
3340973
28649909
25530958
5447300
26757211
553499
891569
25932901
-936898
27896532
7754640
32279295
11574896
4455072
32278400
3193155
13710192
41771106
34134003
14226592
14601607
7586622
24090867
15272623
21895318
26132033
759176
25970666
22644592
19925457
8827815
42771693
23648308
28299079
42145148
28299905
33199886
16198214
32274211
7296993
31464493
18910625
43489445
6729699
21663734
28306037
5934415
20497147
27583862
5792491
30447273
18205672
37459400
30191984
29952683
8591364
39764785
9400423
40315246
22230358
16340454
37934950
31800396
32321161
14956511
-923893
41557792
28735183
31880829
19984
24617875
33265090
24533259
6841137
34482030
31626402
33097775
24730759
29938233
14840916
23076312
33168987
9451640
10657791
33032253
42479478
35265632
2746233
17614925
13346195
33073257
36878390
27605097
25250696
37522125
1849883
31087452
-243147
9405235
42249437
5586002
28003432
26180843
30441503
-715280
5949194
10016779
1129122
-720868
19014763
22768621
27166702
12028968
39247901
15648177
35147684
43273326
13775987
37428735
30126541
23631958
27797522
17116718
34421702
1260954
27309001
9047954
509805
1579872
26905164
18916400
12213268
16435479
-365721
13556390
22932807
2744788
10923976
18181952
6467047
34382499
41551077
27105407
28998872
26011886
4920996
1058543
11449073
20518279
10505069
16261323
14083945
35961307
42317838
31763876
40289701
10887915
24054620
24977019
15252209
30389046
36842868
21026867
16276536
19832746
24798267
22955005
