31127429
11236696
13408992
40555007
41505104
33501732
3259764
27606349
40838920
36120937
7595206
25082599
14061966
2147757
20353161
5219174
13600110
24875602
9940556
5513708
8241221
35922491
37303598
28835614
34222508
12984199
38501637
12804400
29491465
27442821
36311223
33969392
15367402
41538747
28769460
12564251
38192341
43403320
40224858
32366151
16726708
12285634
6158495
25230922
9809232
20299055
3267873
2775273
31585856
15066235
25960234
-116365
24621449
19752390
41094449
15182942
36508577
39687697
4932917
28459975
14365125
13200747
4511253
39192098
3680701
1274412
38353747
7073334
-574048
24284610
14095495
31267717
30050065
30560886
16469984
20294726
41377699
7847254
38309096
34514284
26059025
29125216
41517080
42628550
39755596
34870395
35338227
24477466
9228315
19374015
3650166
11906410
3492930
30732341
24890510
1867330
13144200
42094482
22955980
3426361
-105567
42023965
40515180
5114133
20173277
7911361
38833825
19504635
23623851
30197021
23379572
1118174
6869486
41864061
23734502
27717028
8873296
32453447
28744824
19207006
14844187
21679273
23939232
21574966
21854249
10986528
40588158
9706581
26425019
34736775
8750938
36306908
20546572
18910108
32515922
42181770
43283337
18920874
25407346
22876776
33247223
24869070
6378406
16363401
28925895
18077111
17808666
4310051
12767300
33942530
36989198
4749840
17111640
7845697
2659102
23783542
32771941
30410182
42216442
12232724
21536851
43371395
42827713
39994293
24540258
13008539
37520270
22144351
23972656
2885378
35522549
4648220
938249
4683941
38302915
1315788
6109032
5309736
4847079
38974631
24279405
71749
43062685
13951242
3869255
24694030
16202965
16309885
41066909
29849370
25202589
2437058
4904296
22393223
30965033
43255833
36734056
22752238
13117018
28579459
39819808
32610739
19161843
40531105
43414381
17719874
24738460
32973132
17882442
29170321
4774359
36592508
33815899
31703513
17306826
34484985
7255110
29261225
15745002
31776478
19875715
40466495
17640068
7246325
30694295
27509859
39792606
32929318
9877805
26969080
14138822
847274
14698954
33386040
32253939
195553
5437989
6173144
40817953
26387231
15487362
-432464
13615658
19226691
19864179
35528343
22258110
5022313
1140910
6794904
29590647
2848006
38213717
14915728
39659548
17133423
24808708
37492335
33314711
9337330
16457737
12053911
16328176
767038
32752119
35049153
15038003
2344420
19427347
38751369
9907299
10066808
40531560
17473296
11025487
10159310
5148009
13043838
22551053
18202735
25361963
41763954
38413116
23318418
32389510
27300498
1969776
8074625
34449539
24705013
26202214
41492605
2823934
10574446
-644482
3539681
14930600
37661328
795529
7626037
40959777
20241711
33143794
8377823
29189418
13372763
3158413
32380412
5826948
37207478
35254608
8511987
31651053
23861760
4991008
13953250
15691402
19305166
28427921
15872768
19617389
15599656
31252773
34436707
31813961
10793592
24467928
28465601
41053839
12338347
33061920
8407924
36175248
20824582
12028767
11821678
6662108
4744500
42988159
39537453
35347441
29704177
37882333
-729596
37958447
4353493
14447116
13725634
-234486
12646445
10267387
40583396
22203882
21392819
40708721
16808373
40728807
2892304
17425494
705903
-839724
13871739
10314243
2564174
21086282
27807643
6622059
15852669
37444127
28612401
8950299
42606443
10644595
26907892
701225
37018753
8912464
9843609
32509336
14336137
15984825
28213088
30571431
1054649
41378660
24802619
9249265
19585051
38323838
8354694
15056269
33687450
19133350
3291222
32302417
9148399
17728084
17821327
30652192
37666167
7721484
11759256
26671461
28602236
13325453
42130401
26293114
19377009
1406023
6942744
20594296
21946648
34757077
30599904
-587474
4384511
18850089
18881883
28357065
13834382
3300598
37870521
35175622
9690399
31320578
28237658
40623265
1114939
39757089
40533087
7323231
19551877
8333750
5758799
41956665
572116
9403498
13618030
42392238
38135427
8312785
27042944
2038912
24212795
43173082
27212801
14839550
34509487
25816956
23558925
38429667
33662252
24046110
19601990
20571429
5854559
6047291
10364816
25630701
-51586
20981882
30938492
40173672
2971308
39327854
39004357
1491980
28280591
22310976
21563728
20901499
6285919
28656270
16291933
19935769
20203143
30714090
29737369
6823499
29271305
40866534
17532598
20867380
12632899
3926460
2940521
8814477
16966597
22189780
41551727
25374660
24197642
2580047
28004417
16424145
29565034
2585515
12189472
43457460
12170000
9772393
1104254
34804247
-415560
34767546
32936898
10462016
19064394
5286591
38725309
6385461
17419582
5667020
17255741
241698
-871217
40129570
29606422
10825666
30715523
4944275
16675944
35436885
3273119
6875737
14300890
30420916
42253171
28632193
19419085
31501620
17035211
10754268
24376419
42074905
13918182
10633488
38176581
20111737
1640239
28844083
15725005
5354774
41054856
28050973
24981635
34380866
13726881
29597081
9950475
7456719
6635258
10879800
39907121
35020434
39482457
4624904
5637228
33849229
22736443
32886171
33213684
21035622
-638560
28094032
27304556
1642534
7126040
12378361
16011268
35280046
2409674
16806831
20547232
30688188
17684281
25722393
37922503
13893329
23509026
28608029
32294764
11758046
4055754
28857490
31659388
32631346
18004104
23675419
32501396
20600748
28319970
5665498
32754727
5493574
42476556
15780071
25182326
3473669
1045328
27952388
14546855
17070426
18866586
2738904
8393364
5273536
21450107
11174162
32878964
31061783
25748384
2732962
11555480
3078101
34692930
27039094
10781660
20925001
6825069
-979647
32117216
19354132
23447621
24286363
11033866
14412396
17339238
40792643
36540726
39648990
32360083
38408209
19912736
5677416
11668638
18868181
28371168
23107557
5906951
20503738
12213415
20899432
40025273
-606319
35363862
5097818
18946250
13795828
2253230
5667276
26075432
38816191
21889742
18249998
30312795
20096982
40147970
8800812
30671356
16365924
40423313
35735008
37197455
11392321
6043166
20843805
8781337
26004405
22660723
36978507
1840801
11103493
18495304
29032366
15137086
2159209
16792317
18823403
22338490
34647004
710165
15274334
34339515
26175352
32638434
25179407
1281301
37973381
36956048
37716040
42097818
33814026
4637872
13112183
12864394
35969037
21840894
34842495
33977726
30423538
26413873
37258656
26342614
31531817
34477295
37493429
23222807
35049680
199647
29443659
29412776
20789685
26106635
1826246
19406715
37468493
22539925
23231738
19751452
31839126
8014708
26024366
37804936
31518412
14455713
24914084
4540565
28512217
30949810
9977914
24030697
29902777
42348341
41122422
15724848
14500703
17040376
10414110
25756361
11119660
27622636
13959090
8292984
10702123
3545155
27537855
10631953
23177582
38848133
18695518
17942559
6627632
28367638
5418589
1783621
36625491
15773352
-943433
40229733
39080981
13472737
8355491
18633586
1087536
4270329
18454868
6615045
32327937
38244235
34421123
34418479
37340347
27084529
14435312
24826641
26874159
41359067
14006132
17989330
23197985
14956766
34941241
31428240
21622115
982055
40970503
1715532
16612592
26251936
22168650
705447
27473654
28612037
21087316
13236257
17940954
5034322
1279811
22110445
316243
36438702
21254909
36479304
27057157
40878667
8391844
8133166
39697127
7856614
10560974
35135379
6260995
-948898
18365807
914102
16821860
29473349
881708
21411160
29624057
17839361
7202483
26703833
2730798
39017230
37438022
12302952
41078548
33316277
29914974
4102664
42643573
10979058
22791916
3581686
4749159
32940918
36313251
15725775
14677174
30114487
35743140
13239880
33171935
4761191
40931443
41742412
29493694
5054305
34913444
8151733
12303647
26640888
38450310
25823931
29333068
1699356
12266747
8185171
5578715
15655076
7058442
40135055
1789715
24089395
12205023
16683443
32598274
15639549
10979480
18849442
19803267
30088499
38459156
13037415
1643747
42560057
13940023
21389449
8069051
43494933
30351829
28434384
14529882
26650764
25458195
31008093
13851268
10614083
609429
23171718
29542861
9693775
19709731
34278555
711060
-63658
31988685
34393343
23587498
6887391
40748943
13931546
10016321
42341424
42414645
8012226
32341806
24487479
5448769
-605864
15373664
15428569
20070540
478546
23178204
22966068
24957275
25085527
2900419
4874794
30830193
40936330
-301220
42307946
38042049
12448250
32040170
9381408
40869296
6120540
37620752
4498678
-57061
15943187
42511617
43453412
35397666
16623222
39432434
34141543
28079467
36525650
719449
42059503
34543348
4857392
17385120
11731496
23902683
10848605
24352719
12114369
31370774
37892147
18789021
4998449
4784009
21841457
3796790
30981033
36351595
27850950
9280562
10193196
30019195
25134966
742339
23323601
32141302
24715408
7946799
-689399
39693214
30922037
24034428
37912756
11538360
13443321
20890158
35216459
34115265
41559791
14512745
8382371
25201666
19515070
43234542
6999440
18561685
3506181
8415025
28355093
23802641
28745079
40047041
18816109
22509080
635264
13339771
29974670
10567992
33279967
37169468
9641669
20569817
2657138
25257297
10769845
19872857
41282485
9658943
19286229
19078731
15562481
24041136
37759638
26935848
11455630
9160827
15215745
41041614
26961888
31187561
343102
24762036
40257209
15156385
26993184
41294063
25278160
8136287
33176145
6818129
7754957
28984655
12159322
28382082
34014969
17125055
6921850
1853509
42805665
38589516
3261752
-676611
11047656
7156983
21201847
2824398
9752037
35660829
4528546
17410981
26649611
15721920
38974105
29417162
20919401
3309406
10124080
32056317
5997215
39916014
42345543
5334075
27627188
12408645
25004516
33882232
-712108
37930758
24969051
28736003
37963612
10354170
5038759
23038692
21075054
20076138
32255895
39133546
29096135
21876787
28912703
26578784
10318085
25283865
7278643
4341014
33984266
26023164
24858261
10681727
37230845
39977511
7062179
43126544
29699250
22384603
27872161
28269131
8432285
23332704
5158749
13971461
42576964
30956677
13835820
37703289
31140261
31231393
1060343
30626975
35950627
37138192
519362
13436791
29275479
1599297
5356514
5297430
15960383
26803497
17668097
35486751
7510013
22587726
8634413
33199237
39821435
10639269
11212321
37936543
12832313
21280091
22307825
6035955
31213298
16872506
36871674
5919543
4897191
35318176
33000393
116696
12556131
2930598
27911606
30564711
9990985
37801620
5184799
2540645
34477879
30508637
21815990
42544027
8885597
25011993
16142554
3006401
31771787
18305013
16926735
16407658
34893447
6662037
31742315
25303415
36153346
7792951
13968190
28917745
36956587
20508326
16044192
15908759
41744891
16044940
13501290
11033790
954713
24563319
19111197
30850425
21326051
42538991
6276878
24707721
20507601
1136765
34861696
37382812
11527687
31514505
4964529
18979246
32247453
17538372
39716790
5477033
1280480
34464595
29119658
3174514
40651647
-55425
24168593
888539
33564153
38539746
30620581
124176
28262076
29972262
4662356
27838708
31122029
6447349
22469789
33677072
1982129
15806155
20118192
31715114
20946548
7871800
8512412
37649775
-390471
37254288
15361178
22561815
24058617
4624116
23533224
35689273
8535009
10767032
30873723
34729270
5730576
6776220
9364752
22284597
26609449
31924526
1865713
15331506
16106300
29549309
28466511
24365938
28480923
8466192
27369405
11707889
26014613
8141904
2681053
4288396
40243631
4796494
31754550
33482098
8122675
1716885
43512830
-19750
2339220
27947829
4058689
21268553
14613492
29080891
39325777
38498346
19136647
18279613
42674178
14589299
1855442
43299127
29556309
41233716
2826466
20265219
3904851
10243718
12639503
13814448
3015492
25593473
8515179
34625556
35120901
26583891
16741980
35183620
24810115
11532352
42609874
35346497
41883811
30443396
10728617
16998572
11507591
36711922
33342750
31775291
21602341
29654180
935039
38113645
23680463
33796764
979713
13462294
39598489
3960600
1739499
17851794
15024126
35884222
30420022
5976604
17630956
3821202
37621393
21046627
41050038
18045392
37116398
25291148
35801964
19397607
20388177
4815358
21862299
39723756
38005537
37352731
10820443
33075798
15195262
27873645
20144204
2968762
30039541
14180357
14586493
570739
7749702
25383099
26022080
19517666
36860441
897529
3194240
26397834
21875945
285947
28327822
4766191
3116930
25691882
-669939
3765154
21470122
14509685
33497978
36886935
3144180
9995191
13911677
16231576
10515794
4763888
19004705
19837825
16667886
25729717
-141136
12587930
25855232
34283816
6280027
41678941
42041035
42819180
25295340
41608013
33983858
8383274
22543496
14528763
-582462
18605427
31373888
21650863
17430965
40794466
24584030
32019959
31522243
27446631
30642831
29134735
25280226
23664605
11705230
33259061
30568628
1914330
6456222
36261949
35459640
1671132
6589987
17039510
33845530
37365474
3395880
41040731
30887756
35801849
27603176
3374327
6020676
14414289
26391056
36916681
27222409
25887472
6086079
23037395
32587322
43045059
31385398
23667983
41383495
7382728
29398515
28798661
38777607
24043328
26056299
25194407
30849393
7656760
20224018
38016460
13080858
40703212
14701403
30682149
27647447
10331866
34454407
1989601
35951691
28433576
24199940
27193963
7432039
34889228
6425963
13296764
9212221
42888592
20350919
23529597
19539336
9519177
35513344
425911
39532425
26858604
13029857
8093149
28990074
39677308
18711009
10007740
24341202
12358230
25664111
39868422
31500057
28315375
25308805
41660488
41832373
13055
8412986
1179994
12955835
20147960
11055385
21521083
36611697
7223456
26156255
9846472
10834168
27364872
4898259
32167870
41547183
31136426
13326884
27814201
17441683
25385395
36284596
31595826
14129461
26072052
31749656
24224606
18323926
42931912
14936951
34089733
18594503
11467084
29079089
-524091
27650808
30204060
24858393
27417749
6730659
-498452
21712159
20215913
39001232
35074252
33513549
25701526
29870750
5460659
23620436
24526568
19675901
35579490
35782040
30992508
35522824
13188156
19231408
18974674
7942721
16509068
25226918
18663332
22474612
14317884
23513442
43108121
40921227
8525231
6146750
39992775
5056227
85287
29612071
33525910
14059258
36539744
28961217
30948499
42857219
24076777
13443405
14941091
941480
36645851
20388738
28568167
26619285
-222647
25994514
31326535
42502229
32363440
24887537
22689004
32806163
17461073
24578158
37039881
7181619
36829241
5095400
6634781
33827102
31020320
15210265
30987136
14950981
13368804
20217795
5045171
41553878
10351109
7268676
16839964
3867603
22671968
31189701
37993079
25108958
36163761
14702349
16189120
25151962
28990321
16017070
33841394
21265304
31414538
8910715
123444
31064754
27019698
27378169
38530534
4082889
19153587
24712388
22557446
11132790
33408118
27141473
22588370
9992299
31705274
29330829
37136807
9689961
35860885
32731597
35301374
29166351
34369024
43508876
35986573
26470200
9508087
20902358
17161552
16397736
37371755
39902179
30418724
4498033
32032772
38097948
25605113
19811295
39416347
9848659
37955442
42964496
38517595
38583795
38238765
13784811
6101756
28569234
10007729
40379733
41344344
15080110
8532277
12177843
37858399
19572962
13213632
2847259
8534512
6757481
14415295
2561341
32552412
14017970
24971440
3979737
37982778
4295538
30009067
-223136
32689885
21957878
37018853
5515539
22946223
15327972
40297260
26896447
10234047
10381456
11618999
32786692
31747178
33237601
2109934
25946436
30908226
9117962
30734143
29496618
19568182
18016690
2647184
13338228
7499362
31254035
38350551
12049070
2326875
40320103
34633496
17110209
38182655
39354247
29762426
11627823
33849301
41540925
33936109
21296061
11176403
24166278
23041076
463288
39797430
21709943
41926192
12277818
24464061
31491009
-792661
39351842
24761529
42031921
7237593
20888530
2695297
11776936
12071353
9933549
33614132
13412311
40364713
42184610
28776378
22261770
12010500
15018374
15899150
11695065
35036484
1797070
2577633
23401648
35390673
12810781
38044330
259014
15734756
18415897
28731906
34243551
23377710
8945477
11496499
856890
32407728
32788602
6788604
38600051
40331093
29302110
1860147
20555113
39149901
38780403
18293690
31133024
26042246
40725517
26013602
37472225
29985963
42804345
800693
33857418
32401354
21818275
30481802
2747737
10939822
4940309
38800480
26377554
679241
11001946
14628879
17017729
4248870
27252303
26287839
15372262
36634149
15841195
7066291
39445844
8833635
19939663
39913247
888003
35363443
21519475
30780291
12192627
37187057
1833168
14992843
9354063
37422956
34212334
23862643
41088484
38496803
37211767
17451900
8408362
29634942
3979769
538078
-592667
36375527
13227906
9017359
33176892
33386816
32113276
12720189
39331883
30746312
-764695
12948527
751119
32614191
41220556
7415137
41841288
37572338
17418053
4289478
40710699
21179752
67283
958085
23020231
17812556
5019623
29550853
-894211
4186425
30660879
32075316
13245722
28627945
26469634
39122324
5131338
40612356
27862550
-744935
5161518
43441735
33502829
12633822
1766124
902281
-33008
21209058
21800723
30395453
42352873
14223698
43422403
13386133
3691864
29835080
7382422
20004095
42293921
31415315
15065079
-194903
6444991
29270928
42054650
40760382
27887124
28290696
42672189
42587127
34420249
35671585
43175009
9362
14182114
42912594
43320955
43403934
35931078
17607657
38740905
5561966
16720866
5227894
28237532
8851120
27450701
36324490
5812837
10713882
7222784
1807504
12303451
20854828
26682689
10186316
8092627
19457721
12578473
5446022
26882746
12306030
23054932
37654684
30366640
7270509
10894948
32152213
35868124
39732376
33647745
36473738
36407950
27471633
12991816
19355626
9346614
24351531
15223882
32449691
39708535
28028178
11826111
19099390
2412612
38261127
-698413
8204234
37631833
36814877
38092967
10581033
7967061
27630112
13330972
40690345
35700080
42989956
14203473
24843556
16456397
1321
13266950
405002
12958680
35315484
20638475
38475953
25885054
12522484
28670350
43447257
3932807
12272171
30099840
-818418
33243808
12713122
14872703
41482065
42976903
15654924
34122766
11603273
18362992
14552428
13171790
28731400
16475449
38717796
37865253
37848570
5959739
9297378
22406084
6644427
10790921
27446293
7872111
21721983
25018878
31639991
29403170
21692603
1252651
40171698
21374352
20641535
32021995
37770343
42700053
3789945
17223653
25768329
43164085
26768377
27144906
37888587
37592705
9818080
31464947
35808336
35394856
15290955
10141837
40534653
23489331
42598015
23207729
13939947
37063989
36904788
-648287
19334540
18442748
31764238
32722393
6981195
35176366
12362217
37776331
31482082
21708569
7181404
36964690
-130309
12459179
9041022
23027672
38262778
14749908
3607220
34223054
42681103
11449075
4573611
19509206
10661389
31246659
5352524
27569727
9617405
7862548
16063554
30817064
4968397
41365431
27074593
25635491
40119104
2027129
11409335
19239897
24207527
5765527
1963965
27759278
22149207
6622182
32869048
28926162
1707213
39490355
575958
40282483
30968920
18177875
32665752
39181675
41970172
34672763
38531496
2964774
13798382
37675394
31223899
15375713
22040087
31160311
18701627
21418732
26307510
31315661
15429002
16912573
13935561
37224610
24233115
19120281
4193955
1813501
37637099
29280982
25375899
-757079
35516930
21801784
1388622
35861237
33741204
7083657
42807950
6780208
3901454
35772265
23798890
2220579
27113416
17782075
35888543
7067805
25547223
20191337
26486478
24532918
20926765
38301449
2990078
2701415
9365564
11348055
12263137
11338214
4068820
29404188
33327626
3058134
36286686
38585022
19425001
22657317
1155429
5913239
1462133
18399869
17674701
27826328
16202323
22068682
9111527
30870775
35341511
10925090
36410092
31384171
18172736
6937423
28006494
32992305
5252924
35867279
32394085
29006404
31073523
31165080
16094716
1441602
10127186
39817071
13923187
1663619
23986184
32701161
34958198
3316972
21993039
25612548
38922154
2327686
23231980
20669164
19765244
11293569
-530833
16886288
31502985
14241335
-703978
28130056
40069596
28659585
9446209
4702000
29032597
13934191
23202991
15505062
28615432
8757040
3704839
37789434
32956421
17641178
28003810
15001097
28544464
20772376
9048904
17883238
22086550
1100347
5417894
39113674
42283984
3049440
36763321
12295130
10316899
38993426
24156294
10457661
2513011
7762746
16111568
33776197
13575834
25434094
43123766
4932394
33580049
22685140
13976023
41052859
40872318
26970356
5830423
19806444
5119738
43093240
5905375
37222445
3302917
1972113
22954694
16919398
26415862
3418275
16707851
18518228
1100618
42343602
22391990
37658217
40655943
27477347
15228356
19008717
6966218
33167534
27573110
7142841
42655263
17804212
41993956
3233787
16437567
15444744
28596636
16556596
13022915
8804660
35813542
18335820
8065434
12293146
5677231
40190102
22448711
15566228
3795731
32276986
36606385
12271596
39780926
16504971
34007902
21107601
38219361
40937751
2397576
27813500
22187809
12161789
11095874
36259389
1970883
6229311
36095020
31053925
15402585
2846346
26550842
32863902
17263595
41538634
43416020
18520276
4793972
41809419
29762870
11217035
8920867
18711180
12748794
136455
32767902
2190854
33838320
37279895
20323138
39788829
42068960
30381028
22864869
6150236
14451914
7085384
13468203
35184024
28465379
39062129
9735764
38851818
21780868
37807135
22179994
-357047
31084965
9924612
41695559
13220336
7445937
15145562
33173963
8016209
42737406
28073164
5087949
1021278
22615303
24883411
18874283
24564922
1099121
40677539
26687501
32788593
21803536
9202226
3454218
32289913
36412547
3865970
19092636
15436068
13185517
17941684
7177533
19540401
30035114
21343361
7965904
34457074
18200415
25290120
15985108
8433747
15721082
9083726
25818482
10968643
29292942
31189563
16862524
13912885
15678940
36025488
21018740
27422108
24083411
21673785
8865025
40128682
21527294
16178276
38049278
19545066
18322650
5843226
22523780
18345080
34222292
20907008
35758726
29329723
15820386
6235526
4001181
41318777
32602288
16351447
17554996
27922749
39456033
23324149
29513966
34054363
24949399
19282921
22831223
25505324
23101056
31338498
19075067
41337653
3026973
37965326
1515819
36084673
4126975
19071489
5388241
24494284
14062723
26267199
15300193
18216448
41698983
36537865
25907790
8986373
28220514
31618922
32863949
21401353
26061975
9389587
40458263
20244034
34002198
30953922
19263308
14367639
28641058
32365123
42851598
19239430
19865723
19992837
37401608
36099626
16491304
20961546
27346811
26911080
31017834
22984941
5009631
40576743
36695883
8875977
25164052
25967674
21097997
4198654
19560154
36780031
14398223
38958887
36526894
30829555
2461712
4455041
17808524
19971885
2337769
516905
40818807
8844177
10991642
15507475
21751766
28400460
30137419
35254914
739055
3025430
43464518
40421342
26038427
34874151
29617232
7517177
8154997
38356193
2253509
21425276
17955964
38888374
42828843
18789861
10664999
1463397
599449
20368214
30156248
704626
3554288
464134
36618715
35355498
25656147
37521359
39900260
742376
15036687
27276561
21134398
30096819
15273097
12807385
21835172
26259414
3839812
43226661
27872676
4945937
29558086
1183297
36689619
6550934
43391384
-605950
23993690
26751713
11280522
33650914
24957283
27250955
33750972
22741572
23443450
3655049
8137568
43466037
42756412
62791
5506458
30704577
8560606
23685782
39876041
24573477
5495200
25331885
28282286
11740166
41862017
29921082
5266436
7008408
40433415
28027324
9404679
9505249
24390033
20504871
21425001
11592012
34287339
19676660
43120764
35414828
6748256
34447532
18046081
11678079
25372678
18722054
26656791
18119623
41094419
4593003
32399234
36206335
40343248
509797
21407627
2227454
27244811
27344937
8217546
36215051
33654356
15062057
17829101
28662761
34426024
16591155
19768668
9964829
1760219
23017721
17451918
6957602
35336886
25303077
2255050
26553934
38138555
6144890
32137521
36201004
33238816
16766810
8743600
10182930
5057498
24243309
20011622
30043583
-661598
42423771
19149744
8788596
40152346
30645759
17469817
900587
31216526
5783741
1338401
26328779
-628158
11760153
20550080
9795215
35533449
33938315
4968172
11393610
26357754
18077623
41877816
20421535
8419114
17036855
7516457
40022051
38646844
39876536
43517940
38960069
26199089
41911803
16665775
2554562
23185003
34470137
1937603
35827619
34387251
42419437
21054843
25747737
11236795
23884821
33060927
15716896
327801
22245694
13238372
35410276
856842
22803027
27693016
31411249
5884992
7811433
35747946
24661053
29422592
30002528
26966607
40248885
13936245
1169740
6441589
38123959
18261718
24592992
2915554
23752293
41589696
-664800
12103638
26837796
31722209
11757497
13333584
7008071
9821737
35211820
21733332
36697560
14311466
3879742
5798937
4977205
41354770
16687328
16131865
18433365
21217385
15097968
28235477
8173664
13209311
39837499
7200189
8349299
609700
38612305
34887148
25184912
35113685
37511800
43159711
33137666
18544825
6093505
24599864
25584471
29303212
21179711
7279483
35526871
390502
5113434
22708048
5779646
3499487
10001641
4684
16857497
34794814
21537522
35707245
14823212
5544812
5196911
4660483
21543523
38158828
13901491
1908783
30174578
42493787
2235016
36843499
10197169
31954857
13063882
31098836
4576529
24572234
2837443
30265415
21507436
3644275
18689082
32182497
6282881
12312163
13173331
10962532
22786913
10871278
12785113
22009947
5620636
6692609
15201401
12895533
21425449
25933986
31433338
20677278
11218541
16118299
23753846
8639530
19086393
22140250
28639846
41659362
40873827
19100319
29206418
21122831
37980494
362013
20096367
4038506
33800860
42791245
13385283
19053006
21328702
12890663
3082379
12374453
-692728
11724288
5122229
21642145
21852260
8136667
36749089
37808464
11406718
18048253
38983894
13538222
2202245
19098139
39728068
39020569
12904576
9776070
8123224
41694539
24780196
41998082
13610642
14137911
35323302
-944602
17195229
8993550
22548735
6309779
31162091
31738433
19655866
10897384
22158758
25925358
33312471
16607661
1266569
20958131
14658770
6946800
4790908
32080550
10051478
19365681
1492462
12076009
30009699
5477332
6708495
3953783
8102742
27667910
14177238
38675837
5652707
11970182
26133707
30787607
3574282
22195084
41704192
14148280
12954991
7028573
25235925
29047394
30224999
4888379
28525828
9098037
1559064
27479040
5037727
5365635
36029649
42102814
24029899
28529708
32330689
22751608
3668592
41429104
15597743
21195019
39213661
12063302
23345859
4947982
34588415
4014904
35963852
20580913
2922687
29455544
43461666
14628882
694716
43439711
29963323
22344042
16038117
4290479
10877522
3425862
43165774
34464632
6278954
37524920
30318182
28317596
35813873
14655512
-787849
34635182
2336359
21198308
25463765
21869457
30158229
19696817
18417208
25506776
42505939
20478728
43047257
21095506
31797512
1461827
31012140
27498810
41550114
5170120
41626990
13280138
35413018
4497374
10163902
21450239
23467967
14187682
36118928
33829375
30963565
8886154
17355713
35792613
37748624
31827766
1756208
3208282
19989226
17193280
5423581
3046741
35558308
8574803
5853952
13380226
29639637
15015827
37217394
33980606
28429897
30725473
26961526
24299213
41351392
195449
25587111
25717191
16288724
2265873
502088
13247974
41081981
2731095
37848974
21496438
32896548
2743512
1363227
6445188
6258243
30928539
37869925
25360367
34666726
37261674
10162887
3624394
2777402
18024353
6128415
35640526
15888456
7101889
11245018
5626770
8821174
15237872
10174066
27419864
10552805
25094637
5212374
29133984
38599417
15052962
20338350
8457204
24398268
27164175
17187332
33561379
39394144
34811445
36770703
38745022
25266620
26627826
-826125
24650831
30489729
23886763
13491848
20500879
30881542
41508201
43364446
13675644
29200931
8189527
2742710
34141703
3703727
29357040
19790816
19139549
35173810
34111557
37984765
34064440
13665788
20102638
-102557
26622538
29000749
11626964
8678784
7226878
1397132
11382002
23020512
16815203
33570942
17923341
20534295
21349196
27351884
21673049
39612185
9698917
32017390
246137
701049
27129555
-664036
19533746
18384516
42555611
14490848
14999700
33475709
22996893
15844881
5824513
20909668
17856315
15605663
33466729
35218301
14446071
34742965
38020394
29298116
1690059
42023135
36094680
3794398
35250359
26849251
17263196
43101214
39917569
43076293
34813046
33034692
41453181
8612114
41793628
80459
31139553
27842987
29088271
32906466
1897716
29282387
21478145
36915439
10722450
1188115
17279947
37654116
3678496
29946318
25715694
-684062
21372515
32255087
35896837
17964979
19437247
43238191
25397671
5380753
42828333
9181517
41529016
18697130
18612332
22360572
8641507
19411947
37096087
10937076
24093520
31352899
36403368
19278536
34174676
20005266
17750402
37517851
21607870
27239946
7454985
7152541
22311612
14379544
10248441
6973143
14976665
4176684
38529139
31073971
13040456
6533002
11309242
28896335
7002621
37287825
35701494
-471044
27412066
31665064
11135126
6241290
42857536
20640542
33211321
40529806
36088467
5325523
18082164
28587313
1257096
31848340
23831480
36121101
21237844
38214469
-473662
6437244
10642143
41790431
38949910
10064542
33319272
28209495
2496686
12322363
23831758
22099508
35740429
5726571
40961695
22484041
42195590
32290578
26852751
3960648
36135683
35664429
39431387
19669383
25807510
32327275
25286293
28420774
39697100
20511308
29495795
12687133
28401242
37046762
5892657
8073862
16364526
37280576
26190793
26789706
12538206
-86124
31543793
4904898
5542461
31775447
36941509
41261867
20724281
10871159
24259482
6713246
35563653
11579792
3038111
23697939
6065809
8849074
10059845
13577173
40035493
24437177
12482140
13718876
3261496
13850471
20918995
36804824
33413412
36413565
21363998
17165291
15787372
29628646
7636636
20398305
3782335
21261167
23622696
22699015
25337406
33074601
35559781
42640027
34905908
42149705
35017096
32759962
18192451
6735307
10467156
9159966
40174863
10581751
36925662
23165160
11092175
38027746
30313748
43001884
31464033
20633301
30824866
26276045
30104539
16633150
27766704
4438100
36095791
42336881
43516389
21562278
16166850
21177417
12771690
37571220
29832433
37276781
28883632
20706384
42610210
8311347
11265171
16637176
19881627
20410914
2220879
18924926
11060304
3672639
15966751
40191051
17455399
16656901
31663559
28417476
20957984
43083648
26538878
13507263
33618127
15411818
6334211
5850512
39588858
23678300
22951380
23686309
21491004
1977355
7500051
37592551
17012816
41833439
21581584
6640554
73894
42844252
13700312
4524623
27707498
1499891
21035276
8713580
35792907
42273096
24929171
23814283
5176530
42631411
5962689
40687501
27774839
42458761
24645048
23986903
1992750
4328270
11673801
-985854
33357350
17778282
32318803
34147506
25296063
6813664
27326126
1949457
43492077
3969476
25736392
14485254
18789443
13301998
12290376
23561944
42015261
37666913
15458468
2211433
11638037
2963125
4756152
15756707
38217176
26019831
32764378
10723364
38333591
315759
14915351
4498021
29280496
37762765
15064490
28042268
31909741
34917880
35089421
26385460
13664629
36295024
31377935
42616178
18032587
11641418
24477206
5530515
41473687
27167012
15256990
42379914
14015367
32537801
31575892
30838362
28479789
651263
34051363
34712226
5406937
19642350
25831361
35483909
8385889
42059165
2239126
14703511
23976626
27570391
28577481
39547464
36212485
8550959
14604210
19548946
29598957
32071212
7857530
19981925
38664508
2477680
15206353
9708797
17240787
38427251
13431299
30406027
-667239
19574797
9679103
17546420
26500054
38864137
30242262
1341306
7617064
28416703
33195156
9521859
1664727
-654317
18388379
17242076
40615450
40097866
25998730
3780230
20488785
21691723
13273386
25274996
19282293
32419019
41414022
21623493
15119526
34687315
17173859
26198008
41142711
7474630
2583057
15133295
1004400
10093115
24140573
7311679
13758617
40440154
38772391
210044
34144876
8701624
12296309
16478339
17885808
6345933
38931553
15203263
15591679
10714767
39097841
2136752
20301589
25026821
13381201
33596167
20107486
14641525
23960936
34223147
3531617
9912621
6965467
12562524
13880906
39806085
23940496
17535892
24870177
22073559
17724860
5576196
41958350
34536839
9531021
39861903
19863764
11483377
10575194
10504027
11788915
28040801
14258655
39756409
41415511
25263307
24638775
11039517
31917852
27994616
31592883
7599121
14131880
43091585
-278625
2040448
30082341
12608569
11568005
3597423
11661963
33050960
14478192
8259094
5421850
23968645
16112470
24050080
3295547
35932133
4973659
34019622
31739970
14068926
27182322
2874961
41185801
2685256
12142335
4620581
6184544
27734165
27646984
9963004
36614516
38748535
37604038
37464966
36972758
24953765
12634378
17830716
19860160
31861667
6078044
22053544
33164854
26036773
40182882
14982499
29542859
24463369
59266
32860938
41791341
32231305
31999565
15442333
39457712
37750020
17716266
38790632
25930834
42157217
42034529
13998543
31674045
15163405
495736
11417226
17387452
10815235
41368949
28521866
35630817
1231219
-422973
8438465
6858150
35282103
10581102
18737077
36396930
40096118
23973482
34827897
16301236
34459970
3475941
8042728
117264
3737501
23061056
17762199
23065244
10663799
14501955
12069043
8911340
41262588
33061510
18214945
18153381
40639119
37556219
12178997
39405684
19970541
21197080
11662976
24386864
1695080
-7787
34666591
3212786
12003656
37393894
29913594
6173580
32531305
42090296
25417134
34444669
39582943
34059105
34821846
38360872
18852576
16449791
35250075
38328174
35054628
9924971
14931864
20377190
42172718
38907912
27611689
247559
4812342
5696345
3120531
12567862
30311783
42514709
43227704
4050571
20408544
17383457
19758177
16854840
4081778
16371570
747889
29813712
34579136
14425660
31492149
27785803
26184531
4411786
29595464
35361996
36662050
806437
25977431
22575734
30306963
32366805
480034
19467734
18117184
35467637
28184350
35939839
1108279
27265575
43066459
1367670
7524021
23216797
37752317
-92882
15660677
22258378
15784910
11208972
23161956
26274105
12524619
5010919
2467051
25933851
13421691
14280053
33396225
26526942
13994224
20947834
28688338
14358286
27313075
32761620
3471648
24749020
17996850
6426609
32313225
30294622
8501506
35723537
21826983
1033587
10792423
18351113
29852146
38343831
36842624
42980810
1195113
29442953
2906705
20199343
11380244
38895795
14505341
39696233
37173434
21695668
19951948
8493743
18776317
7323990
1223869
23869995
7491504
35289290
25552490
27177124
8942133
21212407
27666369
35496514
14426281
13267712
19876048
20950447
19739112
14464174
1765466
30552038
11850890
13470525
8944299
20978493
34806998
24708942
32528871
2033631
39312277
22433762
6113606
5475739
10875684
16408928
7303236
26001607
8883476
38488653
1065513
1360592
28407185
17081332
7876206
6080239
21218247
18904357
19976451
38987988
40595035
2239782
1289933
10626080
13697927
25440329
22439656
9634570
27649087
21537331
28829411
24236415
5784581
11792005
5978326
37547429
4669072
26896331
4432003
-193009
24148099
41001178
23755466
40352835
241939
36171383
4051836
24037766
29976252
10258256
35322581
10972943
26813308
9176300
5308393
4279686
37790701
37144083
16205682
4869005
35876555
5703587
2042814
19455668
15641351
16416078
264229
15829590
37774731
42748311
30131844
31279145
15327746
21033723
17196733
25894188
20745767
33015567
33986454
13996630
10700139
14261517
24766493
21959058
22236351
16360620
28059076
19537554
18978949
36432303
5613684
19548769
5405247
765620
8582298
35852605
36510891
13882727
22627816
17927354
26898793
10049377
25814999
3315599
25746671
14673783
39658457
41769896
23720545
18520176
4847352
11898615
40812332
9666965
16926212
42578824
11299032
39882792
39969457
39935402
26411338
39213351
11315296
10871790
-677965
9657491
22186553
21429846
5075813
42749275
29585685
30066445
3437286
-317530
36199312
27708731
15240697
9682248
2026023
32739573
26459688
17925896
5268554
10350928
11219198
9529970
6162699
9657392
33844270
39135615
7593071
23302293
33137977
24827015
41227021
41874615
34296566
22312461
38261360
20623700
14899423
22511546
9108451
39917856
19745793
40967412
25827833
15544259
18270690
10981202
26227914
17163787
16312626
41889484
545790
21339140
36207388
862066
10586292
34510737
11961800
34876616
32437458
6421068
3033733
389198
34773394
3521867
42657550
4749863
9686911
2810188
15019264
11526361
20434080
9554098
23290063
23044189
9985955
9092599
34470892
14851087
84944
40240566
38778576
40395917
34263208
8396370
14457638
10323174
16717956
18603903
43517461
28077680
31354534
19308189
9728311
26609077
6632855
39675363
21019578
21742807
38611616
344610
35289247
204029
21350112
3879429
32253748
42561339
17903991
10342486
10366935
8851169
38223581
12962589
3003755
37579842
12506847
24850277
33969863
17643532
18415453
23244057
26033064
21704020
15393919
17002640
16637729
22152125
3538151
2934468
27651251
21136636
31167392
30777986
20982853
19511477
6377819
22681442
32442427
27064754
33363100
22800085
22559959
32610502
12681008
7355486
35981945
16490504
36368495
6551268
2166185
41134521
17911849
8595998
18459101
18249197
19958866
35452911
586632
8429864
33335758
2593952
-671497
16795858
2996233
17350006
2033075
18692706
18699421
33890411
39062164
35705539
18793538
38472820
18595320
18319158
39414773
3993490
13347436
4877259
6257174
42822879
39717664
39758118
37682468
28585111
19009108
25660157
29666373
16525372
6598861
1861852
42287843
-81554
20934086
27728685
42424131
12091544
36131629
-313019
37428838
2895257
32144946
15568486
21256564
16215154
24822117
26654093
1443760
34724397
42262618
17614026
2076313
29417865
8839108
13446690
33212866
33994543
26856932
3071436
33547887
40336324
15592011
8550760
22663915
7743503
2973273
40043357
34940021
20184239
39150000
1972701
19540000
17459669
37268750
8698129
30105260
1959742
-700415
15956292
18923529
15601887
10089428
27269949
27723506
19194053
10215706
178801
40922002
14255236
42184252
23106697
22237136
31706732
33579035
11295067
35418611
21189679
35711167
28979216
16517650
37230848
3571028
33966492
16925030
29506727
10667608
25317305
13368919
29795025
1788349
4005195
16461427
37067989
7017997
4317086
12399986
22595054
16912760
36266279
15502196
-854942
26890443
15145747
33733809
1443765
18961225
42293483
4099697
-938307
15918696
19565908
7704800
30128047
37521881
25539225
43018945
-517616
17364220
30972387
6255874
43158470
39606624
2400654
15148195
7257744
21165021
2180430
24966931
21186037
37236261
5326637
24929720
18816114
30056869
23340528
21319492
8547165
-444126
7189675
42981297
22855957
-754449
12874624
17784167
43509380
34486324
15317201
7236163
37948342
19562569
35014005
4206756
25388552
15393773
15077840
8643028
853101
24913975
23821477
20943152
2908100
32216424
15885293
40561923
10477638
29042011
39495206
41445599
5356147
38786533
13321927
9979728
43453057
15311484
24046628
3528358
16343423
36819685
41416607
22469277
9127290
30240872
11144024
11698384
8443572
2617216
18799242
33949209
4390154
13750780
736569
3719340
15424126
-246118
20870105
8173344
34811262
29223476
39071376
24827405
41508743
26357636
10428939
29270520
8824237
25808216
7597614
24816205
38732132
20843690
11501370
27472084
36498825
13289117
7051458
32825932
4110021
4354686
39111615
39045529
31295068
21870174
5002732
11301688
5199369
2966759
18786430
39234520
5061077
13710485
37808142
8048727
30986871
19325349
501096
43397311
2457012
40098840
11022202
33002850
34744772
36521947
42225297
38444381
13522084
35168690
16763921
16568682
31539678
19878697
16144755
444636
10021237
5626125
17123458
17434431
20183967
42335923
17037442
10357237
-5684
11430329
21102009
5081028
15474674
28370845
40367122
40577069
16767108
5505561
12314307
-393858
-146158
19790076
6837847
26276741
31759238
5823649
26005165
23138336
6396490
35363091
3200911
3593569
6003721
21341097
11172130
3611919
35545014
3128316
30566715
11367217
24920189
5574708
38758110
7765609
21600819
164323
17512165
5469273
29032042
42694983
3199602
13412651
31480820
23003579
5204360
14318971
2293838
23318381
31042829
8168123
7517921
19673142
38921066
27703980
15872025
12693194
34401492
10870320
42622228
38654663
7710830
20980502
8535046
39563940
28520397
4715337
11272717
1785407
1121666
41181321
32347340
34620928
14772311
1047651
31019880
27714095
29271352
31365374
27073127
27221340
5048982
39371623
-200248
15341582
13052921
1808908
2797558
31674826
37961807
30970497
17829124
26900756
5824736
41546950
10948375
36176380
21041823
41545965
38867833
31659755
41756928
32091871
33753396
25852017
12814196
11916970
10148232
19183796
12104869
38387065
16788348
4114231
4613837
9760626
36327407
26428385
30958744
4237393
681481
2323861
32241493
16957500
28656938
36771706
5395275
24296509
41908589
11422963
29381039
15829978
-671227
20298778
39585498
36024607
31266454
9615298
22609849
18054962
40371085
37852676
10499166
27598290
32187188
38974079
41829927
33439820
5504127
7741440
36545808
15939466
34788446
7383275
-528747
4196384
14937422
39707123
39475701
7957207
24087771
33144045
21180447
33865168
2929485
4882059
26609118
33340453
13454500
27602007
32601064
15737116
41414108
22871391
30747454
33481611
11405163
5133948
42633009
34284076
9431487
16158716
15926555
17443936
32757273
33413620
4584383
18163277
40076701
12497190
39455582
32958894
5255642
42680694
33524941
941907
5443131
28815862
-887276
1424121
10673337
14011744
10947212
31813888
21747619
2802737
20451046
12442463
32916475
30180184
36782187
6064785
26649008
25860831
3960293
11117187
36100438
6450871
30597384
9859764
39994174
15162614
10814343
32245463
21231672
13436743
15931924
9467486
10228952
21240899
31229965
19391769
8176873
11011586
42478936
7171490
38097243
41799506
12953392
41091587
19892065
19141184
9511875
15732970
34226599
30733311
31065850
5874268
20127734
41632851
8382497
29296851
34497443
33604811
34110084
42619423
16568990
13400453
34760032
21512258
8428115
43478524
36231015
27264438
4699250
11764075
39657577
2878735
26239966
16633716
3110457
40470692
1561176
33558047
42102420
6975877
32201227
17421539
16674175
19990334
-751891
24515766
33759464
9888181
26745997
4765246
26883006
43384677
25178305
36299680
16906088
3513582
42980500
11787461
43167771
32362967
29036687
34867187
2416622
7520930
30590336
35464986
7506177
16198998
23566199
1481834
13985779
6544381
24431639
12997964
24675984
-148306
22457466
43403232
40740427
20033957
3920818
32394715
28829604
-846161
11732509
-514226
16683903
16782795
35118290
-537774
6553305
21062587
12589212
22446036
32984181
3651940
31825638
2045521
38887959
28832344
20495451
19173757
410733
37221243
33838841
13720620
41347622
20460903
43221728
42305054
24529488
14067485
8887349
13232371
21784378
27370461
16418628
7261577
30555673
30659845
36685857
39634447
37337162
34342054
34376512
1002863
29860751
35662303
38046973
11143191
29488699
29792932
39653234
23254296
38105910
30995980
-838535
26082892
31013528
32421570
40123623
13315954
1295419
23910092
27671154
27053290
26777273
38936347
5500592
22761221
21797823
25004541
25432282
31938951
8609828
28999923
21064835
9282117
33666914
18169667
39826258
8582332
885684
12221729
14474955
21611319
37127415
8611325
27216663
34636444
34599577
661295
38564407
5415028
31074122
34093872
39938471
1579298
42566465
22554745
30342847
14443963
1924904
37994620
23227192
30772406
20553102
10201543
4405822
4880871
1259840
8047820
28891097
24950074
36855545
43312543
26321720
32128428
5770547
42874899
30811012
42529255
27161219
28579652
27408143
5065737
19434051
39565406
23022664
16919826
33402091
23258138
32754572
20020182
37369950
30081427
21501827
5643255
-213545
17874695
28585142
24962603
39536243
36198904
3601393
16784847
28066278
27667033
24430137
2459324
34108754
12031718
32680906
3309483
41115038
31793342
21672113
25811573
8002859
607727
16055282
864836
40242503
42435257
12869199
39685521
35895429
26556960
13485947
21846950
38441126
6232009
1225335
5696592
13478884
12871789
30225884
15549237
-273302
29074353
4540428
39313062
39791434
35260844
18880155
14560806
30801419
26803135
31100287
24953584
20267935
15529865
1783878
6387208
34829855
39625553
23998880
31582779
40975458
38341282
1799149
26645021
10945619
19348393
28363215
-321332
40969820
43031792
23655
31932338
27521192
35476379
9202731
15283130
16783758
28048008
26342688
30981557
34548133
41923422
25214111
6786984
17298776
22989796
10959660
37741524
31029047
16895859
27213055
12154052
21489542
41720302
6423580
40935813
40189384
42230502
37428516
33404753
33232018
26757094
40121696
43475716
12672729
19345210
5753539
1987646
32457445
41693224
19417969
12139530
42398593
41261960
32145687
274794
25719213
25422274
27703660
21464623
9166156
795193
2806275
27506349
14950576
18621504
27900702
40652140
25758435
33577613
10868059
22627278
24958156
19699882
21580010
736993
30519588
37655575
7237562
11767304
36706597
2511574
28174926
1651384
36408791
41961179
22391668
19918397
17675671
30213066
34235295
6224320
19247334
25385923
21948385
14440621
14541938
38223136
23331450
4776957
25252985
30656587
4737856
31949457
9627694
21153750
17624870
8981709
30845022
12251231
6015822
23455065
36344518
41007243
4347389
26142871
5304169
31628314
-62063
20297649
19538858
38378344
17682975
264354
34975924
15229056
43282680
38735797
35152990
18228015
4267065
19047473
42106119
24257506
-565419
23757725
8103665
26984327
1936475
4636616
16904585
27002015
23607007
5067107
12651778
42226110
4658626
11325337
25344505
24662248
13345898
2100133
15032479
38340165
38868506
9832388
27481758
24000375
2809020
5617857
41742494
40847975
34222936
25516795
-369211
10894614
19422149
28177508
15251081
39443653
37314086
15041136
10893595
38039893
32869049
21599974
36006167
27929489
16051949
23286704
7167183
18107123
29953903
3835744
19410144
29666724
3953132
1942349
2046863
38008043
16489980
16649396
5154878
37313759
18256097
31949854
40762147
38561141
11048802
27346064
10733138
39676661
412303
25595508
31818097
27622504
40849605
13858742
-715785
40285044
15072395
14030274
24298933
7946861
8214672
33656204
5310651
1539465
25557414
32867996
27309566
36844389
9234599
38923839
34714390
17330333
1684655
24811740
38526283
19514576
18239666
6184275
22161535
-78632
5672476
21989891
-210636
4313914
36441915
29481143
23972251
2277767
36819427
13179322
14163443
18308921
13512724
7950729
27893134
1460478
1941153
40908674
14482278
14853677
10169966
2720285
27201895
-200679
10357306
35472823
25516259
1959291
15977680
12498367
22168807
4038063
17362865
19406104
38746857
21849658
235835
11376815
8330083
21802967
3509819
2142956
25191703
22269930
21229128
11808119
8203508
13678571
4624935
1506410
16146020
8400514
112012
29019529
10763017
11209960
26221014
28760818
8249594
27986035
-765905
14080289
21857305
30276022
-10743
2700937
21597727
39321135
39385292
36714339
17104127
42852288
36826892
5839339
9313760
26756201
31592731
18011161
5877008
7800247
24871398
20183124
16111540
16156693
30406527
34900993
32125782
17176931
2642410
40851371
22395242
43482403
18029269
40163574
28812501
29036358
1479100
1360065
34730260
5859493
34284744
7427854
21688743
18434417
18036820
24469315
5643033
41771976
32082485
14727220
-105459
22093435
26741872
1584847
40239614
36407921
5430275
3280451
41412020
16456699
38955680
33050238
20838410
3584849
31358126
33842814
31421044
3097834
21674531
39839341
39106358
27981173
29712452
37697511
6922358
27742477
3981498
36009310
8107806
41798913
4894993
16493254
22607330
16323689
12254581
18662025
5093418
7517099
26375339
966556
33207694
14652879
33509896
30841775
23140248
27582500
3463619
15833225
24071197
29286450
40754233
41590855
12564074
11035691
4703690
21176836
14951830
31142703
25085399
13625482
19274923
8320936
17571981
12835144
33168936
42127800
20775528
2139097
22621135
38274681
7124607
6634680
12060192
35441809
26092673
19043467
7559264
30798369
29550431
41643173
-627344
18019056
10649455
25045728
29614033
30307771
1254316
10931313
28678907
19452354
10999678
37448320
7255766
8488397
16271835
6542382
5173607
37563365
11671044
14772302
12510177
12887887
35688876
6896624
37686212
37603637
7004764
10588440
29372351
25122107
26209233
22597512
29113767
3940316
73443
21801920
17115393
42416435
37703082
40734198
3466201
14014284
27218108
5030593
5726281
31243174
3663587
42159755
34562241
18839408
40642193
16238659
13383753
36535875
27212263
15072872
15700884
4505971
2717853
15466049
42576313
30425926
42280592
9339110
31397317
14761107
22989723
28261200
19574764
35712189
39380761
24124414
20040857
46237
3841133
18782992
8168338
31595822
40562543
24375336
25718490
42202116
15541500
23421903
1578994
42148681
36381788
-724553
18528111
14566835
43280679
33867440
15076012
308164
218148
12799229
37197821
6438166
37274115
34367963
16717055
350390
38274788
23670639
22244932
34771370
14588861
29920181
22123114
29317019
14808414
17721748
10634378
4851470
8094130
-497670
4462419
40306334
23063515
30504073
16862109
36651951
16459954
8431426
35700133
6419714
28521362
42898798
42351925
11943125
7244855
25957868
32133885
35868092
27820531
34818864
39194648
32009757
20468751
26730256
6834501
6795051
36459973
26212033
10600592
27998992
33583855
15076004
97767
25297988
16934446
2810401
5349640
36247124
10056954
7379673
11415970
-792622
38450400
18713678
6732415
40098911
30819940
37553549
36006409
7255789
6874788
28230624
33912519
10915835
19405304
37790425
23904636
38955069
15920777
20700537
26595463
17264353
37352345
39332224
38431556
23010357
24985729
13383379
4230236
32512381
37603566
8437992
13331263
34784110
38383952
19941745
43224529
23104693
7902739
593790
29764325
33499486
3742047
10195931
22277118
16204887
16751337
40553379
16123042
27198631
37951464
42291388
28743624
36018668
936783
393342
29111627
6372501
17344446
4794087
6453281
6508241
9765048
35547245
29316881
40133284
39969351
11560013
10626093
38453204
20368367
14677341
9728671
13954416
27304159
35938746
13630883
17472943
6035496
9586646
9724660
4951488
4884309
19646629
18521007
40792018
31786344
5150025
1648154
7939308
2709105
34823266
19425442
22330994
30210775
33137932
41228589
30478657
14199359
1894376
6725607
18814719
5366821
36282795
3273232
30454921
2815118
42231301
9816391
6105909
26288899
3018869
19286823
17637536
7518370
29404322
29036888
33473899
17789994
21817307
13114056
30364871
36490339
38613667
42259840
25461095
26618043
2944898
25210209
32208746
35660128
15394975
19399170
29503078
4559260
2101513
42158940
22475528
20567301
22369636
18618444
18957565
29460579
17960500
9743333
23923724
5799335
36200012
36502036
9005728
5761281
30770321
39311528
23321708
14686182
5525351
30336878
-302431
18689660
1694556
38103037
21797697
31025326
35802334
11998945
31095725
4019363
34194416
3409279
4502428
23740365
24518924
20341002
40489926
14459716
32060769
26964520
32957221
19844792
41288252
22074434
23292387
1433636
32460325
37800830
3776528
30076289
10995269
36718725
16753828
40827759
-158013
17339103
-305061
10730964
1749051
30228106
23368403
37777767
34815709
11539776
22732222
10034610
22196514
15637077
9810604
20080478
36177534
17917775
27566738
362844
-694399
11625938
43133938
4070318
16467639
39518248
34343849
43443883
10501291
41791364
13284417
1035504
13019552
40784556
27816246
26107300
39908935
34814138
36941252
38489351
34885857
40713041
27368478
19832339
34324716
8696368
34024874
42553038
28069959
36516107
18331590
17108618
22185103
17951200
27307100
36640397
14724776
2392276
36496986
17973953
5980099
40788322
41570939
1120155
24880227
21506306
26760816
9603967
15326194
31468069
17317612
22203868
12949741
15997763
7858941
18622165
12483411
26945563
18004529
17404518
39564165
28068959
13263212
4002194
1358924
40548150
1108462
12997109
9890706
6092434
8401706
9789912
34672381
41057916
31089763
23195378
24944079
7756870
13063524
32134303
10740373
1111471
11457868
18688305
23072493
541278
38895410
9798332
14780562
25025771
21136648
8491201
26894521
22471514
6264592
40833395
11886389
11206533
1528953
31229366
31112405
6971710
32510750
11562213
7373864
17184124
4588437
21723268
35232067
34788858
1627464
3057624
7313921
5047802
10240646
31107765
21497828
39042504
10352686
42848924
19402667
11624503
5034970
3151024
25290803
6306179
43201147
5216665
8664441
-735984
21573491
24822697
341669
12309585
11274155
37793415
25731525
33353787
19523544
27395312
22224560
11759048
32042485
-500490
30700945
3847562
36776666
18909641
41462747
42342277
21601816
14148669
41095796
25713392
6256720
10228468
33818603
914765
30608413
12521551
10745905
31666272
23261445
15779471
8778142
5003001
39282324
16721409
1433647
2246765
33285462
35193986
4089955
16918511
17645237
1829348
34520328
10361318
32854673
41850584
23653348
27745968
21177864
28261650
35466090
23122954
39522533
15963542
28670715
6482263
24697744
32882118
18302814
29572747
7626233
16299945
12161835
3827988
10412344
5819184
13468523
13384107
12666088
10754874
4806424
17115425
15560156
40341901
42564267
25320683
6201893
-46831
35574333
7094543
-283764
-537388
18518705
15685505
-156878
32907998
5085226
41682838
41827083
3117520
17771201
20899215
34155200
11698173
19079447
21537813
12457895
39360077
40471830
28098495
29610745
23932394
8045600
10327393
38372028
26519685
25703962
22416588
21301490
40638309
366351
40118861
37613128
-343030
18046682
33087332
8736733
22224474
14348302
34004811
32220024
39679649
2685286
21256806
2365283
285299
40439234
26594593
33036975
11118706
1126016
14942451
42457778
36871152
21065195
14174420
20176252
15348444
15968298
15030795
39229296
9644468
22720331
15224763
25658968
14587029
27362713
23124388
22638474
12539478
42540771
25695635
39674533
23067646
12377121
16348440
19737053
37626622
38196867
16767817
35914460
21907672
41321425
17203136
6520794
27413809
43339572
30652999
11063734
43429771
11641495
25545285
9371640
10448336
24316738
38529335
14033073
16262524
19107137
27613762
16570742
26309757
32019633
32147594
2203084
16230867
11711871
43376048
28222911
14648522
9736763
36646139
2561325
42104408
21320589
41258270
11630114
32088965
34031186
29251735
300599
40898773
26432761
20517183
9304306
43028782
32871811
29610609
19264984
12791281
17722419
26499805
32591845
40046477
1458365
43380365
7237616
32320736
29005317
21471305
15374770
-957452
29463813
18358163
38072798
37633256
12347901
22612575
11720611
12326368
41285663
1873997
19632016
39483784
24133663
14112239
6844960
40251676
10188063
14466511
18705380
24771089
24824553
8639776
10790348
32079543
27338185
41613066
34402844
3761603
42860186
42250445
12458523
20868980
2056771
24434923
-910819
19251854
38895245
25000408
604521
1462041
32569777
30069058
40182603
16247514
22078747
5891448
5049767
36334360
939316
39853094
12077428
531279
42246826
23634290
7310860
15864302
2003150
25871176
16308020
25968931
42204806
17988729
42803726
889484
12141413
31858499
15398280
10617082
37874384
37327510
14705199
12505399
1618416
10605462
27130146
8270278
36699717
16969786
39946911
26790655
27748333
3993840
40323336
39436175
18129813
40955604
9392032
18168089
18307423
5948084
20963466
16494961
29380690
17921162
21963117
6932306
-675668
28066149
15191835
35397614
25306159
10196616
27343551
34673856
39489098
39822472
2654793
23210776
21583445
29366579
13482294
24835136
26314929
27856620
35907768
37005173
36717565
37133547
36884682
16485967
33480341
9621427
11300145
40181254
14895849
254316
39770550
1295678
31281140
36497433
19630784
19859151
16810099
12113644
454557
37525884
38236330
42314686
12882585
38763110
9635313
35623068
11707131
38398056
1690936
1063905
40921358
37140591
15607135
3020014
18027070
11009235
29877024
29580275
13320947
14524658
13686882
22249055
17852097
836621
39801088
19362340
36063369
10161875
39069094
1150645
32852720
32385296
11509931
17823287
2520227
34577086
40785519
25515639
34830207
1468293
4539456
37991623
37913200
28217112
42401208
36127936
141550
-762218
18157369
13671364
26338710
9236822
5533827
29102271
21739883
31719276
18268472
28911440
38442697
4180374
26685771
831984
7628747
13858380
40702492
1317877
21173342
9116773
18494115
21241314
18940721
39218694
29064605
19120082
19162302
40300867
27140322
6330419
34430167
42094409
23368276
38145352
39037156
33003256
40972211
33572230
16255005
-146367
3109448
9650995
41438333
40214165
31767132
33326043
33010411
26298333
31502629
27288299
12353410
22993507
30623142
39413856
36102913
38883408
22185956
41213854
19130996
12383924
11306758
13404030
2481611
18375734
7017644
2067516
745236
42206011
27014554
34832819
2395666
36369561
41387344
19534312
14305540
38207202
19138634
22856955
4276061
34891092
-15667
32603934
10892502
10211267
18022783
39331931
39755253
28689026
13847578
31104565
17396180
32917762
18553177
4853667
34818662
4750659
29461642
28288635
1748049
17139188
75075
9279488
13690563
42287050
12447060
38641804
38593995
2207071
5587108
29144261
36585148
4355563
16652493
31387223
25795320
34008050
21941415
6120600
30108100
19775921
11052503
42917290
19414843
23087394
29393154
23992006
36737837
15115815
34346591
30390682
14622491
1872045
18793570
41389298
14968521
16948444
38578218
26644727
16654779
5454461
16443290
15607195
28364628
7084292
35446017
10993238
9131278
30829848
34101456
-751040
29108302
11454050
28805290
25590679
18735972
37756115
3015523
4567744
41433390
3377755
29363498
32570399
21946467
4644010
31929310
26832996
7878983
39969118
-299789
3229109
20162348
24980359
13474689
31847045
23947213
16267744
22809139
26470635
2067539
27923585
667311
6790895
7575546
21355333
22394358
30760831
3890707
41590229
20916556
35455651
18928291
29826215
29243815
5017012
4150268
8468770
35323636
36919392
28167977
11693802
11875019
39396135
1087075
12362196
8751542
22767197
32243962
41649015
25634554
41816516
21127726
8520957
17217919
41337717
11083229
23787481
21652808
25664149
6774387
33336126
40707018
11261936
29452497
8350100
26763009
14358254
19139973
16560457
19888780
21356531
14578634
28222156
32389206
-865870
7455498
28238717
2224277
2540626
41213637
20296529
27036132
15673144
36244631
38368848
42659810
15527015
37346986
-712746
8440392
-675894
4562465
41295703
29551875
18052978
19579032
32351164
10551758
12314657
34736952
26672480
11221088
41031157
20710431
31587413
39256361
28211075
9113362
24554974
41142351
23946523
31017151
7218979
40977705
33855065
15627295
31449945
11478845
32646696
36823236
35866686
4464101
41676197
15342220
30892898
29609834
16951962
40048032
39687462
38290416
32876899
9912488
30514755
-98148
1874667
41783881
3925525
6003237
42629578
8526133
-79538
13004722
43523851
11850533
21533729
1388626
31517814
1396846
25634468
27940765
21692721
8319273
21036298
6218667
34018931
18103778
36013774
10746365
21855389
4263727
3006448
30192822
25670265
40571321
8893392
23556818
31909638
5041406
793273
6779227
19396327
11984578
31098486
12346533
3263732
9428879
18768796
32201258
26278765
29082780
21494833
10907394
5719039
36239915
24533805
32280419
25033990
2927829
35977141
17096621
8058481
31529876
26242441
37635574
34689265
30053746
13052326
11241619
7346853
22807357
13792944
41468962
16119137
25073602
3738013
10643455
-426814
25489642
32279143
30730488
33281410
19832718
16086137
7329432
3974596
16589410
34014636
7487463
3062463
36981455
26999763
12718146
29962181
33753364
15387407
42807240
14431727
15279945
38928305
10817162
15898022
31443273
11438894
13624679
30924418
4330569
21259810
25651702
16518158
17485309
26535107
37585587
36526300
37383463
17855801
22605749
15993909
26137533
27946278
6925827
24593881
4583762
29892821
37955068
11429579
42305690
9361871
17354841
35693353
8922070
37360019
17429565
34035562
17260075
18648303
34665808
4106606
35179993
8480866
2326979
19352521
30632178
23175867
-902916
24906416
7643228
42382456
18344711
5134588
2175905
29717732
10637864
10341990
13564846
3606952
898148
11575188
32490115
17164937
25626171
20057887
13678101
37401396
10827258
30977416
14359490
42847241
32035505
40831039
37504778
39934073
28796785
19024132
28684208
31442707
-535326
33972062
23254860
35225095
41127801
13342828
31979644
40337440
13033116
40141075
40681606
3417297
27458660
9519193
15823727
34373240
39326116
25097116
37808135
11800973
4241582
16956600
10702013
17024068
31933754
14327612
7392852
37707767
19912817
12377572
36212489
-223040
15226002
19366428
10853186
34443107
789699
28107349
9989199
43328467
16722675
38617469
31930606
33430629
4770588
17690420
35290379
25306488
4665312
14661887
33652333
4418287
-829864
12468725
20880619
-715902
23967209
7986013
11354577
31135220
36552813
31928375
41368685
6634336
36990485
25400018
7658524
21841991
33410161
25536907
42744209
16387906
4783603
42525890
29167847
35479173
7195013
23342381
5348959
21358249
34059610
17108328
18715310
352269
28617869
33975593
14804456
37692758
13092134
25944899
11371596
1120950
25827198
32124119
24625213
6008735
30141305
41592065
17319757
20300182
1526873
34424639
25557623
25941121
21878938
7507690
28853983
4363419
19156318
34045755
-29757
6595061
24741194
19482251
29365690
6135195
16611711
18351985
11720019
38070509
16552517
6240591
41643405
37748555
1602779
35268859
35196563
27419169
17048005
31102056
15190033
13855535
23324813
2053429
36489851
22369663
18072841
40074271
10579366
3365692
42395305
39773448
33445245
13642328
38018275
22492695
34950153
2900976
21843550
27061570
19941736
25819777
31204877
38367735
16616019
22245589
26446116
32207439
24896035
8290371
30104259
17947487
25842169
29906518
18921430
556647
8474949
670654
19129554
38847706
33285298
810779
31719882
6513355
3570217
31945490
43039812
18087082
7204698
35511632
5855776
1449301
31184683
6017934
30624281
11130803
37293935
13675265
32673015
21923640
41351903
26771067
28004679
24620836
32175965
27576051
23584877
26149131
16583768
25034135
23773424
15501879
13331288
42915228
26046455
15753126
3336484
6488273
3964039
15571315
39944221
5779921
32317368
13408790
24393812
22241620
20352492
20565259
18753329
37374326
34213248
37276566
25659289
8233877
36181300
18477327
6359399
4419824
36224873
18602469
17909158
30774465
26885693
18942746
25465587
31364771
20944863
16841894
26799651
15798277
13768620
36887616
40960636
7629862
15310939
29931422
18415504
35093548
35072231
37049122
18060869
40779226
8029539
-280144
26966115
26857662
2709324
29926267
8498296
30459020
29319146
10708762
22250875
19353363
505762
14873206
3869376
11255712
14065402
38168907
29355855
-531822
25766292
9366773
29403726
5675474
19754878
3984166
28858809
1892296
-615100
29568747
31964834
33365005
30173960
32828440
39266136
23688373
70625
35903853
101379
39243574
12591067
4174480
9545478
26678552
42071877
35748789
30503093
21391634
15634978
4064022
5414874
16094228
21419401
19263844
519299
34392514
42325712
9321820
7827547
20958725
20877495
28049935
18117804
12182372
31572815
38899021
41699675
2320704
20713076
37802956
8157727
28032526
312367
28435854
2267661
25169078
18416021
32083813
2140954
4074553
22471920
25460818
37809828
29152431
12112253
38345229
36020524
10217481
15611002
30365896
33372030
17160320
37102138
39016544
38902444
39475220
12826884
303701
33541365
-222184
17999702
38306311
9597005
27363072
19309793
4917576
3859400
35734186
19411484
34090796
23468169
12899620
1622065
30128770
18051435
42625989
16429311
43186921
12254184
5788415
16092911
8048875
20051883
43272637
2625761
26429253
37425438
5699337
27128554
20773716
21571167
23650842
14320930
31140002
36218855
23215916
24338590
9064198
41399968
15547769
24005497
7831354
24629749
14879306
30261867
10304767
31510257
12676102
14237065
7293910
5634977
17061875
30658904
11925654
4005591
21603163
21861107
14266830
6002723
20778229
7025617
2732680
41361229
25985106
39733101
13975770
36363283
5485962
783735
11799793
35947744
11924903
5250927
22967239
667386
26662615
30298053
31024216
22306788
40212276
19945475
23287090
39213015
9404853
9840784
6533583
43238678
3111978
27976262
2645041
6345844
18023290
11935276
11683453
6658352
37007646
312779
32677022
41663663
34698666
14992335
37778724
3350021
520170
18517371
37100446
37153720
22887283
10264406
31887419
38163922
6119342
23212921
19079633
32627523
35549043
16692892
32586448
10673523
28951123
16903511
30842451
3546841
19360684
37338996
29993656
31460531
28218699
36912224
38309856
39799032
24502298
25795456
16326160
30296615
11515958
15802144
22232945
3932753
7589707
17928265
39751427
7988558
18973808
35596401
6830437
19296454
26438984
15880251
4508734
26349886
39618236
38035527
36619269
36921092
5163838
30303938
21383306
34757687
23025677
1061055
28260497
15116887
11946497
16543677
34794931
16152013
12842399
-307473
31440501
7782346
5378648
17633069
272025
1281665
26450518
27561930
26885612
28521155
355088
13335716
18936104
35760268
2171521
32805121
37799450
23113536
19869404
40264070
8087804
26341053
5280977
31295543
34837236
17044337
21509297
15749461
24830008
32083936
42251677
9748394
34226330
4255179
35265928
23182780
2491156
32289424
22090189
18280066
9390717
18462651
-920753
4021644
10214462
18020234
4231259
1324248
28293967
28009838
23934691
5826528
43110411
26670558
3702147
31798357
4469177
38340748
32143032
2023254
18384982
17363153
15033109
19087042
35105223
38973810
18509810
38431791
20237044
38720241
3035905
28184785
26280071
5313950
40477128
42120065
41197550
17543993
14988975
23490282
27767242
8455242
3869401
14931427
28972958
21940098
15142339
35272565
11841602
7061682
8834891
30345234
27991488
8447250
38752152
15000250
16155826
33071632
23252072
34985053
26374921
9641290
28760799
38071729
35256768
5742331
28522002
16035865
4041882
-813963
15382508
35036131
28590869
3507172
26186684
27584563
33527710
38391449
11307199
18430489
6345408
3432155
18388826
567329
39156950
41555813
30954827
14175843
-671433
16835928
6764095
27774993
31483972
20775376
19768119
38117874
15109822
10601656
25091567
3409216
31812748
22190940
21503772
48571
5439156
11223180
5446203
22473540
391806
27661011
28941864
12867136
40796729
42364245
15264502
39344515
19176049
18989995
3488493
28259855
17543375
27288162
37859640
9181154
22473526
491340
28376329
16533352
24314819
33169781
492931
37073958
12625753
17196249
5009487
43283824
5303361
16967388
11730140
40530067
11907305
17233131
11037033
29657285
7939892
28085390
17111409
16666459
34360678
36231263
12150194
37042901
36616564
22447106
7332297
41497782
42437590
5545919
36027765
25442900
36079614
21836690
43460602
24027675
42326026
6293135
36263303
7078815
15700491
13055777
39625298
20001838
19752984
9530832
924659
33379713
18985592
6648944
16921701
5167166
530116
22221012
13458725
22246421
25073106
40745486
30070803
25236729
5348257
28494491
37868711
42481735
7137585
13014255
19609928
40642193
28552149
40452463
16863681
2780730
19758170
22699737
1127062
3261844
20155844
31482116
36450674
17685900
19924338
32885549
20482124
20637316
39797770
17190017
12359863
-565638
13616733
3467473
23911451
5034992
42083095
34999034
34482355
39095371
25286139
27852695
20154475
6566033
34200144
6694154
15303476
25914216
29476195
8329608
31296406
32874672
8460310
19329976
4819493
27974857
32507854
22801647
36859011
24334662
21164178
33429585
6602535
35430166
23735513
32153559
26086035
5440015
16973112
26362375
4172327
31674497
10498154
20409828
36265102
27609573
2323070
23807550
25771642
39256160
24676591
43078802
12280428
24477544
37108232
36758959
9972308
17718400
42330636
33918981
5917006
14262755
12883653
27020856
22238624
9368424
9508230
31147705
27002422
32532446
-618728
36929796
43039671
36541613
36120228
23753623
13154084
41063269
4074952
20627323
38947547
37765495
34278950
33060214
22715624
13595351
3071594
12994223
14788514
1484076
20570727
987049
37580209
19992621
32251001
30954579
14997137
947426
41988302
1381553
22864585
41556640
26527967
27712111
9099749
30107856
22106882
30482710
20612443
21374266
9153885
43440146
-31895
24787146
5109431
30522544
20296377
18912738
33539720
17288717
28511430
37931771
23207444
41050363
30487841
32801734
6894190
39691870
14970780
18816538
26466530
11625258
15272335
38031190
14008681
27297205
33250980
27716776
8726854
32346550
23028510
170367
14449538
1883182
41059030
5475163
18133227
36692303
10422798
6073121
32649996
4562606
9144817
32252464
30623082
5053609
27022598
18702796
27716558
39602398
23165778
36931826
26881202
34987567
40803870
6394698
13399307
14114610
1950223
22211749
27070249
34435989
22279945
27829841
27792146
42623254
6242978
3927904
5235445
31891122
12719667
31491302
16702696
6848777
37463068
5888480
34844296
33732682
29911660
9247425
6102752
18394965
6942143
12778687
10227861
23021862
18146108
42623550
144819
32622678
4394448
39673885
5897146
-966750
157674
16777078
5307612
27267996
18625337
1843995
15082896
29441424
32530224
4943551
18764123
1145537
14532623
34977804
14233782
6267250
12033852
30223561
7580857
10278208
28598522
22924950
4523243
4910371
29374260
40119962
26005555
6842045
16110988
10321116
26116064
3742588
24993796
17338462
33405991
17940286
41611326
18795045
36547407
23061291
37713877
21965806
30127309
19002701
42989407
36125896
25114477
17173488
5829891
11745783
34602816
29795101
5528589
33958252
19706966
12055622
25255175
12401351
2307132
27035215
22406392
23534828
24206943
9014416
11003016
13867337
25595736
42114021
19375089
21394701
26433970
15749785
17285762
22684171
35589068
38635770
14840959
21603458
358695
38039181
19273819
21475589
21712601
16088526
17775588
23132356
42714143
4403054
32881451
16629000
1644733
15632323
9477594
26828399
6773366
18565244
15374497
396954
5800949
40521447
26619694
17903944
30352690
36158789
213171
39213945
28688356
17266207
23654132
4890155
18074376
27868586
25754467
28116858
24179184
27503488
4588594
3495732
19499460
2816784
34173368
7146598
16246369
34089903
32805529
27403
17430058
36042408
34242556
33762253
4327833
22209468
30379275
15359387
8461976
23471907
9105032
24862101
29757969
-964095
23407424
11007259
17417234
29516370
22698620
7008131
15235033
18330549
1965595
4379393
6440641
35395780
21815471
31983373
38157557
23311653
389906
16041562
39972878
31603757
28723185
22423567
17339033
21782259
7375407
28523683
33369705
270137
27333106
15246865
16132218
9002842
34759231
18984849
31424366
11596877
37307242
40790513
35954079
19787213
16444322
11059702
24249682
9361219
-833081
14084032
22119818
17461516
13612996
15856231
34044283
33687530
22092709
15783664
16070250
19577479
6524687
33078922
30248149
16370357
19291508
36323801
18075264
35533965
4641443
1511753
34589961
26499250
21432670
14038404
27037148
29097060
30400511
8205904
43228481
38007497
39566211
40386218
33827484
23777506
33470503
2386580
11210848
32182036
24142245
27937805
15791363
41515140
3967712
22557476
32404287
27765941
26144854
30295505
-759142
40633822
15141658
-708705
24856630
4257376
6265710
22499238
-172602
5711643
5934047
12387912
32459699
35898646
19257834
33458667
39958092
25216064
4257111
30798170
21917887
8837471
22421026
10213223
33486195
7673354
6013519
22139472
38044560
22349767
38156566
-14147
31865993
9621244
26636546
31845971
39299373
38044929
37968194
4799676
10800404
12421197
41509699
28532679
30595524
27307953
2392711
11901260
3169440
37299167
10061840
38336204
25260257
3953598
1670929
10260685
25149618
7549299
2720332
22354126
24983383
790249
21010950
26528473
30186013
35235814
43187055
8277213
20382507
20858044
31715268
39786272
43407990
22565144
35743546
14067741
905551
5937072
16618292
41015876
29740841
38465427
36381698
26403974
37634237
15211348
18698455
29075582
26500933
40939020
1554469
31231758
22412531
41106282
22540997
1351406
39833014
10836099
1374865
37616528
31931756
3861665
24256093
38145524
31406745
5983124
20638128
11341168
21037413
37932105
1929425
36320054
20861494
18826951
21627654
5303016
33295742
27992960
29292876
39135218
-404605
18093369
11362470
7988353
3460193
5726838
14630705
15969894
40104606
3729374
17461118
37969551
30834548
50650
9366284
25000928
32880959
924262
12401593
21061090
22247958
27513238
34859038
4706150
35118770
42770813
14488301
17326387
38195816
30245864
4851212
662627
25684529
20271500
25245787
42388285
22569346
26311463
33808841
37539241
8065661
2361663
29068798
43019150
33370363
30328367
30595628
23908443
13057352
36656190
4298597
21911931
14156663
6529517
29208309
13976430
15032049
8975231
23924003
40838916
29306466
20280358
19323956
2130412
31589483
28458120
31417821
40299247
4627606
13017204
41890861
7467843
33750642
33508974
26798320
26645407
23709229
20375906
36564283
11666142
43371449
9940503
39931061
12560875
36127319
43453630
36038226
3928463
6179290
9010130
21290312
30852141
6604480
5439548
13304812
9600956
25969255
15178198
33903180
10002667
27701837
5354001
16596720
34699806
21467587
35698085
13583525
28615366
41135864
32283358
35713060
40593373
14175102
32261311
17759475
3324845
36124118
2939078
17746060
20518519
23020129
41908416
9717343
21483607
33532911
34407525
28692997
9740689
20852888
8464601
23768051
20248519
6878220
10596735
32421275
9263878
25744952
30225677
19253534
29923797
18763701
14263267
27171810
18818088
3251548
5447741
26542487
30246755
1067454
25957265
30737664
34523997
2887177
19413361
27057779
1311926
5859303
34951753
-943498
237518
39462370
25331345
27987518
14127487
7668839
37265655
13666215
12569596
21541789
30381137
16067331
32276262
8624691
42398850
32923472
4275303
27449848
8065564
41317555
40591864
11050220
26903581
554856
5567070
11713449
26035202
40029209
13077124
37996426
19949827
24432197
28290229
12624921
40686248
5541451
37264073
42882357
37878500
29850556
5307462
4327178
-181076
27642371
41648025
32417185
33704079
13259237
5161458
-993417
22085833
9477081
32502078
39909757
39742359
185200
25783554
5341586
9505892
5360828
17809689
-791497
3963755
42132252
22263462
34578940
15664799
18354339
32107597
13654932
9811206
40389437
30447068
27695869
-6728
33142166
34668062
38268561
34865154
16936935
41476467
6412606
10888917
39552916
40127253
15853115
42217691
40466703
37143815
5941268
15619950
12448739
14178000
28824304
39046784
39580164
24641879
34148064
22752524
6371986
21310337
28067151
16426605
8824803
4719247
10502513
37861478
21955859
32369105
-378731
2728553
28917166
37877333
40805442
29874566
25027302
10282128
39787009
24235483
27758914
4816272
18595658
19212802
18351544
22863169
38463009
24536924
27092262
17921741
-987464
27145507
3493432
14033607
16320535
7516640
10030923
23195558
585476
4921320
2332429
33947477
35066244
31438565
31025871
3620103
31262672
34367071
1551823
13355080
34254251
28830002
19607696
14470261
22515544
16215257
6253446
40186107
41302723
21588027
18277727
31949624
42861908
42215569
21295065
19953638
32922745
14686033
2550641
30189381
40643799
29232979
38303978
2099143
15161672
3727547
2617898
12159011
29846872
3980269
35255707
31767417
7291333
30745463
10459955
27276637
300557
32697811
26388686
43425733
17875386
239287
2551568
7889744
43110423
20903896
15401769
41620285
4498951
21375810
2110847
11822802
8192403
36469252
26142181
19112210
35377816
6666026
30521487
1146581
26311108
13364498
12755363
21348477
6397546
28914129
19420292
22584520
31854245
8163153
18361141
25448078
20015599
34019834
2859706
23831704
3180420
1989116
2502381
13683631
23988444
16409784
29715632
18070015
39728152
469633
42635813
20371681
9118930
10073092
10036739
29717072
25109226
4796439
20108620
22374954
27695340
33421047
13646387
20390678
3139356
21020769
29635893
36209643
32404831
17552570
31131034
14461788
30973558
16846152
18935428
28066279
42501457
38336285
21673545
39131247
16357223
19575302
36334060
12600557
12834658
33858942
25178256
1667854
14796089
34386215
