8516847
5315599
30601255
5105642
40433661
18257849
32096559
33873018
1789755
40853167
27600037
19175437
4333717
29925654
40902089
15878045
30987592
9823817
18909088
26618386
41906096
16136175
41290648
33081736
3171033
77629
26540829
40141534
13989652
8248216
23868794
24701478
5285746
11812336
43207356
23865043
20818738
-66640
16974887
12446119
4831890
43119529
38726509
31910697
35008429
27137295
21201261
30560091
-731477
11610933
25810124
32273261
21733514
18466185
8926813
10824490
42850670
33293083
29676913
8209080
8065141
24142815
10926251
26304515
3764369
18211236
36161427
30440105
693033
16773404
42494631
43046366
19337913
10187658
23204387
36565570
21156257
10422256
13603987
12451148
12981079
18525945
18972223
26418853
20967151
16811351
29808169
14932146
1555315
20491400
33574344
20642217
18750887
20897263
32084654
39185916
3284575
6189236
28985754
17740515
40676143
992456
32793467
29903519
16808654
31726337
4599020
8010358
25958937
20021911
40354156
4838907
10397394
40510136
38464136
22414179
13790575
33708208
2812321
17076236
42320284
36145420
39654258
5778174
9898827
27657391
8247859
6477092
13860692
14386914
7352204
30921338
33422930
22546651
12684867
37966126
14308319
10838958
10454420
39786057
25325815
20641632
35757980
12065249
2367418
3360934
20045853
32588149
9029704
39637273
24631236
21358418
31781916
1632643
22251003
38233681
10351866
14015045
34367963
37903367
29190111
26997865
41897279
222227
1430910
8311359
43179714
1309481
40713134
13269367
13210213
14673107
7338754
25867315
33371501
38384525
19718251
14107572
3707108
1398032
40150076
6362255
31789214
5674633
10210084
3204398
4928205
1986838
139210
42955800
37672073
7100845
13939150
38080207
19600660
28464929
35820293
3126134
28687573
30303124
38604921
7949793
21167255
20072848
17116232
5940931
42130194
29031030
34075895
220774
19285250
38570945
32465376
39505428
6976496
4680766
35140761
20215119
19816135
25350444
23169705
24953851
31189073
16633035
17728860
3569587
4645846
18775682
27244510
32929411
24472045
4053622
10295574
28146123
34076184
34142456
9887107
12160498
38670007
17374086
4362226
9759857
12066350
33998411
40570890
35037258
21707043
18220663
13461766
39243419
15491549
43041364
28322729
17458101
33357692
35813824
31604091
25061465
2260071
32077426
20407222
130655
18316996
43145146
7239854
24044479
43339658
6461489
7242615
37121968
12290816
15019285
39886982
22777546
36057174
9266871
23016673
38909116
-956064
26693898
28299570
17015333
13323072
28683464
104372
38797426
35765689
22856263
42145465
28241213
3327887
22262179
3036648
5578907
42146819
36961402
4684625
22900102
23374718
31177985
24846846
1415976
16929553
36644028
34355385
2326416
26816058
12136396
20570873
7275331
25769903
31759951
23908482
27641196
2263186
32295801
4716909
595635
8738845
42694227
34099072
9879224
21363927
7220402
41688863
32480464
15747854
22014743
19681822
26920756
36665599
8908946
22214067
7348665
26377392
24645787
21346583
27450892
7023024
18643305
-788635
38839327
27415522
28043771
16814780
40003934
10498595
22475929
37172822
27416984
15825666
9256028
11880169
22954474
41844063
19824356
29158500
10336695
40404787
38013431
18228138
42005021
23404778
5768474
39919113
6817979
32276738
35862287
14950943
18119780
12362961
1657945
21257135
17358563
3403722
17775707
1890035
18273396
12867545
14563655
16370188
7223144
38345360
43031603
6324039
30417380
15467365
29456701
35849860
42736086
41549873
22534648
4796034
15200453
18528082
38952811
9058208
18033279
29483069
27451570
18259383
27628767
17595525
2788354
21156174
33656265
36069709
39103942
14334840
31945858
3925812
1432211
37442384
39733362
32752085
17376891
32263518
42412874
5312755
34975259
39104026
8406143
19425262
6714451
9353821
29892462
10444578
31076480
36464130
19963079
34579785
20081704
17251563
36521678
6599372
11695902
29837705
41183447
32330318
23203712
10869340
20735523
11068140
25857900
21517900
38501530
30834711
40062239
33817886
29022974
20988087
37993904
22664436
38230827
17420652
63439
17856883
22572071
8418982
35273654
12173579
41145833
41477826
12804687
32458634
35013763
26395184
27607016
17063937
609123
-572952
33592613
33049411
36985408
33802167
8977195
35363980
43200631
41800604
11269475
28790066
17933590
42892947
4617235
24162592
39729279
-531710
10200011
3575168
38273431
25703637
17586351
21077577
10713474
26929389
14089002
24176998
35193222
24366305
43453633
37065258
30850010
30098126
833511
-866324
43496442
25395302
24403218
31127320
23165507
30044931
41785702
27300886
17111086
21992574
10105865
9753275
3067844
26952180
17281021
4557471
23998318
38223344
31607978
-711157
8513682
17613077
15481686
276223
15445209
37181136
13133653
1785821
35831522
-499332
19536644
34878573
28495675
39451503
8449703
29838692
3634171
10613143
9742150
33883655
41856651
29923455
26138450
28282723
42162052
14779143
10579312
38921424
2742295
19412410
9367977
39327613
13389709
40187453
-532251
26177691
24194712
11661681
32017718
7395217
1548978
23652724
5121500
40510328
39354258
39266747
10727038
-50916
40597251
25753094
19764546
7199294
1799885
40792122
4207163
102818
37693076
40222769
29955503
27215930
6736665
43305283
34136774
18027525
21228962
17939433
11592517
7070831
25520488
31986512
39584321
31522070
13891685
29541775
6469867
-794842
13888702
10223732
14911657
6174199
3587876
32172269
2535296
4630843
39958156
30458739
117117
28494141
6024652
34803683
35588429
19528809
26441668
15690442
38874885
7193865
10249444
22465107
41602193
29451467
8290471
28147047
15313209
10709425
15953465
4975308
11807876
6276936
37111811
34342250
34003100
2256217
31450157
9571835
34301157
19963689
39973204
40582057
34741894
17478554
6256018
28790669
16899072
32939239
25877900
1050357
13897165
41778005
36587042
41630867
36027585
28742459
26445037
14273136
40363948
13699574
16544360
20756367
4672179
37805741
-945145
36518307
6336321
23359146
27455953
1115703
13425962
42564465
4650753
12477006
20637225
-711334
36909423
6038982
12908350
20609472
2351212
17152372
22804149
37071072
28990424
361468
32055376
32374418
7286866
33515570
-530338
5385241
3589676
25178311
29999568
21590876
8714453
995298
36475301
38927144
6346459
-786937
42755090
9203212
40009759
31144914
14007947
22755399
36705572
19497793
25691527
43135892
23627128
28324878
35445923
28005265
10073824
16302767
20688485
32641197
17355293
29932225
4523173
43068538
26575754
41585689
8881521
10846063
18536568
33121774
29147124
6267315
5694768
37481569
10137001
37736175
12633720
34229921
15968629
811822
23802284
20796795
42374406
28334797
21496473
35478481
30196445
9278751
21053322
33299786
13696243
17712001
42377731
24428461
35229959
26581398
-338916
12082903
17751673
12382799
19299698
16123405
19172760
16853812
14727982
29679346
601049
335264
14655019
31003734
39927503
41241225
19884620
20566697
31440809
702481
42462831
3909225
14106335
38105521
24227230
3142489
28992464
30049472
4480294
15099924
34551002
29921028
9517831
19672112
4150110
28341435
25471796
29621412
41905517
42632540
43354433
36407073
7624970
15736750
27541859
34812880
7825334
22002014
38405370
11335644
7065698
31925499
30592764
5728447
40050507
21869710
2862208
38569450
33931333
19256588
23711241
38928887
14345759
32316436
7989880
22039382
42634537
6535802
12793120
23245148
38133655
21909164
1606336
24980245
26124232
29714884
38166176
4743118
13662143
38135822
43486049
34556288
3817420
41526014
39576066
23378579
35293935
28533704
15990829
42486610
41723783
10571575
10657146
37777053
40717928
23658847
2612058
2611325
29703032
7045891
37370390
34397172
8640856
39700823
27787609
36299886
3342
18954723
22076931
1005723
42914293
2333653
19088233
718732
22108918
19588059
23099503
29197419
39475760
11778567
17855914
8360184
24960292
5342973
26184516
33513134
36544222
-136743
2556907
5085058
25865916
28060677
38005197
27675246
13794220
2980094
10682906
7576333
26450335
18045965
21319799
30976609
17573799
7543709
36241043
35462821
30845958
12289248
38598170
40479815
11665703
28618384
17567616
43085574
42339406
40435682
36413390
12554815
42566136
11981745
13403721
33517981
22006844
23592449
31500122
23845073
1040046
34051700
16446576
14679016
449923
26654902
23519974
9366802
30433071
9774089
15071990
32997906
-582437
31459962
4932048
11237596
2391697
11089601
21958988
616759
18026211
1705138
9352121
4339779
9653007
13241240
19386510
29734319
23335683
7569644
10427078
18006053
18825295
23394314
15804808
24881213
32515046
14935740
36794722
24824934
-144327
9290917
18337109
1626684
24154957
31535136
26207696
3386999
20238307
38116251
7745489
11384229
30287322
8160276
36062237
1821997
21144553
22777815
21597020
5910307
35137160
15946520
38672739
28880018
13914039
41794660
32257430
14466223
40391771
21345956
15429139
28607693
11036776
3073152
29780773
38656043
-64942
20875789
30434407
25243539
18119469
37925571
41446190
28710075
41151659
42659752
38299541
40511261
6893645
36620
39181640
11435657
12923169
34502493
34833300
12114884
21239584
36940247
15336684
33661975
7866133
21931050
14816581
3096058
6801043
27406084
32368356
24767982
34630878
12022735
15405781
22758093
41920784
14628943
43037240
34294904
41453440
43012131
12356702
9465251
4556666
34941302
8086666
15554473
32957880
27141672
28233725
38490129
28334256
37295416
4601282
8985540
12048395
13363582
3971198
9286201
28808810
6849545
34178769
104844
7781373
6730921
28011302
42069102
23709778
8141798
477139
27161657
32921083
13697997
28250188
31159537
20896644
38958944
28734458
24787877
15721269
8754758
20997383
21525063
35815538
20076363
11391202
33789785
31936560
8038588
13879614
8464089
26054582
28647988
14026100
9821118
24249883
7237474
38200384
6512666
4357653
19431907
30188876
39874072
41663204
14676182
30131
10350726
40646097
42531249
16076844
33835830
39133635
35058467
18509527
6478236
26945191
24812717
2174733
35515556
13634540
10166772
40454335
23715918
1348502
33337202
21667694
3854236
10012160
2755749
4079624
12678279
31714554
7130107
38453872
36873088
15430613
11036465
38426362
15109641
20560422
5981907
37637092
17302780
28629949
8942657
25670236
38829897
14443603
482530
19336205
42723063
22090334
37297705
17364173
38135845
-518749
24997734
36093821
15752365
10822339
33213981
22933757
13071658
32862297
37997302
9199681
36605147
39318656
23676080
4141369
33722029
-280595
20385378
17017328
21463343
797495
23128851
6200164
26003641
1411583
15803034
35143169
9382774
17935497
32012597
33541046
4570501
1393297
28394078
25557889
12401363
41372002
41198936
13537245
9094005
31105908
38418069
37100524
7316260
26172457
9785292
-895667
2003541
18253552
12186987
7426158
15348123
12195609
19410783
25197118
2437727
384207
41827717
34475567
35274242
7894490
27211164
11086269
31859326
4583461
30018336
40075318
34604678
34427482
42910359
31584675
29232944
-513450
17905622
25658493
9761146
28708720
40627190
21129376
18673363
22979903
42347943
37521503
28666353
21336
3588726
-698498
8991936
29597747
6198901
16105631
26419618
26212587
31843600
39633364
21393789
16227824
29198459
25752863
20297860
18364621
637447
31497383
20795958
21966277
5926045
25717401
19100764
28174777
39366273
31332688
17057390
38703530
6368502
41923806
30013277
23177302
35078274
30419264
25640401
35225519
31378813
2383770
30561296
17175772
26359399
11105193
41076409
32732718
3507289
42049960
15858648
4781156
2031610
3038537
30384827
27011853
21877242
-957857
34096961
31613025
12966080
9138082
33489256
16047400
21370730
654384
10788512
34160294
37545649
16234328
11822607
9358897
37406187
20253423
11342915
34418472
43378577
2647535
20315614
17529453
40258962
38643024
17416209
29540711
40927399
29837744
41506508
27185018
5197701
37542951
42157402
43500772
3982909
28977176
34170461
20173735
3652603
1654398
8012946
7355617
19682611
38546827
31259447
3759644
28182987
38311497
12520042
19181986
27508731
31269172
37797270
3722839
33295162
6785299
22622134
43259019
11003934
21444325
32027788
25028195
29349118
27790541
32329603
24822001
15389156
32855332
13282904
15473120
42412228
19213427
2906476
23793109
33006811
37306809
15596580
3710133
43234787
33533069
40581961
40308856
10050175
6764418
7690808
19462124
12596651
43365760
12036385
13651640
35170891
21615154
13395630
25458660
26480700
27009205
40402227
14695172
39067008
17865618
20680517
1745456
18499268
13537107
756550
33381498
23593665
7196576
22726045
11302390
42823910
4172367
43502190
21495824
16430907
35649834
29288221
35256495
8472299
42623278
40605843
16940675
26982897
2144957
34420568
27782036
5112518
37958925
23696394
10276178
6894022
24587670
17294192
30426918
34229351
22673090
30616464
13348623
30092772
1360749
41191261
9229275
36598658
39584875
29796398
5604418
22575931
37326347
8294979
17683350
24635020
6578115
9560080
11894280
29663435
35287908
39036631
17017477
7927770
4396061
25648299
39085477
27211255
12845602
30772268
37132993
14003127
2379071
23871412
17753560
15994529
3774561
14625308
20641862
16060058
24100786
22034801
39915942
15232051
17767102
6653747
33717503
23881722
32123863
34649524
37791016
1114503
19239098
12923089
3783210
38867558
7033875
30186499
28500134
14331877
26879191
21613471
31676361
4762431
29262782
19218063
41753826
22774457
4181808
35225416
16292920
20132779
25026340
25223691
9639590
41429870
33764505
34797788
36526550
5260787
35471281
19238417
7072762
25780609
19751535
42667452
18490712
11447363
12979253
1955575
890650
8475104
8405472
1375752
319819
22880110
27938875
28099744
24850241
31159428
30853227
7075725
40357624
13114437
16067052
8446062
2731583
35035050
37709103
13608643
29735688
21652210
22951465
33021811
3797474
30596884
6200948
31997535
25365944
43047303
1931015
18568547
15097822
14467091
27987276
38315879
30625069
32273493
18046401
2578717
14834132
19459923
43344081
-153769
26985328
8903024
31447080
33448238
41269447
32169236
4378003
-525646
23175622
34093042
1616698
11717512
18592944
23185338
41002089
1105891
41000805
20421945
30669819
3352981
2189484
35676981
7422679
20896629
36973906
24914610
18133361
33505346
2411354
9593083
13385437
26141094
40981291
29977545
37741845
27876484
24800331
32168388
9111960
10803810
37636096
34171933
38442189
35638097
5054859
6327637
21732817
5062249
23151749
16623759
23468725
23154808
27204569
30801332
8336723
12463896
15711787
23199985
17319947
30048982
9380365
25264524
40578593
41674216
2878230
18700709
39306010
37380585
36414934
-700400
6364298
35969991
19197916
38668041
8981057
-89218
1875847
37136098
4478725
15195051
39744221
38887516
30586584
33433567
24381081
32940585
43488014
31368575
32146670
7677267
42379959
30445056
43302695
12582927
36936894
30343157
9385606
30781304
24293868
3625355
1692804
11861310
11174806
15684545
12166328
4406328
38294778
10723164
21338155
17521951
19727633
25818119
41277188
10475467
32277637
30544215
17856635
22326154
26037222
11028998
40522798
-499781
18068122
42269799
25066564
32689585
20624666
10569983
8420856
25375362
18096345
23317384
2227863
43099191
21415756
17088642
17773207
28407475
29609487
36377417
32020696
16523506
36431672
1311703
21078562
12051540
16055499
24637467
6577295
29739066
37790898
15677360
33646258
11525558
10952986
36426477
35079462
28987271
29725607
17017704
12335114
12636353
808957
14037957
20024655
10500501
40959353
18246317
3578521
10675165
5896068
40564085
15218464
34305974
29995843
4717983
372290
31169118
9034683
36135174
11816049
26432876
32477737
18391543
6301180
3176025
38681156
12648818
7422171
15310622
6371590
9546340
42936389
43287339
10497031
10661740
30253028
39261916
26938185
36504478
39184013
13461139
16252773
15588386
29910809
23269891
7274494
8111964
16123068
14746818
30707089
25285307
13829898
15496672
3336137
6218671
864983
28891254
36225497
19812229
13634485
20630399
2183211
30410505
225713
39161792
15763588
20201052
21004667
29982570
42304552
29555946
43291548
36805556
41194222
17916633
26630551
4709148
20394100
9631234
15305965
15862319
34550342
21549873
3174681
16599487
24712771
22069021
2519116
23335292
11823790
3300421
13076841
28288814
37069373
12059819
42354787
23311042
20484584
4336664
30496954
32355488
15109076
9204735
20832996
26332676
3276286
41761423
11399281
20337631
13809725
1154686
1022148
16279095
33035083
2235774
25598966
32795301
2416855
31667602
20122597
34420871
1381701
17702267
785395
30785584
32636421
6123133
30872348
17860126
1116128
22733176
3815821
26910656
3698070
26883618
20546566
-869156
40329414
17111073
30991482
35720480
26362205
42958248
38159837
38860776
30829322
8472013
2640618
37414609
38177436
-383462
7638825
23142398
13494420
39164425
19005756
6952574
2953847
10571288
17078453
40356019
6139255
36059449
2493261
2518827
18674710
-671647
29530649
8735499
40325882
9575577
2171198
34113695
-185245
3316061
23558600
16412138
3339045
17266075
-287365
40709009
34759416
33277924
32741326
39902194
15699605
6184851
17476699
1716977
613106
17380490
1825983
26176290
10409455
28520590
24722116
38425476
18702565
23956323
1081741
11984594
40962826
38868255
12183297
17322313
22589269
8138383
25005637
18712951
9271373
20287039
8858452
11205764
29743914
17948715
8351136
25783419
11894628
14880901
31957466
219278
24653815
30280317
22725122
18808862
7779834
20127865
27182706
4089233
12500527
22884510
43429838
21712243
40241840
4710594
22821451
22623502
33670867
13225295
32393663
23904631
8848457
6401517
26678293
11353458
26265952
28529463
40925561
2974382
33606210
10446794
26701095
27472846
19967982
37671960
41869287
33629176
32882506
32124884
22080000
18862416
29513380
18600439
33132841
40513617
6170717
42028399
2745575
7934849
2627064
35497543
25293535
17670668
5405227
23801935
523007
38285041
390459
26276706
6688288
11806996
30962749
27113072
21509679
25389839
13653032
25251894
7461209
42337539
28098737
21584516
27790102
8613825
24075477
34202142
314650
41298205
40471067
12377478
844458
36084253
1362339
28897269
18526793
4576657
29120553
34482112
18208989
-259269
7681327
3797618
40004588
28315204
29920003
23755708
29729294
32660458
26438913
21156951
14338241
20069923
20339509
30474698
28812116
33086969
7911926
32234489
30649249
39217283
4251954
32685
31881153
28808307
7400384
20973111
2327178
625807
7798357
32912142
15349859
12942374
8299519
5560741
9605175
27620702
28010206
27804768
28849238
24877192
20706180
39337094
11562905
37253757
24746679
1018246
37088329
10509481
35008188
24494822
32352098
9096826
32430444
-452151
29607543
19667317
803173
24957569
18457178
2859865
18471313
24018259
29616002
38449099
13134001
15604187
3758274
27503839
13320602
9776575
15457588
39940436
13158784
20498705
26814546
40475344
2759059
8143437
28382500
-562886
10655160
13892643
7365860
382708
26927604
24126155
23419203
7297498
5836771
39531628
4876832
24322242
39858098
23950382
38265899
13985914
41083201
18815517
15118377
29250660
23143799
30243319
31246302
36069232
32000548
4510987
8034587
39432497
42081213
4998159
39342479
20705872
14671858
-510553
4558401
10718409
28710995
30299028
25821199
8406689
21715211
19099849
1729532
25983090
2044412
9293424
22650621
6697821
15402051
-181489
15234902
2229295
41753006
8482179
9328581
12114719
19032994
16899458
27297470
42827557
41754185
38014638
5320772
2358360
33815514
7844400
32012796
21047551
10886848
15763371
11699746
17684514
43195826
17745267
3213867
11597686
27244211
27908332
15244857
36664500
41225801
8731019
21070054
20575519
40468224
9392886
9790405
42599081
6974798
40807417
8081986
12669711
41685839
42756291
25496461
1233221
12762820
11535016
10862233
29056327
6338079
15821798
19524224
9194315
10730288
22102307
15970980
17536417
43182610
8893396
27682097
21699758
32322489
31379165
15400072
3318021
26373153
40128913
8845657
29524859
40859262
29006206
33430941
43495732
39820184
13566253
22602030
32953989
20947556
23466454
34051389
4661788
4334808
22669140
40379228
10563231
32083967
38727502
12607803
40892218
29544507
6225083
13529474
729740
28733086
2012801
27280334
42195317
6152036
122041
13852669
42589915
24088585
19683173
34893297
34403699
36660882
16938795
18765859
34571848
42607942
10819589
40668808
28987960
42572644
22197724
18700480
19405250
30635698
40015398
30834833
33630075
15924924
21320467
34085559
-68610
20785222
39999533
31462683
5460581
31551923
29282925
24849397
16869824
35412553
17453299
26701252
335732
37101457
5735945
28241553
567350
36989224
29919281
38747898
28081921
851083
1971985
-342968
24158423
18500588
3166366
-195000
6723652
7830882
21389562
24927812
37589064
18803662
6925749
43348202
1801936
43216153
42148857
3145791
8225042
882038
38040322
27860858
22972776
30600242
40746048
7478484
1501947
3058431
32852357
20963308
1652585
36375092
22409465
20309054
41667960
41495030
42568600
35906746
14391876
15629088
39782026
30175773
14620211
30656445
6548432
18396903
19146376
36992390
5752884
22758474
15636408
12317497
604414
12368693
13486433
559629
1589508
16369819
15147306
20826266
25456648
26435778
40887634
23537488
40537593
17152575
5723544
27095429
27020085
23311476
32160674
16037689
28302104
37549003
-413438
24129181
3995398
6059211
18766019
35323392
19597102
5327390
19354572
37838037
12620622
21332997
35568565
40130685
11251323
2927985
29498615
7377888
33997059
38426983
31956732
10153152
31779807
25851398
16006179
34670826
27305819
42848129
17152150
8729516
11056340
22043390
3644870
37326759
15700328
20832102
8032363
14286641
37754480
16098690
41034268
4346088
32207519
20894741
10387830
31355406
4137249
18333815
37876046
8781365
16260102
29264529
28784267
19729067
3237816
19930377
22230718
16478615
3180935
34359349
29411118
29703042
12502174
16624587
20802376
20930986
13095356
454461
5915060
35676933
17772192
16930807
15432549
15400714
39954279
22802610
5919643
29184196
42266979
40381884
35176568
-326712
3350546
6496866
2267348
22312316
33332621
4840378
2144454
8656876
19505648
5079924
40163888
13542898
8931027
27730049
18678234
8065022
24857226
-445542
25603999
17144477
25732812
42069030
9880421
25928446
37395308
16508629
11408675
-112262
10295628
6804701
22157116
9406849
-215382
8841272
27272486
586477
22414261
20227417
25586596
6413304
38196521
11364510
24680143
27769360
5718042
-332767
37732764
25882790
2542090
26580060
27927302
29098160
7101899
25021740
20190634
7472806
27904058
10697404
13196176
40657792
23161496
20688933
9112318
4116295
40892780
4673999
5904301
9076786
40635354
19915959
29786470
9534215
23617851
22969293
21040980
8198765
16836366
17444869
12411733
2795365
36469601
23229607
38185848
14208906
33029493
9130477
16000217
11100587
17345726
27519588
38750921
38944415
32104877
33518244
16241333
35788109
41705455
16585757
30642710
36390772
4083538
26608100
32146557
22325727
22004702
32101929
18707360
4020219
13766841
36524983
41884215
10891666
34343370
34382615
35516278
-501007
23193874
31270985
42212061
19540808
15371066
25050551
34876731
19882130
34053089
18113220
25932724
35372728
14510867
41689077
2828011
7133869
21076494
13102215
27777016
27562848
25883950
20855079
27824327
34491342
38161570
40889650
41046023
38570353
14823907
15370132
19452584
43354650
39833548
20863730
41943323
16987607
19107882
43076171
15019633
35923081
15554799
23675945
31849572
28301672
26777202
12230832
30696712
37203593
174284
28526458
31731438
39925181
26746734
14517607
5605902
18135638
18445590
23668902
12947756
13209559
40285194
17447069
40017770
25522078
15473245
17663770
18893159
23296773
19945622
26073522
27246569
32304638
507266
37223359
8247011
14292389
17665038
40391271
30299356
8296258
16021618
-257044
34929314
21747544
12063574
34971561
36298312
11117746
22359355
28774207
43522618
21011844
24086445
2109072
17008345
35981989
38288704
25579803
6764167
29312982
29428387
19717026
7169031
3013546
26067932
19840278
35109001
39128246
948973
31542352
24747529
19221744
27696595
25484381
25572859
15119171
17493809
14983245
-925280
26344393
37994442
39458884
43256735
31465164
10187185
31362448
37174214
16861419
24549797
20434395
22278510
36702744
24868285
8606583
12737734
22613980
9289576
25840332
33287057
28127082
6868077
20647707
30147892
39798356
41470670
2006838
31443467
42695462
13974492
10011578
10117489
34507817
39627944
21900318
10039819
-100613
30214682
35095607
16061812
549431
36972047
36365483
31012401
26084962
6314571
28424769
1143850
22682107
28564083
32104006
8997666
30311212
4402421
38527180
27096106
40486382
8772371
16257955
12718107
14543854
30277073
38971464
37115878
33062309
24016106
38321505
39144271
31249300
24073104
28465636
11991578
30275407
17333021
14412060
27495535
28640236
15867365
26423820
13334335
5858732
33477391
5900025
7485722
21992398
39275986
2479814
15964354
17879433
7451711
20336056
34939133
27310402
27381976
19648968
14872941
17423281
27395037
3834594
33191067
14458179
7873852
29391635
10703381
15779679
25750707
27246916
31339996
5531886
36240042
34898474
32237925
15475693
17082445
28680195
12318168
7495678
8157417
4348084
30241335
30161262
13952233
36443326
33281274
2298205
29748411
22768311
6486206
25826508
28340264
41200251
10771611
13706755
30423761
12646676
15782317
18853494
-92882
6984814
30001332
22717976
26601573
36434226
12512213
27902176
8281470
41835526
24765141
36881459
-156998
39268728
38540160
11012036
34511730
5132145
35080360
30591752
21775832
9262975
32082469
32013098
3869339
3434854
41510607
16314003
181425
13006109
18012101
3025241
38624981
8960401
19575887
23211905
37892864
-721552
22172442
26081533
18865458
33719445
31921007
14946347
20432416
17978108
26256259
3785233
28078055
3649336
3745628
38178273
39016780
13109561
8768990
8941516
20575120
36507256
7396011
17536630
6342683
40651076
15775879
8258557
11583889
25302249
39765073
38803353
5980368
31484625
33640955
28461875
26610071
23056558
3049429
4270087
6504915
40743613
20342261
32260422
2183776
27296044
26299251
35398617
32531911
24950350
40873766
21236058
16456013
9177429
19045753
2854379
7252313
29936151
36942540
29243686
18435964
21329137
9459590
33004445
7261762
21870585
8053944
38635854
20442043
7499958
35131898
39597576
26766067
1147901
28181495
20398610
41832273
14649677
9063423
27635253
2153806
37655877
11790882
32682399
35556835
9513085
17335400
17190622
42098693
10380755
24212253
15835796
3222635
10048246
42418550
33526206
40951001
33594004
43017272
22626882
40126651
29124247
7164605
15270110
35566122
4166776
30138494
19263448
648039
31606309
36010183
14969080
12035721
24744133
40369138
40313122
4060641
22227726
40867301
2095161
37365788
27578305
29927556
10737463
11384290
25288786
6636496
17642357
15347172
30888148
43393494
23982335
8306348
29122987
6287525
9115867
40145945
31396614
24407218
9797194
33346163
24032962
31518703
14887803
14485777
15115920
27611947
21454458
10431800
25115142
3334100
27247575
15514256
31104674
36540526
30746287
10245603
15233189
1267631
23298419
21413514
1087754
34770323
29656281
43308216
20503172
37801082
-264584
14174778
16219862
41486938
12197697
17409879
22780425
28361080
16097530
10979849
34538366
23755360
5864942
34736109
33405897
16561719
34765252
25451666
20374939
31351476
38398771
3350554
40510575
36858333
21872570
16354394
15876857
37337677
34135685
13404104
31600748
1398999
38312777
30765296
31774406
40383176
38439317
33020103
36080067
11543811
22215615
10443547
2610182
27770846
30603233
21063459
26609413
2611209
3367439
37737771
3229053
37110000
16693976
38570102
22537296
25422170
35913177
15923675
13050624
-776162
1421822
21216711
27620513
6358938
30571421
27659757
37393215
25032074
14232651
3831725
655338
-852399
9019771
7025532
17102998
11246266
3277039
11407641
38721875
29391187
31950979
35201616
22867622
39153897
18668972
23337467
2314183
18039847
12394937
28848872
2627125
27300375
34383550
8308265
2935103
13972192
21483561
38411081
42638359
35324083
23845823
-243394
32903266
41617583
43476635
27486029
31610212
24704351
37780368
22113750
4370457
20094627
21671573
6502426
31541746
15840646
24564586
39750142
35279660
36562054
25417724
16383743
23147024
1227748
9929275
42608378
26604076
11968967
29689930
40705826
37700653
29493657
20400024
6984826
31725666
18184082
28191636
-498685
16612317
9481152
23810096
3544660
39593513
15636978
29835582
25560176
3740591
15536011
31255954
31791927
24835220
25600353
4674093
38027342
16617489
28308414
26158037
27323265
39845647
5818418
24596960
17187098
4804897
29348852
10408041
12817431
17890560
16428516
3371839
13085613
33904440
973482
5617393
23744469
38696925
6414329
18874616
38220338
29769085
29249710
10581392
32103897
23885680
15847460
24803019
36005445
37926326
17023556
3280436
3719265
40521960
14695728
17699760
41804889
17011710
11438000
12150890
3981496
17239642
23717114
38319407
13894421
16537762
38671493
37424971
15682763
32571220
37194788
6138444
14798250
12485644
20693591
38734680
23947187
9873593
20890426
34763440
200422
11645804
28516988
18930331
9764397
37841488
2441529
9382428
-850158
24020715
7137354
6944410
29459084
16387533
14687043
28750866
41087950
15621517
31357470
25471500
6694717
42702144
29070652
30025687
17369625
29435190
25073059
4253669
40808352
16083870
7899506
27751722
41424011
37795222
1299353
8611203
12021755
32932608
21813050
900789
13440512
503827
23521801
5025879
4180972
32880890
18134077
28272021
24141642
20224867
40791520
6722031
41290660
39148488
23455439
36047922
16789433
20897078
10531372
22419440
27954143
12323274
34865415
17553056
2585444
41433150
24712233
27891769
33122645
34237846
33882036
29047715
2067449
3400918
34863056
14973851
22865183
41625602
35739653
41577901
23447572
26027271
8035560
42434461
21217415
39654739
13663659
12753820
10599699
34140238
11302133
20690740
28491988
33377649
13134196
32692796
9607039
34818738
20378073
32524573
1956154
9905893
8991174
38408597
38376213
28561460
36449036
12223300
11665079
20987642
24899875
33765726
28974876
24297605
30747022
39951119
26304819
12417559
-545851
28612035
7593449
32261454
40475536
40319823
18544907
26296592
36998886
23064862
11997914
16112636
40159686
21161390
32100610
28249006
42086598
13943776
40697200
38344718
19257782
34965492
41670567
6794424
24565546
244048
23025169
27582715
6592659
24377559
42799061
21979998
19170405
35924849
41341939
12421867
25907541
38106992
9573015
37082447
27384523
15458162
39962753
25018434
21617659
3585117
17716227
1780576
41232926
14580068
758163
14974244
7440339
40190298
27004806
27301820
23758655
6442596
26232907
18722920
33880236
24666354
1654798
5507200
4771246
22631656
16230760
36398717
38034320
11947856
-871194
18233738
38909251
12877926
29186184
40112681
6437671
10290179
36101231
-930379
38261638
36886392
8079645
18629864
39669340
20899090
8905319
41098772
34345588
940859
36461599
4802184
10382111
29272587
28093503
12916415
4858711
24181228
28029286
28126769
40094746
5611494
16039344
28935176
22805654
24220894
22029759
22452200
23974412
8364777
-886116
19873226
13121672
26134123
11917227
14477621
5138458
17928539
38784922
2191997
23692188
20789997
32555988
5669576
2419004
15586480
11611209
41491687
5004713
40542065
38875400
5408958
33219410
27698334
20540745
37993673
6273061
35285604
43196532
4155701
34909222
23523108
43174158
8486201
37587444
23465238
31819464
33051854
40009668
39170768
7648831
38401546
22350078
15425770
33167347
11498371
11376980
37103823
22653368
1331000
28537905
1150623
16213538
27895514
33403674
28410914
34734465
12571453
770389
20490076
5199776
31657818
6761908
22407870
20934918
35647079
35715117
2443659
4478082
667685
12252428
23474173
41632839
14606152
12155318
17446319
12753721
14401131
31465176
8221374
16355536
12722821
25221451
10504878
34796503
15646725
42632199
22144354
18053001
530730
34889093
15860310
-350679
33829846
22720194
-731567
14943938
9699643
30848255
11065612
42642113
40892503
41914271
26633130
29375121
18281865
30457164
25039936
23696302
25335324
9944764
15342403
39263714
5451995
25980959
2579842
14810950
21238783
165643
28332214
26817019
14708112
39903494
40730279
39872970
9140435
27808294
37544851
27630198
6913554
-617654
19591769
18484931
12965339
4545028
1365919
8406014
16113706
41301362
28194247
25731713
12208904
14024219
40466449
8286770
38669578
8283754
42763742
7273563
27114975
-502535
9431822
18854788
42295685
20954765
37601182
34097084
10728736
38502606
40775024
21969966
20843670
23440360
37342721
19842633
-603442
19863324
38122125
1719944
42838220
41024415
36739634
3556444
35483863
25987330
17388208
19747279
26588453
16860808
42321589
149412
9872117
20025575
10792320
7110006
17274242
12289580
14833134
32693023
36107263
18227220
3776999
33271472
-134491
32715141
41684300
42358441
73325
3672234
7393156
27368247
37448538
31000243
8975495
2657568
25546427
3812508
-74809
39750913
37712196
40751405
2256991
724349
32084412
5177965
32793173
32865855
5537558
29349020
10383756
23265350
19122224
34345091
11527725
37083801
33668610
8329384
27499892
37425922
16685010
14813959
655936
759101
1694915
1355279
33694211
28682024
27846163
22281904
19352596
3255010
42922876
39597869
17990731
32739538
22879016
15045266
27165310
25855160
7758715
12445806
25422455
5007744
33501293
9096710
19143269
13689331
27964169
18220116
13551950
40878337
36216381
34839960
33719041
43410505
23525534
17678419
4824852
21419386
41063553
11138442
8192450
27374409
20089967
27034987
42337498
39712710
33611525
23017115
8230061
39986953
7736664
41386016
5330684
11372856
37726238
15131541
34787553
8712454
28618782
4791155
36943194
-152450
31280385
29826052
26360663
18644084
27695414
16729907
36150183
30379328
17204780
20533954
15999526
27250088
22859655
9826123
21789379
281092
20080461
27043133
26306214
19602420
17682891
32648485
24872703
39117164
22926909
32591626
-721430
12427399
15326958
26054295
40418008
15882295
29913725
35172757
1128421
5703807
14588016
34046542
2151008
-512830
9996219
43267144
14369188
9049932
29236168
24903387
13004161
31753400
35478283
22110829
9807098
18652738
39584831
3522428
30394789
40175466
6531522
26208848
31157682
9140587
18952300
30044322
19582903
20732781
25095955
18853881
33720544
11827904
3718733
37521555
7902909
31153936
15740388
12976407
27676513
7081440
15023534
26432769
30524825
13011156
1053038
166455
5970742
28737140
11973478
41527431
14993936
-829722
23575422
1603972
38142663
21103717
22994535
8514907
28450924
24653217
12991544
36920247
7600304
40014825
38982772
11300965
29561136
25501782
15738970
12244406
5834324
375220
12683887
35448475
13766259
32100059
30615506
14610752
4742427
21816578
24798731
35376648
16554003
780261
17575048
2111537
30539954
22889900
38532676
39309101
1383158
42083916
36051520
32530680
2051891
38837658
7718993
10927067
31444494
27525515
631980
31225062
28339211
6353556
27893063
32387158
38847143
42754237
17169831
23787722
19054609
28669049
27637482
6261726
12998486
42042606
27383298
11540876
30633138
32608729
15320490
29872718
17952838
28220326
33981736
7641013
29719700
26969135
19840154
39107998
26109793
20315799
8455184
35174665
7000639
30970705
12234609
6829803
15025499
38110803
41638057
16737838
1597549
6647291
16305924
8952398
30710573
28814576
24066858
17316628
2826450
-332313
-347368
11393761
11543297
36496850
3520066
4150278
17543535
19357455
-379909
6836653
17537716
32932905
24777738
16339757
31049480
1002273
4226088
15624244
11333644
27977427
31363064
32242384
2116886
19070836
39174720
36624353
41622012
12728506
4303606
42438869
39464831
6452898
21070785
33619340
2795478
10054862
700181
3008920
21725741
11243919
39247625
40666908
34552348
6914072
38756748
40447814
6564229
26034819
11893870
42923228
12485917
3362833
20133873
-248037
11903809
38591623
10550069
43421626
15091798
28434747
31077771
18913992
23236648
30812744
571259
8463612
28790418
96353
6809404
9190518
43192830
347775
15867397
1330865
27522512
25238029
27240847
2114921
23708169
29976521
20733828
37654238
9893786
28016737
23836851
11512138
14361782
33239927
22949906
21251154
4911831
43498994
26014962
35130538
38654503
6082266
25203849
28386614
9748955
40531810
5501814
10993850
3142765
22793850
24110323
38267099
6836276
35834050
36397228
40348300
4408623
5304019
33029621
24503657
7750988
31352641
28793850
8725956
14303899
9464366
38298420
19649761
12398504
1364787
30844886
42769722
-222547
20983078
14897474
30254253
23458940
9038889
5918484
42612605
71848
6686093
11017791
22143763
16973827
3768222
41933428
39910558
879083
3406536
31093138
39517475
31349197
20142337
304387
5060071
43441668
15380453
31284266
14468583
-489359
39931090
37840974
32607341
23184896
5145698
19319402
22846462
13742524
30978744
6777963
38100441
7197386
10971735
41044609
7598502
17131631
34221178
7826802
22913195
14112566
6659830
36767664
31894648
28335774
26012620
22946409
23936031
9629186
27993883
25242982
37549470
32040442
4313790
34284411
41962852
5783832
23320770
15648208
7637148
4940665
18489848
13945822
5713061
12666942
2267012
-802721
30910440
16830962
4718689
37811550
13924673
1769017
4624077
42209099
5986744
37282452
21123248
3235923
31697890
33598683
8756472
33894844
25151172
40348344
28378571
12312453
22158742
5563274
27335426
4113683
15567968
3307878
5948223
5650257
30629513
22816601
17298878
482528
29579440
23613876
13226586
5279372
7020583
21551501
29803255
21456802
15375025
2572986
43233159
22174752
39009206
27225990
4385004
14950559
35174791
35165410
39991553
9399990
42127026
24890619
28201230
33124933
43488503
18453821
13173957
-886429
34558122
35920555
30224575
924234
9821672
33352788
9606447
41282989
13166831
16197890
24047361
19818297
23760175
776951
11048169
15043678
25304291
5337765
12923308
26850310
32612029
29595350
42477297
5376843
34021737
14911699
36781349
23889709
22452228
7128252
16150347
29959223
35805826
14986698
12170473
16732423
21043790
38161013
29190117
1038267
10801556
17133660
5813735
34241811
23713982
14278001
5933526
26981025
23571629
43472320
5215809
15580701
19060425
12249610
26015296
27935087
14638841
19304021
32205364
25308780
21973596
140854
26448605
37265750
28673297
1282643
35217188
25814284
31126315
40989008
22238099
41521870
30319281
655411
9860230
3435815
23427104
725224
1417578
35418413
39350378
12731540
40265432
4248224
23932349
40459869
29993046
32636053
25229579
23883844
35593087
24716593
8346586
30081318
15804743
30985412
8838061
31717105
8468641
3165289
16906345
13619859
28171556
34809748
8871314
16808556
15759258
10538815
3949425
22367234
40388495
19466299
9896882
30938851
15764797
37516434
15089000
27806551
33819034
39174341
38425572
40400710
16540468
20590762
4074106
1361468
5284804
22980902
4285728
13053314
2594132
16747914
40504512
20376303
3963861
10993000
40690664
12613591
15396659
15369817
14654580
16708295
36220901
15066259
12829618
24242787
38501099
1018149
26204526
31724415
37106435
1919008
36323421
-678448
10232515
22726617
14673446
2777529
21034746
30867575
38649141
5336597
35124611
8278580
7671890
28752719
10559362
2679707
2357391
32226795
26553642
8221342
-690888
3694227
4538068
3482963
21219745
23309974
39312564
21802032
38787307
18043484
42662106
29508149
32480750
30658788
34623699
40805474
41648321
43396316
6506437
9895931
6564350
6431111
39792107
11534850
10229586
32863917
23027956
39532945
36387437
28078113
14903133
11618021
16121625
17308355
35679561
15984681
687504
4111075
13976001
31346816
11131611
29470147
43108669
33703937
35092287
532762
28085947
43416038
14206546
37617412
33287291
27304151
11906464
4050159
28045556
29432205
13768854
9851377
-328912
11680710
37990556
7239187
13195675
26925113
22109538
29047622
25310818
26738124
8643158
1418449
27534473
40368786
33625929
9476092
19445219
16550389
42885415
32263000
5161781
11012486
15231329
13418964
24920802
27333512
17859433
16180210
-179134
15487607
13009140
5945562
14976118
10569777
39260651
19322115
11582179
30475625
2357330
39229347
20699670
29926519
15791652
39307905
31576172
43006198
4373433
25828365
26935157
3986568
24583094
3276354
25743699
28113062
37508649
15539064
1263392
8586910
9279723
11591411
41382006
40016494
10104214
18124855
14195668
37415672
20833835
5381179
24519173
12418901
36507257
6785579
34774830
42823719
18745321
14097931
34417626
35117163
25505817
34738106
-61718
6470943
4827187
16272071
661529
28646617
22773475
42019723
30021733
32053631
25057451
4311901
7094530
39817289
23140244
1543761
28705851
40883105
9215552
20361604
42022129
19469501
22172121
7018601
5985067
14833819
13509877
1295040
-493632
23728033
3761605
39235781
20185173
11593205
-283911
18657622
31136912
19890813
33425394
29560793
13985392
24244483
2523572
19481070
8931226
41144499
39527278
36693758
12107123
3118707
8010387
23576726
12856438
11435238
22004849
12538615
3526226
34526278
25793478
19408797
11495266
15640770
41962947
20558390
26942510
40147688
14761479
10321698
2399208
7510410
30249970
21671735
18308439
30410606
-82778
37730993
12385361
1032477
-586678
-399441
24685425
804184
22148526
5975639
36140697
17524103
6262845
34841906
5264799
27895677
3476504
6016517
33181956
6992618
30797845
21270815
14057192
38244990
34099405
10606275
2300030
32575931
40393361
43119248
9828780
-242180
6394712
43200589
3511918
31377639
19616602
17336207
-950224
16436795
19410937
18506989
39985020
40231850
20443571
42645183
3006320
28215457
17758201
2039924
7364918
13289866
21805879
38479179
9423277
26944766
27122081
42688717
15968944
7003760
21797333
13333703
21668370
31947847
7816215
33119875
5238157
24212298
3294401
6745
13125389
43466621
14051524
27148471
9959306
3963481
42827418
23057933
16637140
26272295
1482619
14584085
17854518
20022374
16743212
1053453
38228681
2585257
6473929
20443989
16218273
16233223
21515879
18353371
41358483
26032762
22750153
366089
6817289
19395348
2990333
14572967
37717549
17722906
37884330
41525476
25155729
34063847
7738464
20375846
34219151
7840220
25639447
33998547
2652777
15169754
5748056
18375774
8709881
16194988
19818937
30887827
7440139
41916564
38957840
33558944
12797735
17940641
3577751
15484797
6885790
10644560
756268
5916103
17144166
15717682
42363223
14783991
10425952
31679420
4001149
14699395
3723273
22397423
16524951
24848689
14607721
15159052
22345481
7004547
17759567
17269935
11116871
30721014
22734362
9141132
7608114
33062729
29050503
23293165
32272212
37320373
8633068
14338604
39201733
36243893
7301144
34320912
26201380
19431931
3717857
29194795
10050778
1589076
40916388
42666820
28465296
-857491
6333095
7395627
22074519
7011113
23146707
11256023
25014889
37782881
4297448
22615577
43284552
39572016
22343064
40141808
14966491
6990852
4730261
32749724
35000207
14199392
42306347
1541015
9032056
30101651
39676563
1128874
34147321
18298734
43325660
23354673
2582264
24268061
24174935
18024737
29441796
36450531
22475567
14053667
277023
20376930
24611264
678670
7393986
6688578
1526097
39867768
16911803
28688658
27852143
40880878
1702199
21417038
30523920
10559698
41509126
18478456
21889108
28475650
13008095
8028106
17112912
5047794
24842252
15366371
38574744
25824950
12305768
14996369
2185924
20884551
35358406
16483318
8828962
9865038
41902626
11768866
20223978
31761437
30887383
499843
21136915
38996158
3914087
32615100
27445697
29069353
22564818
26991758
25853847
22069447
31919919
30819132
148329
15928532
33411853
18322493
35503933
14498894
30131581
4928224
15921492
23429589
4430920
27627421
6921246
6897922
27057469
37556142
37445428
10578973
8159496
18708250
31477568
41121108
5207804
32374306
13619097
21990840
21834348
14013626
17205058
37608959
18196642
2635239
35197549
9109875
28551126
9396777
6805291
28190105
30881970
32197897
9318666
15104357
23043414
33901058
37381753
16022005
27559283
28663475
1884400
12582917
26603994
36815257
15274145
32631761
39222480
29219237
14597458
43066653
2210928
40897206
29080432
24081145
9773402
13582831
18631223
32068987
3116701
5542947
43091914
9475033
19098591
19756625
29987946
27318876
36511677
15790623
11833784
29126059
42368875
6151032
35322258
30603238
14550948
3271628
27391311
23824592
3423770
7981816
33215286
27406656
24628260
38262225
27430831
25483691
39464918
2114011
30257984
19278337
24848346
40462327
29064589
17453442
23005050
5223145
36826686
9341116
12500221
9137353
13262967
492153
4565448
23384025
27880041
34089378
26129394
22818201
9379482
8058300
20712053
34137893
29891555
40971005
43252766
15057497
40676430
19254782
14572917
17902398
22086180
14020421
6068833
38990709
10656505
36330683
13117651
31919786
27763468
6888342
24773559
6640958
39837709
17821504
37070861
23715081
18760320
8263958
24967627
13704239
27509767
18684552
33228765
34543531
12802836
7522888
18839479
5979664
31623503
8350210
2634816
26241550
4343943
3297861
30767862
41228203
18702045
39729409
21184199
29288783
21243229
20327656
12909147
24549658
25867927
748916
34186310
9699833
29677655
40073991
7005393
8573287
10757815
40599128
13443656
36568999
-485604
14004350
34826870
21868371
30435498
11825609
22897469
10300715
31141147
40521113
24847476
35289373
15454212
4310540
6951444
9400235
25417398
38294402
11976125
2624105
10237345
15013164
8157926
27559133
21971769
33017442
29548646
25348210
36218614
-321310
27563884
8035943
8566103
24182842
14474555
25511400
39869122
41981304
40597884
25782301
18382602
13100984
10088537
28028900
42533581
29506093
3218036
4960171
9256799
41086115
11889688
26885904
10794893
35357989
31819968
32315007
34530486
34299564
28817783
-94203
27969433
31310
43166270
37233048
42007393
40543731
16413734
7148760
34425723
5041745
14645465
-742920
38301388
22803499
43375293
25120928
-629414
27170320
22588622
23752102
15759421
13927305
11318065
-212340
22860276
22629452
38926055
36020385
4460890
5186592
7272284
39532734
13747386
30094123
27691973
14997477
1081959
39723938
3306055
15427551
23275833
6349832
7631707
30627994
15164564
20649635
36230615
23358355
42098097
18924252
42530257
5204622
33487341
6010739
34326904
10030290
31156129
569814
25907127
9460305
42054209
26496103
12361346
36178366
4109164
40892842
10729053
4825840
17256390
41435410
11326780
28711131
39722520
40926888
12693243
30540925
32681716
34753096
18878692
9410839
24393859
41789001
24527933
35765111
24410964
8700912
24705579
8248835
16996313
3361334
29267557
18332623
33005410
32272911
32417326
24330448
43200909
9779274
15471299
32438170
34594318
19192709
29316260
30190632
15424546
997825
7214105
42226532
39280548
14671448
-685687
40886788
15940902
15254886
37668226
-597301
4585674
4858991
21625479
35809698
16207899
41800827
8844407
15519906
15247645
13358326
10358963
14890815
39972727
22570615
13194356
1145961
11088422
13668873
41451505
42227309
19623854
35046097
6769977
3956550
29342714
18662987
33203858
20281602
23048532
26418448
30955429
36519262
23704584
27502062
12056500
37837952
18791803
41146979
5144110
19083161
18309673
8068195
4960926
8542912
21319196
7693528
31238173
4499106
-774066
42421808
43250173
24010122
32113360
9409553
10825748
13887577
5446996
12721857
2539212
25567487
42384579
38570095
10828010
25958122
42420855
1197522
21502937
2558726
29875080
11452396
27167205
18255952
39901807
21675920
43216388
14847381
35816409
3272250
41584416
14505317
42907893
42339303
33526714
101359
39047459
19323032
33520362
17215890
15804491
38553480
39437269
26680788
32934860
41242503
9243405
8352201
8979648
30811753
41143990
1939773
43530006
26285195
23876800
21535387
12104193
14719385
36271544
37671459
36686400
3462304
39173721
29575534
6684691
39513059
36803578
34430556
14140672
42683471
13664890
5826298
19261987
25272958
23218580
27734709
5635572
23702455
35728189
35913391
30837097
37098431
13214494
12489362
3716633
17617878
22170062
40485383
37784001
22456435
41830886
27934421
35367667
30540374
8976643
27361925
34073740
18055352
1080299
22049062
21738143
-602550
31319926
21068024
31558198
1282391
26422704
28438882
28630638
6268598
23382254
23936589
10866816
36053080
9684460
20115111
11963829
14935403
41289276
15638935
28395617
19515818
26261773
42432314
40682981
20033687
36452811
14026686
15194589
1403484
42586378
27818949
19681209
29501312
15296641
2668881
41877051
7563230
40640956
7740931
26816702
32307522
26629838
31208925
31832960
19591714
38798508
8278680
391884
196628
3408686
40928375
39578433
13662622
24399449
7931695
25792289
2690198
42321789
38499060
11045717
17633253
19964807
24987346
37921373
3162014
26987685
15254960
1929876
36758738
13848591
40988072
38183943
32310679
31381861
26396205
5903242
24136315
8034175
37587059
17116228
27327278
9446932
243347
3377811
20497021
22993732
32629231
15531899
6797581
6112300
7947774
42190769
33645675
33820631
19087762
3355255
29434785
19841246
18985323
30930164
21712476
36828795
24792569
19461607
-365674
12300781
13429185
40652968
41533793
16739533
27898936
3235171
22474228
650572
31218277
37927914
16334503
38251411
33067238
30090742
18216025
15912925
30236345
17247162
22921888
37568009
14837340
28478935
18738969
-149325
8492553
39624827
17204065
1809030
15292180
9815617
3013673
1934359
4838188
34571362
40571352
34793918
37097201
-793921
31475943
29823434
37674589
32053453
33045069
22546629
141645
494426
37820806
1451661
17529136
32829928
26551206
34052197
7804568
-334520
4336551
9561631
28038746
13980737
26217353
10615058
39882143
11162544
1638922
26747595
16822384
20958234
37621899
29699320
36641406
35527872
27179228
18531414
42851517
41956217
190934
33050408
6702131
36148693
37625913
26311645
2319276
31495602
29308222
5087894
26332883
10808053
11209280
7468631
26087060
3633927
6712403
12987957
11563308
21716590
25493666
895742
1711528
19385305
27553650
34794302
42249053
38725434
40043949
23956069
35255881
16205201
8651570
29191515
12762846
8982604
32797058
43131412
17264529
22669786
24333692
21527290
7426377
33029697
7937696
19619595
9274211
39201038
28998668
5005925
26316685
40699036
15785769
16332143
17506913
40157184
42189275
36274743
8418232
38298885
417198
16321101
28234866
42459738
24849564
-219768
42417905
3513399
25845653
10042884
22178382
37314825
41201298
9829523
33101676
28095184
22589962
38037498
9286909
21920406
1180860
4565565
14181223
-316316
35428707
-72126
28671887
8056435
26468776
40680383
17728357
30050158
9929727
21762069
26922385
2641609
450717
35425819
12520211
38705032
19156563
35376537
6073785
31284276
10866168
16978163
1106297
10472089
13037075
11004331
-704159
32288892
16022113
-628671
-987441
32031876
5169088
-521124
6640294
39416745
9023869
14646783
5468273
4484381
13678912
12775379
37755602
8057096
9528262
7971842
13977883
26796776
29387969
30052215
25861322
37115213
42271483
6111917
23389059
32184228
27226323
37626021
29257843
14754085
2019995
8337582
17872799
34947014
23009919
6887140
21249260
-711190
30004134
8787343
26454475
37123476
15494293
25059433
34497937
28051066
30933308
11878092
32935304
6855953
11484465
10612366
26325099
16025945
28156677
29142898
42038068
37536626
25089908
34758036
1069922
42669560
6388420
27621222
3325979
13515558
17078885
2969413
32735964
4808393
9823960
-917773
11648854
31517946
4295611
29597154
3073742
12790986
3314537
28883170
19779734
1105653
41037612
21821996
28325104
24392127
10856403
25731090
22433126
38935997
3876023
4347716
16089251
27967543
13683555
7817541
4896691
7630105
18560793
12614136
20632080
39669604
32032765
22975620
41185090
29345682
35077514
18695882
40679091
10595676
22162304
21189384
1441047
28512876
603933
20387938
1213244
9835070
906356
13092572
13664739
34058217
2342662
5479157
40883389
9407873
40630205
40250235
2495290
29752055
26655119
7009
12303784
11550657
32964373
13278556
22230654
246388
20377278
1510455
23423107
32693739
7418179
7853219
41069801
42345874
30147802
38916836
40403510
8553217
3596977
10115593
5205047
32567596
17997355
15229677
15011788
41979106
17425147
9129293
8066888
3277508
34933535
5654761
16165824
11250039
15605318
31137727
11816895
42487119
15339439
27187642
36364852
43183197
14367218
36326389
34255397
16223158
33043931
25820337
38323261
20511522
14758221
21731843
14343277
29020647
20763227
31043556
772368
14666751
11349961
40130183
33011757
29618347
29921289
34616803
32896689
17946606
12073917
33769062
20195522
29540511
22741543
29136176
34551701
39356745
9174111
7837775
41581784
-30244
41633240
11803317
35841083
10328025
23199309
1007435
9090303
17513609
34760730
22529447
35677198
29194100
758857
39135399
16114091
23321147
18743587
40528785
17033533
6501725
41143418
18537549
29888174
7055061
30324143
37108253
4371190
33084110
6593066
1254552
41630235
8615578
14960544
-982375
30686104
39386184
31955115
5991078
3052812
2762664
39556161
1466742
34743671
368498
36888516
32283326
21536133
39647305
5902306
9630679
28042716
25601780
11916565
38283719
2581542
24911213
6636931
17512644
26064181
21161109
9039921
3271765
3437511
1851476
33927742
9692679
12950718
15745498
6298163
41145014
38711653
23201817
6294602
4572509
40375232
4297101
38967988
32229697
23368908
6232287
40164661
15837168
-475202
5132070
27560666
13603928
38989764
1337286
35207115
29550518
14739144
34385548
42846415
40552353
42268173
8537867
16819460
13646467
37917372
19571987
1147200
13382286
4523176
17023413
38693836
17558576
14611254
2356064
35346972
4500380
27936541
16715023
15172263
18276898
8144421
8436510
9015025
15472213
41353241
23268707
26330754
22782059
14963813
18211543
13055106
7685937
15222830
11825552
21494456
4716546
37727156
21651956
15467944
242841
43237271
23973227
10008212
17903132
29931024
39005567
1087042
33218502
22276677
37595586
17639592
32056805
24870482
18353416
7252135
3627437
30848631
15338943
18636691
38779758
32444042
22009361
11652145
18403218
23914420
37723736
26661322
5421570
42089137
5142534
19869541
8327674
2135847
36303783
41900516
10753709
3076328
29574541
41087611
28594297
5999649
28536705
37840717
23476936
28371842
18750809
40904733
6930178
38778807
42506586
-215551
24387646
27852620
41226993
17181153
42793586
33715742
21528457
13213143
24159030
5669577
33522401
33453051
37819349
17475842
17489601
4699736
7915653
16960187
8209504
21201648
6008642
41679568
13173690
32379215
13115131
26261288
18757710
21359172
37097525
30136807
18786148
27988293
42707051
41552185
1163077
8712681
1391010
36963075
27794052
24114067
23854557
8452318
22046041
22377064
42570955
16397178
33760209
14908933
3982323
36825908
13159572
20211774
14533794
31173031
26978811
3205049
6153030
20959673
636821
42851027
37315571
7568182
2271303
37451306
24626284
5242135
26889010
41827942
-516361
20485059
25544215
8253806
7693481
26980833
23443133
4243267
27252202
28979693
39379189
23737949
9244319
29604919
37532922
24896549
14604377
4177858
34586587
39342424
34419912
33514293
29959966
1849226
38101530
26091362
32917367
15813978
38570185
41657341
11091058
24124046
4866562
12024229
36506143
18686054
26566294
14807
18478984
10498877
40840805
41510701
25449895
4853795
4480258
39134807
2445782
13675527
36387853
36826883
28136541
7396708
31345060
39449315
21256038
9323835
18244537
19416709
19860644
7664140
14813987
25882355
28213173
26274368
31693507
37341003
2589986
40683601
8209816
26087691
14873042
29838357
7723616
1982243
16588316
25433820
35660930
31846805
17463277
42598478
32341033
16212969
39965133
31726559
27471685
10482631
28825909
29312834
3088482
12005441
3540426
18846841
35132939
42387539
31948162
8026789
25909451
21442282
34484009
822120
36752516
5983797
19037956
23051018
35148192
7653783
31547048
13634684
9614165
13649320
18469352
12873061
34168447
23514188
8031599
39112275
2251900
34196049
31613590
33565004
3522909
30226378
14366222
6786759
13743089
30171280
5338043
11919810
29354214
20654280
40029502
1751137
25502783
17203001
15825693
18153078
42293633
28355325
5859608
9792647
940250
34410827
13052320
22764538
2516111
41209563
11087196
13134407
1550182
23791591
15993747
2707033
15972451
6494180
26826479
4013687
28710030
5793965
25731178
31939963
13261963
38389459
43379039
2017108
20679482
7643120
27349510
41060628
20044511
30016376
38480503
5679049
21919917
40432900
4252215
33607486
13433425
15978727
31557787
8191843
40259500
22263596
5842945
35823958
29865057
35186736
39741319
3242331
22946707
12869763
30267806
22843559
15164765
2908908
38323230
18724132
42772525
27459076
8671663
14196882
41834043
22186942
22657354
11437495
29750138
7639461
36257668
20513068
2258107
31136690
15581251
40861812
37443608
2123572
19994715
39812886
27349500
27565560
14103713
30756449
17107540
33648929
38161111
41092997
36604642
43068373
17388331
26662122
27335476
618639
1853090
31562563
24159034
39802052
20086871
29846878
41116438
11178491
33788408
32556988
21648114
12587395
41402027
23608080
2510894
39825704
22647122
15133957
8467837
15147108
24862380
25183499
39500103
37171396
23789639
38318278
48723
6130841
30364963
26494670
24526277
23176413
14344393
3371125
-615105
3362094
20636841
6516788
33721038
10660806
21376455
40572605
35759744
1244053
9157421
36677591
14656827
41366803
5301454
31826854
25981758
22686460
12302489
23893769
30819922
41701779
29964016
1850177
3433297
43489423
14735702
32045945
37156851
9840406
33894093
17699783
21702093
3117326
27044148
35272722
17174942
11585409
12227366
3076470
24478416
12415082
2461287
4637244
438052
11711824
25719264
33631385
21142792
5914917
1399648
36056494
6995668
20328777
36390266
10435336
22143423
30772950
21588263
38451665
20180101
3400733
17585181
1759238
21386068
2081654
22127889
41823502
9517687
37966923
21274872
5232177
34807237
28984203
39983573
43353543
30483290
14983552
12041121
29386510
25247382
11822162
31385152
39582258
37862619
36061808
28359266
188854
23627059
18427167
32812330
11772814
34347082
5308479
1212915
13146786
12718238
-416302
3978210
26579459
39173013
38249969
35479048
26282053
497963
20286796
37411412
7518448
7276754
15056787
6847942
20521533
35172192
17303947
30441885
3496304
1406770
221153
41535012
35949003
42303767
-230722
23962576
18836375
38090799
30397419
9928046
587605
8420815
1736844
7484731
40872341
5861977
36773440
41335705
6043537
16342207
15814479
33762232
21177619
17362882
39926503
39343259
25590405
5202619
9994236
24104543
32370599
1687350
13235856
22566709
38438037
35268407
10803744
8462741
32766804
13539157
16102458
24539121
21183834
3268247
19427605
34688832
7404456
31035281
38980373
37614766
3594020
40929531
9872780
35337608
15756180
40774076
11478794
-842935
12589894
25888879
13948150
35478205
581753
9589296
25409021
14708342
4816600
10147956
25742494
31698814
13244745
11600065
29329004
19455615
1329102
13707841
23687746
5135109
12719759
14719020
23603990
12251398
36604097
1683881
30444489
25809147
24260665
19822451
4444209
32402262
38636944
8281042
5991147
38693946
27028763
1486177
22981124
8400615
24629229
3661088
19862518
22184176
15620288
2534799
29837706
9410849
30616011
-793820
16923891
24172688
25651188
34058285
17111073
28251014
28631465
1144318
9535992
15085583
26359393
5089426
20971308
9858548
3376336
9734945
35836280
28566105
21383916
7371917
6823158
43411017
40738099
25866090
25814054
5865134
33832554
17662836
12595481
39514389
22425229
25981445
31656295
10923252
38632683
4952749
1123149
2545483
9287639
8391712
40140553
35986509
13097744
16189657
16682456
493616
22164087
2542759
28521708
20856390
38204739
279907
31489205
28470425
42464123
12021395
20513087
22815868
21553908
43500006
25835265
22384265
23955955
39214894
19939764
3343462
33491760
40938848
13177032
35135467
34669054
36034922
19699187
31475921
14241471
43011606
43440071
7296897
6990522
36203024
11368496
41206003
21272802
13100034
14227550
5397100
15025335
35774082
19755046
13411746
42299242
7940628
17202245
3734179
-473124
19682939
17795506
2427593
18938917
9671418
31142358
18332043
6567158
8486198
5229937
21887013
5428056
17770802
39071887
34983920
17373484
29734241
23197292
4798728
40146849
30192093
40940868
37943358
706711
32981088
43017834
22248825
20800184
39462845
23559970
42212427
63545
2367785
38048959
36725403
30157936
39711000
17984840
39372504
5532095
25135002
1347789
33802972
12564524
34330870
17389838
3665591
20530428
36377520
13626271
33918254
28218101
7923655
30304498
6334957
28236962
33591174
20396522
4534675
33101624
5969455
36945940
24653925
18205855
13127953
42948841
34244293
10148554
4957958
-921789
36746636
1983200
29162476
7612026
33996618
18215027
13082937
21983855
41805273
20831795
40592346
25959852
12446799
23577486
30582633
18709157
41653615
8811228
20811545
31165099
12765465
27805303
37746842
10172754
31305628
37338827
36287873
3929811
17514400
34973149
-830451
40798632
42909309
-730675
16653890
22875054
41465971
36929245
33844388
23145613
11754685
31845551
40946427
4579643
38014021
15993109
25476890
9735695
34830569
946629
-746342
37431386
39660149
27262859
42964548
1013768
29862477
1514705
35985525
5822715
21045521
34589636
41831469
17727366
18692392
16387967
30708717
41022382
27943201
42052718
18090720
24209457
21998086
31810319
41751493
1275464
36963467
24046541
8134401
43217791
27781567
4861100
38849061
3936373
32928446
38358743
12693469
21781547
15505481
34502819
4018347
29734188
11649435
16203773
13972960
17165008
42538348
6753248
14832463
4496568
590283
20311939
8423006
19680571
9359587
12923517
9016105
32977092
34695001
12758111
26863769
43148627
41683871
23234302
2980642
24617839
29480442
2422457
39417492
6939281
7802050
36494172
37882630
5331880
42982982
30547059
14231630
42565729
29522828
25224746
42233489
5967771
22012358
4983879
42777691
20721700
14706480
17727949
15016272
42334428
5493544
26131969
2510941
32774393
4048930
20700505
21479958
13551302
300043
41404097
2412423
31579580
26760065
11917714
20494850
32312417
17938638
37629293
38924210
8205769
9587122
34651333
38401611
14283053
3055638
22489430
6530225
25791408
23568094
13938708
2583404
18332869
22025242
5375932
29171333
12230309
24825451
40695792
21274886
26453626
32575448
36056320
4353025
-941351
3130648
37068541
36533032
7998840
37217270
24699430
-482692
28712385
-193101
28849242
2691802
37788462
12751011
11035550
19195635
42937602
25938910
2413990
31340859
19933077
40501479
2180762
20481339
43100235
35322563
26943386
43257036
33871279
40382512
31497932
29132413
9667890
4752351
4920279
38502358
770541
13570711
42529668
35524335
31676896
27557098
6415235
14161777
32215419
22224535
16911935
6247841
1027948
35789548
18954705
19944689
41648162
12739374
11331551
8093241
3234829
5706826
34565058
12249209
32371250
7674838
4629579
30097997
5795481
38094676
7278306
4880863
19905626
15171006
35875115
1513810
8515599
11882984
4860704
3866681
33653189
2564398
27162037
16201667
1041840
15355017
11265045
26650587
17513260
3872277
32717382
5307846
9943618
19161029
40219741
35434771
-999074
41431269
39867058
326922
9771532
4351179
37782028
28201774
38059491
28787967
41946438
22402368
5475595
7085790
23182861
37231466
22593010
41540118
31960876
4377285
23177813
4479056
31768586
27367558
35639672
3681320
7934312
18271809
18640906
23874326
2256240
38101702
7584655
32496237
8554032
7600236
33889145
10206144
3350033
39295752
23590166
39401976
4409920
15304805
25636113
15559557
4146925
13164635
17135746
434200
17554322
25426842
28602256
26764333
34136894
6930845
33139245
21372330
43497751
13592496
37112807
32785454
33222430
5842556
29723989
33101302
39544431
11724277
38503729
25181628
7388732
861720
37351111
35322770
24923236
5857143
37510811
39372732
29104447
31692694
10651908
39357627
11313074
39681341
42884367
38477966
23511271
22525095
29953504
634537
11287423
13057312
18766415
17476509
16865838
26417532
33592285
22518225
34039758
29524549
16997069
43259448
39233821
41588741
17094407
8882666
7991085
5929045
17143035
41837738
38533133
2734324
6460491
31186727
7183049
7592081
28314181
25441206
32873457
6014458
27257492
-428835
39880102
35332898
4277564
38042024
24140827
21294039
22616268
18179867
30199083
40834861
18407243
31709041
21601716
19242526
21827761
-593910
167934
34660741
41083886
24950076
11783036
288567
22632690
5130739
33359793
35836417
34197621
11129336
30409579
7797862
14897936
21962810
29754868
13552882
43231160
20478111
24216438
33197439
38054101
19056642
7775113
34501412
26890676
19928355
38693201
2147831
21138278
33106982
27259462
6020208
30412633
10232720
26300710
22120697
4060941
24245636
76283
41574687
27431817
16105195
16908685
36020316
32588651
41338029
36844434
30679352
5199048
31842937
11682468
9357865
3365299
35616614
11422544
38324445
35153877
-628691
9025573
29582202
9515110
21178987
18631912
36338905
2612574
33786832
16579762
41250705
18552978
18397507
27904770
38768195
6534214
23583329
27017574
20567060
4864902
39337439
26869282
40173714
11316475
22637809
-271040
35585905
7948255
30615386
8469839
6959267
11817533
25981129
3095784
757411
3873612
20542643
19354707
29866719
990897
13338448
4479846
27473092
20680404
40721521
7133478
2457122
39414368
12903643
1838872
33380198
2539010
38988643
21660046
2912965
2329623
19949845
12290248
28463184
9286888
1682735
37903523
35774067
4571720
12620576
39325871
11980266
10176976
578898
19032980
14995828
7316725
4450633
31260923
17431650
31227075
24705258
30795438
16969472
2021682
32311767
41139916
5687377
42257095
30551897
38820273
9486077
38686761
20194792
4997801
25313087
1426095
32722147
5785511
13768388
31576882
5700851
23462010
39777206
17148522
1134556
15396939
886646
35460984
43402799
18023037
7189743
25640889
2528471
16001448
31827744
31683898
13565570
25358871
11472238
21553191
33187770
10104534
1494047
13808063
14658269
39314609
22270151
25596171
15985585
8428394
39168372
25543633
37938004
34998472
31297913
39767570
37561154
33548590
26330749
28779640
1928584
32368261
10755076
38130123
23882249
-120516
10734877
16481735
11313361
4288570
13067642
41205619
1177450
256473
26598335
4837626
22905868
16803158
22929883
16278083
18377008
17427952
10219202
29899630
12604756
22161755
18828155
30036932
14780878
13984896
32088300
6364639
39705654
41439416
13080983
12295580
23705085
38557226
20472583
32733751
24300646
31023486
27978345
25631775
5270649
18843663
19582626
31655726
3868038
14791645
20463814
21026838
37973663
2719280
24306748
-967295
37444530
20178682
22249631
-561488
18802730
33050241
6247505
18804384
18900521
14791328
21383031
1905563
29919012
27989901
15454553
38755233
15432572
39793503
28440847
19472288
15683219
39116304
43512985
10842930
38500092
2139231
26482660
24789477
30553577
11770347
25492380
37573364
24012250
38636638
16951429
21739969
39933442
30059597
35617266
24649763
10379413
16851091
42184272
19400339
21212540
35506732
4293938
34747776
22758864
17033840
8699621
25946457
32579454
-47398
24331379
30684211
14810336
37285593
20730850
14729624
14809739
43113154
43521475
4568251
28124721
9894834
38956735
34199553
14757611
40672808
29603658
38454802
34392330
12111078
7646264
-252534
24236438
23103456
23240693
37762107
18001549
24358254
2387604
245838
5251633
5421523
15041533
32879150
24893690
43323534
17657579
24695588
3516590
31872844
2069362
42598753
35619457
12877765
15319133
1548751
39386121
32208684
41112926
364743
36229260
9959815
17602165
10139051
8547933
3290215
2311091
29907190
29039800
19650332
39773975
43320651
8858640
-969453
7364353
40885480
3255747
15959063
3361170
24344450
20322811
9827799
898056
42407891
17746668
11851432
14312910
41058635
24795031
35544678
21399409
8005411
33955225
26058283
30238265
11562917
3885056
32520330
37694865
17232439
38823131
13476596
22879055
12646659
38914600
4281875
13859429
15886084
24353229
31489182
12581318
27117706
7907868
28036446
15681271
7369348
8269023
27216072
35010127
40797625
26691144
12741109
34568181
19974030
3497332
30355441
22377115
4119720
12096985
4633565
-874470
36242780
24361004
9409690
357510
13794065
29527411
16380788
644729
12736593
20567839
14926419
28667689
17889487
12354563
6984277
17107504
23677778
10548487
-842803
8071827
43359743
8086237
41285244
29727454
4298270
-491647
33713523
20313814
42149561
18077556
18002724
-724228
15772665
20886876
35225083
9939558
3891010
19659025
31312905
2365710
25879590
236573
5689
36279829
27463793
19455676
40925083
8025838
2614401
34212436
23186384
6429593
32315523
15407230
28916287
35704400
29334659
9134697
20451950
14795768
25004783
29856510
17830072
41316473
31455393
-870757
38992173
33122254
38139303
30556182
25719261
8113165
39062900
26059234
18648340
5261602
35411463
36884379
38495380
13701426
14547580
27563564
15669854
6443178
17978372
12997692
15139711
42069184
22265423
39949856
12602460
25183706
24263901
33238770
7747681
13067172
7890026
33258394
8188088
23148211
38711806
20178085
28088593
18411839
32252300
36045859
6173292
903738
34219320
12468252
16438519
4851947
19156547
17163828
42549759
2562590
36659255
41366007
-257886
33553785
24025586
10319485
28038673
31113153
30745491
-865732
18002673
42403793
23886609
4177773
19543318
3826827
1628035
23879977
31187509
20752510
17416015
2424644
29252424
2516415
34045636
41331472
34433741
18369583
1431343
17153873
23517378
11640142
34553673
13177562
37273652
41462255
30809982
-303315
17240863
25940438
12086211
10246029
33705533
6503927
36223473
38116098
26406275
36808115
31626762
13115719
38087440
16772286
12861699
5864795
23703273
33378699
24912139
9627609
34255588
17977764
37650998
10056805
18468995
12518168
18784785
39427082
40203388
17226162
32932277
34114916
20288500
2855538
15685199
24944721
22235680
8025210
21208187
7629263
-465337
6087576
39596855
17718429
17685238
176660
11916463
41750100
16304585
2353595
42617126
1442841
19546922
12784757
16264329
6897588
18820108
36647041
34272667
15479261
4409735
15933754
39361865
482826
40997156
38767857
29175323
13577593
18508957
31473548
32845158
24185472
32788006
14907064
147964
9586539
36633734
41664064
20127380
17232817
39357072
34885111
34529777
40059504
8837806
21484313
34623309
41732691
38800899
40562036
14555721
38465994
2577719
7008255
2820381
407999
28229731
7002944
31297201
30973841
23307984
21567845
3400903
33499060
43381530
31584158
-99557
29592953
3034568
22185734
39926134
26129828
37055598
13509662
26676941
30804175
27486756
20449794
198122
33554700
19039730
22338909
-513497
2578418
8267681
20787876
4510490
22420825
32497409
1186190
16412813
34722262
23189430
22446829
21398807
14404251
27867155
1340305
36889923
40425261
17809768
10154279
7250335
1058111
5070988
15294261
18280767
15635261
12752261
1032492
1580969
38768207
20734988
30012743
15959806
26509207
38023598
34262215
14299723
5117475
25464882
35273238
20517659
-398641
37705751
25509945
34167944
40691639
27989923
4815533
36792647
5407484
6213651
34104815
40616519
34275633
15080927
43099494
37404305
1518219
8462960
8055584
12573771
3707079
11003825
21739827
30959447
6885496
30336003
12330567
-266364
32609026
34942262
36085291
35279607
18239545
4927900
19850725
34472515
2075846
35731751
2555464
6118956
39887660
10410891
39290304
14158743
6483441
24136431
20094042
23445499
28427638
31945040
4808789
17683543
5065317
11886594
29665601
2322820
18089283
38408265
4653503
39905207
3069995
29046578
42488220
36726690
13872267
7389224
19165557
26533344
42130397
18473491
32500582
20338354
4588842
13082134
26404407
14524393
33090470
14225962
8203230
5771605
7453351
13573444
42500777
18725921
10733466
32038563
-92084
38953230
2068788
10386325
19992086
1608861
1058827
41696390
39970755
35693671
13011761
28013297
42087477
14054404
19706673
34902451
20913526
28859807
16078470
42547090
5996572
35722302
12782096
36339289
35061257
21821101
24918892
1701173
13150391
39418198
41610528
35749708
23144642
14638569
33459459
5665117
22957061
20167222
25431641
37205942
36224450
24948496
18447473
35994641
24465426
12395085
28443557
8857029
25130541
31784709
20034646
14469612
35984042
2124704
9210733
16862432
22794273
20023058
19988019
2795335
28748951
21674999
42900118
40778509
9205159
25897267
5417941
11626728
4945134
7393642
40881265
23569014
1904089
30996898
36351393
10434222
2157976
24706164
37122115
10154086
10388794
36156157
24162439
28436927
737066
9036081
7280295
41677096
2460706
41638022
33909681
5779785
20733710
37501269
33106609
4563514
29724603
10670192
27816548
29056770
15645951
890739
38581808
35513548
29820195
30413613
32063076
34084630
4971019
35230486
17769585
17982790
10255415
25216626
12130076
31112277
9333017
2441717
40967457
2055618
12714960
11420698
3712999
11356405
23379156
8194402
18688901
7684773
43167071
26824140
33063959
2660637
5594483
40289191
40454090
5840117
37821605
26526445
10063332
6046735
574884
31282817
6912243
24050364
24799375
39782006
30271260
35453287
8477994
11539200
12343339
27723866
5105855
5366886
40502182
22388913
8528296
22660547
34644412
32460588
12618184
42055660
15669133
36266177
30649763
29190551
32468277
1748093
16454821
9498282
5103406
12381072
39123794
34252274
36538368
41325564
24536676
30288611
40382594
36693283
1226419
14965535
6853467
8629232
34163258
40757412
22842747
12655439
27583693
26080157
37788966
18562958
3177033
33032388
34315534
10852034
34348737
15356148
39252832
10947763
6895419
7037889
29746525
40641784
4180220
35231143
12865358
20958844
14071623
24294271
12277666
38666196
33654750
34149667
7848120
28008268
34431013
3075110
25844584
29194395
37931226
32317798
2392131
31337457
1036861
9810971
-256631
24096141
17027856
29504811
13579964
37334372
20794952
15443027
30956825
1590427
7289302
7190866
16410112
33168939
39953513
26356070
15204955
24894704
12570610
6614735
7070775
-165068
21942129
27252253
31684133
8501782
28656650
18781151
3026337
20452580
10796171
2392990
4936762
17216496
37320653
42769667
15484461
686162
9380887
19239098
38324763
41894321
40461635
15272903
28286906
41950724
7873343
28976367
12460830
35891663
27760464
30034314
27088845
27754942
12465538
18349654
29255285
-58648
14373555
37434570
28344335
31981296
27469201
24839143
15927691
10808450
36400901
36743638
25035413
26066450
30429129
27856446
-967727
39591911
34554353
35738804
38753742
1020766
13034026
13022954
31081063
27193713
10422154
3338649
4633387
18479266
17101619
34547132
22673475
16407388
31841526
15631138
669724
3677633
42142519
10048823
42296412
36459980
3095056
24880735
14729960
35614169
26467840
17604539
20832358
14435376
6928068
5320470
19656415
5793196
29234322
11479120
8779391
12072390
15284504
15770708
3249267
36185316
34589504
485840
29983894
9955842
4561280
3149701
32467151
31030199
31593569
10176951
33681378
18774870
7901855
38357522
37107518
37814333
26196696
43123167
34902617
13729181
23686409
1323423
18386017
16387789
18548884
29327543
7705905
-19131
26319152
23538154
21884435
22497865
11083973
10362815
12968330
21747374
4520153
27504420
2440524
33102645
31818908
42818419
12155401
28574612
4998200
36557743
22197101
38841889
40609511
22480385
18876511
24726266
32238196
42263500
20870093
1942651
37163528
25235039
42820381
23052884
21209722
29345898
32190559
790583
15301153
15215690
17720546
6372485
28603991
15832778
23210939
14463771
18896141
41598263
8172513
18231255
6086864
27415575
29264794
35759815
6738758
8431307
16522430
26360785
33691283
41731123
678304
936468
14818970
3206334
20484729
17012331
12436384
24698347
42123804
16732909
203419
34024091
1918170
30532712
30786876
39185749
11822217
7162279
8164171
7671996
15149299
4656970
15749115
9888714
24389986
4945536
