6271362
5574985
28424316
21895970
12996624
1304024
28053652
35469957
12572215
22826259
22028970
8186737
6420724
38824391
27168383
37218530
21113467
3295550
29444960
21401779
27856061
14661335
1571672
29520402
17584634
7277272
1795134
40484388
15766577
20680525
7796130
2980140
17308068
21384053
28511445
2932377
37860569
256143
7925290
33001030
3375257
23046244
18255603
-979702
41803855
34536916
21062718
17738539
31700887
39192285
26373985
7326703
7336330
27624014
8809666
23727341
4549626
30579181
10029750
42769913
2374187
33939153
17616622
12135418
10388346
7842432
42293437
20378589
13591558
15011069
5196740
7992016
38014924
14762701
5566772
15216180
30650518
21439056
27037435
31004086
26315056
38593653
42975467
26019597
34236746
18510509
37803378
19689591
9684276
1095367
38759967
41001024
16045950
16603144
10220586
1192383
39946602
5581924
9658893
43325210
41229918
17596456
24432311
37948519
27276825
25585714
8619632
29171026
20036754
14582424
16316489
27452936
31429314
293806
33847757
37595074
20972126
33937531
32753004
8874840
10618942
1393877
13035934
13789916
19244271
24080079
33394909
39123492
10321567
954593
41753577
6664079
21601618
11300953
35832974
25273333
27844304
31821394
27856883
20762873
14127762
10516193
31655113
27425251
35456537
25535729
21089730
11208162
25231358
7362148
40413429
43029281
8111111
5644768
32124296
19534927
4542311
39743820
12238152
35300547
9054476
24113414
32039767
9266286
29211521
3652705
30270300
39192310
1463022
1530451
27956350
39040373
5946832
-959762
9261712
11884961
31931596
40483409
28720398
32487083
12333499
36209080
19546850
5932555
40018494
29380888
27866940
16239387
1984397
2773690
8381004
21923313
33532160
25988016
14768882
12336829
39820090
26587924
7514832
31260518
17244849
202020
33059591
22025940
1452215
8306517
14310180
26149009
-882357
29922027
40217886
10647899
4226734
24850345
11639116
6725956
29098945
34624957
31102644
35852956
5306666
23899746
13813134
13498191
18198654
2311368
12466477
1952062
22587829
25759395
193022
1032927
9496336
-572661
9735232
31837870
34349238
4552990
42301501
16150126
42717959
20191395
38607583
17012350
36537163
37184902
24571870
24452276
9677330
9894155
27742359
-693306
18702450
1339312
32046689
30933414
37030769
441848
27644514
8021894
43480098
13339364
31866354
32240948
10701622
12041691
29762231
3240888
37331676
9927576
1049222
13359366
40666266
36130259
35701441
22456906
14641425
30008695
9868564
20394176
30752208
42711704
34502797
40489525
20873027
15984821
17046061
8846481
13153706
36187200
21035309
16032932
31062170
4174440
4660206
19985614
35588420
16502820
23107316
25472096
29966285
38225161
12054909
14328132
1965601
18226260
41725693
8937247
38588385
30447397
4433850
5613678
28037525
16383083
19095549
22201267
43053813
-67656
16478521
5126174
27957414
35320201
30360436
21631361
34256790
9378757
22479870
22229239
36805027
3364096
10416668
19169246
1060025
32516868
7464311
29653153
15903045
10578297
10445207
40801106
37193390
38785748
6381316
12629263
3950960
26029116
36671026
20729626
17428020
14327541
26128740
10686666
19484281
650097
33633079
37800530
17022718
7354787
35342836
38837888
2309116
7346350
20463827
38173678
33026310
5584533
19637752
-793705
8057585
14643328
5715225
27218020
41749227
39598530
3647633
2550952
26178316
37410409
6357620
31728436
42095801
8168500
18605809
30706066
35465519
12428476
31559723
16529478
8115046
25203001
39639050
20787644
5970567
34063700
28124597
34393363
4211568
41383094
28542562
1457585
15998059
36842519
8415938
7270438
6057246
2906578
14252876
6316537
33835388
42230819
5128755
24776647
27368154
28884896
6596591
9398106
14945255
19444486
23378912
5613945
14665794
2050371
22923053
20122957
10231091
10590469
28435453
38434871
12440563
40467764
42472799
22061894
14590051
17794745
23388036
34102586
29375274
6442536
4467671
32250324
9376572
39043928
33595857
18434482
4276366
36110948
36487460
12082319
34263661
24284309
10780624
15465946
19565675
-638703
15717748
38386989
27705915
42844396
25863584
8063014
10268705
30000417
33773034
1339571
34002567
25754686
24664434
27743093
13740057
7915477
606282
30161273
30203009
12737166
18758517
27968101
34122094
40485799
35043599
3822973
10894065
19205846
36970366
24632866
15069575
18487890
18363930
-951305
11996709
19852102
9827578
11790432
18693259
7477048
38381371
18654155
16396306
31448450
678996
19675588
37935715
21459652
29783074
35294772
9409032
37194798
30984073
17354167
1282657
29393389
35602728
16975898
24381191
30519434
7337112
-199598
42788519
22088026
10572695
21125066
4143173
32993267
9401398
14996140
29741344
32835092
1393917
38872401
22547681
8419773
15131408
30383093
38099599
9081785
582461
15557469
36172329
37444482
39953141
15682471
6996443
29555024
26960040
24339643
26874487
23527990
27582864
34401036
1311590
38470778
1364985
40698331
39200360
26702206
30663931
18938555
33789508
11049266
4170326
23886702
36262618
12301318
33047317
26519127
30933301
36897863
8309172
27461674
13806507
1273808
42388043
11908100
18092332
38456824
35044645
288466
10082610
40105040
37376033
9406508
23395158
8748631
7480410
27602795
21652180
38410661
37002374
3749412
25635565
26451599
43532577
24623208
17981249
36702758
10570091
29311915
23506186
28936594
23142950
7921305
38645821
29003687
38625284
16410835
16299735
43254204
40125772
33834120
38172078
35536018
23496754
-815539
22991227
28449111
23513270
37907248
17719672
27652542
17995181
6523085
12523672
25460990
2410973
32265454
39824965
11625340
40777652
39332796
35243614
171080
23581863
8770940
36644010
35828042
878716
821602
9425715
10900433
1352103
16023782
9500509
733424
28169754
7037969
10508303
29310268
32558445
23815241
22697518
13223258
38614069
2117896
19737547
5290084
34089149
2074658
19324305
16270346
18033425
23438194
1040216
10245717
36523560
33403107
17436619
25922210
7557141
41656550
10365953
28856860
31265636
26247145
9856857
42114507
14987687
13409072
13906850
9971281
34020187
9114440
6142987
25744537
6591801
18589822
40758348
42162357
29033385
30590415
-409236
23218405
8545156
34251820
14495404
39798308
4301460
39810776
29819450
38056625
8325364
15540020
36186406
4552289
34606446
5750792
42069032
26732230
33708519
26206358
11838195
41497787
14629186
14569254
433094
7788237
26911333
37101848
37351557
15925437
4272915
11601384
26215131
39784377
13016832
41277060
8537054
-589738
6208263
37245414
38205152
32137762
14587203
24323697
35725894
454222
36222054
43130867
37087745
38774080
1037329
37054828
13111024
39371037
28648553
33222465
34588359
30120208
18714619
41394054
38388594
2157140
23991641
41044953
17205463
33712094
27662704
28048131
2572745
18378810
30813799
29114438
-234449
31086260
28477575
8011214
7169416
18846175
36166721
16628538
4428060
23626306
21369414
40378164
14714286
6175177
15348087
15777245
11727423
6387592
37136669
20296840
3986106
1710454
20120907
33691793
22189571
37984969
37388316
36483208
25754714
6633573
10793423
10231590
37223628
11898220
1224335
13075072
515248
893049
11809180
2445625
7337634
744570
42965868
33734181
40287304
27576024
23277106
30457387
26749390
25024564
14415652
19894749
35188448
28984844
40320367
-701111
27526889
33058230
35500613
36030588
12629432
24747172
34073839
9287930
-584859
41045483
24194861
18545416
946495
43253477
15725810
9693744
39109877
37505895
26249457
1130474
23294264
-389786
12249386
17238556
12518643
22036145
13893251
32160907
25795661
24240421
-205384
-371246
11939868
6527641
25682752
31398224
11812594
3854648
18328826
9131388
27827049
20409658
36996829
42064793
16933331
4602238
13085351
18290877
482447
40356094
35760737
16929609
19421169
4598254
9879741
-874970
25588331
24341562
26279702
26115515
27647618
20824593
9299474
11725408
8153995
37339924
29133698
37922819
365390
42585585
19090926
33748709
13970274
8350616
41742078
40120219
42355064
11267290
32387482
-237837
37797654
20980458
-774551
14785230
8072350
10958454
43200354
22497709
7414604
3909031
41697429
24470293
32114333
21380909
14284858
10135325
19974632
20818804
4243519
19008986
18320670
37700063
3020226
16742224
31816669
15689116
18163519
2167810
41628927
24566680
19596660
30662797
33570599
38013969
18727804
10063661
17742983
42870921
4354112
14900625
1124081
5103377
39966189
-111899
41208320
17165761
31117557
3772277
13254825
36589324
17376852
30586531
17096758
41525684
36763986
6496813
32583663
33079995
22429891
9500961
39286632
2516876
643547
24977928
15285372
15954115
21697332
27948179
25728157
16240570
26321883
23875205
34462066
31577442
1890460
30451076
6134476
11130847
1727240
25311248
42988277
41261928
38437538
36594567
11813028
37267311
12134506
13009285
17276888
31326715
18355138
42229962
34181949
20493755
18197040
25347362
13609708
39465434
32008896
16201700
27828816
6930877
20410090
35428497
13059188
22847263
8582238
33266198
37727309
33234109
32402336
10551178
21688698
513106
11580063
34699237
20996337
11772469
7235282
5501492
38547503
758836
41297558
6860397
-745710
16263878
19793912
14168610
34986483
15083154
22154071
2695045
31139107
39692290
3193606
23815363
38894354
15323200
2360814
8663623
27309028
12754178
37172630
33936003
19788370
6448542
-701399
39511780
38985654
9813294
42392567
35012963
25810286
3854986
5463252
15794903
19196589
4131198
31579765
14924571
6990564
6888158
13890586
2905246
26831530
21945084
6617301
6146560
27464693
34991528
34114654
7899704
39769770
29757632
31109428
3058243
23154504
9307749
32689124
1426140
38059293
6369270
5997088
25723161
21751888
3504641
10950428
16182161
43387786
38139272
29833114
35788677
1699440
38379156
19493719
38756603
2727028
10227659
17417850
35430537
22810003
41978755
7267386
6293487
15134460
23203442
18037865
6406125
-826528
10448684
15734966
10610695
35555743
20272285
31733592
29345507
8757253
4677644
21480317
342128
18271657
37593078
10232820
3496406
31661207
10148747
12719039
31050895
39545165
28315457
7255934
41759056
35101694
4995777
10624306
29512743
24415155
16115650
33739009
15857605
31123525
5789557
42138129
36754798
38989900
1169968
30516507
-794307
8391546
25810573
697508
15435068
8348868
37747526
17410565
31402390
34585422
1658939
23145628
11135144
3526403
12175246
22267317
14331324
24952793
35323427
29443402
28745033
2548997
1459337
15239194
15825746
1000965
4455864
2196726
12272168
7392363
43070876
9464826
17149181
40449080
34999944
14100313
5483161
30405555
36935313
7265711
33090729
4815694
22764950
13128165
8870907
32869741
42276131
17645758
32244832
31147791
7604968
15472296
43509661
41515847
12867666
30407422
24534690
34814419
40586056
26724108
39905114
25624266
3013573
18027688
3526140
4126329
11972130
3528715
12809608
38026809
19724160
34497845
-725739
19917969
10898716
17861405
6164851
11576304
4588591
32028693
-118034
24720388
6532074
38473102
33943211
16003595
20530590
-496094
5572124
10506230
-990615
27831317
17542548
37892981
21591896
19673530
40588733
37382213
29802014
20506755
41338311
23321943
15866523
5106392
16619488
36559723
40734708
40050785
33088587
4647819
12270667
36782736
21457829
1844716
12302967
29852146
24949884
23291963
27330875
33069191
34839923
20163116
31743627
8210263
24199475
4882176
30197772
27845806
31854758
708336
9855172
28231652
22078489
2876572
30370134
4818421
12604763
10580018
30559678
19341212
203733
6727570
8773464
41491479
73410
39192073
27571243
19495760
24076150
13754565
20610555
42987029
21577681
29716845
15512725
5894225
40017517
32577881
-224892
30303031
26483810
15388136
22612514
3306663
14227002
41353331
22536176
32549264
24051540
5073229
-347926
36916862
3660423
26231915
12511796
11911456
-908866
-191878
13709258
42198259
12326910
34133417
30208726
9559981
11291605
35953565
40932656
38544165
43373201
15571714
37808810
15081949
35038812
35393915
5458991
34966149
1213253
14600024
33938314
38119899
38821374
30227249
20392467
41070771
4185312
19511101
8001321
5802807
-277835
26982620
15780912
16003394
6177311
30195967
32251320
33773849
7116323
9775023
28044276
15003708
15474855
15792135
21747810
33160080
16063707
1178874
42687381
36288737
2731216
11983561
39269040
29152010
9188466
8547652
37020904
6291937
10865044
31564215
7738302
23881359
3676235
5279637
7570127
16776867
10305916
815405
13781421
7146533
39498904
29762373
38800325
6047874
2293864
559083
5559568
30011617
11083818
32530552
21312442
14802095
29993794
6877082
14179472
25356215
13350684
23910580
14125729
25410043
34111905
30403940
31771308
24742207
32168704
17839244
32709054
6111302
40312682
1583874
6914582
22631078
22217562
39181311
15097794
16145455
22062411
29165511
14192773
12492014
2377494
40337174
11231107
29157115
8423216
42919671
21442023
1109426
34958087
11602557
36015398
32447631
23710586
35906373
10988520
34488032
38928366
36431323
24978220
16923147
35803730
18645683
22441522
20786454
27073534
24596569
1578121
34973089
30016845
15918538
5322810
12946489
37708947
36121309
6654539
9190379
43152336
12155056
29366660
19512805
-740996
5269317
29244514
7970972
302703
36941951
41842947
6641644
32141714
43127622
499426
30761223
31279683
7926645
24492282
13661683
739200
27271347
31392913
5523077
-938108
21950205
1324607
3852637
26391603
23073656
31776233
34504838
-909534
34487300
30562953
25977835
8326541
28646566
28334303
5522575
35525359
41776781
1702472
-103205
42169793
16659251
5711223
9263730
23135747
16156535
38776096
43412810
9961390
34227671
27046734
3160701
23478160
10703004
28503109
19888792
9230511
27377886
23709721
10149335
36916869
7766955
2179420
21088825
17138365
26266315
34744085
8282315
14443600
12111711
12774798
1803785
23820776
13318345
38415583
28303294
913764
20598933
42592333
21544783
1720270
20440600
39117978
925734
29020864
23440420
14779459
35440872
1996982
21070600
23274905
29992211
7585725
12910162
32700508
25285144
4739110
12561639
29191093
38669
4465312
7493323
-684399
7397376
13660086
20735616
18240463
3095415
25533657
39829459
31300254
25037062
34555223
30718863
25693702
17844624
21576559
18654662
38856633
18403504
10107059
3054194
11651184
33926720
43524532
24999811
22415536
20774706
35367578
34239564
17020654
-489351
21036446
6206804
6469434
12157624
-109225
17988925
12516455
4610094
23891256
25784441
42079298
18717170
27240972
26614445
5547565
27943489
10031356
23443474
6621350
4985793
32745681
11400667
12401942
11310408
9236001
25239524
14477298
7950739
36410955
36980697
31427659
9235971
40218483
19210920
39362195
9329561
9383803
11068755
25722521
33013561
37238247
38601776
8589905
41439089
18446109
8761111
24681298
15658264
15488620
16570913
28231503
42199515
28387617
33562375
16741208
42257640
22144424
39121538
785473
4352281
36958158
9670555
33840815
5035510
27671263
2032619
41123825
9251084
2816867
68560
28114863
22183607
16926905
15838466
17968493
36580818
36623270
29038008
9012919
24600077
31880811
40608629
11633567
6270103
12432823
12315902
27192256
12670724
15035519
35194119
33226607
17308199
5683043
40373933
21974263
38675687
28384067
19332588
7740006
18874872
33441071
23446802
41091112
39135355
29637120
40835117
36980547
24508853
31223335
21443374
34794465
11632179
19989397
19931854
33618837
41694394
11074702
12869772
6431490
11557035
41993563
7289205
8055891
31331632
31898237
22029853
2037539
34843392
18384795
36778651
35521829
17851447
17144290
9319339
8547640
17143581
38926986
-496021
22946646
924269
20548571
8512109
30001628
42266129
28219607
42897794
30203885
19319318
12785004
34831772
32592918
28018050
24710965
34363791
-602270
41211048
335198
42865301
37818837
18041498
34717914
-982327
18874507
27799346
14386801
33981817
40630179
21604734
16665944
21888049
33153402
2769724
34571512
1852797
30244642
24183307
33686326
30498528
24547469
27798013
23768972
34687845
12036289
16543911
38781711
24062113
3330168
17409901
40201235
28320786
21380402
23775325
4241414
1891771
33481563
31919555
32065027
22618387
25537669
40265444
32567176
29020719
28998955
14466922
34145563
36963332
42233991
32820126
32182866
23401494
23428452
43413126
25976676
1330913
3523505
23894651
1869168
9688053
6940643
39899564
31312971
36612224
7102684
1557646
21747280
31688908
28235245
10656501
41310714
15487657
38474405
25919606
7419307
27805975
6540691
29326264
40467065
16389769
23892869
30012761
42457855
30832831
38507806
35298443
14551101
15722427
21950243
21156739
4444910
10735427
11593071
29935593
25144285
7310657
19567076
34714257
13193290
11103201
28970044
18087130
25161375
27268792
19193958
8757466
20356312
8997396
37780979
30068461
38775912
22555142
7586522
24082067
16943349
43271706
17621523
-90758
26915413
40304083
30356244
18866664
29184954
42803372
60927
21916313
12355943
7067631
19200421
6170211
27783052
8709480
32729024
18436698
39517830
11554983
4809045
6305325
10387374
-677603
28070921
19531094
24672693
35222649
42677194
26672633
30523775
2337702
2846184
38947714
41215924
21821612
13409320
39664843
32539067
32439683
13764711
39708524
-78665
16244497
19948531
25239303
4783829
29600079
24631486
32209689
1907659
2747413
13435332
10178048
29010147
41463854
24983071
10350104
12238982
34036063
10957515
24047175
31011089
9579556
39668163
22767911
21235368
33545471
396758
22538716
14351200
18150263
1518406
22834389
38843099
33901972
226693
35388771
13270136
29519019
29021957
38934421
36897491
32015699
35619632
25262591
31295607
4695881
29231300
710485
38965183
32715256
36159494
-441717
33401263
24772041
21353093
20195972
18312697
-885329
35320905
4331605
18344933
16591980
43302856
14567118
5491699
26404518
13039352
823459
9595981
13897602
15860162
38866752
29372857
3098541
38347725
18603260
5892141
20292885
36805415
1704387
21275107
31176715
971366
38579075
8447338
18711244
29660317
42655474
10915271
11901773
13854356
25270513
14938198
20970455
13508684
6660622
22488110
24049863
18560751
15420220
7273370
17326517
30265192
35253999
8760178
14751843
42600568
6643444
32694133
18105460
40769372
29814108
35003171
27206931
38777002
11736277
30505266
39813682
38109319
39336298
18028205
38276809
12667220
99039
-543821
463995
3695968
4235095
17403761
33914636
16564683
9841267
41760893
33188343
6630056
6462806
31734264
954570
337392
40296327
9085034
37967842
3752239
40908419
16398331
26908638
16229771
1311629
15717817
12699068
24026629
21146846
24701620
2174645
40970107
1035924
4107981
16628460
3912010
17742929
18459652
24611157
23357652
19779492
25935632
43036028
3765324
23994993
41344462
24921242
4794129
14885570
8611181
22904112
2800182
26382747
31837864
17109470
14509405
41473120
12420209
39457533
24526686
20590729
28096083
15103578
26868112
19701048
34672291
25495635
30648763
30616525
11217152
18988940
19121258
35786561
36390693
21058074
4194768
14952197
10035500
40961211
31033661
22764795
13289874
14503954
42711806
36551861
26878719
6014569
26811533
13397629
37589030
9222763
42487949
2689690
-268437
13219058
14542094
22165002
17298150
209354
3033858
-892745
43121287
13330466
4914997
42698949
16207015
8022513
2148019
23344407
-338053
7128214
40479776
38545878
10659173
31330887
33325232
19384256
36466280
35454425
41156588
17248931
40519547
26032475
15812156
8964454
28475740
3345726
27895324
28422663
21079514
35663025
10469427
12994510
13643598
27381476
8728747
34864293
22187719
21300254
28447967
3003370
42051682
43008088
43042994
34889050
39808514
34235254
29399992
3377234
38474344
25240047
20136372
20076685
34690142
31549686
16408497
34954644
9764467
11109907
232593
28090105
28016814
22040527
17786081
13252926
14608027
24248352
13452567
34082605
36704283
3753661
26276140
29301265
29622729
22962018
16569377
21617388
12267963
38239246
28919536
20875361
8010292
41754104
39982851
11848543
3254657
20975329
31377029
38644298
777851
12736922
23023806
31482933
7979779
30316424
7618440
19882355
32065148
6226025
26745474
31946340
39888526
42575647
464280
26518807
24014676
-25846
18528905
7581260
8221065
37412867
38726194
1652645
11782559
581908
16996290
26977367
38449220
17232640
14011137
16418243
29802089
27749456
42724955
7989736
11887429
26681559
39427636
28742828
2628125
7254069
3309467
22529016
10255345
13657732
16567180
1957393
32030610
38527464
17955885
32288132
17887887
28463151
26190538
3180551
18763077
12723412
9446777
41305970
9650921
31737123
13831491
32734028
9277469
26001416
9685363
14979701
3995617
27616152
18389472
23849272
6114676
14079723
32413862
42713827
33413910
9168228
8275073
15505729
41386893
8748599
1403443
20413161
29193936
15842246
1838264
28790794
32932089
13932741
40067397
6579390
235338
13828053
27768579
41007905
19598443
35931629
19356083
14537335
25664533
-516603
32821030
9466074
10871398
16484760
6266109
29591336
8588703
-887014
2394582
22795672
4582486
14768014
13526179
9918450
29115279
31779329
13965443
25166905
14003278
26633826
23395402
14815623
-991148
20848005
16951804
27588226
22999619
9559620
26588489
34718547
19450067
41514344
41406284
19899236
40622834
14630464
34222364
2501328
38436728
21676902
23900892
15105828
13512870
25165644
26505131
40932014
38098690
25403488
38713497
3222505
21133166
2558514
42796886
37146193
37939648
36749184
32530870
8188103
17240747
35856441
6674114
13030047
20800565
30418306
5213656
34532444
33486822
35431889
20970171
17568033
7538917
25940846
1102467
35465642
12706537
6978346
7853420
6625149
16442351
6045008
36829364
8308169
3293889
17574042
43486852
34478375
37799316
39449373
34136235
7827129
31138732
17783392
39078355
10342934
15918693
11385556
34851600
1823314
39016981
36603396
26300370
30021394
23416007
18368162
30546535
6213138
40104487
9346949
17357184
35192615
34361727
23524750
37077036
1298070
42978233
10031170
38842838
38228136
18107484
38101319
27485915
32323158
24086397
8615527
21534449
5202092
25625035
25214404
32654729
14891090
27638343
14591961
38345120
16483623
18518163
32787971
37089256
15619635
-192172
1223307
8824328
11006938
17288729
36469812
41715319
18317762
18995219
1214807
29220711
30236902
31495845
26282818
33067562
15343469
10788203
38077243
39435964
35748184
26690946
13173615
24839437
40656963
41867418
31207972
30563390
364290
36669890
19073944
4418706
25181342
14949652
8247325
1505359
25214201
25810613
10160135
17157812
40589348
42838249
17900151
2662781
22538566
5318998
36713045
5163997
14193929
30404092
23947772
31077134
29538282
5365211
30078480
16996041
40573072
8821513
8320070
39664114
34840200
39186111
28201964
1135522
29487411
4282790
33746403
13354819
10514665
29874597
33497490
38963318
3388624
9379022
37279199
41429306
26763938
13247023
27980438
12301795
42004554
32145416
12803389
35079141
16042059
33532991
28412226
14385090
35664163
39805419
32255688
2986925
9918325
35850521
37670452
10614691
29156806
3326007
32143389
10473886
22415286
37562576
30502229
27875886
33126097
5940986
20842057
19672050
-538284
27496620
16602364
28287798
1020566
15204170
43523851
1777011
28450407
22093002
4069010
33448795
24759065
13568675
24081270
5486165
23574374
5919505
14323840
40001371
40482304
2226598
40289671
35550872
16446008
3571673
23795078
39130924
13702832
9186305
6039473
39255410
33575184
8846467
21348447
21570011
30462106
-49198
21538285
12342355
-689421
16302010
33588653
34613734
15971262
6558644
42880892
32600646
10029674
29280934
23660495
30136224
29044122
40543768
19191964
35516231
40358406
38522607
22573210
3128759
16288352
33824853
5436046
20119747
12812242
25299907
1535048
31823688
11375559
14305545
3995286
35124081
13010635
3160275
-988326
4417708
41393978
41213050
8194278
37577677
22202319
1574131
2274013
24033453
20394049
38933502
37034355
-869163
2198630
5337756
10696175
35879703
9589567
13502661
6475508
24450105
15211447
23965511
35797705
35325815
12178825
5211490
6771155
16075124
37888616
32655281
35935312
42070032
41992565
2962762
41536724
25336868
7001390
27492124
33389167
16260440
14854725
29350513
41043714
23295477
12988953
36216045
37287475
40388891
18623895
8444742
31531798
20987076
28023375
40471565
27679217
36816197
26138317
10608392
33900477
6263394
-457310
14293128
28327711
15819598
13970728
40546489
1609314
19799925
8660851
29044174
33138464
13109972
30960364
25672633
38597590
37754106
15517064
4397895
11055434
38503075
7031839
37486020
5394633
257580
6836468
16969270
36296325
8265986
14892974
7076088
16625578
35732968
27179256
24710458
25865317
24993869
41392368
5696120
43478249
14725198
30186419
16319329
31271869
5626495
33529868
8748397
38573545
1963593
17118499
22018758
30507553
3734233
6163714
39280110
-121174
-554394
36222239
42144232
4706735
24258221
28091659
12885428
21482239
7661196
27050397
34205405
4365029
2353871
10800469
7717873
21129381
41137612
1690733
39717160
37314577
13070765
16160032
31828935
15689431
26665082
3705186
7908932
30607262
15536325
27629531
10714451
17746726
19134871
13711400
39751563
16316076
21055559
4879528
24486583
14916842
32079514
31524585
10944847
24737889
22035109
30103078
22480299
19567344
19495516
43291656
41907707
11665143
6209613
34633881
13711079
20902762
14862906
42534827
1230500
31386703
13123400
34085762
34319904
21179879
43201828
10253410
1838664
39427277
30640954
16377625
26962038
30368622
27041375
37494326
10987973
14238877
16975197
7384527
9141677
-575675
16967004
21777418
35418135
42575711
25753470
36784237
16784110
28795574
18257017
40130342
15952397
39649367
8124277
5295123
1513058
36635799
42156265
29234304
32797054
33003819
13295290
29542154
41825565
18513051
11084790
30851185
27434697
39867867
40372415
2951601
35009223
26526932
2356026
40002260
41342929
15396306
25937429
11418118
36194257
33868082
9017092
35211417
6484887
19889739
34126779
20732271
24946136
21758581
22097408
25342762
26798655
13442856
2112460
33845201
38924572
23677451
36621685
26008668
5798123
9620004
1444469
16728234
19195907
9650002
2583826
9799154
-608839
4962320
16904478
28095326
23167288
8198526
37794811
31419203
13228293
5026438
16645259
-520394
15326237
20421624
12761412
10794613
22274436
23847535
35974641
14641335
3856802
13263851
37957258
22319806
16153805
32683558
42188453
4050021
32855914
18270971
37428452
31715555
4795025
16434625
27365915
43409519
5121095
35468249
22857852
36392462
9750680
18763857
16751605
13590799
37332202
10337907
28738576
32104656
40434600
33538637
22999753
41619319
28986201
24521252
22290769
35419036
14244871
30472963
4437347
14788270
33619770
19502904
32559872
28721170
2764456
18542713
2995118
15868425
4299966
18484642
37468988
21956111
42565127
24327374
12879627
15991057
533963
20343735
21007012
25511344
35750555
5626138
33918772
22681865
15565497
5929363
20614081
9245148
30561098
-674706
27695511
41237721
27633569
28801717
10293453
8613879
28091709
4540206
-461948
16330372
43404705
29748224
38992850
9596206
17097387
34535876
4394095
3290683
10918300
7587101
8192149
16734343
35149486
3016474
7736964
19360778
43210771
36451453
25718910
-770602
20199864
35761948
33020035
6655690
24737903
24603272
43382460
11026677
23710275
34389353
37871113
13555469
22556448
5484275
15473331
35130429
30142931
12904467
33778753
41420730
35600571
4481576
1404429
11447209
37766604
8787351
7361671
9983221
-941362
12139354
28744177
2629273
20886848
16786172
21095111
25883276
36701028
18048924
37253333
5410564
35387002
15299771
22997624
40895949
2951999
43355724
35831276
22843647
26476930
418999
31969696
12919448
30936506
2246571
26651592
9279339
32614903
38037274
10976531
30742574
42036063
33562246
30376532
27092283
41922249
21146598
5492512
31834122
6332110
37546637
14383264
34998572
1878781
18828174
4263644
954947
21488661
19053963
2317311
-13769
7065739
42295768
34386073
29777654
9916166
31901262
10485160
20026896
448250
41567386
17699918
27543613
22448762
11784956
1212445
4736207
41642468
14574892
35270005
23933886
10965728
23260664
22754638
4857285
22823954
15293569
24022433
17918897
25367924
24495326
13212297
6388382
21518315
3923616
27240699
-682661
32223519
16519640
37819211
-936089
16420683
40810933
32598148
33323600
41093410
37620164
-615683
11856135
8167369
34962138
26691434
32500751
13915038
11346472
5405480
37974856
33743121
21155158
30009520
7715640
8544588
15960936
34532222
41563156
11386142
16542822
28566617
43346653
13530156
20393784
16258597
19322758
14059674
19173639
33765663
26682177
33673848
15034933
25661359
31449320
22143589
18577109
43436668
31962049
23707081
18555343
8735656
9894975
8613500
2892489
976627
9424517
34001060
34228935
34056130
20496034
26046232
5244499
2058324
37787529
11789491
27124774
13097882
5749528
34261157
9083027
17751292
21116614
42788008
21172743
8052254
13201575
40983949
12854465
10214873
13456182
12279463
29454746
-18633
35419941
28812874
29981215
12031859
32970457
10634589
35178072
32466366
2595194
17255816
42450051
2218030
11936662
21127115
16223646
15212307
28437777
13945935
17989448
42237332
8371365
34588783
22377028
2086832
39646223
23272516
42407378
34022709
10091090
14184407
12585501
9275215
21626431
38887294
36600135
26738710
458151
6048024
14131747
16436280
41244903
38513390
17147241
2528359
21450319
11033030
16351286
12321346
20536654
3749087
39500393
42021161
7053492
11683109
43089758
323094
18760632
21605447
3876591
842737
5405256
7619911
39968333
847403
42095261
38773718
21408673
14499792
22553965
41808667
16491672
11623836
13966039
14843044
15434596
18405623
38042746
9359705
31717507
10504610
11191801
1855917
19619136
3426530
11748938
14082768
16229015
24085458
29982587
37529019
6018964
12377713
29420175
40469337
2817705
25616985
19857838
6236904
18624728
9933248
10494978
23680125
24540230
15541549
11294937
43158339
40114764
26454206
25757128
3584682
38308113
14306987
11436078
27905058
14827415
28875265
12694633
12706771
13608552
5316861
1068799
33175924
10811161
42943881
702694
29539138
8512858
39551328
36783677
11386219
2284929
9836245
32522019
23034320
30439352
16203769
13283583
5637037
24890739
5395755
21107743
10807051
35126601
6898320
13840004
205671
32525368
33261118
34882099
23970727
34544394
22567278
34506561
27674287
6891492
12068402
23528020
25500260
25848604
40190359
33645127
22119225
28883973
28994023
6895083
24952802
5699544
28840731
3248661
10912604
7932313
40187385
33251559
12799
17563452
21918600
27880909
42309765
12104403
36719931
35331964
40617147
35225513
3354387
35954919
12375645
35888436
31067958
30486323
42795297
37141251
6076111
3481672
43215938
37864624
10637068
36769627
12818761
3080459
2689703
37404439
35882990
32672163
23635118
23519303
1175481
22889833
4098230
38916866
33257279
16019927
33981681
6645324
-736207
39011380
37905598
24112140
33792717
18070497
4309479
24857322
23137021
4948986
30584368
22228885
2413013
38223038
29555924
20313372
21784030
20413833
9438209
43177427
-237599
16095218
31550325
22771513
18169460
20898613
11286343
2108323
30393458
2892224
9361357
3448060
8170167
24983877
26648036
32315425
15148021
30814557
1125843
32337583
2544768
-576004
30285993
17188547
10833943
19799611
40235250
308902
33478343
36374238
41383088
14797537
7550160
35347371
40356441
31464579
-959048
13222774
413303
15585554
4180707
5602009
3392015
23610569
28996136
41670974
34739868
30331343
23672820
16286822
23215466
15270802
31952494
1318855
4206723
13717041
22889495
29968490
10981092
18770492
10708736
16580286
35096649
-299416
26619148
21717868
15543204
33849184
29711204
42699359
22887408
41245888
38364202
14925512
43523621
29727933
5601941
4792325
34385626
22378222
3051343
36725217
16837497
27201422
10595048
23649845
1164463
24943376
17508168
24415474
25565819
6929305
16644779
28995506
19245332
14891380
34396586
15789229
37509070
41427199
27653284
29983139
29385235
31118364
8528274
316491
15582895
29193723
14447029
37908480
31110960
20434728
-674423
34295410
11499132
26129865
3036946
21427800
28634376
39287407
27505254
35891691
29586956
30525743
10133441
2274337
15245018
-782907
38616737
24187217
15307537
2470897
15394169
21723940
36731872
5272640
6881023
19729858
39991287
20082235
18550102
-524679
28886151
1307188
30964140
-326406
7417927
13740498
32133317
5724815
22768354
37302246
43215157
19578975
12464929
39544809
17601477
32125033
6377917
42166438
16019490
13035589
11814042
24428526
5033124
42426085
21416498
43246342
27359288
35773116
12274542
19998994
5711433
27947854
14767413
13668424
19243478
7487679
35906672
25243668
42655628
29033644
18689398
10575120
20039316
1675481
18932680
981898
23631677
20250718
34741584
29869762
38951747
5423325
24049955
36720970
13936580
111886
32636188
39962910
28253596
10824060
18781763
38975726
16155440
11222639
38046964
11907579
30453149
42819630
37039656
30240103
25199095
28906551
4142324
32920278
-325709
25828158
702048
41951944
22337072
27370828
41469934
26732372
11284636
28066263
12956576
17125244
1204548
3413364
38315588
34388724
32989448
41867399
27765196
27995353
39221225
35068071
14671923
35917818
21313281
25404583
41723774
29501184
11641154
34718776
23165755
40102184
14454860
42665311
32837083
17803669
17208553
10326421
38859384
22239617
40211448
37451256
1781512
28332931
3691296
-181520
31788752
9802759
41427994
24015660
2857691
25306663
5920644
24262493
16096475
40762867
11942586
19110436
41996457
7026848
10738112
-62058
23949400
21397037
36206487
29513678
26597063
19738708
25000763
12943271
23753533
21668580
21826198
5032266
42807421
34696878
21511140
11609496
26730160
30409757
18244025
18273787
8822774
23977408
38999465
37270489
20760751
25130665
38944131
8257909
18951891
30362437
11803600
31240147
4779343
33586616
18010728
17052912
8204721
26880216
1531899
40014995
5501230
6798675
28960307
32251039
18456413
25394793
39138251
26354530
11147619
23627007
3017722
36086399
37474733
27184641
11836005
30761102
2775299
33518347
31057932
27128534
17193936
35186439
2054596
10708720
5460079
38412481
31732084
16765788
12945103
13473835
30062974
22389771
43158287
42785968
27587517
36266105
25946116
85142
25241019
42950175
31143894
11587365
3628046
19461219
38453011
16698870
33775049
21145915
39760957
-752576
37505890
27162852
4496658
39242577
1813766
33031882
7509636
16363928
20500095
40114636
10022981
17265625
34258601
18328248
6306908
42295522
-311742
34834295
21808997
18252651
17184108
39643173
1317903
18319372
-996155
13485872
2016852
18717667
10532012
18986027
8193340
17955567
15654677
3502251
36424740
35780062
24531042
40967062
-770400
43221377
25730197
1205296
13104532
33914228
37831622
30392591
15156713
34582515
26359603
27773242
13287436
28253429
263576
12629801
41000605
10973943
15152784
22542474
30848691
13002884
40595413
18202033
18593758
16238927
21936275
-765831
1929372
10546378
25724061
19967418
32524401
7020918
40717361
3530005
9290750
27898930
25358997
17714244
17483866
9186820
-290898
2486417
15206321
14824905
33872462
29365731
25116259
1214446
21449702
38455651
5697916
14672708
32843209
4861234
22311832
32166385
17998367
37677075
16799349
34525945
9389973
16602089
39504461
25824280
725508
29449686
18037048
27520994
8947246
37770140
17510837
19241578
36834075
21948310
724620
36611888
33264663
13136391
34093672
24877582
25467427
33711334
16544540
34502560
6054946
18770702
17998483
4814685
1672443
26218086
43453541
16146151
19183809
10468684
18919602
40557175
28290088
38694203
37213054
22863404
19832331
3404070
29683090
18645044
15594926
35124998
5253006
43331625
30320292
5573184
23316374
38206649
14280084
37012133
-312821
17920927
37520215
34115314
17679979
13890787
35765626
34081377
14625465
20505766
11368074
31022405
17835142
11389192
13718066
18353724
38847708
21267178
17491132
12520719
31832089
22322355
26515135
1576165
34174276
1886724
11283974
11646459
20978210
13124663
37818428
19162407
41892663
34975258
5225214
-236430
40483746
40883056
36834344
41262416
9022512
31215705
12374764
41385651
19809704
7991036
13130123
43029319
41774546
29905851
2044403
6956725
34845451
-550911
34127982
15589815
15006497
32504207
36095527
28797535
672850
21170387
40829225
27796609
43150076
42151185
26485430
37554672
34990427
36912905
13943259
21601559
15746230
14829028
6589552
6556127
12306407
37446567
10566107
40077868
489683
29015113
28993897
42309777
18304305
14352001
38419256
31977669
6769627
27512670
39027528
33450212
10825059
36391549
31417213
27719355
12449755
38105129
31217788
35673799
13316188
41217141
497500
20410688
26503858
9320417
2020663
33289754
26108301
9682495
26498486
30773460
19486128
3207168
25656587
19515356
6654856
2343941
1598658
6877497
555346
33968290
18713446
20689461
8591734
1479457
14741889
17286599
40574078
26216087
30699568
37566185
32059317
1124259
28888203
25342661
17808298
6974231
37545495
11057596
10979900
2536804
11863402
4073209
34410841
8493586
3055530
20933689
33453337
15874356
25530938
30888613
372154
-561474
2264433
34858423
21639070
31683858
39822889
26822960
1167260
31188253
42318143
874334
12977550
38648313
21678613
35625723
14016214
20659164
21852452
15265328
17393389
33480933
11066894
15959392
30141530
15442399
6261818
6210874
15610193
35746656
10889001
14876676
8063243
12774129
25023967
15539111
26249119
37616889
35036112
11157195
21499091
11094288
35598945
30546414
23413204
39869149
13536596
36299312
32259684
2009907
14176835
14206203
21215044
43322481
33879988
16631963
8844144
20010511
3534609
2462710
34447749
19867735
31641997
32536597
40642354
19012018
5269407
14419658
21609242
20865373
18926487
17414744
43428254
42689488
39482636
761976
37974552
41702833
19994298
24327775
19752894
23956507
37168721
36428922
8117082
20085909
28800851
14665116
34678899
9936660
27618829
17296498
5736215
16656771
29220312
4086715
14679167
19339946
1793534
8689816
19557749
25279253
33336502
20000491
36640956
20560072
17795356
24991675
18399912
15505048
3034972
20632350
35825916
4098160
10888872
41026531
11076171
2394639
28118140
20529136
29989696
6979335
7207197
29567486
7155517
37644107
12126950
35421549
15082865
11173056
1568969
41981353
30790560
33111598
602355
8773603
29391452
31036826
31874300
1905619
810114
2467184
785298
30613176
9086950
16211927
18591440
431085
-668238
4945218
1421506
11131392
19821799
26697978
15120190
22242760
29274008
26279081
13479532
11581693
30964676
11646513
19437404
28854927
32655789
22841088
999256
17469040
23811093
25950012
2942560
18518523
-366806
42244584
26434711
8491471
27287314
22083668
7007123
14417831
22608369
24652242
10826082
23435862
30079158
13320680
21633090
11808382
28548028
4422110
16102838
37400210
28113888
8327137
35030858
5815229
27966255
36067326
20104583
38918054
12776689
32966408
26731473
14505257
8247621
33880387
40354879
3449436
38421623
5584347
30397894
36569785
39970681
22955683
37034993
30076316
35531456
42355438
15310912
40392451
-112487
10547791
-276269
27086241
25484513
35627288
9074410
10145341
8777089
8887959
3180788
27029873
14561610
28112549
37293063
41546196
42467680
14973539
15510510
11692545
31032491
710885
22624814
28246148
7831107
17016187
18790593
15009690
34297769
22363626
39436771
1332767
32903733
25984168
23933694
37959412
15884837
28795705
36603277
32747443
-378266
39468477
32803471
15170048
16167462
40924465
18134909
3351389
40269436
23662365
37672945
35922502
13635537
7949816
22178340
3935265
43053245
7874783
24380919
14183529
39704728
3584960
17544992
24367197
34350880
28709897
30468996
6480328
24855320
24411368
2536950
40410045
11946927
17850677
11477363
18412976
30660538
31507055
38576790
13937186
22801695
9054258
23392319
11432683
31048075
34214437
15301089
13962167
14526517
35446208
24554652
31339423
40542045
29315685
6901779
16966263
-401333
30767010
18317247
10252167
26165661
11756408
15954537
22831452
42901560
36168094
43213009
37693218
23604033
2060418
3806281
13585728
38975627
9742044
18533180
269224
42029263
23195666
5020475
15484201
42067055
2007053
20802284
-946402
21212363
34963676
16683429
30808679
17344045
1590041
42364171
14329584
42669218
20717116
20003977
9809580
26806409
38158984
33268737
27222997
3216690
39628704
31340
32991905
18007338
39538673
31343796
37186464
20619639
-324664
12007375
1391339
15280190
6427531
30792859
26808740
40632530
25507952
22510852
42094246
6177772
19772805
27147124
31633957
14731039
42018109
39190534
6532204
17360077
38782496
30095982
321526
38610438
9970021
104808
12915129
34319104
11839307
26048115
29765809
6576219
20907986
18034308
21855326
42648446
1394416
3791170
40831060
27014378
30838835
29740559
36327260
20167653
8734590
29669212
36040202
6566391
84202
917599
5200362
10157924
29497782
22971700
37247974
42726359
2387379
33354263
36778844
1430906
20189551
28169570
35017282
28588079
39633894
20698401
4506801
37282141
6629427
32880654
2937036
40044531
37894396
7472009
31071251
26903593
31283037
533093
29462823
4582837
33186387
8754360
10453723
25543321
8935318
10263422
2396929
9652182
31141721
42091506
32554119
31224148
19583144
37782789
42780178
39968792
13939048
24949903
28881792
29760595
17556477
12981438
26559766
7682596
42094268
19853570
26134040
32316460
26196166
12511000
42188498
12003154
11887748
5380310
10275622
10363556
14726209
38684960
21138372
16283233
2863031
7729262
2459653
6124477
41982856
6356401
5273566
28370476
16305956
24896367
5733901
17238624
-377470
7817722
12658910
12467905
29213956
26586148
36100589
17831035
23571087
15177746
4530645
27332689
21323493
28841355
36595151
42678461
39600050
17197914
1536093
29491765
3607990
36154480
2762550
35160832
31161496
18237633
25215217
13999269
27440930
38201336
20323590
33901393
28137518
32372219
2158968
17718807
35020104
272849
11829450
-840675
5386050
35705367
21429533
23446248
22402595
26535053
13509644
7745273
43498758
38149841
33498275
35990455
42567773
39809928
25535552
17565330
35414747
6550157
28992953
36306722
23603096
37283290
-809562
11561634
25080766
40549398
33325921
9004192
15180895
16539940
3326724
19093316
17805542
17697142
29088516
31995054
35828053
2625220
39039094
19680442
16324488
43522658
20905144
15619433
-688424
37048457
37564311
22301808
-125481
42925824
7506177
12043725
20106061
5822247
38758541
42677350
27485307
29342016
16592065
32906594
28976192
27362999
31601269
27048147
13224275
26522186
23634381
26037744
24740266
25397188
12652879
25052661
38905592
24409521
42172761
32255159
39354016
29809028
23674089
40058552
21335621
17354768
13877398
35922806
21628442
20382309
27671725
40276255
25675639
31198196
19844256
12203481
35549341
43502357
40367635
13153684
21734757
33382154
26908909
40424266
15690802
30892938
21604635
4297623
7116336
36527542
31663486
39628397
7459497
11290375
22357792
2539597
4931187
9521306
8592693
16432063
42765324
-421157
16666569
34229859
31294328
24884394
8355868
9166134
20469732
10037168
2626030
42017174
-255201
38810323
39778537
5960521
6401389
30242502
39809395
24779104
1174103
33556624
29320102
358148
30615254
-262950
9937158
25423714
26766512
9812362
18771663
3734659
16964632
29742355
29087891
36355979
41437096
13498958
20957053
36562449
10857824
32985310
36169963
4851937
20794387
27373579
40574891
15282286
28110662
43497297
2137810
29635492
19916576
36139418
11905439
29656228
2327101
32737254
4600995
26799580
23720126
20337881
10638446
13690923
25750170
30384064
10148727
13261996
3414627
16645235
23792843
3025037
13760177
15612044
28052562
28227780
13760182
26905033
22235625
13743619
1152031
26926733
5353837
29996367
32505489
30842645
36214785
5392417
30640448
28397901
-756661
6533746
42373098
37402488
38193095
39147645
11277904
39824459
9729859
39837020
32410926
21598326
10241709
7665076
25746986
9132836
12043885
31942993
26131936
29753517
20469873
33085831
18052511
43451724
1625527
21431765
34502359
27668871
41986113
39279356
19841424
21235138
39125386
22229826
24484398
22913354
31902577
7528450
23677902
26346393
29985069
33628843
-872427
38183097
37132983
25111868
23232808
1382285
19121883
23871714
21508977
36897499
26218868
16124737
23334597
30369058
10476978
13707676
31140038
11271931
21042710
23833860
7653656
42160017
3761144
10150611
42334860
19074135
40396215
7575450
13613606
7050735
11536821
38867258
14117021
20412964
21061699
39727256
39300863
11917255
16218097
37152701
40559159
39407882
7387701
27672222
22739816
5551129
-867089
4593790
17418192
34526873
37501283
37949950
26163484
42978787
35294087
38803507
21511152
31453489
31426529
27720252
42287623
18324186
3969209
16265260
34427623
32723575
5943514
13656089
5406713
28572221
10965940
-444275
165953
22377580
24171317
18484161
18950108
37052662
30779306
35014720
27389168
10204452
954551
43533541
41031052
20238926
43459274
27044616
26742647
1619165
3838104
36320747
34518623
1309518
33059083
1863980
36528927
8925975
26312677
41374253
37103504
26018712
3705265
22626959
16583955
12453698
41992897
43325058
39249429
22006482
2811169
35355702
19203216
32900028
6262312
31019256
23797275
3163725
25248048
17442392
37452700
27908519
33106484
12961313
28911065
9396808
16422063
24493721
7018315
19559458
15403319
37178442
36247428
31526472
1098451
3892193
28851835
23048239
16859403
31909139
16737437
37498674
31895327
-867365
20180760
13140871
39269498
-149987
14647440
5041250
5919119
12319277
18881697
35900411
18905996
6222776
29407409
14652320
24498260
29162597
27994175
10136633
21262329
38235236
33596764
38269619
31584317
10092167
35200220
32999165
25516815
38927926
42922038
26081978
37444128
34416918
39689495
13576313
7194018
1108389
20527001
4717274
8432581
28176123
33732116
38384748
42235257
29442589
31979804
15456566
3407599
11021050
40814591
3080089
23787466
32534138
40301409
18229736
32840819
33559273
3798682
30417241
11563552
7692156
29927589
21892985
21631552
39437964
3483432
7675698
29279608
9274310
15903397
3664503
41796322
28401994
42822327
8292020
14754342
10346766
37276391
39722141
9306635
8319215
3265207
20494880
816389
10511703
37467854
29881771
21403730
23420041
29676198
41010532
33051009
13122883
41823913
8511434
9245032
8093335
1163284
3458034
35863713
7505681
-961600
30073485
30564921
4682774
12857164
31042673
32380969
18688641
8106357
32821453
17231201
43069405
4969403
12183387
23953972
1886656
4338032
21519887
3272092
33970978
14357796
133791
14559336
16312242
24855922
18558246
31018249
40504870
20278947
23741660
32092229
13338669
36635794
8282322
27895901
19610032
14453867
31089223
29434471
16911059
17053538
43181241
16306606
4531527
12581741
36954391
1345544
6104093
38940906
35921888
9904158
16831134
32489447
8201283
32860753
37876305
43188676
33464487
32460354
6341927
8875383
27838256
31756655
15748204
12421124
4222949
1230342
5899375
25593668
31639816
20327643
30618717
37024916
333218
32525260
26766874
12549366
12230302
29999879
32677350
-826256
34915856
13813993
35590668
39072605
31175930
15131845
12347260
33680716
29939514
40268576
40012803
34668072
5594843
13872298
37793181
20942716
35448970
31489335
13146321
36217040
33833703
23434730
3851642
34538508
23052109
5595272
22724996
27589461
36878419
7339214
43033541
29750559
4501191
11587449
36499788
19142211
7580084
39109437
33542633
31583476
40395503
37858151
35265453
23914084
640253
29227440
14262666
10581927
31316576
2703072
5476277
33774365
40584354
34974286
4345648
10941034
26367902
15888209
32213567
43521720
33384118
18275137
18691517
6556267
29016730
8500516
8295838
26728954
14893884
4223780
19967562
16343061
34195616
8533643
34635618
30914584
15205887
41244438
42680458
42623886
43193219
32810664
12953017
5190222
34896456
28803571
27437161
15763856
12452375
19048728
25278342
11836286
41715597
24622634
20439714
21835835
33721522
9422719
4665490
29816650
33594824
3243890
11077916
43292559
9252886
26124730
1291112
37976694
28579513
20834901
12682557
26955278
11001944
8588292
15200168
9790191
27905516
19119752
9039427
24152207
14677578
14268902
25941937
32041488
13640869
2223883
37248579
26896150
5604136
27009040
35247814
25500941
36255361
40883412
15188274
10562947
27681288
873004
26916237
17042170
13097562
8663364
1289743
7386919
37395123
24038525
38820011
13493656
33183070
41869462
36199515
42252363
7493671
5403623
8402962
42275740
23254802
10443249
6035780
26054068
9439861
42675757
10291040
15901343
36030267
8293096
16879743
8835304
3049118
15088194
8112160
27037972
782946
30106540
9199999
10869368
40853558
43378717
36088157
10508670
22571757
20721396
11141850
18512941
33417709
30053936
23189506
41367865
17611394
17398378
33772355
7519577
1726113
42561018
32179569
7617268
10857131
10832208
18737259
16685438
6544567
3947289
36404391
-556784
37036502
17403758
31911886
13026630
11516407
18192049
36375100
10405353
29921451
19379032
42906181
21366943
31418973
12268176
14580974
21971391
40790326
25652150
5019890
30724566
8585818
35290423
21077897
10866248
40259180
43518202
11370005
27138275
8591642
12535828
6706769
20616834
6231910
19533826
43360305
26838747
20979145
18294009
-860324
30399761
9429689
4043973
24227729
3777837
20349006
18229272
33545321
2375344
2000464
12176277
41556971
41567447
13131504
20285458
12749589
4589847
1829216
25624819
41068743
24455709
13298413
13683374
24348524
14705534
38058864
1891807
41724486
39170271
41612815
32960788
303016
33833383
18616860
9245544
6487311
28012849
2242948
28993517
41771719
38894691
27058591
39156023
15192052
6517444
1225662
14138874
9004552
2576036
20808975
42453190
34718929
34362257
18306624
1740225
19180088
18476805
2692701
16789656
32749962
26858005
16289283
5708087
40041660
25365400
16640986
27505998
19204663
23085999
21159500
7267964
3123010
34243248
19079512
-955642
36999510
16911024
27415196
8973863
29885608
32939674
12542495
15181125
3819327
32066092
2428881
29399081
6009526
23776011
4248116
10878116
19598672
20681338
21829439
5835782
8789749
22848870
30332243
40020680
15075774
18716028
12148349
15086298
14260991
7041768
3306621
17315889
36447715
10616235
31441286
33848094
10146924
8026983
22336936
41986367
5459879
24382148
25969684
2296131
8457710
2572804
24196825
26580638
12205990
17857764
11815238
25962849
-784179
40824553
10684134
29234423
38532742
36830215
6437777
35761880
3281388
34987580
24892081
28313015
25227376
28443051
15540956
38792815
7178320
35468528
33714311
32945494
38560744
5180827
22690050
22295185
12384300
19441728
29156927
-840750
10643402
34245098
7404462
19220462
1406650
41947175
24694859
30233150
29254441
35171373
4309205
18558439
39767386
24139176
23529556
14920595
10064316
41441836
5863395
-487015
40806291
22312744
18472250
19112050
23300260
11152811
40942079
8900481
35660164
38809172
19795332
8059982
5320910
2165978
29328834
42933836
16560043
42052346
23531099
16962721
17554652
2233349
3397696
20807985
11641281
15238831
17423420
-148769
36956303
15352182
29871442
35159560
3516613
16144979
16269551
4627043
6272660
42826532
32547848
23786811
23639719
13659839
15111987
22842111
24001293
29324804
26896807
23478532
15932296
331875
42220617
32606053
29717064
39763100
25782631
15412639
42984775
28879628
9699520
27508649
38663351
1326744
12030840
26296198
39876558
12553753
25378753
2306912
32920402
40343844
42071960
-220796
11047935
7482941
844472
36949628
13031438
19340379
18092816
-468085
26218588
5308597
3001521
369361
21396835
11442428
11803446
802816
40731117
5961549
1541202
11875553
3958166
40477273
7289801
2608243
1674180
42775497
34945006
13235576
3040806
36114789
28421339
32455112
23722169
5701376
14005243
26367018
27871907
33938535
43337341
5640108
28467369
37864860
4501120
15548958
22653632
42578537
32547352
22651666
29435088
3035612
35049231
15596641
2134544
2626753
22020845
23133632
39344843
30379567
30184149
33169414
3124697
968701
-252602
29403583
39937
19964182
14214937
33740333
25005891
10997551
36700081
28454951
30827674
15088605
24441175
35548359
32958602
20888148
9751941
28680837
28002755
31044605
25249889
22089456
5022301
40816817
25445604
37094855
20409442
11328848
-165387
15098817
21632639
18316812
24417768
2134379
11337660
35973177
42106200
8967106
232437
42795290
2141802
26758742
6892148
27613441
29905262
2021653
34498854
20101400
36790004
10350655
15552991
2198099
22278459
29387994
8980052
11993294
38848332
21813105
24836810
24430736
29208519
6309230
32988034
19988623
23548549
41661299
21867553
22636747
22913201
29462693
5266323
39350796
26302313
29507739
23840866
2189121
40707661
41066970
36142671
5472151
33530683
3654920
-645617
22653913
17227486
8818081
17760675
29990795
18809932
3911780
42179218
19168116
38274402
8409126
24397937
8584455
-883235
16129564
3335465
15968298
5735717
1573615
27457055
22740215
26293282
21739599
12007717
24870300
6708409
37463072
11073632
21629799
31585550
34047781
12570788
5784802
27359893
5128444
17773446
5928002
5863069
29388859
35848420
28933729
30257903
14005640
22216649
14665605
40301922
30857737
14957821
30020706
9887285
17436724
14977924
27363807
35673585
39077012
36059587
29440469
10151909
27412901
36004899
2913546
5519094
34444429
22102368
31290655
13417443
28891741
34445083
42202882
24198354
40101190
14476907
37275336
7192525
19014800
7318303
29610870
20532170
33771110
19256025
24576824
18555136
19140590
11622226
29532800
7885733
10188997
12017016
11074160
2129932
28947539
4973852
21965574
42815021
9311019
-61066
31625150
32367071
43493307
21234895
21695579
3119751
5581619
13134659
19681326
25071156
715900
33387090
5957818
29641306
41457712
25224120
24084341
21755471
18977521
25802026
27944906
43520940
18158756
35718793
38047100
35015062
14549532
36607639
224190
36546579
42947301
29168882
9807910
16357981
17378333
38541400
-614869
33746251
20924740
38522408
14701648
328418
43062553
32575632
41935738
40377102
17972663
37335791
8270112
16191099
2725408
25671061
15312783
9422719
43102638
43502205
40851187
33298115
2033454
12843321
6763996
5849916
20585845
420497
33816091
17303597
144217
21276261
11159232
9047057
10140602
19437569
12184142
3090051
42282727
5518676
12291674
3684774
16386693
5756939
25471707
13098472
24348482
37586711
9288357
29453066
3213190
9317540
5385154
6692750
28147920
20400906
5372485
20643677
23787197
35960328
38690483
16301729
38540629
37838244
38995869
1171819
4004970
20082232
43216973
39364047
40094928
36691542
11545236
4062068
4222308
30452856
18680686
191656
23836991
25907401
32000104
9357010
18415835
39642866
27193569
1413624
24219531
3458088
14389961
40668716
31322787
34741355
6267427
40287443
18606610
32770256
25877201
36406285
34787100
20729695
40938957
31226346
36276640
43106773
549943
19283956
21294616
1367793
27899287
235211
8381097
7262875
2162225
5199996
22012858
6495195
13892395
19251930
17017431
32487920
6473681
13432500
9760271
1849307
7923166
18036353
24176648
20225041
22354231
21399858
38329424
12444671
37259707
33602908
19025394
38671487
5904972
35790465
36591843
42382145
16790590
19357731
32267766
11304700
34364393
38586965
31840129
843470
20096386
38970300
10561235
13009565
34802329
24086729
16923810
2790624
10602435
-968444
6583909
32432680
18166897
-263967
11176145
5206528
-183467
39030369
23508581
19372063
41058062
41986131
14771244
13439559
13541507
3711329
17215527
27131144
22887907
8027461
12193056
24821995
378695
12054624
557712
6237905
10210894
6429134
28499858
9103076
6466714
34448830
8253580
40621715
37231573
15832326
15011130
12992853
26675809
20745796
11989415
24601232
19629063
4843496
20892845
3576600
9987794
4152826
29745295
-143688
5121634
8816302
16545682
8284295
30649365
26287427
14486919
35403157
41297882
39165793
1199104
30775501
6740389
37104130
43423000
8944616
9469098
17173585
39831488
11401992
41328860
30173304
12372877
21004492
30330248
35797989
6017988
4887921
26014869
6531983
16392525
17485084
23877915
35669007
15460793
836024
20884031
24034737
21299862
3938615
-462970
3747613
7418747
38784095
24946086
41090109
34218967
31127244
-521019
1318871
387033
9951391
19312584
14703972
4392932
1774389
16133927
42254894
34666358
33195588
27583856
30913815
14784775
10103839
17210050
4887059
212355
32728053
30383833
28428738
32336306
12835686
27730863
30596115
21540862
3037550
5566579
20881762
3319725
29661389
34039146
41341404
6599311
42781513
38923273
29006208
20995018
5414514
18678098
366887
40516893
23874069
-697937
35770938
27206764
13677977
13059610
30190475
7832015
16243782
39446763
18491638
24336140
981988
204790
33939444
10914067
40502484
37935561
39828159
1579477
35065830
23067353
1380419
15371897
17295963
42786112
1603994
33220791
7994117
30785812
12015304
33581042
43060406
39428402
39447309
15775015
13152332
19257995
-508602
4419190
23846516
1925771
20308934
38709454
26796617
33701517
17571582
30066725
16821680
38139895
19465623
39966610
25302132
27151482
30630732
16107342
37569674
4067748
27351878
38957124
39145081
-717523
17415934
13939111
14412767
39180106
28524940
41703472
34052577
31124230
42943231
18165663
30300351
35721176
23392203
29371085
35919367
819428
34375796
39858018
11390823
27968729
14725574
40196380
5651049
6980068
17917187
18603002
19122587
40590845
35553609
12627388
24932814
37731110
37428262
25838631
41304086
38470323
26725777
12766524
22118868
23099067
15031161
846150
43238809
12530107
10119941
18137483
21911974
5567094
35517522
20129750
42010483
23550980
38085755
8597081
30159229
34982484
7111496
12444425
43480051
30521794
11720081
34321872
31821397
41219999
13222061
34307510
37395240
21204711
18374814
8263002
3659259
11117162
36871203
6842954
11236981
5094883
23987528
25002437
13658207
19590928
38075736
11916717
35388799
19637700
14822409
2550801
32151676
33318372
36489969
12247738
10648974
20634740
8205811
38779271
14116348
9998964
14663900
23420034
21062577
20901118
23663450
5728355
21895338
33139220
17481839
17809527
24490259
21912831
12799369
10256965
2788865
41427122
1824851
32359618
17783641
7630504
12107998
2550568
19519923
32955518
36565561
24631707
42583141
12486923
9470357
42427714
22750394
7030643
16016182
6350390
13871023
40948304
25853263
12248935
4477798
5293079
42174838
26800329
6468015
24954945
37855806
2497210
18707577
33506896
16457318
20867744
19687523
19097843
41046950
8011277
17445380
22755601
916968
26764482
7697662
3836867
39129024
14266133
5818593
10959730
40326004
14030479
25087397
1535731
28401789
39183010
38166063
39528088
8886900
41108266
22453989
33462158
21271685
27607989
6534476
11318751
16519214
31183795
3867831
43469172
-812589
10054922
13678570
34833854
10161011
22677954
24086068
29286551
36210676
7322897
3283404
-690033
37845041
18044862
25068607
26681589
9674507
34298486
12110143
9485129
42685218
7204044
18956972
29840730
37561183
19801210
12807249
10230250
5508854
35484166
8724580
25945607
31503209
1388371
16096502
6147235
41400064
25255783
35392816
20661974
5296560
8652773
39435282
21026098
20220333
24454871
32722086
25611541
14069630
7929287
2805718
4119451
33441648
16499036
37069638
20216302
25252192
13847111
5817362
-151058
15945729
32906063
26343690
31099984
6989893
21771938
26864018
11187531
-985752
29434684
35493403
41063422
11107146
41581836
30472498
32410434
14915767
28392469
35503757
14402557
29303153
31701999
35657893
36630533
28461370
37970351
3226963
2849189
19778274
24065504
6596877
41169777
41307081
2609317
26376353
20058549
7015272
32846478
32738846
29042992
11929583
34086137
26660706
24312195
4645830
35228228
8897556
31965902
43474065
40344018
18368127
8180170
37118670
36648023
41936902
40333099
21938000
19730198
22261838
40782886
21192128
36193872
10543378
21279227
14218566
38630127
13083641
13852691
14416599
18319919
17411743
18184990
29000750
22693918
16832549
33544498
11111315
1456776
26392368
2099682
32815899
10774849
15887988
6851085
2768865
11833397
14543474
39554512
15192117
7575735
35618479
29799095
9878099
22397502
3194538
19141978
9693966
24513918
10702278
16878959
43108325
36219833
9060640
36747996
43446539
34403812
37042773
38612225
31643571
17132835
22083535
29907498
9839361
42002796
2932202
35897175
13191727
35846467
39878721
35272648
6913091
23669991
22328181
37623285
10066931
2359378
13075604
9944056
39402158
39502031
39331659
30000060
35258078
23973574
20949242
5144065
2541308
37743290
29911254
40330383
23598212
25678923
41149508
12050542
35266792
12480198
24832060
1364581
16283841
30804140
7184343
19676322
32471437
38583679
15115310
24040316
24601430
25974800
12374323
36383725
10939021
41897096
13340147
3084179
24817765
28888953
3581540
17418973
22022181
33571853
7898679
28903591
18125451
15245774
13036342
27660311
11143523
23722697
38133145
33705588
21174785
31260459
32857503
10435592
19311823
11398404
26002132
26870890
29452729
18882748
18732845
38552903
5056940
5057607
7218017
5538391
8808183
39004352
4468634
23964389
5444299
23763388
17509708
31259611
29561870
23511181
17256780
28217529
18589264
3292834
35493916
10167435
34870078
36973800
43495270
9067119
29456334
9056601
41608442
38683576
23947038
8284671
2644487
15112751
7517903
27388480
42397763
-2666
34251457
11487156
19268317
34732580
39304336
18480057
18719705
-365396
28982098
16928284
38695533
10803997
33557943
39046466
36865168
18597081
28989298
35983420
18559487
198962
12009069
41978135
32718336
5772104
10370166
4638821
32856814
18423341
14293684
12358945
35092837
34748317
28254331
34512462
24615045
17010297
37587172
11210368
40304476
4576843
35506996
39451981
34235768
5769307
4534906
11446919
16299278
14146373
8143955
41621272
32350122
38043086
1536860
9254525
32168095
26171296
3530262
20619390
7047657
7371416
2897271
30072915
34211653
38006824
1710228
42908014
26010440
31985241
37837942
15821259
21035653
34942425
36782825
37174040
7621765
31902768
37364509
32670082
32225325
1923188
23459769
29277915
41207353
1082056
19066729
18781451
27535905
40194784
30319166
31716150
41004053
18329013
4883085
1462779
28974004
16394470
32424283
14682759
5507469
5056193
14278916
18728697
13408688
27596191
22116805
8390330
20693173
28333273
-553045
34921375
9912448
29909874
3655844
29129015
1078646
19719434
22511560
4791030
29734045
9086654
18589583
21152856
19331859
11559423
34549567
6298682
22388281
25837861
26175463
2348389
4094084
621106
4724937
22076875
37520526
27871507
24860013
419132
10409788
-222881
39257417
35672737
8175342
1552109
24990666
20285350
43416169
11812328
5575615
35926746
31710033
3710401
16726406
31002240
38330307
17778230
29872391
40503408
19080569
11823720
28608453
39427222
2808535
9083797
11108188
6242179
42524971
13877336
40695962
3346725
23307052
11398903
19380462
10596626
28820027
8787497
15016286
-807604
29065339
36499273
8899257
9228082
7984008
4715528
2506647
19662177
14722569
29599431
3044698
6477315
4890985
42078065
30627187
21826650
42151527
11478967
11369661
16320447
35368569
8488577
30687764
16254873
7831855
15472269
42391944
35116217
40299234
38386365
13689373
37615225
12729170
41623512
7768510
22291384
42228842
12864726
14941633
43136068
29760987
11242555
35304328
31988253
6202881
-476438
11865371
13792993
3837893
7402470
5290399
31991552
2539791
33533352
13684965
38169524
30514354
14870195
27115018
36498287
42940933
36018067
34844011
953435
28978700
31783018
30375024
6858160
13703447
26211711
947300
-856965
18968780
18332729
6113400
9445113
9707141
16729907
15710108
40158631
30254722
4531359
12128023
41355701
39552852
21359766
26456036
15195466
33061877
11837721
23104608
40835474
-66236
20466686
35308023
25824644
22703227
24105389
7416904
22610715
9073325
30886520
32573577
-492304
11441970
37090861
17099350
35177569
3394833
34147698
4523899
19669100
35516075
40860762
2768754
18941618
28142050
34815173
39646304
2656276
1696863
32863276
3511114
32856309
4983719
24381358
23562159
11458927
318313
12427650
1456906
4874472
42694577
10855973
2096732
6266697
3813149
16604913
15829103
43517862
7383165
-672718
15094770
36570563
35339041
5047560
8594082
28717693
27102563
24003178
19756659
11642333
6360957
22051769
19551723
2937664
21395062
8517470
39992650
-99127
25811570
39983590
38837757
27602670
3738029
8435310
11890878
21204214
13449416
28866605
38274644
42031609
40824602
2156179
9068241
7676177
19466156
42395726
87091
41185753
29693101
11036519
27797564
2930961
22170992
15108711
26607275
32903631
31062699
19273475
34545446
8866228
5467005
1759354
36718334
16327417
35975910
12380257
32461587
13799888
10892998
25189970
28363039
25577863
8879753
41512892
7953910
36174693
28101409
4273572
20612133
16568164
37342162
33009750
8057327
14759897
33539019
1482040
36966021
34851203
27538970
30539963
5849923
32670301
19317815
19248886
11038094
41601589
29895639
8992242
33838557
39297712
14039014
39998409
1381874
2466764
4647451
38157677
21895660
7936261
14232082
29018206
2232650
22390761
25045914
26057410
4966238
20328367
40109451
16730811
9721600
31447521
37054476
2505957
38588213
-435784
12319800
15320871
12326908
-482890
5215229
500852
31301415
25551240
16542716
39233588
28401191
23494212
7167729
39504020
4310733
35578906
15422287
21770180
20454109
6366619
23903605
29494342
5382332
13527143
24432644
5590240
25273084
38053684
28735951
25058182
9575044
22229565
11217174
11063439
19086423
15480021
11650966
42115821
35276679
22495467
20656722
17516653
13455154
11925922
1959906
30087257
32555390
16415018
39614846
6412287
25239700
4305987
14783388
-435703
34120263
15383597
25502096
40741855
7671322
16902853
604685
16729114
36323623
42269326
43427236
8391525
11071796
23023599
2639271
39051123
17342276
11175975
40706529
34299862
14592506
20025337
14503384
18644006
35882757
10158845
20861322
37094308
14816235
9880667
41276499
37673602
36791201
37542068
26307676
2066286
32830859
4367218
27713476
40297153
26009469
3777805
13734025
2119729
-51813
184133
38453543
22526503
34316793
40895319
18285834
22714265
-924291
10860606
32121756
35836550
6957276
36775544
6589752
28769196
21030998
23444904
31662176
35964555
36944044
24571156
8430425
1234431
31701667
23502045
14980150
35161070
37068795
35312931
41732440
4582728
24498845
38795029
2651240
28332587
20503108
40933939
38638586
11661417
7222439
10864120
10966962
5113321
17292288
30124119
-537194
25361670
19438929
42248079
24973657
31513424
35307407
28980640
8024000
-580211
23373846
40103131
4894511
17033724
39719547
8593522
2962217
37613765
4925145
27049405
12298769
12877201
3010579
1133328
5807482
25610571
7456968
21439261
30294043
2268520
37958986
11505246
42492822
17465687
10177053
4977162
2562693
42786870
29528918
21863276
6580358
4196575
7842660
27531320
3888546
7763864
21066051
16414884
1665363
40888754
39150242
28303434
39801620
22005483
7274564
39719542
34062841
40847340
36517300
24915830
15048559
42398457
31702709
17339315
24827641
25601782
28608854
19209689
19180049
20878238
36611064
6765455
30974956
19768987
21333500
30731665
23993048
28667714
29651153
15798386
1325427
38062968
38568677
627593
20251518
10418607
14567729
-624875
22599498
17369025
15708026
30186639
43218331
12868514
37209215
9627437
-426415
24900610
7230497
41425115
9788683
677479
34379769
22675496
4618930
36462353
15447095
29839278
37010628
5905479
10070586
1479795
6392221
41263251
20466654
24826583
37922308
27058457
1143864
18924996
23218542
13692459
16135877
31611665
35511687
23247398
34948582
28988026
42201473
31854458
27972994
12965719
36434330
14838676
24952256
33286746
22780290
32670851
10930684
43405588
29228304
6438047
5024648
30711111
19749110
18705641
26233396
30095261
21802544
25545073
34989699
39427312
36461684
10586394
30053632
18948964
42779272
20149321
9205381
41973572
22794292
20016903
35640937
5585090
22459470
31439067
22893057
38585343
13093559
6435128
33463164
13807893
6141156
4382816
14094658
11947944
7837704
29233590
6671408
7513168
-966820
27663858
4522910
24869859
11081580
42401123
25606662
14781267
39749584
22805273
4210931
26177707
37143051
39703895
9996980
35211845
30481088
31971717
36335839
25512604
30069715
8185084
12736019
30323375
18586161
43510876
38182559
37978485
4854160
38133178
22117062
23420734
2872851
21488607
19453652
8760927
43371252
24317825
15031954
21738974
1207922
26965340
18476176
34239500
14802239
38932345
16295475
2073183
26085881
2904064
34242473
41562464
5475140
6739081
7003890
34700733
13622044
22434319
10313668
16496720
30773385
39390604
1073476
20044015
6712421
16462386
6191051
36110947
16865774
1597172
38572128
42582866
20630409
39087517
2629351
7484770
11448921
28401897
13296119
17594997
12612476
32701035
29156191
37362181
13043799
30915298
24801018
12159081
4619537
4086374
21960528
39287372
571494
4586075
1484804
41230176
28539212
16284422
42182300
8825660
14580959
39859320
1020683
33930222
35837676
35550578
43331254
36257971
31404955
35049726
43016948
15671668
16055648
38891070
33584661
24861566
7091695
23742227
12817838
23648904
1167536
5929085
22265428
29347347
34018702
27352582
17722117
42551854
23602905
1229671
22647610
34092447
5601363
6793052
36833539
41606193
26204950
8349477
21976014
30968002
8953888
19976745
27058409
13159590
1142664
26364549
4477642
20858843
26578730
29441343
12738281
15934045
38575567
22072094
14668383
21336734
16895
22551336
25969316
31502912
22810762
43448385
40934568
2174799
33349790
4055696
5292825
1909109
22331271
39696947
28468336
31708212
32251018
42106700
40883069
26341040
1471081
41787419
1576937
22757975
1222602
39435935
24777870
4261637
26563633
36808148
6014787
6205132
19373775
1263439
18056141
2372768
38127774
22053591
25447085
4193282
30484143
39089770
29078781
36978877
36112832
27675746
4460239
-640998
-366078
9982960
11473870
22962738
18295919
7279746
23909602
35047704
3013283
27213345
20227622
1884879
38681781
12165378
9047399
5871530
17508536
5388315
24101626
2763575
41074784
30523055
19919379
13935019
15408632
18774671
42429453
28373034
4801778
27192363
31223998
38425691
13683726
19177656
12485334
25563405
28976198
7080602
3212270
27799173
17320549
19681359
16253863
22449568
19552327
8949554
8183728
38259294
35464771
38704461
12400791
14305497
20749534
39880315
32677993
33512956
9991318
21808586
15415198
709014
32467377
29868507
13092745
36909363
8087220
16834818
27050469
18885301
19575521
40313758
17938661
15750889
2234144
12846898
22026188
2954945
12696872
43099380
13574122
5622421
2958018
34007607
11303140
16573064
32031245
21269738
34648834
4400756
18389326
1071611
15323170
332178
22032228
29012118
15908588
9123300
19827056
4505221
36070230
21461423
22565118
35396500
9473462
18357338
36992878
19629780
12106888
43315832
38334135
3604094
31352902
30378440
29234990
9630850
24877418
14614629
26082291
-528910
14709813
29005337
19944266
383125
29833492
11359587
23322324
25241918
41018982
23814103
35507109
20271799
18302473
17435287
14177552
31143142
38441017
24303165
4972277
43098955
15923954
11456195
42544391
20995543
19754506
3063453
14846
21178258
23466352
9730623
38618022
6597101
35078159
39352675
39922879
5234465
19007685
20119089
40710556
18109918
32903405
12125842
43348118
30036238
24729403
4174166
34481248
2203308
14483711
12540171
18320115
8655046
21083042
28658632
37924458
27313133
34410486
27621641
27209081
7280378
14590517
23726847
33835202
41215030
6551112
21446181
40265224
41900082
7419605
1623279
6138956
7940589
37204368
39369147
34961464
32472403
33706624
32467451
26169815
-747610
36117593
22562277
1126640
35425960
22389114
21156239
446841
18808662
2447128
8650812
5899612
-792214
39557416
40437792
12573849
42901349
22585027
17706109
26350133
34289984
33404500
6621824
43267455
21599541
6164969
27849375
12051879
36815156
29287384
42091559
37919524
11106980
2493394
5545873
28657392
21534661
37059528
15902838
8841509
8135061
22986941
34917572
36012533
10608551
14647780
2398727
29212302
20021869
21804351
17249575
38134921
35319149
12817930
12438547
42715642
10982964
37973130
13294937
29554030
18715551
25444756
15379468
10836137
18907408
33054753
9662584
40503883
14937407
12695674
19877099
15606800
27892598
9571238
32532409
37348083
-931422
10115769
6258834
4992281
21606735
6695920
30052092
39222004
40359640
6874335
34589614
28688125
41027928
3803317
34183148
42688017
10994034
24123516
14002327
38328448
9512101
1472217
10662390
9042189
30862365
23905397
25954369
-695632
5471681
5784061
12798531
40351574
21111957
30259329
34513011
34494131
11860684
650982
32593406
30251598
10518926
36044349
10711439
12914019
40231765
4272175
31296679
40605541
3133966
22097310
36804953
29572281
21390943
38842964
41234064
37126360
16060258
9561816
22029364
4430767
40959504
31074377
30711326
34098468
20050033
6949557
14515129
19184962
7643078
20932117
27155139
11790551
11709848
15134027
6634552
32547676
15443704
19293067
34454254
21289966
31283645
231123
17362197
12104613
37469756
118180
28145548
38549089
29278901
23622949
12719674
34625333
41623428
38231667
19991139
25907784
16140785
-89293
30656004
21032450
24801510
23845575
35120668
20393082
28639514
16802570
24845832
33684563
9762528
9377490
35770762
38925942
39403329
33138901
23662469
19299926
42504382
1545923
10648460
9501900
24726934
7380108
6714118
38511187
12853817
12985416
28662931
4385194
9986343
21542823
13337355
1855941
17071249
32393400
6364391
24823608
12587358
5212044
40838674
11523657
24134070
17148535
18810126
34044213
723984
24774866
42281670
4616424
12981296
16216503
12366693
972743
39678457
37428450
30481247
43478277
4971611
20038938
16177078
15742723
20549744
19349066
40894018
14314535
19153465
31366772
29803419
30692576
19101559
4762493
39573008
2501555
11003704
40962030
27372440
33089362
9857354
6738340
3376211
28397151
-165933
16516766
25190123
36132092
42768900
38987619
14655445
27115122
28918176
34798503
5583794
29225452
28247662
42335668
42341005
34268520
7657408
23680837
31837894
35515461
21142580
34305376
15082146
7081926
30143468
40380948
2399926
31551203
25368370
23962061
40092864
40708034
25325233
5160657
40916395
33493647
13599042
5381867
19219434
24672273
15334130
16397751
35858376
26374137
27115950
29113338
949247
-269656
35013902
39874971
15861607
26224019
33733345
37697990
36170021
35284439
4543512
11472209
11705711
11749361
17361529
14842286
12388564
1915971
28971526
15737607
22342966
34742933
39336988
40737623
42163995
16564347
24406772
3373534
18210134
32182499
37976633
25309595
9911666
34899602
28052039
27540844
1443587
23220210
10755966
23588650
2582234
35179197
16259187
30088912
23800007
16703776
40670738
36043107
23052689
11654301
16867747
43017802
42324321
26775737
21848073
2429493
23142852
21731863
17305647
26095762
23898067
8821252
26570779
23159183
3677132
41847484
19662722
3865548
35543066
31818107
10426318
13980712
20200735
28935785
16433308
24554274
9323171
19734977
3590238
1125865
31304462
33030939
16138087
34813348
1125624
3305601
13929957
3139930
36864999
29709696
29516679
21681109
29561019
35230768
26629481
40470083
18091648
42223228
13386689
25117490
34332133
19505122
27639522
32985702
1995444
29554763
17076782
27818485
31908204
37169342
35376802
33719789
34308689
4960343
15153016
20313364
11298258
31270658
35230353
3920835
33764526
40898227
11750078
20951401
10874684
6897034
14195340
14088205
16284823
39806815
26783841
8274852
20580582
20333522
423046
2754783
14303455
11270206
27122217
37637606
-897956
34300901
38850294
1989621
32063947
26918019
15783410
37662387
7048969
788425
22526461
32388839
33783059
12628541
19150560
18623645
41677430
39764493
16975799
40452282
8506459
28063418
29703657
31491234
11663257
8393582
8828752
13571915
20290950
12126183
4461235
8584872
24407594
38973477
-749625
30914488
32598704
17082733
15482674
1897573
20574516
8377076
17841663
7334593
-840577
19718333
30948044
9949682
