30325694
29353560
16353267
7537647
17666590
25984452
31351895
18670769
1324651
26157345
18590018
18148372
19003794
2973581
15848439
4494136
10027425
12021302
21537507
43470589
34652416
6634321
17964553
12285635
14604330
6201056
41199842
3071159
3221405
42776308
4857237
1014512
43475597
24537019
14513286
20584231
31635210
1371139
13007810
19106810
33098070
10627928
43363274
5657670
21389990
5582730
9385634
258175
20927913
1947218
9208671
13863450
20918818
-943386
17516022
42536515
5977148
15878497
4908964
27565018
19675645
6294362
28737813
35485882
27352242
15327073
31538167
41864214
14568480
-42587
-552489
15216008
20249019
33708430
28807793
18243269
20577000
40830890
18343197
24743294
27901010
5052460
34956558
13661795
6441353
27122209
38320134
14903259
25650839
37068759
12186673
37200407
15738381
21555061
19658728
33344035
2398301
27462609
16385637
11091182
43417945
30729060
13437472
27814421
15540828
17935716
5786315
42313740
9932089
7988800
29360147
3892394
31406300
27836648
40278530
15270407
12661459
37861321
1915562
17774910
6905717
22851367
33209782
18521224
23245072
12563718
14731081
-89776
20019468
31917111
2945006
41119217
18934692
1475767
12373643
35220130
24304464
20454671
14219695
11873359
-760936
29088551
37810143
1248903
13269915
9132461
9592915
28808540
42106176
17890044
36209748
21510801
41986023
19919059
38650325
18290314
10395773
8444626
41071470
40973333
30521414
13829822
33697710
34128953
13756703
19593208
6928659
30818373
22920893
7393894
1179510
32345740
17324381
34236293
26133509
14814063
26736276
30398991
19324262
25893031
34509493
6451828
7292041
33235149
42813954
37847920
8890122
42521523
17609045
18214621
34266405
21079420
34740426
8114550
38075158
11394452
24782555
42100923
33915872
38872630
22173378
483243
36620121
9318037
24752089
41864169
912217
32982562
-500971
2098906
18821129
12140540
9504909
5791256
13231920
10434596
-462487
3553271
25356334
15670853
11183190
14845463
7918931
20433420
38422446
26285341
11018527
24259187
35833688
18505101
6573080
38989422
24695482
38771469
5405555
41391800
11331524
7699443
1307384
32087328
21992148
7636119
21399615
20096508
25731931
-53509
13094758
27942158
17932494
27680172
38270823
-627634
22343838
31689073
12857458
24683789
38757966
23921510
1362517
5936494
2571318
41774008
4335143
6599933
1754248
3241719
8922204
22735166
37545372
23655629
16118887
30730532
42201747
38855203
17769247
7913924
5951823
26508322
21707716
3558315
15728551
7030788
10754240
42167632
26822352
13626801
28649068
34908029
9401687
29138958
-181672
36019513
34214143
3660753
26070761
29702427
22022816
38482530
34716703
8078088
26795167
35107350
17282744
31960237
33150122
23457184
42988592
26677517
17869811
39783511
28456573
8556988
23639716
33957911
18065132
556835
28400869
30796179
20240913
16838173
38308560
20755866
27804386
31759568
2846315
10425426
17373694
4902576
24491595
40051151
40569480
28853698
41799212
2130157
43300889
15320250
41805446
11633934
25869648
15777243
8404469
3102362
2227967
23697100
20200152
15329519
-165092
32229892
40396022
20250313
20804838
30531767
31309145
3629674
33960051
20724056
30645417
32330313
1445615
40627430
7041527
20936978
15309114
41084916
38026216
43045199
32040951
1385094
30320443
11582597
33291844
17376780
38812048
14788377
40901231
24941088
37760492
24184990
9998564
5838593
17542375
23152806
20428903
36284076
27976582
41738585
5115370
36840999
17891326
25868258
35683207
38128429
33170104
12106066
25906046
16206233
33747759
32130102
22658786
28220635
27841057
5251356
37117161
14060665
7832213
34561078
21298793
5851565
3151521
18382618
5418076
20197289
25770340
11459481
13245341
7746277
10777737
928683
362213
21047720
39715255
22369293
12455071
24638133
362110
36774797
36887529
6858669
30015319
41415189
10179655
14959578
36548177
7499577
5671146
15500192
20667639
9988874
2328100
34384601
28578474
42604710
16259469
40902846
16893553
10907088
6258244
14953754
-108537
4948457
42819452
8767050
2863968
25111500
39198850
21447912
2448083
6820257
33772570
43255810
10947561
16071364
21453037
33047145
9272496
13618564
2916684
-174841
33573061
-712865
15338606
28389232
13122758
26296951
30277143
17311510
38887186
8505770
41348553
4695711
15595275
41674110
16614654
7818685
21197565
6449066
16312336
42222312
29975651
-48932
15018543
42979371
32439287
5298125
42228119
26745555
39896993
25163759
38370652
1193228
24285294
12126161
35090294
8265749
26368336
31187874
5927046
29173454
29703068
33845754
7137461
20233570
826898
2359736
37884898
29257412
39236434
16093906
2765190
4680914
8422666
11711264
18112095
41810698
23945744
2200684
21190188
28731680
19333865
10360527
28947661
4089877
17958654
6740127
37130285
18694918
26716683
14653347
15393439
42413140
3021655
11080375
2511623
25431275
-962236
18670606
38061715
33608946
15884525
1895082
12316430
16967036
11873399
-252054
19826597
15463144
40990758
19397665
19716512
12221265
22565727
1448562
15241987
16123258
20929621
41948189
39456775
37788983
32849753
7386679
6605538
34310935
16977333
27339770
39320520
16168503
4107571
7593833
2864898
19823509
1259851
34564677
20840373
-472134
35211197
26060890
26113083
934946
14314214
2703317
40339252
37290648
13821837
20117866
38660032
21522453
3265043
26505012
23133911
15031716
15968677
23458066
4314702
517098
9005521
22066782
41854408
30198223
2763660
2553
12713866
9342340
13035193
24298463
655381
40246162
26728437
18413595
1605558
39833898
17309146
29930381
41424143
29965337
32323898
7720117
37061385
29683420
13209914
24566685
20341432
13768473
32585765
16053593
16219083
33535904
23467732
24723592
42950371
22132222
33439667
24855984
-1424
43269886
12583661
32040235
18330845
-478221
29531407
29848538
19485599
2970718
17357869
13305708
23783352
38764568
29890407
28277999
16336857
23385239
32923311
43141665
14954531
16644335
40030542
28305283
17148216
10313164
39948422
36317526
16253062
9878882
30888778
7254043
36678468
19241915
14819027
13355880
30310917
26992790
20611186
3507233
3688176
31019364
14280305
38318301
31406808
2730519
28206969
17738126
36288976
5998351
26517888
27984688
6848851
4958199
40731084
11839225
15603171
10683136
24744867
11016163
37582580
41570714
40173579
38745086
15492836
6207716
6279107
7202723
1710482
34528229
34993994
5446689
8875182
6955284
19426426
1502315
39016516
1652508
10162237
23093039
18370455
42086982
1635093
33303998
23609968
25225511
6298427
11284551
4821259
13148485
19166641
4193263
1462822
15118807
21955178
13922985
8069589
29377883
3620782
21214348
9659168
3088561
33995430
15706857
39688671
29384926
9691873
34401634
25073072
27697675
14959736
25407578
2331522
697055
4779585
14864682
1211981
41196145
7369734
4527760
5745571
34342658
30548266
38783661
3015958
6576423
20545961
28186691
23575127
39366604
39478991
42560619
17004955
7611556
32161257
14669732
39016143
23702378
1315046
13142768
19951593
4787250
17745170
35755383
2552951
29472099
24850259
8095453
31384793
40696033
29682404
4380597
32939701
12083230
11446560
17350093
31404643
17217963
36380056
27023231
11676038
19332096
536769
23075030
21611340
37095167
42554596
28735599
5536793
3665936
10276358
35385840
33414285
12428733
1803148
36114610
41750471
32164761
37115616
9473070
35208573
30521458
25848914
8311079
19957815
27754156
11793755
33124345
9919401
-476405
14900939
21792548
3322264
28565498
19038246
13201480
9912232
31541663
23475076
40737803
35594006
30095863
43077138
26863802
6888685
17970466
24024175
7997230
10953534
32913708
5820062
9700728
9369558
21173527
3724043
41531646
17866244
20028371
41780833
31330385
590230
34813043
17558060
16753957
10663891
18582814
13577901
11478121
23309775
30580538
13107812
13072327
36203090
35120813
15490295
36650030
31313695
3369243
37149683
35680896
41016557
29908695
3260231
12778765
11414902
3142522
19452420
3222785
-936103
36049181
40950780
6018420
22326952
15606175
7868072
14885620
25008743
3542139
22864367
6358978
22842675
22336118
11261966
22091191
41899516
1093124
39204627
37230513
38641756
35275186
10692993
-646473
28949198
25436663
40940013
1561280
4598413
32805348
511482
13111917
6905309
19059951
13292122
8629901
39361024
3873323
41300308
21142993
17668994
42838491
-289259
26883224
27009797
12667085
30976118
2432737
25111581
36652831
35749136
13614773
6950521
42787585
2771334
24307663
-230273
23772728
35101602
30636432
-774077
17376674
21583234
4519890
7500578
1149516
5415679
41316171
7700175
28166064
10424806
43482768
25374608
-100756
18547243
17857582
31920914
27273208
5285454
10423626
40399690
34960219
19118650
33390942
31796874
32863498
39251366
19751786
-512459
15980892
27828851
43170721
1017251
22851214
15516682
36649211
29908359
24188564
35635742
15865379
36147029
13913689
24435287
34943260
8440593
36961653
42213906
39822507
34711882
5606762
19047391
22475155
5724903
24887316
16437584
17953946
23770967
42053707
35940024
43176386
42946510
6724478
30542030
3768831
11190809
33692360
18243922
19805306
31594869
-905791
32868728
11736219
-99184
1140519
26263149
4158181
9306743
42471718
5492444
1643998
566432
15517152
34614993
22730914
32182218
30158039
5393576
25180670
17897615
21663288
22013569
14837990
-913812
4491132
21965711
28551099
10147204
31789
8912038
22555325
34170640
30677683
4082309
12483654
239483
8824945
38099663
17113380
14830694
17017078
10866850
5460446
21699251
13809493
35050892
34683854
6882605
2379125
21316021
37389965
32336780
32741593
33060109
7845142
4667509
29864790
43445461
7572107
9478598
38163778
11251133
25178015
18399856
37850581
-191469
14231307
35208486
9074335
32044154
15982804
14176277
12189073
31025145
32587923
28200080
13340598
20628499
17714901
27711922
15088821
25616463
21930848
7456234
34096200
41514799
38178962
35014205
28520072
10611933
35809648
25877571
14593703
26846651
28179385
28588381
22759489
-294396
5692346
6010854
37412025
2347337
20948099
24083066
2053583
19437488
31539603
20701718
4985610
33709641
25662905
42125166
6009625
41515244
25588592
7476478
2480465
26420774
11818852
37161920
15242419
14855459
19709623
27106532
22817493
29856689
19927367
7482180
1105131
23012833
2031246
29762398
34634498
37841721
18537888
9823955
2966207
28450341
12486985
24873658
41116498
-349291
42831627
28771451
41383351
4630183
2364548
14539319
25484460
8966376
32561068
3874270
41952400
8150279
36000730
7923199
3580591
7969756
21659548
19343360
22018942
42874709
42351995
15195094
4513333
17326101
30897820
-467270
7032644
1960774
18748238
24639635
14880689
4136723
30727848
15397485
4053584
5994890
23232597
21785199
28360916
17349488
41283323
22761468
23886943
29093811
22336660
25520423
33194858
329000
134445
16362847
40990418
2060155
24614725
41208749
22741292
20692629
40610755
14944024
275751
14867379
6794024
709533
2011057
2666208
4442844
33217490
24856286
29767208
20455430
21929833
9757817
24156038
43361877
6625985
36952156
7852558
12388481
19159194
42864309
4891210
20775140
32728449
-150960
35171969
-44413
14653693
10756177
40214997
14436262
20239863
18625511
15684162
14993336
10849402
39781186
4277280
20237175
42474166
26572797
27485690
34723252
42744049
25222713
18443278
34580558
18880696
32939354
31429825
28894306
28527330
13830778
19099578
12898794
23545150
26796877
35374819
22564059
19657639
14239407
9445801
8702495
-411816
36487229
35070869
7953730
40340206
10931830
5938881
14636984
24139843
2494455
11914242
30799883
41418096
-745467
10626936
29399220
18427516
42730254
23011200
6801878
4215808
10417037
14873448
22716521
16567019
36960784
36797446
15979200
27350226
39580252
5888812
9905673
24874083
17672762
-400943
37173543
31796777
35135433
29988747
36897471
32434439
26274673
5724158
34037273
9609158
31623586
10705351
9797172
10852483
35815671
14776097
7515251
27746790
10662587
18852289
31084163
41670120
32769917
15465474
32170775
30860487
6553404
19653033
7481836
2003025
1894132
43011432
24135545
12397779
298022
23846117
24768495
3098221
12211132
34849037
2613666
35180780
40934071
1643575
35134584
37300473
38863783
26232403
28806992
19935607
13149264
35983822
35994236
31135239
10954556
16508033
25413681
33922961
40670173
16249177
1674444
13434653
2419577
7801949
31554380
10346390
23363209
2623358
37694549
36554326
43432957
16827762
22575184
17943446
31907265
30507631
2201165
6977813
10870492
22113951
27464604
10278415
8227110
27739459
11272950
29895342
24903930
9302126
29304001
8458403
41492872
42677977
17651302
33625763
36485796
14246158
42539851
27640415
28484815
12358388
9330555
4391840
-924544
-165529
36956525
39209481
14508546
7647744
28783086
15483672
9012255
3036847
30970180
3002476
42985400
463169
29490680
178148
21725240
14404786
28377478
24491894
4303190
14978719
40955812
2296342
18487262
7350146
2500986
4186943
25494561
3573964
14407559
89488
38399676
25312932
38440966
39828593
41380039
4930489
36731766
4264635
23409045
31880319
10017111
17489708
4087386
3089670
42059413
41296432
27323650
29012213
26595423
13270445
37086128
38024992
116365
431161
25324831
16865135
17842559
10298895
29348657
26929770
25174531
12517639
14595595
21667844
15072843
3248504
26636989
19937195
31306303
12276015
24846785
36247893
24003796
23098963
35882072
42560916
37743781
2260484
15025150
9351576
-501124
30690332
25526164
19157466
5338146
16223092
3221081
24508390
39417116
5374799
19033369
25434663
13443951
-967936
41192659
13120079
18782901
6617502
7717493
24564298
21068140
12033899
6584355
34933215
10662353
41331986
19292877
41667855
20829629
21527465
175109
4534456
41397605
267150
35620450
3067850
21080510
22787130
30657286
9691679
12327751
5925431
37575278
29057642
29456988
468671
24730828
9508888
26172048
2090682
11449285
7286211
23081171
36465235
16461157
41190881
22195265
24819326
26688949
18802168
7176253
5563473
37810165
28064056
2711555
23545147
27435523
5320393
41049588
21139752
10849686
6464295
34249944
16404387
12667798
28476708
7457738
42731559
16366981
16760227
33141699
20192875
2154819
384405
1628623
34385182
22268106
31202442
17861306
26746375
27966615
28208229
7133149
35416440
21021222
17956641
26806651
24207710
6707933
6518265
16679303
38537344
43262361
35113145
24596128
26995015
4492469
4868231
15494540
26677647
19778457
23937602
29794498
1159048
11438618
1550601
3403293
22832378
25687207
10950147
28373301
7537677
5622859
25147815
31579809
7445266
17773114
23022724
38428477
19323933
20936718
26329982
12973429
19871135
1087883
6400500
31199761
2418066
18477548
43175820
29979078
41480890
2821928
43248421
42843920
-527655
3286085
39737961
22589973
28433086
38319547
14384184
19668429
1559994
11583939
27174708
35114816
20162079
23664940
36819653
10591173
35553540
38854006
7765888
26359536
12206562
43263113
543552
12627346
13711529
38097638
9960157
27771410
20281431
10994151
30605840
9797334
18398897
6204544
37213578
16828630
10851272
28787340
19373613
34119413
11445256
13874792
31100667
25674086
18314360
607792
40275498
4574462
25510204
-950577
16954922
14733779
8429982
39372625
13598970
60020
42928360
4418314
20613617
10725600
30800783
11742174
39685191
1796508
10699755
33507340
-630026
26884113
28465262
14116335
37237990
118958
10343487
12663004
5172212
36128777
20707291
11403861
12561660
2485610
10357111
15889743
42668515
16705209
6586579
29094232
8434318
20316721
22116152
21784917
11561529
154605
31819011
6617268
40961006
26016613
14341510
22207957
15339882
12968815
17736284
2936855
16108019
13736652
1914254
34712208
185868
36965091
34642395
43223428
35904513
19702958
34591046
37642953
11051393
28308113
20527873
40592456
16474181
9720281
4762938
26510206
8520761
23385295
28412389
40759701
34838424
20557762
8665604
37395651
30939242
42180656
29509559
30830575
19738701
699386
42867007
27225034
33630624
2431133
24839145
8708311
28007961
17812085
2687133
11778398
37844801
21984706
2851733
26586580
21729177
38856401
13129591
33332657
6173220
22095515
25126874
40680083
16875008
15407256
12361745
27741999
33363597
23838057
43369142
34288128
1902123
4539243
28826486
27248801
15188454
38542817
17915129
3944365
29597083
346023
28426551
23280430
11391548
29283620
41977265
38225907
17773194
9111633
36860753
43452631
14220951
34981383
6080962
4842248
30912665
28063473
40660337
35035886
8608613
4383236
24873068
16524276
3381702
18079922
11611089
41840432
32581542
3677909
14816515
16111601
30800688
34568677
38964675
3132374
5787011
21405737
41982343
17248823
30345613
24372865
32045911
34405795
5725280
14238041
40250899
32723952
12833662
24301572
16192130
153933
38036248
36821425
37698950
18650403
4105739
-861734
7308816
38012254
3523177
17140738
17930006
34315205
37963446
26795388
21781606
11296894
40685862
7932375
35272086
10469310
28504359
37812585
29943299
39088476
28007705
11381276
7184568
29556017
4387372
7420929
9817326
2729716
26465270
10656967
8242266
28164875
5471992
3420971
11522440
24723356
18432840
28606009
8551639
39801973
1967736
4862058
41070700
14190817
23772401
22448794
18866181
4401221
7260498
23991286
12455268
7817681
29200382
-544293
9240293
23152193
35707373
40459206
15324160
13693589
30935046
2930163
8692903
4888245
40114366
37616362
8946002
16288204
9490993
37322872
15521989
28520715
24469541
9898628
36450330
38254579
7761078
22470174
28499138
21325918
7128105
21701415
12852123
20537064
20924272
40260859
14416803
-607670
5690577
2194416
36956607
8696924
17542191
34849197
35075763
19072864
21477199
29318594
35817266
40271176
8170219
38298582
20216945
14526309
26138750
6058616
32473941
739392
13456714
15119437
4770156
11971455
17078961
481531
10755817
13720988
15301668
30295399
25837863
21528964
8057736
9771034
35549581
43206775
23593986
5430934
25701403
12203009
485371
3748683
22072181
13766806
31190235
42414486
13049891
36892045
22525821
1609228
24819077
14526169
17929339
17924273
38288074
28910598
18541648
12701286
12298831
12950358
18605087
35933373
12557958
4089194
32516988
23861524
18429713
5845325
22150241
40493154
17729461
23269529
3377169
3012288
6344330
16890254
11023468
41647285
19209484
5248750
39440110
18189886
33195212
1613759
15978133
24732944
34549588
6201024
30336510
9915030
26509193
9428141
18800843
9048670
41704092
17664581
29139396
1311995
6765926
23636561
-228894
41719421
21057988
26930896
762113
25904087
12868299
39012583
6213907
34708672
40987561
11504151
12405511
39059675
38037812
16374891
21522702
22443532
17589039
39092142
38316143
14197039
1311850
8492660
11012298
9171192
16617877
-648164
12414802
11771015
33337739
15303858
30478062
25952752
3666987
364857
33765528
30683942
17597737
26565952
-451876
29547117
29235142
34449646
24741701
11230067
35516370
3363874
39195286
28385476
27605397
1573209
32338307
4341003
13718042
18922859
20289523
558330
29996381
29102464
2513274
39823220
37682055
7435472
15885037
17081910
4897730
42077868
39997992
8411826
33481272
114197
17794067
29801686
33334560
10850431
37076369
10398548
2567900
12525250
43532776
21713122
28654998
30501019
19990449
23183467
9235510
2851699
36016269
31158645
494027
37557357
29721988
10814255
6020105
43499235
6926544
13121638
13682436
31678795
32568363
16027990
39458855
19563412
31640414
20642932
27566640
2114871
31199561
39710445
31091017
43499923
36878211
43340337
30796937
34137933
8150541
40797804
14190137
11725544
11695031
3719806
5293939
31043196
26543292
19257082
35798101
764469
20569502
28427552
12528280
36116276
37054723
15327141
17820311
4903623
34406082
6075540
39056433
13703174
-672534
16855031
3877906
16280587
35254653
37466790
34486524
5044234
28508997
12489671
30036455
21397348
14223315
37077606
18770747
18606841
22057944
23889248
17657489
28358223
18178345
26639748
39757721
26814187
3776847
31092990
23556278
16696865
10311584
4228628
21982293
21257566
5832192
34581909
23999605
907327
32565174
16725263
27339051
36726211
28384595
30919944
1092121
9685938
13215835
12453610
-537825
21320097
17557753
27686074
3653170
34980285
33138467
34691218
35053417
28785324
29932057
8185154
764790
10235606
11688266
4772873
12879262
13470099
17840335
39459764
26500932
27229932
-130948
2561447
8952207
-891510
39627028
16361532
40236263
25062954
39784488
7891632
11163373
5271612
41929168
36479448
37260103
7791062
7076164
10058524
31663234
32370718
36208723
41194726
14515911
17745388
3990121
42972594
41903688
14959176
37611928
14140700
36791841
4889482
31777129
39358803
42708599
13012664
3929085
3082645
7921148
27978820
26018494
-514113
40002907
27624535
3846827
19615509
1272173
6685420
35877441
40752002
33091999
36010075
3219669
23617166
5400907
30057191
40391251
41043324
33718301
39515271
24372949
15125555
-842057
29927946
14685319
2515716
25723825
6277873
7668591
32988212
32614963
38285777
18345529
15168707
21305631
28557036
12555494
19172697
11558497
42764815
33328345
20857881
31715053
16528048
21456244
138397
6822930
33771068
41716141
16517931
18224308
39884089
25834924
5753953
11353522
40297855
37139134
33266570
1416456
4633857
7961590
14835706
12461477
11465070
3109952
7311321
26742400
2499335
13191334
39337280
42490692
36465062
42263521
12651710
43225162
8799987
28363800
25879700
19598544
14782248
11877782
19928584
4438952
3585778
7104683
14071823
11693125
12784402
28326307
971889
18056807
13504921
34020924
17502860
8997968
36463103
29915887
34083732
22016462
21891038
21701140
32718617
34887155
27368202
14400520
27091818
15528729
31657207
11319273
15477035
40091648
34594333
30279645
27703749
4737869
4502452
16036110
6009184
36447193
-93785
23558031
35773072
34159252
31434477
41381567
11273317
41287404
1563458
11158898
20372241
34309576
38731221
41270553
3966071
37768342
27735065
35095748
6726285
40142371
3570483
40460209
24000790
8387361
16150988
36473533
8676309
21759914
16278197
-569161
1571885
15464309
11414863
12031786
13815147
23291535
37775931
23927246
23676322
241505
943851
13687521
41094416
20779807
28526056
1874841
722138
138060
32495223
6172780
13558171
30720443
31419502
33498853
18485090
-849484
35001586
26175848
27235298
-634738
4535435
13163145
30577766
9901706
41655518
10881753
37133617
7957402
2086472
11412296
42882865
24940171
28682864
24147747
14741874
17600988
2144184
17025487
34575125
12201623
18888743
11305331
383186
26952734
36966205
23260280
33577853
25575876
34196329
23369721
24268937
17182921
12308041
2854084
32836542
37788882
8094164
13351254
11513178
42376088
10660148
37371896
1206262
41769628
29991423
23872513
20418381
13486420
10270647
24502902
15464159
42867712
-88582
28287566
28540474
14942823
34473363
26303895
15648476
40499884
25647507
11991873
41639211
32429898
36367357
9816800
17833718
35498872
25349435
8321919
12691915
20049252
16349294
13526820
12553029
30856221
37535722
175222
27104754
23688191
32744321
11379077
7169455
41029015
-628654
10028951
7197245
10396070
34292321
27369980
12584425
8142758
14568389
38754348
39035508
28431971
32586807
17209082
39822226
41546061
24575439
9646279
11876545
41809291
1575628
40028034
37576669
1990790
28486523
41647804
5946858
24765702
20690620
36231843
41665656
37567775
29221810
810384
18802680
42261731
26447480
19885355
32756471
11707200
28837696
105680
7950122
12938366
37502012
2595129
2772614
4838355
31303750
37134330
35591777
20214131
27753051
34302788
39671198
40922633
10967417
16342567
39906262
22764234
37060501
36725055
10981304
29728465
28089540
6121523
34957238
40671034
27413739
29048926
9909850
30612439
29275908
32928571
14634928
15789820
34285281
30541838
16747198
385842
34013885
12485403
40471306
26683047
10034614
1547040
23039952
23892670
37259661
1475778
20589497
30474178
10009778
30385912
7733287
10203799
8920133
7542838
34055012
1578670
43119282
17699259
21312595
15731599
11827725
35883046
12266009
4469023
40312796
38815613
16592001
16047949
25945193
10240954
40100348
22288395
11455745
4746385
36170913
39199008
30112648
17786248
6745477
216455
22043741
21294984
22873426
2939165
23382840
27872800
23902849
38805028
6792260
39522540
39702252
5301316
14535844
39924683
19910141
10078616
14365967
12611002
38669454
9624904
35666181
2386855
21636935
9765220
9602943
37761492
36276572
42136362
30365615
-225851
19134520
22918740
36086996
22805317
13948367
3458178
3317349
8136957
11959354
3268338
12235698
16951142
10311596
7949638
23273145
7414030
-623947
39869762
11386365
8874490
33122528
9809686
-309840
41719721
4817444
17532970
19044128
41675712
42507369
38453524
37302756
19200910
-831651
831481
22677003
33312687
41642392
2270947
35885755
11840534
32804438
17547062
35160736
5586624
-454368
6524203
33033748
9159390
495059
23846705
37434322
4649454
17567471
36746785
5355111
31945109
40254135
31943185
17717975
3859772
8310258
19729630
21236773
4843729
22719377
8537053
19868007
39667846
8088768
9013035
21802342
40939105
23950083
19868088
11161355
40034938
28512137
22993151
6643003
28427974
15537611
27733552
6395898
3144452
19717060
33173453
32886091
26836469
21170131
23546111
35320502
35922913
7660227
34254406
30787116
30454800
17401095
35784228
17082442
40251106
13770373
41866649
7747686
3158848
9715441
16824571
13724404
12040507
33679204
5035883
22645577
21520783
273571
42387964
27831991
1326696
23045234
42894658
170605
6843519
11775168
-483706
40162626
11523118
16468966
30919068
19059512
30833936
5127150
35074822
19411026
33721858
32067866
10282975
3921504
40389496
16522814
14504079
-895841
4835373
20713657
37571468
11038275
33555762
36917670
35302826
12670481
12482682
9545907
28090469
31384362
19689595
3598285
1219251
35936946
33779727
-202623
8586876
10649149
25563905
32595153
5010289
20875381
29972404
36508793
3451537
35338594
4147356
37083895
30222667
30535304
33760981
17953610
39698309
10038220
10643532
5321456
23442277
4705585
15587095
18763699
30612826
30631486
35294229
30303509
11565055
5595993
3473772
37144256
27284068
5486245
896007
7138474
9664990
16000146
30086627
14723785
17409529
27924856
9972599
14350884
12674357
30681664
25144693
6807977
5399898
2304588
17643435
36645773
35225164
21905567
36949619
43512469
33084822
39237687
23467577
35297266
7792448
10258326
24560331
16873351
43424633
14144683
427455
8158061
30901004
34785127
30802452
13383336
8072046
12933883
38088339
41582428
42748607
2095797
30425041
34089944
6743253
15882723
16890492
33194371
2952577
14072860
10569591
7048943
31134727
37898518
41603173
8734266
7752760
20809877
39198338
35145516
5147853
36540204
12172034
12014417
33519276
29604465
36672151
36841942
23883202
39461848
14326014
37529277
4898260
17499625
32254075
8614907
41441377
37575588
19799892
572102
17870237
28312617
33559460
37458686
33912679
37138236
38638881
19354934
-495931
13527598
31505846
33400885
33678106
38645927
752623
3356937
1050480
5962515
31055780
2560345
38867532
23859665
3713864
19158751
35836916
16495855
28574590
35983153
32604420
31470702
14169332
7743772
3478051
12000125
11565045
9315711
10907762
27660604
15467001
15565537
14005605
11395826
32113508
25856039
17384915
1552782
33915024
18795769
36029899
25670740
6416699
8451839
-631206
18313383
32763806
27281733
31811253
12771272
31835831
2373008
27407134
24562861
21565693
40060486
9220612
22940959
42588531
17908427
13779849
43082801
3339987
6813941
21494176
26668301
14320131
18975297
32665146
18532612
12008781
10173309
19567301
37645878
42015224
35746711
29797412
13478358
17874046
18280384
17083265
16220634
28608659
32888864
21478571
12867008
24744343
14618269
5915138
36692420
39775300
26259038
35882053
27697181
34836796
36986989
19541027
2725294
25307238
20359367
39350902
4552366
23702797
35562053
12874517
27526643
27784430
34142158
9615611
7967948
12422828
11379041
9161146
12279444
31712546
21661992
5341831
23667753
28176860
12231638
10939105
34091068
34046533
6992879
19840445
34291906
14085634
37528924
28659093
10475150
4115943
7394098
6927033
41523780
27201391
38104620
4643155
36245040
21185741
13757244
33184737
27074180
32146697
43420337
26823398
41434988
3920244
31646116
1227916
2908079
10405843
30684631
9462533
2719187
36518784
27143078
32713909
25647490
31537377
31990223
32210233
35886191
37150635
13348595
-772602
43288092
22083752
9644080
39740313
16816553
13096957
-863907
5743405
21020133
36455813
29352386
33118176
12541432
1011838
11557479
8804574
507161
29540340
38969980
26447772
10018970
32573080
31735965
7087443
30992837
670315
32848199
1093249
26702144
35378076
25263870
34993470
20772350
10899533
5947150
30419389
10911642
-270661
26009345
34011102
35259411
11190077
2444862
5544828
16924150
37735873
13852599
35136982
18874014
-617271
7391176
909211
21918999
29201186
2409066
13146199
37160315
13822811
39844836
-506166
12286632
24505962
5727407
41525308
12174812
11240983
7026523
8702464
39157777
5444089
1515891
16948049
28475240
25743197
8830338
13245183
2869161
37044430
25557346
2994478
27006048
4699802
19418103
24884079
6671826
16373339
18099042
22209101
26714606
27705942
25461239
13129159
2057423
22498914
34772645
713934
18598585
24080531
13332469
39601891
-791472
24323959
14651670
39900976
8857457
3249616
27573855
1626739
16318514
28095600
34199410
33026398
6884442
23423826
31022842
27019458
34353398
15512982
3591815
1923519
23171361
3396215
17659846
2097785
3808362
16267973
2234642
21375747
9642544
4694063
27795392
14990621
-23033
4368009
21056004
3646808
19444849
8688605
23914842
29236619
36706208
3459522
25352369
1116161
43440585
40907816
20392973
2011098
7595847
20227141
11941072
4974508
40004546
40187612
38888895
41430126
23170032
6139230
36036427
15108024
15588652
4784902
24428973
10995658
30107186
26266758
41020130
9365329
30473411
20064015
26859561
4117968
27881401
31458937
3431993
-510150
42277690
7646291
5847715
25914825
16182962
37977630
39953295
22939628
35418033
42690362
37188786
31564108
27554737
11590682
27240597
676000
4952052
17850470
27942493
10843883
12316303
42905401
2791869
36585322
3971925
9460070
10236882
22145071
17439294
5962213
8095100
19871738
13726186
17184527
12690639
38348490
19391883
18651604
10677245
835048
30637300
26748977
40371436
30668942
36526635
29026675
621322
1407046
35929780
7204694
16726419
6622383
19300762
36078425
19304244
33828705
11997321
12033495
11894096
24278428
8407703
11206854
15016393
26532902
2375480
31944324
3999906
10763677
36517058
42665003
22247731
9517140
15857106
245184
29531787
5594326
28077416
22885800
36023797
23810322
1196669
18483471
32700624
20095555
22940165
13079322
7821968
30525088
21832709
20668099
16660434
2052455
4052751
22910130
39209450
42113121
-268099
16415367
34753947
13035224
20089790
40542616
6746331
28621892
17124591
5967119
24219042
4269251
39365528
38960518
15933835
6900636
29875127
13811198
16345611
29720268
10974599
15550256
10736874
30634914
-628853
4708081
34853100
20233962
10666656
8370320
3821743
33543109
41587208
30375558
15698630
35978213
36443314
19348590
37057154
9417362
23356355
13644199
32684174
28671348
39898210
28271825
12412064
30067087
32662357
23514759
24153924
29750310
40585869
34002414
9259860
1461669
22795749
10227163
38363402
28336760
7848498
7799514
41589267
33968665
14507930
35217972
3889255
42171371
40591734
4911309
36170733
15709186
31823467
21774874
16188264
39589644
13874245
39153300
5526154
26238635
37090418
4172445
21157017
15646416
37112535
39110856
29688849
40018522
22070002
6079061
369159
19644187
38721347
38431590
7751082
26130745
8484666
24081641
16342973
7542364
37612566
32571051
30406368
32712381
13684395
17484122
20213752
22953709
7340356
21677662
30687810
10566492
10883549
14210168
17405666
11578454
16270369
-288892
29627304
37103843
43307366
3082551
17029595
5568738
38225785
18268093
4740603
38312873
34486411
18398703
14119498
1992253
15200927
40199413
3988716
10260077
39074081
16578276
40272472
1727223
1334301
28208647
20489315
35752698
11448080
35167024
39725871
7133998
36878218
12751140
22381740
32197108
13113374
40929194
28278968
13892965
41537762
15002789
21884277
37849184
20448366
21033119
12151703
19774855
11101422
8339425
30418291
27957260
35805463
32773121
32608805
27828070
40160745
30305340
38295161
4581898
25020839
12880210
18750807
40404439
40772427
12575702
11468232
12351084
28265527
36840840
35092785
17466617
20340116
20933586
8326064
40896708
1408465
36990292
6925918
14451096
24082308
13991028
9384979
22812469
19750570
40685349
24090441
37288180
33812520
33456719
10642823
40674853
24246264
7734976
11499103
24016021
27832818
22183981
8921801
35829798
13993311
29984707
39906207
39804840
17377507
10331876
41443336
32591078
9788692
40185617
20425213
5338109
935488
6183315
32100514
16522624
35149878
13602849
4460631
3768132
41529369
38104864
28765584
28078086
16766280
4545400
42519694
14192089
38780596
13634211
14811337
35317658
42797924
28557170
1322701
18427394
8528157
18194139
13016567
5746484
39547024
26930709
12007989
9040650
14582380
15997409
9341129
36668598
37722375
18597119
21486947
23051530
15736896
17553373
20551820
8028522
9997578
28962336
11355090
36242369
35977064
9631111
37749056
9692696
10380762
18905133
36845056
28379768
22842272
32683185
13784717
40801976
28008656
27396269
40230428
13405703
36623152
18081026
2126445
32123712
14167291
32852904
19769864
32564102
1501904
11085943
6512614
4711538
15696352
37492423
19512236
37442377
17021817
35952878
1218317
21411145
13046384
37740804
39965893
18157241
28254372
7691419
36794239
14367076
34437215
2107439
7761782
19068062
29061855
42764626
30949451
14396014
24122668
9904809
18965023
39921282
17245697
4981653
13052109
3530981
25988327
27993730
17589537
28582102
7254183
29099351
26060184
31181403
54736
31716501
40500681
9252955
31127588
18481300
9989924
38200730
1229270
18947918
33506966
35158365
2062593
35180694
10614495
41166421
36378649
7678117
24412344
19666819
4952546
10967405
29761944
29039380
10042051
26458000
36010909
10273540
1445112
25393257
27872474
10625152
21512446
33629512
6094363
15451960
32936909
12966148
28867384
3156972
4483289
19369913
28988661
9118547
39119280
42819396
39219429
41137388
-477401
28926919
4980534
36240720
24385973
27359459
20044039
7627947
18250056
10684222
37255538
38295385
35808220
4367312
37895620
8257535
15600876
827903
34270942
30602447
34257462
1459644
377336
25738832
38510713
30331110
19170265
24938355
12532841
36082853
23220920
34909571
21080733
1985813
3656982
36293300
29091943
3703227
17021830
13153379
-706316
2491435
17830189
43244191
10755324
36752482
42524237
13826576
21994760
41915366
39783406
39629102
19513311
209473
39855006
33254913
27765310
19998556
12034443
8039585
28894629
11258018
4476375
18391801
5399681
28532107
605363
24090131
36901695
42659307
13204030
43476930
41765477
24039777
4815892
32645895
38317774
25035487
14761102
5212075
5815016
8805601
26148354
5074104
37330946
35475116
25761725
19691526
6580395
27952369
29284889
19047011
23323459
39702421
18079748
26643750
10807674
173884
3431166
26540345
41711473
15266535
9743300
42709655
1904797
-731279
27967228
27470791
5137892
696173
22597050
21862817
37988056
31095162
14003401
28752559
41915163
25022968
13212389
17277267
19968604
19998649
12108332
20835221
-343742
11869181
40700817
13701772
22112628
37818829
24405859
7905760
26801233
37258349
3432040
26733973
41299679
31331879
41131469
6570077
-20953
3830908
2680672
23643759
21972318
11861196
41599558
16119173
28892233
39103747
41035426
24101185
7576343
24948442
25433533
-259389
6792831
34556980
20972462
37045489
20428046
41408290
17433721
25336618
19234812
14737531
23702499
12910165
25994887
41661826
23741200
14413597
3450869
14974306
9681005
27050479
12129761
13041379
1678326
26186391
34864021
29843299
20841373
38053378
40313212
13329018
22086458
21660292
28110577
29143001
8665621
43058577
29806861
15512198
12923999
41739717
18677936
12375649
37908414
7754245
4440514
39805052
9415864
26593884
30960815
1065739
15259551
15742697
24793166
37446419
5790093
-290811
-969707
35616707
36901558
35520322
15181962
5090121
43474750
43030805
16031721
16414972
-655017
34156367
22970914
24436183
37770334
29091322
17980147
13087698
13040961
13438876
12404055
13908701
22641862
2914871
33642104
20491172
39044932
-196059
10574967
3786627
41234390
360938
5961950
1201144
37655659
15626034
20998092
5319036
31004151
72134
9934650
30499012
26492045
2968172
29348664
19558428
36531289
7302438
13263809
32609406
23701529
21964008
20337616
36515280
29240392
32092435
27405357
9328765
13030965
15241241
21954668
24326019
18487975
2561981
1039159
36594355
11606097
24650913
15304865
2479305
37954414
15858522
20105546
5297572
9789652
39473071
16150679
35581228
812171
3356219
32757420
24294592
30843427
22583948
40943971
32670799
35940286
31620249
21309255
25581448
37622621
27826321
32587633
7058528
12513773
15926461
38348707
7339263
24942453
14351986
15149913
5523429
2509918
29954854
2539146
14490205
5725284
41624786
18047378
36091770
25889046
40377862
21819144
40785444
25938838
24300190
13167593
36251154
12311313
6297844
11536422
22281214
30715791
15841119
33173673
20484015
13637202
37897710
39763895
847223
10212373
30264749
14709116
5019796
12261209
29704430
4455668
22486290
14135741
382072
14022970
26654369
36787754
27751475
7165154
-639558
24595998
3067903
13344077
40716796
22113686
23235310
2384697
33655412
4493276
21615300
27745656
11848548
35614970
8816139
11241966
16043139
16618475
15702116
21902331
13155245
4639903
17928330
10359082
13865733
11774828
20790655
39436790
34464616
14179573
17645894
6068469
18929793
-388410
35014480
9314249
34144790
8830193
13901269
1759493
-89798
9022191
41871483
39338745
43432809
17757187
18916391
26037173
29400359
5256221
33108783
23270732
36033260
-804853
41507322
39852457
22653303
19044038
10868294
10168541
21401172
23810294
31995871
29817443
6555446
32560526
9012639
19660519
28099083
9335746
33049691
15396141
21650372
18050312
8754229
21797170
8235959
32788122
7933919
1023004
19057271
29938427
34078156
12606953
26481881
28258687
1405743
30841116
6356617
43258588
32246271
2143817
24865836
4437720
3159368
42582852
12389330
37596329
-38483
34061086
29931482
38263466
19779486
37304728
40353019
6320684
4352838
38348254
20534928
12644801
25481004
37929330
12804482
19823495
14547166
2490036
1350034
9437489
15551616
9324667
23636370
-786572
16384058
43175947
5290440
-159915
11339551
6328691
9947874
41241998
-380298
40136325
15353660
31126261
41107987
35550779
38773898
16082089
12771839
31242810
43413708
34607414
13365119
3914138
134245
4128699
189494
29948424
9238670
14450985
29157152
38803799
32973744
38843601
2045575
35960342
8867001
25450603
14542847
41779719
43075337
9418499
33852318
6518294
15952692
12929619
-990994
26784735
13662622
10955794
43273975
6233263
14016546
11008619
20354802
1269850
23845907
25626673
9613436
23402611
4289889
4807640
40407860
33973683
12583540
39662490
451781
16592927
42509183
24953595
19601332
13819393
5713035
35341021
10528653
25582756
39832685
37778217
9525290
6803053
3895264
40541285
42497284
21926970
2945097
21093608
19691536
22583772
19612039
14218248
40045393
27926307
-143601
22978792
21335841
22060433
11085044
9538291
37823914
34590103
11070206
15108361
12905177
33669426
22423093
25319568
23646064
34931980
7337287
26113230
11935232
36529804
33039207
22583617
27457015
24124551
22307845
39308347
12897463
4204829
11522727
23727338
33008350
185704
5115863
29837529
6904444
16837336
7153188
27498419
22820501
-235505
17774976
20959464
37267688
10972228
14119972
30349611
31986150
16756381
40890381
5526421
10004963
-955723
30154875
30933155
818497
28042013
22753482
43327137
10587026
9146695
42638055
21046450
30018580
34828031
29364981
16252648
28636265
1688466
24550970
40815979
24956360
35129243
27133831
40516127
33116393
40045191
36804667
29267828
7790345
1464550
33073215
4736077
37525760
10335878
39481573
-859076
19606234
41170089
16004671
33104412
21812330
7527111
28471314
37784029
4597385
40358214
39535783
42941930
38080282
11118219
25113332
32268973
43441995
16923857
-896951
18835498
28724828
4484562
7425532
38053417
336405
1204027
7004539
25022619
16028040
31144718
36306089
37516299
12294658
12205267
28139984
12238367
28979836
26568407
10491815
5602032
27479489
1309382
12452637
20816296
21509637
790229
14820729
11645823
14566088
7716391
-621773
26235416
12584707
25815530
4532004
23345141
25158726
19365873
7372659
14471226
14857459
4188831
2451416
37108397
39251974
12954236
18952519
16850648
3376799
7335021
33393658
18526899
40355469
24171308
41551970
20749418
28088895
16686441
33455333
10915907
38157744
24658102
32109455
5123260
6431786
25156465
27102769
23518164
13357720
43427489
32218098
40508111
7669463
-176027
33219991
846684
42553613
41974462
8402315
41461346
31414057
30591315
32114372
14991716
7340498
15023418
20086771
16405770
26632023
11219339
27836606
29225749
35803244
35799171
12008534
24873661
40926162
10496775
38660431
26588333
40539594
24509180
4715281
26604131
26051631
14415342
652513
38109136
15883592
21252787
39695598
39892057
33199295
36199694
21358877
5679454
35021471
16643012
5095352
18291691
3573100
38512311
8116924
41799543
3276012
-734144
28622930
7188018
12967938
32316440
31250422
423682
10799149
32577923
184595
42968843
23704391
29350610
38319754
42316700
17435765
18277814
28085304
27209000
35261970
17411812
34296984
23736994
43324627
27648745
40516062
14504539
10751565
5656805
24020835
26255131
4439289
2901142
33548580
31297358
20399556
41461905
42833802
26640044
2768961
33723693
22405315
39095586
29771295
1002469
3304310
4333472
12001793
24812717
41187049
28103094
32709222
19483970
35618330
31018889
43374646
32798970
18824101
33830668
13293364
31226741
5885763
622891
31269272
14963859
35210762
24228355
15424504
15554123
36804952
39212786
10976352
4727624
7738880
1597228
20494103
29881369
38954215
39576672
7911362
38039758
41861633
24211368
33352694
33652118
4726906
30738632
15917833
42743130
39244095
17126946
4149856
16089003
11540087
3554707
19475555
35967243
28267618
41493641
7481622
31355013
20466170
2108048
33162317
11837583
40032641
26732777
5141464
17866120
13358302
42780864
28963644
34492227
12790372
23851180
40433889
38371512
15661606
37703149
21792127
35898705
38791246
27744620
24614838
18492410
15902387
23543005
31099851
17025450
36797338
25011288
25137923
34071828
1247060
2129794
1615584
19255756
8484788
2310071
449973
39947609
17281022
4636468
11012738
32007798
34368232
42782334
36340606
10608091
33333462
36052650
-817410
11723242
23718622
18128367
29750406
24429252
9435394
30938588
32538247
23774570
43092813
28722500
42942779
26424093
13253986
4342803
15220796
21108125
6192492
40567881
2186132
13892040
26148799
42797424
16296240
16130118
22581081
26808619
9689536
30805331
16028325
31337332
37486456
17669497
21961779
33805589
31346023
37162563
33533315
26952984
17451739
26136597
6386260
13387333
31111632
12191064
34394920
41298725
5537327
26989936
6882018
14876513
33274654
24415855
30873100
17100863
14870390
20494047
35615947
21284803
-313105
26284311
25402690
30919420
39777710
30292779
38571075
11520014
31506349
16738497
24824864
30702328
32564725
23314241
4424951
11923618
34473667
14529660
4853317
17388559
38612219
855056
-583142
764516
23549877
33106065
24651759
26915718
31504959
4556948
38688769
9790211
27285947
-740583
29373470
40413981
-124110
19146655
7027092
25657289
14291628
4345503
3689005
24592432
34426543
14394457
1727611
10303366
2751326
41785170
32964636
8926627
39740710
13724956
6177675
43512281
4378318
27736921
30643712
11811630
37450283
3242778
20387222
10195234
745031
14081352
30794145
5898908
28759365
10126507
37126007
41970437
21703785
2046474
18704499
-401077
400974
19450410
16396038
32180741
14806562
7873561
26989978
7394185
27854781
23374161
-830718
4861384
12417608
31924008
18824901
8285203
17164699
6484673
26425836
832932
15061670
1811000
14174023
11009782
37531576
16750901
11706991
27692397
6537882
31650810
1450171
11961246
36263560
36572706
17704174
580017
6975440
15841588
9066365
10461143
34123066
38148722
13130352
2764848
32352600
16593307
12438399
17905558
27065627
36092874
14131650
33788013
4103203
378616
34912387
36477174
6816225
33200134
32744641
12459207
12912060
12056505
32724918
17072692
29831161
16921589
14837874
16492919
35565643
10142958
38782703
31917048
25521709
30498993
16650114
41735078
4538266
28800816
7214535
17161914
22550092
43479608
42829410
43263753
15310365
9723390
42977152
21351800
-125299
12185333
38681204
5742668
37202291
24314990
15159799
40707010
31128997
18778127
15116583
4958125
6086124
28511903
17533727
30881548
43142756
20785898
32995317
18017481
17252633
13807419
9490992
24475206
7374070
38008714
39616824
32040471
27722657
6746711
14635502
27786565
27456478
17963488
219017
30331882
23028069
18876546
42516179
32908420
-561647
28948678
32998057
5896290
20173818
6788328
38531392
22100024
18405673
23824850
15472381
18311280
31474810
4695788
1169422
34045970
28648807
10806445
13923013
31353268
43449267
40166237
41441764
13737415
24580265
29537189
3558846
4095836
13698667
677089
40643920
9820712
791667
13675307
21191357
21366247
23926299
16988423
37982883
21874026
27957751
25815236
26453077
18868496
8509334
35368477
36461224
36069461
42050199
2367886
20553495
31089219
26561560
27743355
20095281
25913111
28255941
38821683
9434743
15598963
3455973
19755226
8498208
23977953
28878170
23662461
8353234
39804968
33744388
20734053
24041291
13172633
28058319
2896062
34311891
10594830
35704185
-622752
37062022
15444760
31228006
10718698
4538235
39180043
7433741
26748736
3592957
17808955
36098229
6546218
7888084
19687096
27643583
23906469
9515014
8962935
7286244
43136668
24604065
17816252
32595679
26126927
21558937
11824988
3727604
19089496
10786486
29537780
30359262
36199944
-240169
1113863
33519617
41195779
14324233
17202544
-83742
2172251
31765185
42601314
26236517
32897796
14809229
1528854
32460161
11073419
40502201
37499336
15632301
29493842
34431923
36548780
944493
39384616
26976788
29050102
14051884
3085369
43166513
31419870
38999193
7842010
241036
14753274
8090858
37918145
39534991
27001785
40376590
34922109
20206805
36660685
15343788
37954877
22578065
6417488
28500804
42807438
20303757
40317379
18066502
24321566
38542376
40803213
42684481
40255710
16881105
33484030
43222954
19001608
22039009
37687465
13355791
33136178
16965038
2707994
23636303
21108321
21187610
15964720
14329936
10842850
33220765
2221841
19758722
27044351
39896717
37255684
31682011
10688333
18126197
40963748
30439370
1274200
28413484
-727970
24677814
24223106
26044473
35718840
21923047
20888263
17274970
40960571
35590356
27676748
7582978
27429733
-163174
19238579
24122158
29998197
21686846
35881554
21120154
8181520
22048015
2181160
1356020
28968701
7857713
20030281
20433330
19225193
37715514
26650051
41069697
40103067
18627201
9921221
34390176
24559233
25276965
42249635
8100814
4148866
1623167
11372629
29058719
12925262
35928745
32347367
16708944
35140938
7410725
12636516
37916124
15214366
17878378
1690074
12961036
16579902
35611093
41739256
20302146
13468698
22522829
31133055
43056110
5937941
36504548
15893608
27237365
23351672
31254687
19952622
22277731
17620178
30715482
11157923
16376169
31936594
7553999
7143224
35714009
16291398
33827847
37414812
7282684
29098224
37562131
39429593
38155495
13852023
24826566
30370590
43345748
14662139
7253825
41279370
2806475
26708069
559303
20876619
10927626
23031027
34223657
29591695
32526302
598698
25013505
20880567
35933444
28093068
13070988
36802071
35964627
5941147
8761540
16780024
13914228
29170777
40235326
34411660
4351876
16380164
28341256
21901892
10850129
21562942
29276242
6751608
8738804
1062827
34064753
14300165
549999
11122288
42533084
24979834
477586
16555660
34122188
19695316
15802820
29299932
33414056
26652992
11924470
28005025
14842421
1561027
7834133
6800675
20016621
16386280
29331622
30106252
16653026
7452700
19492301
23919453
17532106
1820481
36794976
36014529
11895096
28396164
14103261
30891366
7100837
36248756
33403754
35113501
33099560
27169641
13499869
8096332
20456787
14450140
33102387
3294097
23176062
24691383
17121114
37452036
41308556
35310959
19895446
34731077
33235084
27737828
5165818
22041286
-303842
19415412
5513174
33327990
17391571
25786490
40445857
10371329
695855
13123744
1331456
31829978
37644297
1415427
30469602
34189673
8318353
5451462
37073749
21907427
12355439
3839541
3518862
34085341
32077002
36381061
21195949
7719617
39545851
18052742
18866728
5964067
3671724
16156215
30865275
6114605
18285566
43359265
19174712
-761526
29713618
19892158
10459333
28924090
16563141
28865042
24950010
6708511
33563488
8914542
19218475
25826032
35932390
31557342
32974395
15522933
21953214
28546451
20685259
5033327
34545892
6769142
17927760
26166429
33836849
6560156
3437683
43192483
22714840
32415891
30829335
40134807
-144030
28685255
10716284
36759747
27578391
30209931
4412045
27633461
22581682
2897053
16480113
6536579
4587222
34796525
36098652
5180362
1577735
4211545
27308398
38272242
11215447
33717479
27701224
42008687
42842178
19953621
3512833
31019492
20395372
16184795
8483917
12234419
6052607
14927008
43418928
25847555
25762921
18371261
29698080
16373814
35899619
21851103
20546816
27347554
9710123
24225498
30226488
32929973
28945517
35589777
42525334
13047109
31355690
34493995
3018081
39818653
42743564
3058436
1192721
15610059
13847670
41794643
16456348
32328471
34787549
2541632
21567180
6005829
13236578
33186983
28499507
14709164
20252258
11492946
38702231
12641343
13021057
32856767
17563307
-930644
42133651
24169605
17283238
9384656
15458258
14797828
39660346
34989739
12270522
19372232
17707437
40226142
1346989
38253460
33645158
30523932
7072578
14063130
9147716
13092527
12069933
15202858
12799144
27599753
24930380
20828783
-482897
22851382
42257459
6281895
27629413
11910101
7171560
15066441
16476316
19209907
41791980
32756275
31700848
38279682
23070774
12647579
29017409
37068654
35400705
4701028
16680895
9273658
34458501
8807604
17498589
225789
12334667
11572549
-799957
22746511
32017791
33077770
33139205
21693408
22543775
13023059
20991492
613863
4339297
8327298
40421881
17464245
3693373
7117870
26050943
16132884
30992983
17477092
41842016
26493506
27323564
34989231
2352126
39182492
2236499
41011510
6781718
11371891
29707478
31867937
4699050
36873053
23917206
14540676
5863082
30095611
9585488
26967076
8757224
31837954
22096066
10607185
32519815
20071588
31838354
28712755
14157628
41454993
18070525
3625106
19986011
32658464
24845980
42495184
20878364
25483972
8319212
2206801
39660214
19088982
19432484
23892860
39305299
-466667
1891854
33897744
10315068
34042893
36245320
30438925
36278214
17918083
24203393
10444332
35729141
33307930
12535667
2828633
6147235
43036749
22500687
25162963
39057556
6703277
2338033
31182036
21400332
40011427
32669970
17107109
5148431
26076121
591276
17387150
36513652
10233281
34824770
39793460
68176
29058137
37189289
17328358
-448175
10944299
21395312
33799043
37703162
8616272
34791904
20728360
29893098
3969822
22931642
27739137
16270384
25188209
36543661
10343128
2511300
42238548
25310503
43036675
20447033
26512980
40692345
37870754
6329211
14990279
22401799
32920131
41124482
16875386
41905116
39976208
11345289
14982682
40015252
24986474
13389925
26495797
39611252
11915359
18542789
24428021
999645
5065884
33511712
28134747
6988272
19389620
1637213
16475695
7169432
25097942
26514829
19162415
21504723
24609892
13535081
7254472
16421684
38693764
4652663
8721655
25457601
40964313
24238224
23932998
12318324
16569115
12458625
33924910
17017290
2577649
9724070
13521881
1825155
31953334
5868027
18759685
40797763
22041370
15548184
28811766
15954707
42479823
31769153
30724494
12940621
14189745
18156240
35978630
24614286
17930561
33167581
978381
17579869
33214890
17970812
23461335
39299552
5576704
42787805
13855410
22321959
3417907
4966473
32754894
30375678
32012446
16660728
9140492
11134628
37185043
8234357
9452708
220053
31190064
20413270
41063411
13886129
24667145
19109121
29450495
25893843
28824070
24431131
22722452
11769512
37785271
42328301
33414715
18707262
39641039
2300873
3837518
36439755
7630189
24669266
42658275
20461005
14331260
16868798
761978
19155095
35135154
3773321
29998595
18909272
33409463
27423452
13757402
11757558
28074663
12987357
22070153
9357611
19721357
20522098
10106483
39743180
-614555
37781477
18376888
12355661
8376754
33989007
6029677
31582142
5609099
24923065
5886111
43033423
31568326
15639288
16259963
35098352
42027810
35441457
2114467
31090982
16800912
10988818
19256417
4868269
3288512
14249055
14610440
32595089
37735635
30676368
21286597
7617702
2304532
20739174
31369609
18699825
5871295
28338386
13695716
7384546
-370361
10013125
36065910
25310848
-139395
12884642
2526702
31257508
1287946
32520791
33004289
32602406
42801427
-49875
12034921
37059688
31056903
10595952
20976623
30225597
21016153
17857223
23033441
-276850
40095324
10912734
29213295
6957444
33776516
4883158
37254689
31824545
20811032
16747061
30764160
27345783
12228878
2634187
31039980
16313178
12348380
1826521
-914533
38455752
14022423
36660110
5451561
25040950
41283154
40304795
22749821
29527116
900986
15732715
6980425
40687248
5217640
43104712
39534959
41952825
42828362
470658
4608742
32070832
35656288
10563823
1257604
4209248
41723768
10777343
13182632
9398747
24629568
40963822
324285
8668636
40074922
30696761
3130110
9296496
30478695
1012957
43060888
19791367
29285394
11986521
28854405
4854897
5922355
37520150
25150906
422286
9409226
23708919
37942990
671507
10720369
20809597
22890370
22765121
30099142
13768912
21974419
34450174
6305655
39362994
23410028
25320552
40869797
39820254
31107305
34686786
33387544
6285531
10051971
29427914
23836230
26342874
8894308
27634083
39276382
41407695
41625192
987329
15040597
42371068
26329970
24142528
15547682
12950154
37277719
9635000
2851992
4935892
8889405
36264042
31137208
28185126
8099362
38856751
19799926
28674864
491346
28355273
31370303
14586016
8095553
7812618
31892631
20059998
920472
13901327
28174861
26125525
3835478
24916018
23679969
29851586
3437880
10211301
41234330
35598747
23383356
23401026
5010828
42282381
22624621
20077845
1449728
21316425
18781936
25339681
19438451
10595527
6169819
10054394
36838279
36548150
-947522
21592749
17707586
34333954
4822392
34949348
14453378
7007469
22795035
34869034
38242287
17608415
36419921
-60380
12468434
13807034
9008791
27327382
34414539
16856782
9502139
14072129
43391679
10551755
14867293
10139022
729684
29688223
8542838
7432198
42646981
9021068
9952593
900211
4613896
5896830
28666841
889167
34699020
14738701
17591183
19944420
33479423
25970049
12683378
9176264
24958309
2236493
18231590
22532753
27627631
31807844
-789795
11156245
6514535
30498318
26822125
31580699
6445001
20799760
31667365
1729647
35346020
8408752
12752978
39649865
13043313
34402931
29739984
7812628
23640994
28879267
6299491
17783714
5001279
36785847
5332803
38307190
14952582
32746936
24861758
24523803
32123824
43354056
22586097
24274451
10744202
5293873
37626521
17126455
15425586
30807864
40369999
38575154
17212524
35036206
4509656
25770448
24215092
11294196
1241001
3258895
304528
33556463
25572678
701777
3704700
40234706
39257949
29913068
21517077
22355661
7598960
23056765
12624257
13730688
16132479
43304008
983116
31694150
17425554
27744892
9497739
11335194
38117661
14440274
6563772
30478778
4721094
8884103
23333422
10167331
43057020
41836813
-847769
33892804
33853571
6400617
36331891
28381479
37799518
-172287
35055706
37679693
21957330
41301888
-812310
37537914
33468193
21988077
13864423
3507992
30817005
13581529
24352971
41003721
38878604
2173145
35530679
-568468
18975098
43360060
28557757
39021914
42980523
3337738
9370763
28399415
14808014
23276935
35935384
8936688
14421114
36859397
33661389
8362319
29615697
18061258
14243742
20030980
9335130
39777039
43336955
19150825
33608946
-106718
26805416
42831386
15711879
535604
19249406
11266351
22405464
18642698
19128158
33034026
11223551
7309790
26298419
8299381
6832837
8812431
-615740
4337362
19616478
22060170
748049
25660984
37751721
31268181
35984736
41972398
26554038
3126061
5773824
23921419
1344270
2406696
23476283
18711745
10699545
27521033
27168406
35725299
4975419
18048859
18674250
22321116
20626350
4734161
7714746
10287302
3428041
4001546
10664994
6118573
9903082
-85271
17331953
5968611
17101210
30600739
38258414
31275230
163294
40647058
34278426
27219714
-268250
34866333
926559
761138
35474948
29483241
3163704
28621763
40850527
17860704
23424082
34566355
7831634
7792180
18926646
16957410
38857937
25861947
31776206
33346329
9165529
16564493
8273548
20345878
4714186
33602805
13780495
36394808
-508923
21939978
-82419
35197449
13929613
7925933
37129235
23360948
8232542
39232590
17166670
6911811
31540507
42555736
18313133
30590073
35608746
41876937
5616346
2441072
25518533
16607419
5284851
35235494
23908092
22014266
10354977
43392772
1957481
265115
5367709
29761291
15100653
34598053
4673875
29523370
11407135
34006522
34350188
27517981
42151582
41774483
26327508
19938257
35448269
40865466
30410507
42858861
12133512
5431982
31879842
26677299
40798447
11475727
39473121
32462674
15803371
33545731
11129022
736190
331329
36736196
14887431
8730054
34041051
43505648
6051570
35718060
3513155
38089646
38463015
36666258
17323117
18532044
2556068
12216505
2001681
29198679
30482521
14590168
15500954
13904165
24482971
31584025
168661
3916939
18301700
34677365
18621022
35882601
28529946
12597805
2842592
32729488
37736000
23341192
105090
32657819
1695640
29922392
18551521
31117500
901945
40209764
8431116
13613852
36235346
39267071
21576020
1831223
344114
11970795
5931943
22895668
6851653
666156
18417029
-862999
15441549
6997500
18091888
32678944
11130190
22412757
23993769
5061828
31187144
31344097
25016216
36938916
13691037
26930732
24332228
573104
7602192
30679582
30660912
10691983
39232050
41031995
33064250
8429395
-891291
-445084
3578132
27633152
6468603
39800205
33924218
7255966
20720382
32593948
5148782
1271815
6225409
6571968
16532220
29274864
9522034
5022142
23012601
5322878
21709801
9641698
7201222
20778723
32549846
22053278
31839548
10197849
33624943
7742032
28248968
28508315
26538048
37055015
36084209
13202938
9759227
620894
40522171
38307718
8205680
7804467
26696510
42056512
-435768
7046051
8575951
24634639
18324357
3595901
35171117
34847143
26902543
33685258
18069675
11134459
-474483
1989556
4590070
40646424
42154140
-145034
38227073
36707941
31318892
15509677
33346521
9230722
13448424
41645469
38605128
7014458
5549916
-550260
11229487
34687211
18271499
13618497
24462218
14215728
36826356
20444607
22545993
41882511
16954766
13485853
11740406
17699220
11322325
14367189
8282184
17828937
15446102
17275110
41261808
1118490
43051245
801525
10865470
29448509
21872070
41309176
17806193
5509249
31648175
5739213
-189527
17113818
16034239
33947980
37288009
40417254
32860931
38564007
18612799
41263250
13144323
42433493
30902051
41781285
15340932
31596542
24585765
21623347
23831436
21437258
33454711
6053345
19616329
30054511
15614502
15681683
22419930
9951059
9181278
16997646
41705061
24600479
22600742
6284185
41606670
14027053
4064413
2356885
22151302
24038285
1278368
25012373
15053726
7230249
5078811
3299055
25155064
26467646
32200238
28004719
17146010
13050107
11181394
10750771
5192755
9941887
21427317
40404694
3194982
22072205
4693046
5392578
38948831
19592579
15515302
7222623
3146375
39854759
33762616
15694648
137761
15465521
40453111
3079835
43409817
3170422
38214385
7488217
2779190
16225717
20141816
7179279
6582609
13631042
12008822
16116116
5950982
29516587
3058501
16830228
10098130
12156102
4190010
6716484
41360018
11867813
5613927
23714208
5359526
26384481
7822806
18708696
10313921
35940441
41703731
14077485
18450882
37050849
30583908
21872125
15247524
26050670
12710281
13715548
22606129
5324381
17838147
10486823
43198381
8963899
9813553
32826201
2764259
41010980
26277103
742618
1672815
2362533
26478944
21338383
22252013
4977689
35094611
16936302
23693529
7374797
2374327
15018723
40511884
32696335
43356168
11128451
32171853
5046664
19897216
41023697
17592181
15858296
12986208
28072449
38394845
26310112
9662888
25852033
9490800
14483332
11451732
16776908
36294724
19845498
153143
16378183
33905230
10102172
6602231
-11553
27794924
-347110
19971895
32792577
6549879
38111760
7704107
3127198
20829876
23873032
4799332
3905680
31080333
7722833
33764409
21826688
38389088
30844813
31652256
38353036
15037486
38641249
26162348
1689581
19498619
33884684
29678471
41426921
-400318
22581993
20920024
8718468
42748108
8954237
23250935
2977376
2212402
2175304
40337978
37848276
28850651
36614989
32785795
31310938
7014570
20736623
7574403
37882791
18442904
30942226
8993022
23399253
11118775
15137664
33494262
40104537
28898641
-290457
21706230
6895558
21269588
3291004
821860
29501850
12741740
-865502
20516208
32198536
32922182
17271841
11936276
15503241
39363967
11537607
19279697
26455879
33721392
12290762
29301154
11962573
29071274
15136111
22075733
16993240
19215642
19273781
33012655
28530853
38826673
814791
23032800
28349464
26356329
349876
24093191
21709230
2767793
10328274
1193803
20966036
29670727
42118339
19264063
18494309
38266078
43363403
34756249
20659793
41715109
35381493
8593669
4975237
8827512
31992554
18293288
5391456
24634164
23516890
12223750
25400480
29503633
7707361
23866275
2232638
29115895
28901701
19822076
23761725
8350395
1191200
43016562
15488933
12351418
42388570
5555344
43074994
5856469
19378434
31494855
35947662
3957859
29363516
10028110
41900336
27616252
19809016
26796084
6721292
10320525
11326917
26272331
25354689
39582197
32222682
37319769
36186178
13897459
40038642
5769980
32275278
23382339
21191792
13067729
13209108
43408340
15863355
4282189
38979810
38167661
42240766
34559053
43050894
1032906
3296456
21795078
8151722
3988017
8310309
29495567
24525677
14814632
11991771
16450873
34105481
35104005
40382722
4701408
7117374
21928806
37713489
8890251
37213757
39260029
39539622
30590473
22834148
30959519
28390839
3163764
42012477
36782781
33042871
10275939
33746686
5481705
2314248
38524995
7541162
27255742
6746681
22864657
29873480
8603965
37869411
35548595
17332611
36150526
7252055
258819
40035274
16610474
14057452
14174738
34427677
7542579
21332315
22662974
34582440
12997379
9907506
28736182
11915658
24222422
17196432
43175555
7530041
37095824
26257108
3116950
20963116
29265580
8482327
3848124
24302100
42983265
41795527
16777146
1116393
22618498
31966840
449645
24425278
39130863
6660506
16989682
-392216
43262418
13723636
28263309
1078028
31321852
42850931
4875050
37122381
26536387
1577513
41782334
8759801
37160931
18941021
3720260
12593185
26416419
27523515
21248834
37158763
37903483
23986384
31675338
5052594
14037841
41810943
126065
33234599
26932617
6067935
22086217
13168002
38958130
5639501
28142437
7850224
19005747
11928291
40506800
42778987
25773940
27589820
34070248
15919474
26499067
31092403
36112470
41966174
19009682
-162212
25638089
4939257
28484130
41275291
13397775
6345486
27399855
21718631
19996849
43178488
34691986
35333692
41216992
18079508
2407994
33876115
34674129
2221252
18207023
22124455
34430254
32395066
19067711
26707240
19494428
15133015
43358144
43459445
40049180
28864185
1616188
12134817
19636744
30435037
38341054
1418088
30490504
37022659
2836368
33386064
6757318
1781480
35633680
857569
2530225
38227623
27827898
39904572
40827981
42998169
9323703
31423878
24082402
40482215
31173113
21201319
34963789
42389931
2450042
43492964
964506
17515250
17597230
2677264
-499968
1930667
32032364
35669765
7183278
2455465
526288
36312249
10566153
7711203
10525488
26093752
4821133
23804388
21914760
324253
4231727
25614124
36666133
29907911
41351457
9980875
2924918
23963719
15923601
19745492
39421023
1087761
20074211
16650320
26522056
23412116
28010304
7641815
41743540
11231419
19193779
774585
28244890
5010062
29884795
31596673
42762443
30108508
43440882
4664029
41146247
34346776
36895601
25726335
17831214
33804178
-381517
9918352
7275510
20933554
15484778
36935165
12168343
37317414
907340
22717339
20484806
40805247
12264341
3643305
27876841
2573254
18837781
35245770
29629904
10546392
24165292
27325046
16762956
42005721
36075091
10217235
41265732
35633150
8438405
29577689
32822940
28322826
35795992
42806910
43534392
2854831
16568112
3320264
43451546
18382781
12056418
7886135
20804192
3806757
16745095
24526783
14005074
10316507
4924664
7024388
19572063
27345313
29837209
1800903
37710528
27453929
4155785
26750177
22502322
2989599
39184869
2071322
30888369
15651263
42555240
24841474
20101655
37309822
6858423
38323587
38981194
15763570
40952179
2458128
563678
22027845
7487339
32302650
30862027
14809744
12687262
16004141
26246666
26828833
22051351
27316198
21607031
11176280
3969763
28045768
25244349
41388778
21909624
41922822
31263634
39550581
4598825
26623061
5119283
38427318
9055082
1981360
6745405
14106859
23644150
22149792
21026892
29811676
1457873
42972225
16310944
36301724
39432330
24952879
8132338
38127174
24790459
30102604
31287853
11756765
3160511
23748654
18283045
13318612
8874111
28373451
38630628
13611764
21116666
4101665
23758938
32217634
36940060
13481738
39927031
38978344
28254156
13641277
22994815
26510889
30238407
27009426
8422904
28005242
19900365
16876086
36763836
1010981
40979966
30301578
33343331
41522315
24221468
42920119
15269457
26945434
22316765
2119003
1295057
20889154
41703787
13518830
8683306
2267940
32663420
4793472
11417084
9337594
35657835
32622428
37848660
42425671
35838311
1925701
36258949
12969691
34499329
10758832
41393422
36572676
28677753
41208765
19178107
23995325
22294978
23699218
21005385
25230129
40675917
23104042
14807751
28034097
18052726
11140451
10370815
32909597
14332366
3771855
43399082
26352012
16716622
33775441
26182761
24807634
6312403
18720861
22123878
2800211
39023049
43222103
38943781
26789786
3363802
17508774
19189643
24796452
32278688
5695906
18184029
7384983
29466450
38968474
33293309
451343
1570112
1190223
9990370
22890521
29629396
15113599
1133762
15943326
2014047
38337450
-735924
34448040
1227436
16961723
14030831
548564
28496076
32131724
1416313
26649963
31578611
25609102
33340830
15395305
5887496
6389480
26751722
12077399
30463576
24320332
38655205
1339687
20197069
9629860
3902894
29320539
37420587
38277948
43505986
