20611962
16832296
41051725
15443376
39480596
28907528
26212831
31345117
36268233
8261964
24911290
-623871
39912261
6758925
17858966
15497669
13616363
12514351
16820932
8790705
793014
13680231
11439242
24863584
18218175
12699376
27472689
30976330
21526373
25632090
14590652
39910268
31211435
36095
38637743
6131840
11228267
1645756
17956623
40752617
24887312
707892
34831814
41611471
11239605
31105677
29885481
31148766
675118
35097744
16674395
24451748
11627265
10099097
10617081
42219294
13128120
33386869
37247416
9122252
15906587
33924403
32165263
10409166
5672417
20331801
24176353
-504145
40029540
14816167
12002884
35073508
23715068
9798798
38829079
6217612
14281259
35766144
36695773
2422490
2906011
35099238
15327781
24883456
34422885
16148356
17410502
9350249
4910582
37014141
14243380
8842854
36449390
13349621
27005218
42308454
22696454
6900853
9572941
23496709
15400086
20977030
33521017
37457166
25536618
37435330
15650786
16928660
23103013
22888807
12577429
39147130
-449080
13521895
1294713
38344289
10703402
4867496
6482971
29847607
5551122
36240313
21565632
24004658
42190488
38794722
38556216
19034407
36245634
15273064
-234038
18858097
20543650
9783408
11693933
4459233
3135541
28966159
11252851
34206218
6227711
12897605
36260667
40717803
34626625
34074768
37574638
11377780
23366176
12493707
11310922
8859117
15933340
30408061
40819389
5651509
8382570
34306526
36829608
14387723
35123463
28806772
24863121
1368593
11460598
28591288
24587799
28077388
-692516
40713367
243143
42592147
43260827
16999119
29111985
26543658
-270817
4699748
4701960
32325754
2111615
25851988
14454778
41657182
27871656
17376930
19771956
8879191
7927960
34685313
38423397
396371
30595320
29359388
580015
20333075
34243633
12895498
9343057
29694467
7727678
10125023
33027490
17411977
31141831
12336706
25340663
804059
18470969
-613407
9551043
36322415
31747894
28473839
38455346
-668606
31184143
43369935
13245175
36919150
28491831
28595186
12259867
28447555
41121927
20916780
31945150
12813960
32024841
4422391
620529
6112212
11658208
38976111
22612399
42529077
19704676
27163536
8359817
32927249
613440
2239130
7201506
30217531
41573443
979514
7516119
13652242
36162959
33197508
22778008
33429951
32229119
2037863
7502719
27603268
21840374
21890278
17858262
9688137
13256583
13430590
373666
-515571
43332721
34475036
31780051
-693339
41541900
41723261
12052993
26250468
14290208
42200665
34232598
10779248
13434319
36136192
28304018
14090849
8914125
40467214
9558494
13107818
17341672
-12377
21881598
18101945
31870442
16561258
10872297
22165170
-995637
21183188
24451820
43255973
22343018
30814654
40409695
17296943
33820085
13894477
653277
36197583
32778962
42669745
5487239
14943552
13553431
23878387
37517011
3013654
14638279
4630175
6170579
15473805
19578617
18440253
9780834
27122169
26841477
18402742
15236869
29124066
30233497
30533460
13151391
27275665
24250554
17872545
2072442
7019779
35642765
18766274
4979475
4858835
5764182
32946848
35413771
27520869
6570795
14138527
8480713
4686412
32982726
30987917
23338785
21942133
10491161
35515465
37012299
32690407
19350312
22199540
11597946
37991648
21882859
38188744
13200944
41783825
41561985
41440831
34910099
40289787
41230496
841695
16599146
10160486
33229648
28892912
32904
30042597
22187266
6378861
8330728
2827202
40093848
34315768
13878190
23140619
38856081
37894628
16667593
9818789
14732264
6846007
16607607
30296446
31029280
966132
39117631
29617163
7609793
36942067
8181670
6756712
31962377
37368638
19544983
9315869
42272454
7339628
35648152
32805240
36788458
22449087
35581985
4714706
26180568
25516068
42782875
42493133
17503349
35408895
2450467
10743415
28694277
7688615
38917997
39725954
43042565
37082485
29946344
16259741
40180617
33430544
33216889
41655199
33496114
5745215
24999163
18744679
3418693
3370207
14016608
18065257
13029153
26444670
5075680
18221042
40405704
30530551
10128194
20906145
21499730
29692062
36842685
36902406
35343076
28674455
1098073
11988579
22112865
18424645
11206061
5719834
20325484
26086540
29765805
6826012
22451880
7357215
9906144
2572279
40209712
40728202
7744901
37293468
35628000
32320211
17824313
10979177
9732082
19049686
25606799
7471119
22775052
36575125
43102732
29382131
7490805
31316911
8263312
31225604
33210239
32548493
37274441
-826209
29365144
8772507
9164006
4399591
12908271
37219433
36755663
24721872
37294954
32663563
15330069
37657405
13851388
24381092
5953611
29425159
38303202
42673157
19887724
36256340
35714244
11444300
10603994
2819856
17784414
20342177
35757327
170721
43285158
25197791
22885469
23277704
43190682
38975647
41056711
10012750
19167298
3069007
27357339
18344013
12396113
23860011
32796122
37975254
33482590
33256319
36464507
21204538
28304287
31915594
7301907
13103315
37709944
20441321
2735186
7173541
33901880
30877100
6792139
23903678
31308758
35226837
34749648
14455524
36801613
30979252
8392830
2929007
28850379
13618621
26955698
7171025
12973673
20296660
14505148
13833283
73220
114108
38810555
33082708
-400533
35146440
14719456
32333142
982830
20726352
1016676
38147301
22078754
20868170
22038742
30489667
13518098
40870644
10286448
29503481
5832620
6325622
18321410
30415628
7380133
29617346
30744106
15008989
13418852
38560168
43183929
17036651
28643791
5289573
37723143
3141005
38422485
6943002
23568747
13629542
15343639
18069737
7188354
16906862
22983372
39135513
36360228
5767739
40449572
34108857
30485300
13381610
12712615
14648170
26040179
24845508
34865194
29045408
36063009
4594230
31512306
32283981
14553519
13091920
1682692
2145354
27068994
26111896
32327206
43399334
29065532
5446567
4501666
42373968
41786430
17829119
-398027
24982490
37931675
26542797
4653180
19561933
19458728
11103153
37081550
41184457
17183541
13841948
23096202
16651831
40017004
39194568
2524993
10950169
35418131
19907866
6301155
35879760
20990922
15301813
26815730
30033839
23172384
20775125
16743224
7360795
31715387
5662179
8807132
39176790
26464249
21469686
5185882
14958102
25662986
7595818
37910349
21445917
-994449
8440782
16654055
31562423
246771
4912432
31181236
14560413
18291212
39036557
23294799
36133581
8167187
7995860
5035671
1583407
37528457
9128706
421923
35258163
42074417
22661925
6868374
9221726
29837145
37849378
39340627
28746056
35547756
29182679
25179103
38746143
-789346
18432547
40991769
8874405
26348676
28899721
30494465
11466819
31959630
20395179
14999011
-429980
32294131
14731279
37809976
15343221
33809722
36677082
31956786
1666103
2961320
10259394
28621494
19116748
10017426
38519667
41948224
-158554
16340629
-73310
27695637
18170415
5928928
18585830
29193058
37595451
20826417
29882676
15516068
40496967
29117737
5019226
35407973
2140832
10471548
13968444
41693156
41860096
15330352
21970304
39758465
40911025
2681849
8643477
19266074
28585215
3389843
43193475
1166372
23251675
34182067
4901655
11939689
32962662
24246849
8384417
34201659
25617999
20408063
36760470
32727640
218673
9277934
28878239
40955571
17944581
21319282
10791210
16791257
32704169
27197083
16384458
18439112
6810423
2163632
23433099
1067303
42883919
42479610
29803938
40541942
21382155
19334797
15040260
42566420
-840541
20790349
4656356
32565732
39100631
38919525
16318842
36099248
24230411
20217702
29814090
-796435
17499053
17546624
-149693
15096082
19985369
20247184
41794475
39776399
24747037
9460799
9303512
18074092
2529254
42865226
27061563
-542219
42716696
29314116
29652946
42322283
-767798
10779288
20337380
28705197
41349277
42813653
28943827
6049547
35445754
11184281
21240363
6619505
20212276
33006741
15288433
7946190
6795381
27130415
16165778
7324169
36304570
33922866
3388311
7108934
19859428
8312198
8681150
9645036
20276967
27011910
29638859
26473629
38697919
14496195
14633103
1194073
42002350
34141455
38362413
34543211
30661646
13303543
114467
14971537
25308071
39063161
24806777
23132809
41977046
6507977
20237085
8688359
17638503
6240158
32246567
32303966
35182857
6119961
37948733
32450477
30255536
28323905
26745274
39860310
36997059
40693669
26819591
8174065
29042345
27128544
40380553
4179048
27674164
4145021
26090856
8710500
13282036
40824710
31435571
37733232
4207424
32168860
17478424
30797559
4910962
24550898
20508850
38460587
39420789
29550363
38348486
12370188
39645499
42702851
34397302
21545165
19215006
25664442
19353675
28616156
15982280
41036923
25080673
37533759
21399387
8120407
19681329
5451441
-614774
27142709
40045756
27026930
36325071
17080379
16909497
5022289
31532066
23800554
43519369
42952291
25907498
36518240
5359841
7957815
2232344
40800009
25761703
21417727
27282344
31619522
36634068
31819251
4121366
19589156
2839672
-139464
1402039
37349353
18050811
32028416
39644363
5089150
31957586
25788113
4254005
28969843
14661465
24464998
24003627
31892228
29643480
39749295
3469752
13700663
5098638
11718782
30144861
18387540
2734316
12354236
13487360
26883968
5112763
42310716
22639386
35009787
14256418
40753870
32274356
4689430
27437220
1334353
3455795
12810273
40216574
23948815
30989486
27400829
43134649
15958994
22829428
32262287
-534235
1847316
25854165
14238718
34740920
39239808
23225220
18740182
42393323
37372408
11227183
5938015
11222648
2836126
31022287
356260
41193239
373843
-965575
36274465
34524506
25400034
6873622
2619078
25384071
33361439
9323540
34028140
43347015
653587
19819296
23596184
1718640
18245542
32971286
39146747
7242590
18262997
14807489
9364727
39306298
26182552
22066598
20126392
39536906
32156582
3384473
34264256
20184257
41702816
16342394
12658728
5382795
42697772
-897118
1644397
35800788
21569100
12973819
33101045
13054771
29355351
15312166
9904585
30825348
24902330
41431475
2869930
29803471
36051037
38345724
34135108
35867879
6060980
43063584
37224160
37772766
25042320
1085563
19734722
38357288
-722238
2323335
40553301
19455287
12971459
6429970
6965519
22007492
42882414
14665240
23552755
26163165
5268267
4965606
34572060
32781500
10967422
4720039
25764601
24673521
34008269
39641137
35114873
8750590
20281608
3122738
40822838
18042785
4900998
15485854
19640827
5545359
12420421
5179570
3680425
5900225
21253695
26421283
13577764
32914138
10783089
18175817
16187661
4952724
25026559
-630125
12169434
9445866
15410282
34212921
31916510
31908025
12768742
42328645
22036610
22405146
15614804
12221068
34013361
6523573
38670832
533505
18566417
15300008
12229560
27742170
15716227
41635456
27800508
27300045
5892312
12148156
38727967
5805695
3684684
31556239
35328784
37528199
4328814
35426464
21021972
4312230
33460918
-302373
8007026
34653167
28734051
12265662
26820372
9220589
23689434
27931093
42555994
24332113
5664039
28714471
18258989
4560634
16171556
23132210
24695690
1054426
17812932
7148822
33201063
4893753
8898655
12414274
27185245
2449090
23985195
7638945
854733
27717084
13866087
36535771
253037
17789313
8581007
6685924
18000288
35019606
16001031
9956610
12374688
27846654
14715269
30891627
41743489
25470661
28007025
12194931
14865464
3367490
32588142
3104015
31636755
4783874
20848370
29714216
40837237
30053241
38957372
891549
4033154
4740897
26503886
32927272
20402364
30686113
36429193
29568384
6687874
4579635
-194669
11078017
32580354
13402705
28314164
18060223
31709350
39007593
17727531
40204868
20158250
6756655
21074749
42687264
37332075
19206720
12988677
40836781
9455940
35742014
26968659
11937469
19810493
41561469
1860693
20973630
19979367
21441448
19870322
18809486
5199406
11396611
-973656
7226161
34364632
42144857
19447291
20840396
24993344
31483768
28706428
-526754
32065322
9720683
23018226
18156051
9810016
11183593
6416979
30538046
6267499
12498779
7653131
933501
34104800
25734085
6460187
4677961
33077576
32258391
34201953
30916437
18298839
4194726
12350195
1744426
2999541
-539543
9409800
27864552
9628320
27756969
9774264
35016893
12845125
26057579
339151
34016949
779963
27256227
12228821
23890673
9097213
16899661
42824305
40025100
42882032
14532351
19852350
40940049
8955264
5058443
14847086
15967208
42430051
36830824
4442127
8460328
37419690
41024139
21096773
586161
36039492
22441041
6471601
18393209
15142704
22783615
29831188
24632293
24939943
38574656
38456723
41371550
33107570
34660539
26607774
22770711
29857270
39165059
15993940
35357263
6470419
29384225
39883832
31028089
42492210
38809971
38149787
653697
4788269
21339686
18371433
27354964
36737949
12778510
20039927
41095932
15608515
21482457
29135320
3987733
22501930
12142451
18379556
4788417
43102557
42413778
24999239
10918488
3828474
14890387
16241685
36539073
35447747
32390195
5624904
15365698
363669
-827926
30877867
13439364
27836799
12242640
9443325
41599389
20874650
1599627
1425909
39517808
31078364
26323680
42801978
31232129
9900727
38514332
1794030
2166753
1762590
8733219
6060112
43098176
30551322
35375566
35521137
41826970
-619982
18317647
8231928
38740036
22420469
43197067
24092995
39630595
34753483
15736134
38812909
28404802
40075021
41321973
9949337
3221876
25450269
8557237
30751076
29800574
23977082
3221353
12740095
13922287
8262848
9275825
27216294
36925435
24064572
21201529
29068551
22107093
13112220
16711593
40481267
2589303
4195488
24626034
5618387
13054016
29386811
6231977
20866429
3243417
40115662
6357974
-50712
31093175
28337881
23738143
17569033
5993632
39803241
11747457
34123892
6871128
11460482
38276677
24012654
34759733
31701864
41036994
16187924
13742980
27826385
16256033
8898437
34717831
31846927
21958247
25070043
27301002
32869913
28340883
33014595
36382005
16647503
9699273
16797328
6040788
38043708
14273617
19813902
15841119
30431011
11211910
9515224
39230371
8371566
12457936
38213334
19668647
33822412
28034266
8667910
160590
20876556
4747614
13832679
6727160
519533
20890270
35120941
22291406
33243147
16015764
27294262
6518422
39012771
7278158
31977370
2229066
11080400
27512272
24736248
20266268
32414222
29753404
13541179
32287449
176438
41035546
27536535
36477525
34811735
9913418
26779435
15243284
43213348
48874
3890299
34402361
14204882
19577117
10793905
10337385
36736170
25221207
4979264
23028850
20196664
21420417
42732094
26745566
17769543
40058854
8971145
2451696
25921591
17562544
21215702
626231
16832271
23712857
41920796
19725977
8279240
32639205
4807795
7446579
18959117
12523452
38685202
39016081
8390661
28269817
38275605
6446078
10351228
3849820
26030405
23418679
35949517
43102733
17713229
9575195
10837353
26152257
2179293
28448379
20010788
2831577
21099084
38216605
39153781
32788824
6118749
6635311
14992710
13235335
14224427
38485527
13467602
19161620
24252442
21357588
41612510
1110639
23502576
13208830
2359255
1865562
6130214
9544785
34629997
42394775
35341121
8486238
32105748
21081424
41462994
6037443
37329829
34179485
14521407
34382982
14339622
19955595
32546807
18032162
38101340
13764635
20060063
29812817
34771089
-883204
19827321
13362438
21595950
18568236
6077747
32710875
19077028
16033060
37241171
29041971
16153620
27828811
40355040
25641905
43517825
35921026
43198506
21389992
-735615
6838191
16166408
10747024
13172315
9757780
13649833
38562406
31888452
8485052
35534067
14879621
29091803
16669657
16895755
14764497
31134537
885013
24455784
35254066
43470417
3478511
13972138
9277698
41602079
36650307
16098065
10409362
13242408
13868238
39640481
6501136
163306
23434344
11357656
42561470
42861291
35373090
2085814
19851926
35181277
13736955
3675745
30014856
25363410
14768373
40885441
17684936
10730949
3320239
31399696
11886287
29400188
20729634
13600962
10570108
30350747
14432919
18213364
20045017
27084745
33061876
38017968
34409312
27294927
3473990
26292420
21061882
6735179
-318428
9126894
35997767
32448119
26820155
30394328
13201693
18977706
19226536
34431156
37280676
35509031
19936699
25563154
1367329
40682000
13860395
34337542
29540759
29014981
13724953
15947158
38574425
22862998
33266535
7881633
15825732
14505975
36825239
5808512
31705352
3989335
5848925
27927815
40354010
3248638
31133
24955228
13324669
21048105
39373873
3299508
13349564
35233800
26891997
14362488
21815869
27630409
884863
40661844
20842403
16742706
9101286
27178023
23569762
11361036
42863987
41217461
31990784
7895612
14111138
27644236
37263743
30143255
15460379
40163239
1757385
6540528
32072676
37770409
39656274
18881044
11330633
34765547
5514864
7221459
20320912
32258059
36991385
35835680
19951212
16356312
31862443
36114957
15730881
11446433
26247022
29362223
42456238
18278814
18139657
1711421
34533320
27465839
32776761
6467342
28144693
32744740
3523696
36937439
31827137
32069452
21033729
26749257
11271582
9478057
26841349
17737430
26347384
39225924
24214642
14952022
22494990
10878631
13169521
29744858
16467540
6673622
33852297
32509641
5476262
-662355
14910411
40947593
10802064
18970548
9960969
14474525
7768184
35204712
12347378
29710147
18834490
5898626
6680191
9930549
17270751
18448272
28641704
6848272
41557603
27492367
38266129
36049382
13498484
12578875
19729154
7161228
446468
31972550
7011524
19279297
8267226
31055099
17054230
13604150
22641259
-416591
29442238
19070149
33475553
4768846
36932836
35410504
39969386
36219290
35425439
35054137
13944083
32876077
32261752
31503772
4186307
37066997
12912925
28337624
42503709
33347219
39506161
14817025
1187608
-109289
6976745
26479162
27290437
42180604
2596893
24850356
-131856
24712914
30033923
15041120
19123755
25032237
5967331
13802656
13844878
32144042
478054
-523342
9194796
37284629
33028206
16641756
15067827
26671983
1817164
24834690
43337317
25255075
35190299
42138472
15779584
8396629
28535230
33748174
19402437
25321383
499217
7061230
43422684
13925638
28930770
20141602
8488746
3158242
20092810
16246982
12920976
33234113
5018334
3365523
11480771
29656465
6765282
29384321
25010199
31047350
23506239
36018601
41178727
1359916
42207564
11232864
30996691
22169727
3194490
15228145
28210159
15346822
22288254
19165095
8762167
33471885
23933634
11500329
5376011
43441559
18535338
25276025
31078265
14818761
24214117
29224164
26163945
15582517
10803650
894217
9036961
22488053
7010442
40797676
13591055
12854229
41958199
38591752
2377427
1152839
17013290
24311128
40733926
22708018
28643679
1559613
20507953
18714528
14903532
31209072
12756706
6670891
29194162
14035026
15510729
29329185
36239312
18298552
4372282
26263619
37890194
34382371
9895108
38190757
27398134
38562927
33396041
33343013
32109950
19514158
7171791
3326018
9558168
5405831
11596915
13758148
36637171
22742023
39354002
33668456
23427257
468426
12788040
3697431
40200900
35119793
13515251
38444982
17356938
23543677
5436945
18980010
37418359
30797054
34859193
14443538
28222179
31807454
-38192
26217803
25907701
16866186
15733293
37745223
38235642
36672728
30963557
3699123
12056839
2953594
11006667
36488085
39830099
30753503
27407123
26766435
39500676
37801403
24348306
27235802
2595337
32758346
23836357
18620681
19661059
1106966
32715927
24439496
19960355
40287698
20905010
15678668
19251939
9287342
25704249
30305099
16138918
32434444
10867021
10222969
29703106
18670679
39508592
9737407
29444881
12324097
38941905
43027966
17876924
17892886
29886840
34430725
22704173
28767274
9715145
4405689
34081691
6911156
36523937
36631373
23519718
4897792
33523302
-497065
24551578
35759391
30709561
38673030
15010983
12753683
14379404
3235421
30483439
3547743
14288129
9466028
5232786
21976704
1058299
24551318
6801313
27416127
11075527
-244545
1066503
11010530
29787834
3322758
13378064
694294
17306627
39865156
21600755
16496535
11588022
33726897
40453044
39097980
20869135
42432029
22608516
16033886
7985239
28768853
29490107
22208615
24436848
5959002
1114959
22937886
35964812
22919186
17260144
29831254
534075
27389723
27461806
26466492
32152397
39479722
22129743
10524566
11960244
25264268
3156110
5378203
6995138
13013514
13098417
16310974
39166153
32701056
27161703
24380206
1610749
13219220
26034232
17516644
33742725
33405693
7074836
21635564
20756521
18961924
31971895
32931304
28678157
10545188
26519287
9726607
36883679
26811329
35427488
35668273
7400852
27480681
579903
41064708
19509859
21296577
14920458
2725700
26985936
7544633
35761303
27929136
37282317
-78529
34734537
37996427
12224519
29737254
1961010
3661989
39149872
13855215
39344732
3730215
1061039
8380930
2016458
26630115
22701718
33452042
41879378
16773146
11008143
40312624
30598699
-143890
25513604
21239963
20934861
10522416
16012418
37829258
39154191
3186145
30686542
13859171
35979241
14172187
40239439
27621990
7080138
4176240
4042527
36020540
13976358
36790998
17014267
2612896
36204162
13126076
11281115
13059418
35753742
23000728
19771424
42117227
21767460
3070475
4968561
8253302
20424884
11933253
16849559
33353173
20535660
24722210
39194773
9706202
21403135
14316453
14989073
37450598
40089478
39014540
1372676
13119196
33493278
12077908
38003838
42461746
41604672
6846712
21343633
32138082
38829074
461043
27587686
38261202
5343302
37840527
15681780
26733299
5109955
4482311
8524457
-15753
24964550
13176128
-607225
436139
25062387
24630172
39272076
19225758
5648870
28087495
989030
28227349
38867905
16102961
27688605
17767344
24538816
2699368
3519705
21440661
29331149
42514245
40219482
22052248
12944330
9784949
-849594
624370
14958877
34523105
38354364
29375835
37696222
4065110
15965919
11421964
25636947
35824327
12944458
19908622
21285092
7320399
8551971
-825017
12173152
17551429
3086576
16887487
12602812
33292859
22069877
42308988
2010994
2498839
19718550
39798540
483374
26356230
6354071
30403290
30892097
34432434
34784791
36779826
21638930
33177178
3324868
13102568
25706257
31334639
22140330
16517580
5085516
15420544
14736193
31578136
30875268
8281260
14930217
17154265
39216089
14053819
32268434
23280775
30519999
21844913
15255172
14857099
30439044
37273446
29976120
17598160
29682586
16984915
43503955
24246585
12014970
41073606
28597941
6024534
6866852
389044
32905920
-251955
23288083
36771346
19186771
17459366
4032506
7598873
2331274
22393848
-580066
11145684
4137148
11695670
1251636
26295979
50246
6855060
623724
8149855
16058272
30054172
34046319
23884603
-292611
3831388
20608673
24247846
7152452
16199615
21366746
1623423
34653322
27444068
23034794
25374670
9705648
36966888
28597563
13808174
26607012
715932
41909687
27578779
-416206
13208243
25574460
43445793
9835453
1749194
6496183
16688248
-375973
12832093
2830132
29224876
33429469
30895743
29620139
37272672
19003354
34886227
43498488
24781185
29246964
10750394
-197289
31982685
30300409
28906454
20785204
33848466
41299853
31254803
14279733
2807241
7172065
16709221
12057196
13610132
13326490
26899295
22434283
89162
11499920
37034029
41678389
16063960
28500368
5369168
9502374
30964676
35593872
22336885
38093286
18302596
8016389
14893269
4030963
23766006
11494436
7674531
27217329
10122479
7764151
4871183
11293376
2185285
20191721
11408845
39159412
-424723
684083
31917918
42732586
4479252
34618951
8115441
7663519
29784290
4369012
42403150
35008750
43403226
33746663
11579880
11332941
36992458
7857886
43157303
17717825
36917767
40005216
30755136
42643471
15917906
16095047
25478373
110232
32333625
27833221
17339881
13852659
8850541
29614421
36596952
33070073
23705228
2115570
21025465
22025942
9088771
42845000
30933968
2165946
13672491
26905249
7893492
23243136
42500314
4141057
39560948
27361841
43065244
20490397
23993721
14972525
36800265
15308787
33477987
13742726
11518457
3083358
7486193
32525107
-753201
21266281
35112188
34585124
14751291
32872030
2062315
36338930
31236641
5644627
41415183
25544859
24218332
31616380
30213746
34724096
33525654
8790285
27599320
-884868
13715959
20964529
28668577
34015102
37233720
26579597
24975357
7931692
2026656
28029819
28826168
4656593
37590856
29812480
7618971
3472690
705366
31561656
16108569
128042
30522270
29155132
41983321
35226854
5715460
2910069
37908011
6726838
40786314
27150849
10817087
18881788
23890034
18933293
23683885
39478994
21617373
29803579
18084680
2103249
17818219
4472103
25320122
7785469
19455408
38394623
41297321
32399048
8207207
25622705
35672415
164449
15625599
32181151
14078760
30241328
1328197
15929591
18715252
-331095
36720193
15900500
1507044
26376751
14895994
41002537
22818536
9152551
23217619
31911982
22018859
29483951
4881054
14254711
40782325
22208105
3293101
26456789
4648928
35084573
36726525
40972911
7045522
907009
27384164
41897281
18637085
11432168
12388396
12064771
38118075
25753835
21450139
9579183
41173636
16077943
41530407
24003403
40506917
3154725
35491235
26278226
2631525
37982782
42484337
13366985
35781057
13173428
36530561
29157047
40447725
41433074
42376312
17201944
41436334
9486321
775012
41731289
1283043
12565916
23632820
17470835
13692749
25318023
24107943
5910993
10989258
11599132
307023
923519
41820702
10815215
2901599
2571916
10213694
10366734
25033620
14226977
9819354
34251994
15334763
-761726
37707444
23550652
14401794
41292608
30443441
14587493
41275757
9283514
39997792
2433579
25583255
13860405
31005182
2125784
42788895
12541253
38832270
2011912
34991206
27920817
16187539
32307649
20624885
38279817
18940801
13741045
4535112
11808828
12078944
25384684
41205935
30206366
-803586
13370536
27110870
42354349
25543348
5951625
8779732
2980192
33933364
2871907
38985097
2407074
10144019
359329
27166210
38059806
21128932
7362342
10656826
10387401
17568173
25086292
5314989
22890251
29864049
-144964
9109343
19211785
19341165
15933418
38000530
18166975
28671774
18117350
26634156
-478978
-376325
2310113
33839917
42064169
14177338
13784513
31955368
24528092
28604557
28572727
23280140
15661111
43512698
27483666
41101136
27642529
31928889
34993673
664552
32720590
26987393
40094370
18713103
35634611
19979869
5194488
20635126
22370140
20507555
23014205
628521
22302751
33794521
13767389
12596578
18992803
22885272
18978295
37207822
32273394
16888549
42955713
5223033
13953765
25524330
27442519
1131606
8717396
34452035
11356902
34913254
15364655
36115319
39401835
27902447
-804441
41151861
15150679
24233778
963670
13393222
42796055
23938269
30739113
42094119
37707514
-167290
6483813
4340936
15929254
32023247
41112696
39914757
34294606
30205946
18992559
2484826
3717598
17468981
4837985
43352335
5082024
40011090
40625187
20429858
30126169
9192423
26391604
42281344
11980144
12260904
30692122
39543393
5368854
36178556
32958321
25308203
31739685
20957790
21302368
35546140
26357411
24266048
42173289
21976749
38861674
-77171
5543279
12458729
2279127
5994021
21588588
15342215
34904061
4509606
6662654
298089
21735643
38422602
8640771
27249946
3433885
17172862
12466908
32585419
34130189
41229692
7692774
22817598
21648869
32870050
41456603
27414976
14574043
201353
12164961
33829312
10495867
14113833
18491199
3220789
37768903
28302747
35711083
18285745
8327537
7891056
28047850
21053332
4244815
36155846
40840153
17613725
23995364
36634277
15581032
25123400
3620066
42594835
16162939
34801246
12529697
6300257
42248467
26290960
10431521
13033286
-968323
17894273
9035663
34528033
28782115
25563713
22231335
11679068
2256551
-566827
5139732
5880511
41234353
42852511
13387817
22189249
6763588
17126630
23006820
26528902
1364931
23536955
24696887
7709519
14971223
35720941
22382179
24050538
1807222
27129138
42677758
32512162
38678577
40633074
11057112
10535080
41994846
21049117
24609961
3630949
7929193
5109596
26370022
14134826
13057494
25519673
37854954
16631849
42972471
8646863
22893714
2773696
13247555
11219745
22554208
32264144
27612294
16750041
37365407
40958440
10501017
17014847
35080754
21641850
12474262
43333370
29673389
7037296
5172595
15035947
19991949
40192046
36616223
5238711
3669719
32711358
22825774
38516264
41857845
4990670
23816018
18556081
36039044
21848270
17946722
14558201
10434019
48570
11584602
36179980
9169732
30096764
41568827
16555385
27390628
2386539
22415262
4875079
42222661
28656962
1050067
3702104
30335816
34869642
4149589
5144776
8380486
32075592
19857673
27037301
-243901
40364474
22388414
18401372
23758173
22012726
10782600
7371855
10046739
25032572
8128223
36523938
15292626
6110524
3763921
28913844
16907070
17557069
42450449
41970271
5209536
21037812
2029281
38217998
32868515
2978700
20719050
18386298
898644
39167410
1235674
41201135
42281705
12904518
19363185
1605601
15162456
28325940
17630950
16642500
28088790
15570324
39411303
26234823
36577698
5922397
42513033
5890625
27255901
24114301
20317456
5071097
25703741
19319688
29287240
39962043
18969168
28466615
39287199
20671657
-111246
366455
1336206
28368163
14832930
29818272
27979520
24701060
19951888
37685682
11248525
19125129
34049173
32201533
2441330
27784993
22890703
32438175
-388316
42130773
27633067
41195061
27703760
17598100
36986762
36085684
7358478
38311327
29351536
25661487
3543817
31421796
15042650
28684025
12666343
40262613
36505951
18641678
39140049
41793534
28713059
753769
2282925
2481025
24601740
32164629
37770512
12443120
39133283
17617196
39163271
39471310
30563211
41980575
30930632
36369173
13215341
36572576
1728935
34427516
2404719
29306594
31307033
33184873
8339754
26664906
7187512
30735867
2101180
9609194
37156322
9999617
520405
36272283
15482488
4506274
8328792
11711923
33789997
38468314
341697
28720465
14906215
15507592
40954973
40538544
24253408
6661200
7036332
32698354
38009440
8017063
820187
19447521
17681241
7898388
31972707
28476437
29505659
8617239
30459936
21527038
37977618
7500572
10916610
3225380
2289958
6873019
1487899
33982079
2759371
8498190
27992360
33883772
401375
27414653
30528825
36300406
9287023
37037569
41372466
24546715
17464812
31286576
6378003
3732475
31806242
40548487
12475069
12532699
3099681
20368006
27361440
19679017
5175013
1014674
22309481
28299589
29409077
9221479
33193655
3259166
23859239
9971603
8476438
35986053
33989380
31889790
22936915
29950179
27064247
5956440
2342481
37435731
14834612
6070632
38488993
13985545
18589224
10715210
35756272
25189338
17803540
22932430
39924215
26950541
13277416
28966741
26916595
223831
21514464
-82588
-957157
33878024
17330460
14883409
14488979
37548039
38460022
40913185
42756814
11072883
38521881
7232844
28508272
4372557
15430852
17604872
29105208
23985729
37147056
6214675
15498106
10958250
10349069
21558205
37174007
33851755
9338692
2977581
31877136
15752420
2499982
36499323
21844462
29621034
23730083
3217975
2626604
21016871
27065084
14852647
37001360
110277
11335672
316636
23701741
27294406
37991569
28213756
27671161
41464316
8310223
3912324
27609126
22630282
27934441
3232501
39909177
20164526
34499666
43150679
34011313
28283022
26753737
12728488
20337312
32761401
14532155
6441742
11925895
15664318
8024139
28483294
9670607
23656108
27189120
8571531
38701053
3751588
38990217
28550293
4286750
16699906
6845281
11642967
13849119
16507400
3880533
10688126
16898096
19467741
41438549
11772492
24118843
22533165
26820935
13525684
37447219
9268972
33943675
30750259
26643
16828119
36620497
26234795
36549315
31565178
24373738
41003766
3883368
1108249
993366
3791159
20670514
29881336
18222086
36204121
27946051
25184526
7105645
25976504
9332080
26718519
40901766
35028448
38181432
33484209
29288306
15151209
15982136
6935644
24251046
36155253
14755332
18244913
42941476
12904184
13904987
10453743
38471701
23123529
28334736
39661341
25511198
40839896
-935894
42392905
40649572
618282
42868609
32059755
28884302
14288421
25764055
4863869
35406908
26995214
975059
38621716
14426184
29464501
36100806
42739463
28866004
14118271
7220281
16283210
5503505
40427748
41805647
18682564
10804082
16816180
1497833
39555903
14521319
24087880
42567769
35264095
131780
9785677
35277160
40287861
4243527
32277041
41388781
6637709
27322757
21227395
35708372
12342918
35202181
43049011
23755610
9907812
13340259
2565008
4625694
37589688
34332989
2526530
31801489
-631113
20238347
35422745
21228353
16510008
38042724
1142518
6653687
22394123
35821415
35129269
3930253
133023
36049342
28990928
23388396
15322294
35127749
39966479
38756564
-172629
8455268
39181323
4105880
39769567
15645745
11240893
13794285
34972382
19386865
27398402
5113483
37193394
32829118
12987566
20774723
1888667
22049979
1597676
40414955
-689448
25980969
26903411
12339520
17257494
7867706
254780
9679487
4354943
21710847
27122319
5683708
27454947
24597437
18493247
31479157
27214581
27799452
2681010
43164427
34815932
25790692
19671925
33381596
15181070
40226861
38488727
40573864
2449805
43432574
100944
33799486
27807962
28130061
3508836
32348026
14368721
2189803
37493130
42586331
11108563
19072685
22008934
24687342
43252677
38052227
14865901
37278232
18860219
42873259
27273697
24803122
6962002
40507098
7711262
25565926
34202408
32120195
-677355
538820
-697010
25509614
38430566
12040563
3602899
622944
20783564
24954576
21213714
9086401
14886257
14032888
26864726
41029647
40020433
25729805
-475241
6568280
24524829
20996737
20046641
13784386
21411056
27275069
26469810
13894320
37375824
28255120
4061198
22435621
30965980
17529632
6657407
9224394
41474625
41222745
35970724
6133481
29397628
6267180
12712119
9949074
17362973
37904354
4601685
28608456
6366910
38067596
34398896
17438962
37764039
7885714
36769773
9549127
-184839
38404645
36038546
1843731
22034745
40631977
38792150
25290768
-544114
33127868
19063797
-588272
20977692
9562737
39619989
42429920
33540244
18789008
22511408
2278582
7188580
8940494
31528573
15593943
25141215
18683637
1223842
94281
14125197
2241411
14093366
37560614
38035190
20426141
16072056
5492631
26874693
33758082
6547425
-332380
7400323
16278415
5993995
42386916
34683978
15521860
32008702
40050866
41581155
37283001
7703330
24018524
8089478
30864436
9094497
8330861
916303
15222919
39972537
20054664
2149096
7918786
8408142
10717747
25541022
41211896
40883972
8291323
7963994
3701287
6366559
19708118
36516060
27490130
35553971
11408378
31757449
9142259
25303120
22097944
29714771
29352518
41960339
25304661
9727601
22255199
7287238
37942486
26445880
33492507
1139889
39096847
23523006
24862698
-534321
-286340
37483686
12792480
15585788
32392575
25596609
38816699
41646247
16585607
30107475
38064882
13807485
21867371
1862260
23200447
17409735
18106442
3316459
34333316
31418080
18552849
1473762
6920726
26822127
40630813
19586430
43070182
22341919
26218391
13016183
23858620
11700718
2091071
8966912
13943198
39154701
11089970
37614274
19353758
19991294
10851647
43075615
35182795
5076492
23591248
35849293
28145258
14617605
40625715
24160413
1732709
28577364
12539706
42550858
-999418
12574225
1428322
13687942
1301410
30262533
42055302
42720546
35265408
17642753
-605898
37150055
19680152
5648528
22936994
33909687
8890512
9286012
30557146
33610916
26678263
4114265
40095659
36959539
3782175
11190153
38789494
3647789
12590399
26329392
21869929
7073570
40368454
4680410
21973969
29114268
20014628
29670309
32853218
2043059
33884049
36237280
42854412
42997829
29976824
17299408
27975979
16035002
7194678
24825980
31430227
25138260
19286037
36134087
760299
19985242
28825438
13135478
37826700
38688551
28190957
38321401
15805064
631866
37430400
6102245
19063877
5691520
18263587
4866441
4850132
26215149
12550304
25386469
18293299
27757071
-915619
36001775
31141266
19481283
30823939
1328467
29164507
12139069
35361762
27275451
23134889
5308199
9290645
33541846
16302903
15270209
13585180
4625928
32428637
5696666
43263705
10460653
29099540
5353240
6960815
3465286
17992702
23539907
6017698
25850248
20334208
38698564
13586488
29062128
37432727
23018899
1135177
27035263
18693157
31685897
32312569
11286584
14711084
35729649
26514353
16188093
19989711
21424319
40790339
29250332
25795758
10268920
2123519
31289588
3762104
41296771
21220532
12272546
40145750
28190052
42999220
33767893
4723593
9096075
42076116
28562189
12092072
32519172
14848226
11175116
8752667
26084389
39007682
42122847
13882052
11989929
3667412
15298769
28052406
30696020
29342786
9231888
30312199
1020465
43021013
15793668
23701858
24940144
41005487
25166394
5442178
8769648
25255794
43290087
24231443
7982455
10337713
11437952
35675945
12386333
29796550
51420
25551161
15947102
42641881
11066920
9499919
22161485
16586730
39663111
10836847
27355026
29868859
5086752
12973755
38519084
9511127
4860497
36334747
19577029
10294006
6532701
3616818
34537009
11154179
3089281
4839069
33311504
20963927
31861438
14126343
31109087
39826115
10680223
24949843
5332168
12702999
27802453
33344298
33766940
37929842
12468519
30982881
42773035
7637199
24984673
796806
25454840
33403792
26743862
10251031
37430372
40021464
10466081
42010359
6821385
170762
30103277
4821300
824132
6892431
36510315
39117197
35601805
10315654
41260861
39508586
8594607
35561082
35542268
20872249
42961801
30158516
2263423
24566663
34474291
27781385
13370413
10841917
24576103
9313775
40912842
18291558
14234466
1208609
6627836
-322111
29835309
15143195
27696791
14385947
42154607
23296843
10704541
1902091
29685689
26655966
25738801
8782994
38437691
19982852
18048195
40502681
19522713
15770750
5600511
4222908
18732093
38839854
42535147
26327382
21300438
22613279
40365415
30970320
30463174
6724550
1508688
24348294
27135219
18093004
17823236
1720954
-659546
26663862
28386937
31190995
2757837
34021265
34755031
34197649
2770670
35743625
11345824
15573163
6240613
5741083
31154769
42619751
37355774
17318546
34415766
22402385
40827292
5973664
40137431
10070132
7346162
38755524
28617985
33363747
5840923
10683987
30261635
20192377
14074680
18420020
12783276
39908173
20017186
12682808
26267683
30500061
10107158
12760913
39995488
23043311
26054665
11708195
36526223
15350685
26715117
11037473
26974428
28026890
1896226
4659763
8452774
4176315
21102474
29407738
9044661
32505466
33761485
20751102
34582484
36707538
4588119
18262131
1380889
32669763
8386936
24727579
9295496
38355593
39606372
21999360
38145487
17668895
-413304
38733530
7677417
43142991
36312409
40608530
9773826
23270309
12062712
40804160
2272474
18309785
2079610
7974554
3462594
2445068
16563503
36841594
35119190
23985616
43070264
34668699
1956418
2519273
4123495
40834335
33463148
25121842
11081802
27045811
12141695
4583981
10673052
10331715
42429101
32581065
19892893
9616725
35996696
6253409
4691262
39850355
38508121
16394720
40911799
4192172
10824098
32384188
43299422
10114453
20494714
13818701
18247861
3619657
34872852
18667506
35152458
18466661
1432661
13779524
8781854
45187
33738613
26232013
37995421
29830750
3805423
7995010
42947901
1563833
43121000
37789112
17696989
18935781
11628243
36903809
5503399
1235089
30546303
115196
37297802
42704743
12295420
24497491
34362834
30656347
39427018
8749684
42808758
38047793
41388023
11068273
38914142
36476357
24599391
1503140
5776085
11330269
13135176
5717157
4916082
42244649
29235717
8568903
10192338
25613910
31688734
19934118
1051434
21528693
31596810
29998430
11794402
2960453
39871153
6302374
21966303
19426212
43414745
25046490
23449625
35475143
33457502
30146725
19943583
28955226
29755418
32431963
22618509
5565912
9429559
29248946
6675705
33603955
9853722
14786604
6763699
-559853
15574067
2596006
849343
20874399
-376684
25401580
3738509
25034876
10811371
12693803
37278120
1425349
12948538
34992600
10524058
9445023
31778085
1086125
40867113
6774565
9685504
1797288
23020511
15773160
6518618
13102647
28906473
39865275
23506652
6931729
4276884
42490263
8748173
14919598
40199960
2636974
8579280
36264045
7722217
34298946
30316400
14711869
12219855
10371640
9787318
42203538
33178841
42461456
15688830
30899295
4401855
3589117
31569157
21200371
4135072
12255682
13044936
8653020
19776639
1383460
26598456
22647739
13763319
31144068
22990202
41172773
17312972
7037969
9533095
25955800
-62611
35338361
2609663
29187185
8719682
33880467
3922399
-692659
34216913
37113336
14125868
29563937
36331919
38076229
-953503
40179470
29594289
15311242
31034729
32017419
16096927
23402311
684847
13259702
7862133
-864390
10597034
40934791
11210688
25473767
37222049
17685264
39414743
-189850
30783414
17046669
26077446
13540227
31010570
19788221
1327706
19808945
22547700
-948374
39858616
13660261
41561050
4643218
7043826
23108628
20458381
16129108
7744170
15354160
14342829
26577286
29037007
1400282
23907819
23657198
15260897
30533720
8190376
1108451
35298204
35066324
34695079
18126001
29549354
15442646
24819234
40759295
37282209
42684013
32157938
34832493
579265
14300013
21748261
26735625
2996642
1398859
3011986
12056256
25156517
35741166
4869596
14422057
40842431
19395435
10776368
11227095
30960232
18190020
26385213
6701368
40146542
7562284
20752802
32430220
4672322
31258867
7226253
29522600
28002469
11276225
6537215
26988580
4767001
41708049
3068454
38795469
32385630
7527482
4018113
27325860
-704321
6372630
29730438
-694841
12613974
9773111
33062423
4381463
13663954
40600353
37227459
10333684
15138894
30286804
41958410
8138801
27354122
43115439
31301492
31888223
27109230
3193385
31935976
40131663
26546817
17428408
27215011
34620699
31865537
37125044
18325524
43067817
20160419
19417035
29183266
10867239
33016850
32264622
24146278
20806099
35003125
-694983
13774040
21267903
12951631
27627301
42357304
35183933
33607998
-909395
29882228
11144668
4696894
15538847
9032337
28154682
31359314
21206525
15648930
36016328
20544480
23082414
23939753
35601439
38384858
38661913
21152828
36157602
15914886
2436605
14176548
-503735
3151460
18147463
4474920
3202118
30438791
32601057
10054148
33133291
25017162
14493858
10264811
43054340
33943603
4525971
37336439
128398
38828714
22095645
15426434
32773037
29396445
7949594
27496554
29875168
21812523
7592536
25621870
29658093
17443517
43046450
3129544
5008985
13593952
29629299
36119856
26135457
18722778
5722567
41665630
27001015
13622500
42586662
31860482
6161234
36082030
25194566
35394672
145897
11812796
17185962
30731105
1920123
29845820
15934152
-695347
1073432
24357283
6758393
12993564
38402331
42697550
4792725
31434229
27843145
39513125
-17034
41750761
13160257
43398047
9074975
4921447
21123472
6272358
38414927
16807212
9968682
7229171
42654437
-289047
33885139
26096579
33912806
38730371
441956
22990560
23551742
3050214
36133932
41853028
31166571
33637151
27896414
18291794
2559344
33140082
1974641
8725238
36531379
28892935
29518580
23041251
1839132
12550104
34137435
10111055
20838313
16481005
16284691
-359059
42252451
6585386
4773290
15438646
25690384
12813117
15649396
-217135
8730982
9551087
34988285
25637769
1492244
30470535
28927629
6640603
32658719
40082421
11708687
27658867
25543105
2820718
-209679
34416539
22506230
18195284
28102845
26109967
14663868
3390948
12517880
2944173
14558611
23798288
39587802
32606362
40497592
17053882
38053854
24620071
20953709
34759901
4163487
28029786
27687866
37713254
9138919
40597200
8762639
28061613
301631
33119144
6219702
40267677
25265745
6302879
12514607
36937241
20676709
23238842
32467169
32741196
26185387
20788933
18848658
34311849
32954869
16320420
40804112
2110342
2243747
42832798
37155036
7862761
18143551
29692419
42681060
23644608
-172069
10450927
33338834
37973733
8349554
10231225
23699409
30051388
30382326
4593883
36097058
28644054
37481819
30429266
14287905
20142484
486852
24640960
-516954
20164717
19643102
32977130
3437083
41249402
6488499
8021569
16428313
7071940
23061584
7952569
6904115
2627780
2347878
16464969
36094603
6302188
20919819
5518754
21456190
32661332
8848078
30306991
4120002
16326334
9117336
23992350
26357345
42622243
33375445
40952231
32477765
25412833
30216461
17094463
37795275
15599841
21825945
30951247
36762104
21895825
42661084
6561685
34135020
19873134
7609637
42442130
24382356
-929496
2314716
7119903
34772284
29201127
12111421
4718098
17829633
26941456
33848382
13493312
27083360
9023194
6064032
25412962
12609633
37004465
16502621
40811693
4672666
41751254
25540931
10069146
30042876
32232266
1520149
-920230
38838519
19740342
39859819
41316930
28313506
42659287
1131068
11407228
28128556
42171164
2962498
23723509
33706498
4682120
1834077
27542509
295146
29343334
3638576
29208120
25777202
1004079
23921147
20753732
35152166
22506964
28215110
41343207
22559027
43176021
14375325
-507245
30820197
17773417
12372852
11805583
35783728
13205379
26274971
8355833
10003529
2176460
25561403
16247905
20106062
16482058
11695011
34365545
15814934
41815904
32656420
30069253
41456760
20222447
35629135
22296106
18995616
12013475
42543467
11616672
13630760
23865925
8163269
17495747
13163297
32156951
26410243
22434325
22557200
17350591
35027324
34670240
40207142
1906622
8477904
21438042
11245520
42914970
33310921
13001393
40958992
42448884
33053543
18676438
17523264
31771338
35499367
31135837
5000060
10122297
36845027
13481373
12066767
24148328
5869548
11381819
8086455
36922799
15982740
24905940
33217062
22872615
641223
30323114
24733764
16086042
31503932
23308798
33995715
11250633
42559635
26382284
22027073
28708443
9489034
2797814
23408953
27725443
27536851
35707199
30918495
28439193
4409771
2280282
12520285
35569106
21111741
7405499
43260391
33066592
9624076
16708817
23104535
34856912
33646156
9216548
821598
23540224
32348569
10202605
13086748
21237636
27372588
19202849
23914037
40798379
10685553
25478136
13220624
2429096
35593096
40186464
18988990
41761364
4961074
5648532
21781785
19116468
19711736
38479234
38241331
27184690
2588409
9963857
32085726
10113241
2565665
10779985
30817244
40164729
20716583
24286847
21830193
12253060
-785839
36857208
37437559
37353077
23850463
33074928
14755917
41996318
21306920
40262219
25718103
24188512
21099117
38738232
42829053
40070912
26364171
15541909
12963584
12779085
17290102
17515813
33583674
5548708
24375273
-153223
24286025
19828
19493578
15532588
18759704
37095731
15139735
6208247
3306198
21052748
43002260
3315512
19501136
28311675
8784520
30779185
39682389
28877423
42663943
36740240
24012669
13006638
16599778
18865919
15500961
27832932
-610744
37360797
604977
1347086
18045609
31867087
10716119
43346286
5075485
34767655
37178235
15327090
6149088
6119109
5098195
38763206
12969347
7599956
39722609
25365278
10723379
39912280
25246366
32218740
8271295
26171223
24794096
1813855
8385298
40530349
28357108
2035166
23735012
6112814
39901315
-710729
7190948
17218262
19744680
30884381
4512600
20764588
18995483
40270746
28804842
2940104
27411825
14814312
18815868
32256414
41671402
1883802
-755934
28985038
30182860
11100024
20828500
11944862
1968712
21470766
29210122
22224233
18149375
15647557
20787182
1079627
14384471
33671105
8110716
25645954
11994120
7097251
22479575
27612492
26542399
24967028
16438833
7859002
12900960
2948470
12343143
24703105
29932351
12325239
14829211
42468609
16381396
26297695
14124046
8632932
41666048
2776927
20463791
8773992
24625181
36565243
34192438
6332918
16396397
19771831
21875753
39632327
2521074
8135271
41106943
22701959
40555053
844468
31331547
39025653
15867944
9879590
42016389
1571636
12906982
42237169
26872135
38131379
33839054
8587374
9294171
5878670
6831108
18028775
39684456
27195349
34932486
5531097
34291448
8325983
27119560
-961315
26506406
14844846
19803637
39450197
23088703
-229224
5771385
29935485
-748988
30783680
42094801
13062885
175267
28519617
8037761
4126081
12450766
23936007
17852348
39636183
26720251
35448726
28886897
40649520
18958934
24730215
4382708
18082948
19561819
40583503
37921659
9398051
17846758
9054539
1763558
19701542
1669835
13673067
37943951
38306599
15085862
34801178
23503852
23673200
3203304
16914726
33922293
6673281
16074920
16497525
4708471
13569695
21555031
35240910
15725916
21967450
17141812
23726842
36601773
16594489
6826909
26323670
16225017
36022010
29986797
35423876
10875046
35055698
42058276
40691826
18199368
7457430
25871021
30758971
16923394
39806009
5531031
29647650
29393473
10795657
36049285
21315343
29761490
30139248
20298704
3250451
31153145
38150076
32522559
7884797
30836534
28783941
6209889
19645776
34658712
38878335
4186386
13146331
2475685
2598841
40346159
42636672
27268031
37450579
19768731
25282457
42526190
26691927
17705364
5625297
2941948
30583232
2213286
23441680
38949122
22703029
9156774
17069116
12830993
4849071
19813641
31032485
34464170
20718335
7691017
41245758
7665802
41530816
14361106
13329916
29582932
40884008
32176760
11704094
5918544
15695235
17052138
2094122
-539064
6942038
34303709
25206616
26627631
17728144
4727874
19682963
34924885
16439409
4865598
886900
38991425
41735557
21465446
24755646
7504242
-863200
1179550
40151782
17445695
40075323
28695684
33116737
7807590
4912958
9829368
35567718
39571526
39778613
3754955
19997585
29480278
13000789
2485120
40467355
14508927
15514789
14663089
34224307
20491214
16190352
31939474
7641155
9165979
18230935
26643135
35239084
33562686
26710468
22515901
27021934
23259754
39315913
27103232
21289909
10296643
3240170
24160597
31464156
13680854
-247801
19397765
35382996
24685120
16860183
12211212
43246870
4049704
13977707
27596078
38514546
37372569
17302607
14725428
11459565
38106319
36261032
4536066
39200453
3764228
26552910
27393809
308750
208624
34388606
10684879
22823625
14156446
15288146
14121156
573459
37496504
2024270
12214834
32589189
29086150
15247013
3276330
14391513
21924649
3089191
20744689
37504135
12310699
12372407
2394106
30709461
28335056
32843748
25179911
23907411
24697846
7056028
1335195
2483851
-405932
14103935
6429411
16142944
37567376
40017669
28827359
9655842
15847275
40297571
36542077
12060728
11237249
23511134
15337243
13531202
37066958
4276443
-582827
30737228
13210748
3187567
6772625
5257869
40800632
6378818
35585441
28163394
17858124
18646052
2178519
42805680
4738959
2662425
11586819
17647015
38774134
34088981
23318549
20346065
36716021
14778805
17338677
7629223
27714120
9836167
18023086
11843020
40449296
36504711
20972952
22739962
12546982
23978243
34823110
4880573
27761898
18970981
34376044
23508452
1413214
20381824
12094103
34206141
32538582
15971341
35691202
29280766
33315728
15747137
10778575
32990138
26641812
12277524
15324929
14327500
20735594
25522743
33643465
1323443
38516248
9094392
13776645
3421196
15336638
16427334
29225580
32408832
22819070
12838353
9086685
31374053
10938828
41371234
1370287
23352159
-935447
2409094
11109642
30847907
11223707
37032104
26498035
28921168
6204652
7846570
34478882
38914774
43501321
13956197
35625065
24549868
33264779
37003190
25739944
1947945
21675598
6401227
1140931
11562739
28293544
6980413
38304805
35757050
29524994
15144081
10647194
1562224
31989672
21082437
8794571
1475284
40331803
-46983
17715575
11082108
7362639
3740085
22748035
24561600
682563
22350146
28761967
5513691
30993237
10291544
7442131
12538747
34118472
10595977
22679819
41367623
21025722
23563315
194145
37883714
9487053
16515932
18632088
18544154
9596256
18312623
32687785
532600
32649410
31313983
36793445
39514212
12502530
34618805
40096703
2762680
8030421
24269313
8479953
11375366
3707183
15169662
12917196
17150902
11087638
26395633
9085517
15236378
40067340
30311425
7104227
-815202
457088
27732879
28124948
10406753
41551190
13302153
20184209
29208688
18333211
5134345
40378991
37824428
43416259
32912769
40091882
8258329
35161054
7917461
28015723
6164723
13405164
24059966
32306596
22956497
41216564
31958864
13611602
32652554
22540013
7121664
40763568
42120426
40432224
28231484
18028957
41035485
12956407
8202655
26430627
8647947
15680292
25331434
6052665
887071
1792947
26054839
30550652
31603161
13646107
9567019
30405248
25661738
16853197
41211061
41780268
29777054
23570825
1445983
17145190
26783656
22226310
43516454
26514202
21393585
6992148
4985010
24849775
10393863
13169609
18834
28266036
35488539
642203
19913830
8419395
16265170
8637080
12153727
21324687
1645307
43314195
4956172
23258039
39088314
2166631
20041188
15171768
31128452
9782878
29426380
5690417
17913515
38431306
35371779
23638143
3957745
7793909
25295361
37032376
17425230
40871045
14017976
20994121
16390239
4901832
17193875
30866768
14001455
28768786
31510923
36817114
11482567
43059105
12896779
13024958
15144880
25918582
36163934
12058381
5596254
27482111
19991550
1925931
9265792
13337434
20622858
40820541
21736722
-350115
4175407
25391140
42302487
28926788
39300507
16582225
39519880
29505818
39190078
39429219
17962242
17787249
30854315
19901395
1802314
20727415
30291066
8724232
9076977
39054358
8160204
24162379
19913385
25929127
4178343
34051710
34371708
35868926
27043960
42211516
13332242
37205006
19113312
14228495
35155984
16593150
-224007
41906782
2470366
41670411
1288761
7760966
31675372
20879988
20773405
37699843
7460274
26039481
1950595
7296374
42851492
26930502
42380647
33058754
24348983
38077232
36965400
40780239
14237350
17099097
5848425
21611395
25372908
24561349
21944998
12554670
17885825
15965044
4450101
24059185
24893870
27034034
1743827
10235371
3925692
31489694
4344033
13126439
36182368
32894834
39732284
32082022
19463025
18475305
21180066
7257633
21834159
36202495
16169059
11286908
42850832
31758853
38614708
8002160
24561197
6003755
19874099
16496239
27830118
31464089
25924592
20029857
877315
24062306
34700213
34717115
14106249
15191479
27288943
18955680
17902849
36175867
30595267
21593934
23919782
6169977
19326342
6925348
2449098
25297030
23810333
37600374
6277836
-605914
35759376
-230226
30988873
8682433
16152002
5368260
18842415
30716705
16728170
-833631
16243955
20625323
-312328
13577727
21415496
23389187
2647826
24865687
39098448
27970574
8243924
26763281
20514371
14841189
40698581
22434417
30703495
2814307
36440354
4569281
42835346
7261531
15760126
41137462
28820397
6894894
2509222
40802940
34830728
31112834
4228661
5971932
27216970
894147
4987586
21760385
42393184
30834111
35540738
15669823
22308306
12083813
38821061
27631270
9216404
1818174
27654837
40294977
32584147
36333879
37695687
22019244
15999222
16565026
22971956
22322330
13391330
26818454
13642139
2167923
7875505
27629628
22512132
17343918
16163759
2362521
17803024
27404901
1038565
19749515
25693606
17944769
42543085
333105
11781205
2694419
10072855
38111476
27258718
30123518
37588632
10330460
20576515
37065551
21653929
15842208
35653740
10592150
13065919
11610445
35835662
3978761
2746198
32858306
31916666
20834032
3280909
42749514
25528986
-421240
30358476
31826192
18789282
36150228
31102083
24859405
18385052
976738
24578859
34023408
7953001
36116464
39139062
10997169
22500257
2701670
3705663
32566185
29320907
24914015
-184523
32163140
26729269
32576991
1245227
10058168
13812095
35803117
10419138
2631593
3025724
23079769
39646473
8158407
39058003
15183094
16377686
5886893
8048740
31138434
16255036
14114265
2380134
26142140
9533591
9764975
30324919
4971428
31037065
19667419
38213439
19597298
33548144
4124823
14113282
408158
30757491
6145969
1055290
2307697
34096395
8982328
31877697
3842940
33229931
4549573
11380466
27918796
29361524
35077550
36013051
32548688
36206293
33206085
6684379
-735631
33906819
17324590
37647392
38078239
29075762
9140103
38226685
7904525
36465085
19061560
25816419
37224711
33403061
260688
30114928
7584178
24187697
27974043
35275932
12398136
18434156
31516664
40389462
27612354
35446834
38347881
33949823
34789800
6084993
491180
25484501
43131095
21875577
40926590
24885125
20786638
7202808
18777634
14789129
28987916
41792837
5087945
-423300
39408129
33769998
37494099
5067437
906227
24676280
16970126
11632648
13801863
9626615
39124499
29116740
5179904
24163406
13538630
18652640
4669117
20439482
16671527
-336751
5100138
21870899
10858321
38160730
15530500
22017638
20114628
40701241
4080069
14543853
22887339
43521401
37598661
14847725
40940978
28184034
20164103
7118807
-765018
4849942
14731531
26329889
23111282
28213277
28678261
30745642
39092101
18025698
12296571
14065724
33226992
39545596
19365677
1917635
4588220
21514929
18762272
26864232
18070376
36293244
31214736
34662373
11108182
39441158
7801476
10764273
9212381
12936115
33307164
37029913
13567128
9095138
20177457
15792157
-310097
18955895
42218682
42188435
25530242
3077839
19866016
23825424
190355
24549760
33926096
34448383
35716573
10427081
3970992
32450372
42657210
19483622
3302141
7005146
6338803
23938496
3997833
26638617
7141147
22093969
19636842
3048474
35146802
24776455
25634913
21818936
33534593
39429608
17912793
8136752
42926992
32291925
28992828
30250357
8777947
924632
32824485
29165802
29350399
26651714
22962538
14296118
12008656
12605764
42300873
2763943
26684801
993048
12716236
17533572
6971865
4754431
518595
26714811
21870923
42974494
19252629
26221789
826201
39558988
42602
26540993
5517826
2591038
3113734
34641982
38300258
29083658
33570177
40784118
32777745
37547101
24458244
36935981
37063451
-800585
29626031
23017007
33314711
29434213
18215116
421985
23784557
41899266
39329072
14586622
5591991
29980237
21061451
23298636
7251749
11869065
40308700
14381879
36680909
32750402
19990124
12992664
23582797
34762526
28518644
13694157
43041826
20276356
26362330
151373
32472137
27846080
21860257
21785383
6156217
30124188
20288089
21182976
35158917
8148125
38679081
25904680
37887764
17100219
14729502
30667724
2313430
24338976
8099622
31557125
21424908
40815285
13085701
22256396
30551279
23119688
33325505
7131400
11452918
39763312
4546063
6511631
21891342
17382151
-638816
2303027
703181
21335364
7469713
29856990
10220857
32486222
10323113
21949604
12977357
2740926
22086747
29308407
14786377
34498932
10893787
3041506
8470040
2470466
28060865
18407342
7757788
23594803
19871578
32898065
38174767
33982658
31680626
7609340
36817049
20605486
18041490
35633217
30387446
14438001
7460906
4953374
32792981
16851989
15824541
18070676
1577758
19955303
29614162
33274753
40428
-69952
42250320
14077688
41379357
40889367
2229798
16834818
23573336
1516900
6841533
15161411
26908035
36462211
27810513
22893801
8442883
8309289
37497038
28973936
19278271
29545403
10295721
5275867
33631976
741741
19717949
19091803
37321756
28197816
-769521
34935388
3471889
5361080
22130287
29405898
17346902
26346474
8821821
14981531
34964248
2912808
40113275
14100069
30594236
24243911
42477721
-392581
32258863
18338413
23778693
34026514
25128156
43447374
1157823
21935590
13957306
34160493
43013487
36088627
14378935
20591503
27978875
2342048
21558716
19348243
20692296
7249736
31346301
16303704
30812128
12829017
232357
41482
12422708
23530582
4678056
5001160
22626207
25854093
17173093
-147138
286022
31106024
38328471
16064491
27362450
25966631
215035
13736079
9704776
2830672
18409170
1238804
27116838
7074372
43260193
41864491
4043950
2384460
35566541
21649293
16819131
33046055
27972381
23757242
36776418
23041609
22718821
8240395
9097413
28110060
35656502
2819605
22093613
24272256
35177650
10254930
20676725
20707702
43164988
22544564
18372595
13267609
33376302
1570917
24522627
18389724
24750908
6688977
35908804
4368706
26632934
5042801
24157169
18598354
7962413
26243089
4064938
2706966
31738404
33501500
16344043
24519866
32799481
1269886
13954990
29198710
-97911
30301869
22337846
28677182
28678153
32318738
11127839
25830009
23122723
4734349
9163474
25475957
11672038
3461193
28808735
30189132
31951721
11490769
9882766
28563017
30063722
12451642
25169732
43197127
4124361
29965332
14550991
41454283
27466385
21690250
14524790
26214667
4861430
15146657
24057239
39983315
16328166
25071314
4439778
3289997
3271549
21509045
8623795
13002256
11126613
31356398
43195889
12407634
21088344
4632015
34634185
1711649
14964072
30418923
43330886
5316683
28044887
43202299
6129900
16246378
17950474
13906031
42254044
9285411
36238197
12896051
8076611
2469705
5380967
33905466
16432920
23933098
29869244
34203973
18274956
19388249
10383577
14348564
3042137
4110595
39583727
31115232
12560431
30967054
2955784
12730070
42976096
17958979
13872667
21271589
4889853
15558611
39585550
40277616
24502940
10822814
43405070
17584257
20244087
31813425
12044649
32200367
27339056
13968755
19514565
37996746
2988873
26476932
29247671
17669534
30168322
7293776
9632398
38528760
27955798
36090777
16777125
30335168
39471241
18668853
9576705
34080408
7504684
43037316
-962313
43122448
31586092
18622344
37669647
36922666
16282740
21494637
30831079
21321132
-969345
35414370
33300763
22602862
37570340
25001526
-941456
16125661
31237062
-260252
40187067
7992331
27995756
2565662
9851171
16845592
25691107
6221952
15613689
-180374
3218989
3569979
20586294
31246477
13073908
19611752
24649028
27831585
3686314
14935157
31271598
10797276
15222318
15900810
10093280
33549635
32354734
15237705
1494041
30997879
21651274
19005137
19685955
34695446
24200534
39415565
-313384
6160386
10689395
35619921
10153965
885259
39753539
42261239
10939951
10503425
27269586
2451068
10482198
27232680
16391521
30682051
-525755
9554206
-390208
4684739
37747098
25282773
17467702
42139563
23631753
18069543
13747267
39372013
8885535
34950962
30712965
33194768
8053925
3346345
36290104
35726195
38402432
37553996
23173168
21413311
16165209
13338034
3847076
19858752
35121832
39421543
31250902
39906936
32148652
8250852
27893949
41827759
11424537
4469899
34467654
24984042
8053714
555941
6353305
16938813
28720578
37998483
36023652
12730151
38007900
3320977
28804952
9734793
31034692
3636896
8597084
1009073
38503966
5729675
17112281
16903419
11187836
29746533
6466118
12925596
24339310
24999332
34686475
28371902
27654411
34395127
2102942
25032704
13157565
38083271
4762849
29279561
131776
13241647
-2770
12693709
12377384
15482692
42369179
14860014
7541633
17409722
32238375
21300090
40235761
32821992
34398806
11256410
43370884
17068855
17995087
24516525
42380639
31327693
25448614
11461376
22903416
31991388
20422906
32900199
3578224
27933797
2741955
25923729
28811876
35482845
35341363
1714181
39370360
7177996
7877684
7958645
536850
18723319
41993362
30025423
22633711
37581132
29183323
17081172
28635305
11009639
36976506
22963795
3305062
6936797
18112488
20761711
4556259
21146761
20808664
8109380
23946570
2169109
14313559
21633864
11039656
-916293
7110934
32608090
30207806
9184431
40203118
20827897
33374023
6559179
12859102
38271995
14184127
894126
26492195
6970770
25836056
27882320
12988832
30520727
3840789
39299271
43531146
37623826
22646508
398461
21517460
40111385
23856480
22154214
42459247
12410304
21095886
40376550
35563902
629965
38509332
21385602
5977022
5624519
18318665
42425660
24482982
2639054
15606852
631458
7339271
39836693
4396157
17084120
4647389
11161168
29842348
-301970
39250397
12779309
14571237
1369843
8498476
34555428
24193764
35591313
9198420
14666582
35906970
27962694
10716622
9454936
9854550
22324693
42641807
18013545
35595708
22235167
26267436
39607705
16175607
25300411
8882177
24679418
12390778
10907877
34961592
26711852
41475839
39979013
19645203
9929162
5150440
2971355
4692643
30992128
12269878
30772027
1664487
15520798
20178991
-11763
16792793
41728689
14338399
26394645
14059255
43320377
6175870
23599761
5582405
1709925
28291757
19509534
13519689
23443384
18108916
1617229
22505899
38511405
11021176
698886
34937001
10759037
8035596
7893198
25343688
24992767
36242366
35024909
3193006
24297215
25515335
4710678
12051967
38440052
2520315
38813649
13171703
21522754
2290222
21011042
8130736
26216081
33862829
27460757
27877305
15633131
27787696
33065244
36340585
36265655
8796039
12435509
-205938
26157734
10948159
35093817
18598355
9604585
30525602
13494762
4950688
4112504
8812535
28453715
17475134
26384300
28050183
37004286
39238262
12060528
18848440
32047276
28803416
37531566
16122945
18961119
-921557
28030473
42039501
36495099
14026125
3061334
25714238
12470186
19226736
1574492
36219129
5851995
24260316
27923245
31536902
23988374
14442007
37903698
1971999
39993466
27087248
42329593
36013379
6795915
30961746
26609612
3223264
40754833
40115692
16318532
41364721
38745039
39491462
17879362
21588726
6818492
3036666
7927787
814362
7934981
13816789
7748328
30437704
24720567
41540566
20486035
19851077
4799244
20786320
18788785
17423300
35851513
937455
21184906
33338262
11738543
3571774
11767537
470694
30770047
14090216
23552147
3156132
3769641
15733553
18960967
36151295
14246243
28293289
42201560
41265660
27739179
34342145
14557538
5133964
11858717
24228810
3156339
25772772
-243324
23348531
36697756
17473222
34754374
23686148
7332172
2827977
37915029
30788817
13159437
33446444
10110790
27665618
40265840
42179456
28163939
12379493
28827830
408945
4213070
34020239
28498603
15673036
18986139
36611046
28799908
21002917
26989754
19620501
26031985
20059193
25818040
36180063
35210410
23766792
23637795
28340766
34276856
1732130
16050856
8926138
17772872
41136205
4352655
9723281
29046524
38153046
6679468
20487324
31439790
7994906
33673750
42788800
42604262
10973485
9563259
35654051
27436154
2536024
3404230
1712299
29509921
-87585
3134912
41611395
8433450
37026924
8072921
13684588
12749555
1377648
33591242
4940468
23247137
6136494
6068954
30901056
35144249
23246619
-762991
-299761
12838445
26006928
21170774
19826253
16245010
34829464
23130279
23484494
16031905
15853137
19966985
18548329
18417204
25657008
41061073
17399088
21339496
29504234
42742511
33828209
22452759
13672914
24141886
16065746
30105800
43476685
6055894
36656123
5636693
2093788
27267385
32628583
33134108
25650272
19500596
33023233
35175377
-511067
2371455
28478367
6006975
7887773
29354739
22268547
40006351
32970230
23940327
25674150
42832396
15162905
33590135
35962819
25328591
32529834
19627753
4399635
36706744
42449640
38266641
7558086
17000308
27816161
1842619
-700970
13785895
14338044
36743782
37284954
38492667
28936772
20680575
33706393
23669050
1769791
-424169
11813605
31370230
38429287
12697306
20343135
32724343
33439701
37695219
17692120
5520901
10959911
10829823
11670027
25541753
38386792
40928304
21619424
42791370
16060761
16600538
26969646
29794090
4042076
29159257
22197161
5767230
7808659
10233658
13427984
662141
19991343
17409564
24258065
9210627
19331400
14782527
34541700
8364334
28930963
1706037
2263725
34173690
16337609
40994443
29204688
22210990
28948707
42950469
28334397
22538803
19254498
18398449
3050586
19355611
32718875
21794790
5943150
19188050
25926128
13177875
5477518
19357690
5107829
41327110
15273069
24404552
33549551
7448299
8627051
30165041
13021995
34879872
43206440
3004153
-234857
18711539
23369691
17124593
13699292
16377231
19277890
8172107
29983320
16106256
15154246
2190675
13205373
31234499
15235636
458529
3807294
14413532
19612570
21388597
34235486
-848391
15293108
31195708
18386470
27553434
10142370
32301897
26430929
31286227
14460808
28957795
38897337
14794155
33553183
1145781
12207719
27795865
24785115
8371197
28079418
6876624
41837557
38388776
8000572
13176092
19058448
28861084
10081831
25680577
18947602
31911959
36329615
27224134
20161102
9663933
35346727
