42927567
35876071
29333885
42806929
22826683
22621731
27074824
40405495
9808489
16318916
1521582
31166252
16234116
7322465
41153832
7900202
18987169
32125239
12470556
12947600
-493327
10931284
27307282
24320244
11708914
37993294
13260747
690188
25465626
12744909
20331525
28353504
11363909
21299871
29564318
4852939
1934875
28456409
25819336
15070292
34702178
11198418
3297536
26803913
41345133
4174139
9428256
10981708
9753551
27608979
37292668
24856801
16509984
25101149
2644462
41543641
9423929
41774706
43056571
30209174
25801574
39356740
38956554
41865566
17437649
19128920
40022637
4183357
30799937
4820280
9493492
13360472
-33881
40315008
10444164
22543176
30968000
15990221
-139258
31725038
28026184
28749728
9250938
26123915
37040225
22900629
-518405
4947314
24060748
2796395
-453950
5907558
4486622
29455037
33498632
17879597
550540
28638320
15844557
3366693
19971302
17623306
3383551
15710561
16198660
26533770
37772447
9545204
40279008
8826424
24167237
8729977
42975481
15945442
18566812
32540029
7483255
29767393
39583860
8774438
34210272
12243945
4690825
14078047
14581462
10331573
1357510
3557112
37681336
18987801
33301564
34594698
36539034
3419766
30262735
21494047
24158710
30791456
19201512
1884500
15340762
43472159
18751506
22404695
35328505
43337969
42594270
2411562
24337531
4309873
42683888
1564038
25252141
26152027
3880181
-135724
7944566
5618454
36544692
24011985
20814546
30625779
19709579
30664274
-9372
18861493
6409207
3471237
26919828
21937967
12956247
5076323
22474661
11779332
17416070
42988628
948179
6405636
-788007
26124490
33783292
12171322
30514154
18370302
23179833
42689271
42797689
3306981
3159812
6176125
1020833
-800329
21290957
11897339
13235876
20571431
267154
8807029
29754
21799552
25181608
12431081
4296494
31370656
3272812
4617465
41246460
13989094
33994885
1128352
34716614
35017754
1262787
325213
4963716
33786201
28036934
30495890
41231256
5143074
18561900
22383775
1624127
16768964
17800028
21045409
18207679
21974197
12427223
9367348
27264523
12936111
34027651
25522285
20588959
9851514
9049285
11150047
39256616
16262798
13330071
12686509
-687856
10786865
8668138
17903063
31191409
8251552
9471203
1141873
11790657
24583271
21512608
23130148
17901266
39513334
3428639
42201204
41751867
1813848
13577836
14674843
14718849
10368813
10214212
37050970
5821195
28685871
20419717
18449330
28049762
42536526
13671266
31208147
3950593
40859476
39421770
22747647
3346284
32102070
22933158
10003254
23469337
29523796
9040442
1687556
24068361
2230379
26834265
7958563
13326474
19539771
28294749
14632337
8403933
21603308
17876945
5955113
20775755
35949150
39672196
27897683
4634729
5125940
15857668
16207632
14023873
29817689
30236746
24017132
21631367
16831770
29467262
42525200
29348411
42593811
10306542
11134947
11339153
23069576
28657824
34922890
33910136
22747961
29991118
3323901
18164305
18382724
3866909
24503277
10813980
29618099
20417363
35862726
20005123
33592808
5217441
28033490
18406664
42415835
801627
13842627
13340318
29043643
32448141
30842769
34470757
9975501
40893392
28612821
9139858
36982427
36343228
618718
22830957
32045314
12648461
37780977
6404722
41547808
11922813
8634106
5406255
28083120
13256289
23826690
40820362
7427094
8825912
35105980
26341946
7585191
34966875
39951688
23527988
42191219
31026465
19330723
-783476
34204142
25329536
17474133
35329892
3340871
24971180
24158779
25509624
8864493
26292236
6972335
1458556
13091823
5960805
39796953
39114488
24397017
3050519
34749247
35539484
16392468
9031591
20243237
32765589
23249099
2084294
3951849
7202790
19147323
25859428
5449072
25753907
41598825
28031457
15235020
8629537
12746841
17828589
41815789
465239
4621775
21987396
27156927
40770689
32693139
17758377
39990881
19909965
5486928
16440087
19170318
34891336
33386801
153462
19538321
34117609
42195374
35165396
38798606
19790716
11795517
2973345
37539880
29197453
30320083
23070124
29018991
18505773
9145053
15800609
40881054
25780972
41913082
1326568
38578984
2133120
38918943
1550937
39832313
20893207
39533821
13152328
19365458
9750169
26765995
42612112
10935143
25231368
3277542
43282204
24305843
20752766
5205423
1193074
24478061
27697661
38053276
34751398
12423241
29883878
40551170
4249753
22918041
14404957
16333773
13358359
31792337
37994454
25763484
28029546
10373593
39906101
836897
7782514
23163743
-20305
13253106
3424936
42308635
32749496
37549284
-666438
781628
3509384
26370923
1046839
41047100
31611732
20259237
22736068
13672823
423761
19399781
25739940
2631283
1260490
40150413
40429724
39376473
22021375
87492
11481341
7067166
4518039
16636200
42646052
16596498
21532700
30394268
27007864
29097028
35356028
38113115
35893971
2767286
1624615
24269697
6732973
37405356
22517548
26983448
4189387
776172
26682316
9087620
36649194
8757946
38362233
38593132
6009131
33069035
12727529
41438190
1879253
3148704
10140643
42602734
4223797
29060319
7294486
28533747
10072616
13444216
8280774
29246458
27077731
13658016
34217136
30723210
26497613
36350642
22223759
35152966
19506851
2414817
16415079
949428
26193318
1048204
17658218
40696488
3177773
30154824
1550535
32100830
42069534
24108435
15012013
2538973
30760026
37718729
30239162
6779466
23941398
33661183
18257983
29029590
17703761
22367870
2669656
23595484
16687331
23292597
33620092
36836497
13606622
33183483
20027233
21157444
6595842
1038181
18567998
2522525
21956034
3075689
16880391
29794866
20184338
11425185
5183581
41698966
28697500
27802106
24709870
24948995
9824920
10180365
-304146
4356187
29956848
37342548
31743833
19957176
9832055
19486162
26417896
32079029
11600084
9352284
36866719
29751701
-682163
26305266
40663228
39729750
30645638
37438100
28413875
28758975
38458836
6761568
11479774
32981109
4449931
17254081
25364278
23914050
35315410
2879811
7378405
7407329
15371261
309578
40332588
8774175
21902948
11746288
9412591
26715921
3022626
7246803
22028506
30017355
12727460
19300590
33798587
38310188
16805452
9907487
2923884
1432058
26508930
20453962
1204241
40815750
32234082
1482046
8756016
19619912
26558513
31368219
469676
10963850
4208153
-914972
40446194
10061669
16141075
31490508
31450093
34281197
2925508
31748561
26411284
11370586
24053551
42788019
42600733
11722244
13719481
24608898
2893837
12182264
40648430
9620652
2019957
40966407
28668149
29070589
24080731
36868030
40988393
23644967
33128875
37059187
6483909
826042
13084787
31614432
15073011
33765544
7861857
38514183
24982140
38085936
31625894
22583159
10611634
1992560
26252982
-4062
23656987
-101724
1232797
-832811
5474634
10600021
233677
36262098
42912951
41205471
26590337
1564821
25224129
35425381
35346086
1323170
12528295
6683391
19399219
12472818
11130609
20620398
28079984
6801991
21390333
31645639
18870576
12229318
42064173
15692130
39272575
36128904
31898453
37471999
41981698
28004646
11397911
29874143
25923292
17136310
4771348
35933037
21570700
39403343
40868906
61059
32408955
36091194
18567970
22173345
40688863
18866036
2957135
20763279
3551732
21212974
24998060
37146978
86307
-223630
4561352
28817976
9571894
17091997
40601224
20114557
7068865
3210701
19535950
41703491
40283674
1317478
29180303
31649286
6751361
24481396
25395249
16553079
11721038
37076526
2036521
28619444
22166061
28483087
15347841
11335385
39835315
31172884
22968663
26000846
6674004
37429812
170868
40257181
-372630
35613867
40168411
34118053
68512
14142258
14040048
33891949
11863645
33708385
23895217
19442532
33375761
15382983
5344666
14829323
14759772
16842339
38283599
3080887
5429830
26315332
31645632
30900346
23943009
-453121
41353063
31697642
27372951
1959746
33841253
4567670
32190827
36076464
25536405
15653867
13665152
3689478
38894578
10304840
37718611
29403195
26558801
32126982
17484303
28393836
17724400
40444202
29788564
10648153
43163294
13352787
17998045
16885689
36926728
42926878
16342785
39597939
5959202
11104539
977126
39891253
9304412
13329381
39603339
3633573
39361981
21714252
13415416
16232026
24735067
-778614
8365751
30276191
35465220
30267004
10201579
19279681
4417892
29265979
5013703
37566464
8511092
29382216
38761387
43290451
3074331
17149460
8976120
5990854
-887154
36014900
18366197
30686570
34767693
41785165
35689942
32088893
36745439
10654894
42643328
3229820
3739071
2566831
39514780
3929369
23791942
9785642
33177614
29996206
27658079
25009240
37471899
31153092
39931200
30230636
31400911
28375852
28172264
35180306
30042541
32931399
7627500
17397152
25909433
7162331
12662338
6979688
26626286
1806790
6444663
31833092
37458103
31651261
24898081
27442201
10115548
37952603
2605990
38739500
268970
-957025
12220835
34405484
25181581
30253384
16125849
37519230
26838875
20675425
41120404
7539428
25384104
6576218
29717695
31463568
23303362
2160051
30022232
9523711
35130192
31185519
8805066
37846487
38705533
19319074
17327230
26465072
4483510
34112571
23007116
16679229
28071004
4729196
2870621
24169439
26154615
22730925
33687322
19430715
13245670
11977661
19513349
811832
33697763
29744472
9459098
42521417
41027009
5656851
-9616
1502163
28142813
1075867
25297881
484400
40762816
28975478
2122867
24234420
29655955
20971401
36554543
24915240
-16770
17843098
4282361
38264056
6088209
23406303
30060551
12788205
4387201
31416924
30085309
30516905
36400786
28064554
17883969
15385045
5314229
18224990
16398522
43120095
28047999
36295056
17364482
8428357
11735414
39615341
41094398
35810868
17028230
23564324
18046470
32058850
11004707
17311891
3714754
31528471
5808429
38935653
42562456
19226649
32713829
11323315
41800058
35136494
12974303
1815994
25270779
3210204
34198958
26778762
3840957
7661166
11455463
4520109
28441257
29344400
9456994
29075731
35276850
12300090
7629601
-549197
4480227
33294499
24222397
32321348
30127876
19957630
13434066
4838572
22961882
24514076
12112979
30783006
6662929
33481400
39438678
32962811
27172767
41557144
41979894
4936763
12549751
25454666
2124285
33533553
34400440
25432662
41097316
16840357
1291888
2207797
15667345
36715854
28955067
35656137
39884611
41959161
20839690
23549360
41902879
33416784
35954114
8835168
23901451
10275260
19698755
7231619
27320210
36818993
42960068
1342676
21637179
33144534
19428779
6947990
30080443
24743757
5973596
5793508
22688197
32252536
26217861
11707802
34195566
806018
37654364
31430818
17400581
42500608
33970960
30048871
8465391
18725509
25587107
14215946
43462048
17647555
29936727
13240609
27513488
32386979
5708167
27791726
11770522
15276352
21785127
20560603
17679979
14640828
15054836
19151049
41615416
32614753
38528460
36998095
19495902
18188323
42635455
29244481
2088004
41393393
37198653
20999726
6994233
21864778
23492412
12158935
30818251
21270553
25794896
29382683
-526635
19328575
15487130
10819317
40595152
14987556
28122718
35010374
32298148
40252428
817101
14724040
24962566
39309698
17880473
11491977
14815431
27300499
39605946
19866506
3609602
16398495
12204462
25655920
467585
39179510
29809356
4905515
18227344
37761055
39492788
16921934
4768985
35168415
18287710
539339
20890132
-307772
31209708
22417025
3098762
12402690
7123858
35679161
26441714
24718780
5430698
17473738
41256300
4619651
896736
35457453
8802971
30106302
20737389
41160958
13117895
40170220
9557633
23329378
14148060
10513438
18158263
10652974
19980832
30890640
28189946
6324923
1704539
5874809
10985322
5553449
41244661
14969518
17752670
5486572
-532887
28990912
15573738
14244199
12396813
33718358
37903052
21749724
2674956
33659582
4775027
34209636
17998534
34903376
29411245
31714553
17636499
41531649
6104749
34470938
968063
38493518
35607156
14005491
31236042
9213125
8610843
38970161
13364326
41576440
2432928
40910073
38034798
35028219
11616726
35216758
33035615
33863406
17278035
34928697
38315684
41317069
-773792
41061283
17619155
19426420
31490416
42833642
15961314
37245987
25997225
6020704
5069603
2820123
38230872
27038805
-402805
36393699
40061437
41604483
19186552
32583320
30398664
23196541
35778076
24877618
412980
4807683
24674335
-932334
19595091
42254425
28528446
41735579
34377003
13800344
28777127
34457971
1886610
34264604
9340232
41622119
40802776
25124485
9733803
16387143
30820927
36769173
6383985
16197823
1283376
42090377
17968015
3390152
40151538
5855732
12864016
11614991
8803963
7412650
3435110
8595688
40031838
3855713
21674297
16890758
4961013
32952634
41586974
3111261
21304170
17654475
36167939
36509310
4344600
41411652
13712077
1227174
1099282
3276504
30413976
23422548
5327562
5529534
5019698
-843698
34410508
4180988
28674618
37101545
37850035
29548712
31071098
639432
37091661
9081825
7384201
5497419
31429830
18730073
12103432
24257400
16416313
8993129
20667625
12955782
17612750
26083785
11478823
33392602
21645779
19932973
23065554
4636768
14490181
11007961
19971594
20354594
7619461
8693086
29319234
41303490
41083154
14091950
18202542
15091117
34517527
1813977
41642852
5963024
10967572
23465784
11228667
10451013
9357474
14436527
39293856
23238849
865339
40716774
35034299
25260822
6331895
39915400
40505155
39221181
4787585
27572586
14913834
15573039
13221436
38620290
35914842
16304223
1595889
1932094
23620113
11039485
6905521
39354800
37952803
24608600
1887371
15968487
5207249
7811210
2660938
30803254
37051691
11037783
38606887
26058262
17203667
36637415
32498330
34781643
7242808
38689406
8263804
43227390
17721680
14704779
6203327
20895821
573932
8174191
17544507
35612656
38126778
29659892
5632688
10910668
12097059
35129040
35782648
22677887
-862798
-813325
2493816
23145655
963667
13162144
5775132
16895237
-229227
10303954
28393812
5604392
22708574
5089261
42272358
33521395
38558713
6079538
12486305
37881789
13742633
15381571
42614218
24537215
15297597
11598810
35180276
-857396
39836226
15332308
22597817
23876401
6976973
1026410
7079608
7710914
13469100
26299509
501184
9665830
18407109
18001233
38633787
13482093
14268503
29544395
13234745
7432018
39025351
10380192
28496612
13376813
33051442
37820970
19107725
26725672
16268601
10014774
37795514
7697139
10201712
26912852
7740910
5568834
32681172
24671329
7959597
25305976
13498312
-156247
32485744
18618310
41675961
17209489
22473670
18001094
6776088
-722322
37279980
30356564
39328375
7573847
25465998
16425227
3428168
11340582
15929381
756062
43268562
4966458
6267897
25059070
17972298
38274623
22287432
-977410
4126483
42874051
8716685
27418070
22168714
9720069
19087819
42406653
14013415
40005521
18536273
20014907
39193635
1854995
482121
9252485
9629269
37017470
18329247
16024172
4536068
14280946
31361132
9409596
7960430
11704833
35976698
25257423
18593150
3674253
39741791
32745255
7150384
18739066
31297041
23083444
33479587
13599987
21771975
32749214
20587806
18945360
8076885
19238634
6084496
15310073
4399586
37451264
7931608
35469143
13575481
3366867
41761835
40057624
30615447
13247907
42307760
15799460
34949514
34804484
25381612
42007391
9338427
13132296
8740244
28032099
36997033
14389479
37287764
4554031
27817276
25633017
15055500
39134898
36343433
29938717
7891451
6732131
3420771
14458309
17460606
38250659
30093548
15849542
34005808
26564328
14307037
7912166
-889399
21741783
40486902
42047941
27571885
15394366
28150941
6368135
10711263
16609296
42271151
10083751
28087925
5841737
20991415
25821088
17742872
13084202
2248752
12293453
42504000
8549294
25063494
24239319
28760646
10644918
12649758
15289505
24231849
2834312
10028847
28254126
10524440
10234393
19458077
18911169
29442327
29916006
42391155
30738148
20970060
4783010
39213481
36897730
17367235
15225749
26280476
25631452
257147
26729574
20441453
12464016
3242131
27818327
-616620
393620
10224609
19555971
28118540
41267509
25877389
395165
11611912
14199015
13132764
10786761
24496884
29174842
479313
11280185
41938447
40025203
28100379
5502628
32682666
35074406
29541509
31534822
36231180
9278359
34695607
14533115
2291151
25162649
39801466
24620092
10952990
14998986
31509552
22007728
37773745
24840627
6124003
15350734
6997101
1489067
31282031
40805619
10549832
39481883
33801951
21962190
25952994
913471
10245629
9360051
24351656
38702377
25522441
20036510
32142570
11411073
-114869
41872904
13775327
33770000
-407894
37794842
33202542
42001918
23126679
30750336
4804321
41916702
34843736
38883407
6262396
1597212
23749972
31504711
17030083
27917054
31378601
38592275
25285399
13222375
26302381
42564764
43198417
20733528
25515558
19149309
27741055
7642049
16833656
34704820
4983236
5639643
39323860
6392440
26758885
19556454
25875859
17336132
6538829
18049835
31218996
33851797
28854183
32948169
29488920
9976604
23056735
33028439
6366160
9232591
5497248
10467461
5469005
38682150
1868673
18349779
27404512
34873704
407686
31475624
40985899
36890242
7007154
-964209
39987572
24071515
1155836
30308514
13192849
43134609
7949959
37630328
6108855
9397961
30917900
-366007
758480
33297497
35332100
29515787
41190634
9970057
14063612
11350245
32159675
4585151
19200243
10764800
83737
29758407
39163750
31084542
37285063
-383718
25531618
40459993
33679780
11356683
3426557
40320352
20932837
19787013
31347799
8545511
915804
34139980
19448963
41258510
35130598
8746073
42385583
24246156
35610311
4949649
16222656
35757196
120216
14576940
4778134
15808605
-716203
29455341
43379017
27629777
24763878
10480720
21586924
40936185
2227645
8720496
40080125
12621906
8375932
12846044
22735380
23565823
9751305
41314901
30668084
2960106
5179067
21440596
6344411
17900694
11213101
25248886
30819170
17377471
39317485
27452140
29635698
17526353
16474591
40078573
9699824
16308859
42202428
42924677
5465343
18683577
15515584
7888471
23484312
40369637
41472467
33494487
29877881
33288918
42051055
34774022
33036762
18081156
41418591
11581677
35118248
43462962
31622976
8176823
26416730
8080212
13729833
12807085
40628722
8717
24734835
1402481
25213332
4581351
36824698
31221593
26316013
26957599
17835585
25378805
19434132
18791544
14263068
7903585
30796368
32830690
7436032
33631954
41642765
9142280
40698471
42727855
6196338
672076
30091688
41902335
18130253
3977424
36887867
42178955
1581786
42586988
26557597
12017498
2983039
2032811
28846113
5151177
34220067
28103302
15690262
34741588
4615449
41890272
26079068
30613169
26104906
36050122
21043001
23344517
25588643
19179723
21037812
16550065
9587482
7282216
5595939
40095793
26829286
30148486
25493255
28647006
29778666
36728380
30220653
27486854
24951588
5949075
38430940
11204990
5252877
39371331
39766102
7048014
23195369
24814649
22982230
39164393
37820050
11359465
12007211
31336584
21485269
30299168
34833926
40172194
19779973
296073
33659223
32017272
18192984
13589708
16653520
16249685
21757201
11737845
18099271
15346084
27988288
40818092
23071074
6342152
35461777
42878457
-209957
16315439
26021816
38615995
10304102
36540767
699951
18598378
34507078
39344584
42911327
18227023
17989721
34582114
10605068
29851901
27029198
784570
40616737
34561877
13559926
19747641
37842718
40335722
41983680
21113645
39443834
8081019
37941130
39648767
9206628
9546840
11040876
14523937
13673577
28600337
35140270
41150641
39609555
34652618
502709
18360439
23165003
25189433
24410645
41702645
29575991
9153653
4027183
32886175
26574574
23907017
29936258
4926367
33933337
40945076
1278240
6270066
14610179
31907533
39941745
1914066
39355704
34047274
41041775
20296550
23491943
2147452
33789443
19867671
20641135
34309972
12748067
1688023
39548742
29093401
5501515
4691363
28789637
27824413
12474317
3436868
25028109
8959384
30561192
7868489
19777794
19885777
1536160
33243414
27620291
15715458
3765428
39438347
12702104
37087635
13971912
7205900
39171939
28112670
-931229
19921069
1227110
7482172
35339973
12718340
18457654
43316091
-865647
6157517
8917163
20581435
4399598
35738100
23974605
41741863
19638853
31809633
3226874
1963393
4815512
25493633
14395493
35193738
41206793
28402370
13761998
28810491
19709471
25274948
31051867
35144840
-515839
20144078
2938665
23592323
10411578
4330474
42500192
37766218
14626269
7716173
33796935
38634580
12027339
17516858
1119026
10804500
8124693
26466000
37645916
41275522
1594824
13256580
22194858
40720169
19290350
31210933
8158876
36453840
13370970
13415768
12537266
31002242
25540567
14413814
41538021
30111862
37744062
4406573
26116549
38457251
31820979
23232913
31394489
13021451
2539222
16499911
17782515
5516665
2050478
3982342
27426016
40212102
32430680
11628532
-266690
34408062
26713766
21022482
43470061
32377353
22115200
9135598
28852510
7145328
18474359
25875357
11521344
22069819
20928379
36790121
40191595
2881148
42511111
23571696
16188997
20748020
8403224
12022851
39724210
6472491
36703899
32313403
34103482
8270244
37317900
4368117
18743767
-46831
40284261
33219588
31646277
29264827
32707915
42488938
29883611
21552574
13647918
12624144
5493087
34627230
28548007
34328323
9481440
29149380
34915190
16073864
24299640
17015642
1375352
4607305
29734267
32761198
7149942
26789247
27871086
30028291
24987567
42943693
15657771
37684897
12747401
16838303
21091342
26616627
21939663
17052711
29668953
20393785
-425201
20422530
42142887
7864343
26684277
17673788
29368533
14132319
38370003
29680856
35811966
18460385
28415135
29267101
38915498
21962198
20500441
7336421
25350911
34960459
279193
43126008
40087641
21345535
24435456
22635711
5237355
13914391
20731440
35427860
39218857
20716781
25308426
1196056
11781866
10217852
8465591
22999626
32084687
5181223
6194642
19640177
7539953
11725324
5062641
38818300
17648577
31291629
14842202
29283953
32028290
43283423
13087362
42376886
11387984
34448713
38113409
28776894
34765794
5040126
35340622
16570622
36876708
21536071
13443759
22598526
-360297
19408890
9230744
19152095
10541574
41032326
10508237
11113906
16683285
31924225
19612490
19836579
5324912
6293871
40564392
20443109
21470635
16539147
11127228
18349629
2217904
18848057
7057104
25795055
27450769
5801692
54338
9270979
26617748
40505159
31937614
41188506
35253181
28017801
20620636
35054383
40906148
13674471
20115579
4394102
10328946
34861207
6241135
11630331
37983794
28146933
10906525
14861804
11015279
38090854
37144869
27719119
16788642
33353940
33550015
3265776
9633159
28623941
34685598
2310575
23280288
32737687
6730633
19418231
23818799
14992622
24394750
42495285
22874945
37723567
11723179
21529203
15484760
12805186
14891117
3335871
17127946
1164911
30788660
32884811
-80196
6718948
38643378
20147825
16757315
-486678
24631375
42951580
2603561
38532611
26027175
16705469
26001391
7744949
15644080
10666214
32961543
11324598
6813006
584216
29606809
35092659
36269381
16215286
19044932
32495066
37927111
19051943
36086405
27375513
34062752
21192802
29055358
35467362
17809653
40243558
23742098
14293054
3549814
24647918
27948693
3597900
40371377
9101776
22326286
3731931
19662396
32941311
1095246
41495433
2793365
12783087
1010146
11899892
9691917
2025669
-37492
41888396
34973920
30624343
37943767
41558598
23803606
34121835
21944711
23199683
9805326
7905618
34716543
18729981
13995642
22870280
13578891
33169134
7758117
28356654
8360486
3849332
16937999
43355481
35582185
9229197
41707589
7694512
5806973
36899261
15940600
2158212
31425047
37126168
24000089
27941543
31120421
43103501
26633488
32350990
23693304
39106182
41727753
5969855
3164933
5957694
7437153
-221705
37276292
16695890
11911096
1755866
40393624
274143
13044432
18260237
18343794
4033211
4854173
11575982
39039272
16428796
18664496
25977629
19015582
15782874
33463577
19117984
13069881
9231780
24972884
23282793
11951741
34646755
31608969
21891365
13171314
3364791
6295618
12041790
7445556
20476723
13461502
5652200
8327188
964282
26003508
7337090
43179844
11320267
31127261
6960585
40182083
26853687
26737782
34914305
20225747
7260124
8151398
10245957
38043314
25705285
37702701
30049107
19976322
18380328
22885274
5833099
20999660
40012439
10248837
14458950
-500167
30508531
4731125
27858980
38848033
27103217
11414763
22305096
2274469
43088769
7682736
7319424
39689120
33292133
25383597
5631277
20884187
29420641
27850233
43425046
13594905
40494807
36805528
11540742
39150732
16139421
6119685
27693999
18486536
34623332
-409479
26243155
30008855
28983748
32166530
14887885
21795092
25064201
23592751
42284534
31973355
29697544
34117936
19828596
43131676
24028526
17425350
28873449
-997307
2170086
16536885
31986788
9652106
22807753
3987545
43215027
26510805
27655298
38841382
39065731
16817404
8087084
24455558
30774122
10458095
18274099
27933810
1029387
19722145
40271771
32193589
958519
8562977
31846831
42678650
26549753
8845345
19775135
3810501
27235895
38633322
41744412
36657281
3631716
9283976
8311657
24236747
5787694
40744776
21595459
32370892
19084425
37795370
16635078
17769894
30094294
11717612
40915986
35562809
3570130
34939643
15133861
38104044
6024745
22098535
20178544
41639377
40796891
14209033
426681
21584762
36395516
19150329
14669000
8003422
43429056
6885560
37849975
11163299
6015045
11287951
39581921
41499871
13797665
598396
13984100
9570324
11282012
20686049
39965888
12446458
19898395
7304498
38619985
31064837
4326544
30840749
6975361
14571815
29244961
2164332
7896702
716180
7643214
8306071
8661827
24470250
30622942
6123014
13131817
15048875
15685327
1256974
37919718
6312274
36513809
42796777
6757285
11463215
40891379
21881164
41459769
43417278
34911581
3940839
25137803
4189708
41167790
854676
36038179
1622578
27195574
11511080
12032054
42553573
18671184
5887916
22015598
16730308
41500146
8675964
15541902
6632099
10810106
28386495
11827563
11130275
33057034
37454255
3219394
25268631
2727170
20801074
20969154
6965974
29091177
28768796
28561280
23196740
29830119
37283786
3673344
28024950
4251025
2786546
16246403
26668804
33526246
30584787
42641755
19693269
36462101
11178541
39383761
20776249
37580993
33753663
18009173
22439804
23245371
25668144
39222063
22404253
24489666
5509511
40222774
38418636
29929679
30507204
38935182
5474304
27881666
8155823
1215106
1331280
32287844
25302412
15462066
19987980
35160857
15807357
22350703
7156504
19705788
7485748
32177216
15423635
28524989
16864795
23267738
13002912
7121575
22837435
11215627
23061913
14872474
10081684
21440589
35468566
10933440
14985068
12508268
28571908
16154362
37451922
20249086
16806094
19016725
25503959
39687447
22847064
-307303
1513111
6536938
15765538
20453395
4803208
13904558
7273844
10558935
1751525
40052603
35951991
28594201
4033438
17730496
14295332
2174302
17485230
14104577
26213736
35895684
29791159
26512952
11201224
29418653
18873150
3199738
5432392
30450493
33635455
11499049
21846324
42362378
25299606
24880443
41189954
35668910
21392297
11579143
20542257
16117786
39874191
6857419
26343625
4116445
39766338
25415555
6380413
17661905
22259866
6960010
34778534
10230191
31410706
23017965
3758489
31218970
2420499
17077410
14729133
413315
25309089
24115933
1953397
19336766
-952005
21739406
901584
12960437
27495959
6153117
37961992
7938254
40788638
9711603
15904675
10652998
4151016
20287661
32299962
13650409
24317963
3628215
22884327
26122316
19755673
26629721
5277085
11473164
4436588
8017534
40548512
2526473
14103435
38643469
7004764
15750833
15764423
28284504
34879362
12689903
27674341
4776483
31370309
2296866
5266650
14509649
10594617
27286278
31353357
36973272
37916385
22253296
34933209
31766990
33111381
17097216
8818019
21398152
3743565
41898927
11892034
18834842
12195307
7920489
42247230
25935372
24944361
19943098
39528775
37238403
5276196
21988845
32379858
2226119
13525722
10758701
8466999
12879299
24581683
30299741
14829938
-412903
11417814
22784333
37854944
12891155
10451717
36384634
22661684
23974428
1456768
28031263
41006474
27716312
9727588
16674524
42379548
35164559
36217867
35307867
38264226
5204121
32981418
31899808
17776897
18995453
16986954
38878498
26698997
23604905
12236704
8494854
8008578
37099245
22330697
10707891
17144332
5567957
3700030
16875228
6076470
24202050
40258115
28881243
16182491
2454269
12311868
23057458
14153264
10752452
9159172
35629255
39454819
31010303
34172033
29754899
12075585
24384975
23672319
2937088
40283554
21474671
10008015
986552
15406461
25194080
21240708
42149356
10936965
12742040
25232767
40497696
24169234
23136962
1770589
16357527
1187308
7309826
346004
9197861
34834750
12517563
30099505
10237790
3074568
11527310
-171683
11623462
23092121
30230157
7914964
27154805
25367023
27074938
31901853
-386362
32819129
36275859
16122001
11454917
28112695
2721951
16417799
38399758
17815762
13222259
29050290
21048391
28205319
27071729
9247960
40293082
30090305
51503
3424608
23605417
-930144
25177698
16854861
26947532
25725369
8793385
32617243
24933742
12114648
25014816
36093919
3423725
3041517
6765698
35558533
4164058
24339652
29241245
20092724
31839229
37555370
34237086
43161920
34554708
16570831
31334530
9447064
33537348
17542231
30510746
15539003
32110017
34635025
1310923
19036514
14476847
14055846
40834826
13706971
23852370
25439225
16294347
7901892
40575102
4152042
17941402
3733271
22578960
8941472
42896853
32535808
-869733
31601901
22563893
32780771
23089535
23166300
6188147
14977574
8230556
962841
15386627
3522204
29725579
41942593
7983702
-741302
23023469
26167744
12827348
2007259
26272431
32218796
-343594
10486762
36955277
22253070
1400608
3131163
31027101
2533629
33955382
40703177
13954248
34032480
4421053
16362210
43467888
706565
11307884
5989039
28739660
31856026
29309436
29081689
8166405
4253081
25533825
5014191
40374936
38899281
14069023
19020880
2844467
28218554
26525055
-865072
1471613
7216267
-239297
29510748
19445961
6638584
21969336
43406456
4916287
12881292
9180307
-300415
4763506
32346181
24919837
35604734
5503916
35161815
18412777
24175867
3055385
1138800
32208961
73527
15127722
19197732
37932990
32409068
16892166
32081906
32652250
5980245
38396966
40348925
39748834
9643950
13266430
7074352
3922172
14631306
13724518
27003681
5947983
30979770
5482542
25977889
15538700
37741789
12790858
34534158
38203620
18563327
37621976
23660525
10487177
20376869
24310373
8775928
38595428
18162790
17676010
37172345
32117790
30977464
3836611
4086586
32216121
28527245
17740931
29085579
27133385
13559589
36258709
26176813
37981836
42133066
14852885
26688310
43142126
26642155
38363517
38280826
27546330
6106046
34358029
17298734
21772613
24452960
9747862
16905591
26967448
27557279
14981937
15216241
-803259
20444083
4318738
31395793
38023957
18824898
13932849
9002719
16794251
27334018
6650503
34606146
1859517
29906273
26486951
21400337
29514567
27621832
21213194
25745988
27055626
21326764
34402422
12372065
26213746
19606730
37578447
13598701
25636120
19787522
41616015
10019040
19027375
4934400
41717439
3478616
39291498
28205477
4774858
32580973
21002635
35614045
19282814
12368455
10848257
24857522
15911254
38902887
16200217
31938870
43427887
38177342
25744130
10506653
34693044
-436656
1252428
68646
4907853
904614
22960310
26733690
915007
29195412
40245588
20102188
34796785
25170236
21547547
28194207
26220537
36295580
15664511
41145001
33947241
16313651
6560959
4088142
35431996
4036579
23102602
28587927
-535437
-671328
11585523
14140867
41907211
13561748
20343680
31317644
29017380
12458546
12988887
11716004
10941419
14323011
34005429
38606980
723064
21494345
30501001
23456191
14436703
43226348
25788035
30466916
22274204
-289045
24670722
38430008
3557185
29149125
17008701
19696722
7546842
25423234
23540878
18723887
29697689
26600993
13739702
20973978
28992826
1419431
27394261
32818159
1072286
24356778
3832383
38384969
36777559
35908512
17522321
15495946
868551
36206605
6872005
43010463
40137478
24373091
17351673
32724053
1810753
24156583
2136096
15687746
23505804
42792412
17468821
35156801
1060079
9792121
41641271
19617656
35930309
-862039
25427605
32950149
3367960
6579612
33871640
22198088
42728364
14745896
18022750
11152472
13093878
29036793
7415010
-274944
12435368
24491526
16554157
41580740
30013456
9075543
15897210
24059304
40868187
41366348
22509890
37764590
6038298
31541063
3600743
31608005
35394999
33883550
40910997
3061829
10597092
28036212
20329751
13792325
20568025
1353001
5122979
24137000
19498040
10609452
24756421
38264020
32711284
34211909
32692807
1917414
42425560
42072470
2453991
16782917
93502
23606104
36082628
39731612
34272175
30691746
18064803
38431739
26348042
37266755
4919032
21859215
35990017
28065848
29518280
4343327
32975607
-271403
35066068
40073843
32569050
19664659
6696828
6531746
31026639
21115312
32937733
33910105
17551653
40650935
38065496
33615011
13665690
35278821
18019666
10624279
26007877
15089277
-231351
5956820
31136526
11443310
20899089
31418626
36067150
37634556
41774261
17858754
39672974
18684425
7418487
21950046
28668149
-603534
14340968
2904052
6889221
35459303
29105702
15960757
43102429
18718462
12723140
1454840
12946386
1476
39932696
13585946
2659744
17075641
38695039
21432153
38320868
-779630
22316504
28979038
35686018
12821113
22029019
21673406
41701931
30714207
42574673
-350915
12699298
10045998
33111426
29675806
27746409
12511046
8270894
17614122
10613767
42573444
26307532
26603021
42754842
-6180
-59006
2882870
30382045
32198425
3007024
34612038
17922474
10823263
27404458
40140154
40867997
1062963
41608151
3705062
30473530
41309698
1121996
38631277
42024870
4670872
36252649
8156915
43243406
21642689
34007804
37678427
19957145
14660995
3088194
31256197
42519074
4653734
22335155
9403809
13260764
17708390
7885430
7673833
11388091
-172082
25544954
23239732
-644147
21950147
41682225
1934861
4321730
36952683
37129379
32398946
28944688
26749295
34632655
4145584
8905347
14151502
43480118
35521216
303941
20624297
20153810
6463577
-481176
12497893
34972625
6634390
940049
6409325
39599609
8844243
21507956
12195206
27377032
20083694
13433285
10956920
31344008
38662100
37258733
21924124
13857482
36970746
41417503
32907715
34284988
7705682
41638753
40449062
19016393
22107090
40057888
6101868
13331292
36980578
37282436
2425053
12319620
7349833
30110813
6023714
34086707
29607919
70537
25367361
36374109
21363203
8770161
6461891
32692987
36773936
10864276
6477498
36444797
25592582
35793558
9694498
22587197
36052194
18447408
4255226
29796090
28417452
12280188
19465960
34277874
21249349
28620052
37473286
9406261
-320193
13814577
35261966
28966274
24292138
34008474
6308681
28524016
9021841
25126239
14713626
21728241
23069617
21437325
2846886
2552530
8809143
38870477
32602568
-806288
6958242
2747126
9680300
4485204
42296110
19011063
4207595
39312399
5420380
39217526
5125739
24742517
17617254
40768945
31181025
41852472
4728820
13412496
27255786
3734386
38655391
7416500
42595867
16595831
35250944
22916669
25770367
35641343
25716115
42724068
3325625
12901246
24425353
39229468
43266410
8293100
2607038
3233278
22128534
40200058
38039919
43406094
11315049
33828278
2179783
241894
14548586
19504953
13161761
11267627
25857244
39933790
-154831
39348567
35975862
42405766
35425110
33767402
35046073
12215638
16561086
7973904
19264466
40286312
34562499
35032981
3334423
1709044
14781604
5929715
17699520
188495
6196122
36930393
11147176
8732365
39870171
17484635
39428275
35339051
6910488
16131579
43287476
3675694
40927993
16683681
22668706
41694160
21231155
39973584
30306928
18250581
3750997
28550756
39642238
20098608
22734761
6795648
19748025
35403252
833599
8580993
11297438
17005845
31021269
41287986
30152096
36781090
39041146
2000209
12688579
30314478
16051543
15266672
21137213
32538499
13337794
22070432
25746728
7659247
1841269
9929002
27599317
2881143
25065731
16370316
37821941
26276153
35805486
26161887
24798366
30270685
39504450
-605234
38491531
30003622
24065309
1465213
26654138
25483548
33012492
1048452
10166844
39219746
39092274
1902758
2759300
277607
40667531
42156236
3851272
38781227
40686152
161596
30812570
13879302
11106266
5083750
28919094
35108596
-831592
5390919
33860539
17912258
24338794
2888075
31084964
39363116
22668209
10058086
31672468
20721775
22926479
14897421
12777077
27635017
5438721
8400572
15439103
25187363
31859164
39755471
9360506
30508412
16398776
4583835
28342415
13374382
17107351
36847925
38820502
2073220
20373383
44140
37763497
35995347
41589268
-693497
27369663
24338963
19082926
33611046
25356761
22214025
14109685
296217
28524962
12460855
2299087
17247292
38409417
5586766
2708109
17314873
23723150
28010052
20726755
14720318
27300296
35576937
13287470
16162437
37492313
37552656
13888132
-884992
33610152
39542608
6117183
29693380
41415581
41924176
31784103
5959579
38614633
27028726
27886724
7764761
43313675
21197099
310214
40844575
40487702
15708078
38930094
26076702
6857884
38046998
9636544
2964595
10217889
18382069
8543583
27496236
34533799
22527648
34745661
42229374
25498062
20615449
22261390
4000331
7557381
41255713
36668991
4879169
37845986
35492980
15481755
5048350
7158254
36106346
25016298
24328334
35215187
23179050
17273582
23949996
14356488
9006075
31643156
42362519
19519574
14016825
4917482
7855071
38742009
24650474
15612260
2360646
10157476
38418127
4761420
12741045
26624479
30660268
17067774
2551124
22041904
4045384
272441
5617494
38047733
42418284
1875993
28779770
43047963
6325932
20560190
1904618
32008232
10049956
13340346
631200
23779939
11757058
36631580
6527593
26339597
4398996
9090235
6356867
18579171
31147518
12759592
15691170
29104112
20076071
12206857
15858700
33463998
16156435
28555246
39573951
15918189
42170996
32993165
12944610
20374408
12043337
19051383
8518335
40451908
22421825
30999514
30424099
-583040
5007195
3942306
18020018
38893633
34792142
-109193
7696670
24404244
21439787
26389469
19233148
39510077
29430077
29181057
39996376
328712
32383441
20153336
23820985
16600823
13048411
26001533
20001191
11647972
9620604
4243617
22590491
42931903
36361012
179922
38443581
21612513
2559384
615948
31679316
6574384
3938944
-222403
35760294
38430179
33024648
28300286
41716329
40912290
14317365
14907979
37497562
10743759
23209081
43502207
15487192
5546626
43398762
6508677
34748599
27546680
17762818
39010093
5225378
12591373
-276204
28955257
39878295
7738088
29233271
17310092
4057687
38486267
34238987
16778271
21689996
16544376
20419796
34817792
13904836
43040841
15535818
43430436
14442195
35306863
25832668
42444954
32948451
6179514
19706716
12338621
13631226
24914155
15917159
11270953
24563927
25828323
14129204
2236303
25470950
27810204
17754265
25851856
37757806
30334967
38759569
10907744
6921036
27428892
7956027
11473514
1781470
39378072
41433148
21550957
26683789
7243388
14025842
20187988
23312083
12250945
39793222
34798212
982219
5443468
10305217
36002693
15608302
37179029
7255904
22258223
40125739
7748831
18178438
23546879
31166696
20324793
25587120
29257746
16811477
1345400
19697282
40173654
27936552
31340448
23473173
14055084
29085912
29952388
21090253
24112761
43194587
40834549
24942251
7148442
7661255
30257752
22183027
11952348
31186816
9365506
7231316
4037600
35027264
17277238
1939078
16193607
40773074
41765587
32719235
3398690
14098451
35923995
32103043
28006761
36539990
28236421
7404880
26219520
14408714
22738992
-286216
3300808
40237598
7056612
43264877
6692505
30265507
34883023
22383900
17044760
31562870
27331290
33108812
11038364
24101883
5816674
23331064
25609500
14523584
22944403
1851633
2767025
22958323
14169430
38018002
37311382
14811790
42446212
32309798
6598429
38601712
34370301
8316568
34343529
4854257
21071207
18629103
22923944
11953157
18672125
35624077
36278519
6188140
36462829
25658627
27959132
36163595
397720
43528745
43449838
9268807
35441713
39143377
30363265
28212394
-598382
22813500
41361127
9907582
26211188
17601207
-576506
39491355
15792238
8824124
4275262
36281374
16275667
3283629
18437974
37518211
4086020
10299958
37403161
24627447
16828278
13680365
12885001
36566729
34174601
27743210
13171477
24704365
40726726
38492742
15530631
22376789
8794556
1844441
23254564
-829411
42827573
2073797
32651796
27450809
32806831
38337168
25996132
1177708
35185818
33433412
24431959
-865592
6019055
27062027
42062209
31576178
37721418
13576455
5081849
37532803
24893786
19257418
32541731
38887188
27887146
40812017
-868546
11598793
7426608
38813311
7019187
35339450
19379136
32438458
22075888
9329919
36196720
17729239
13219843
1464672
22835866
23427444
17533299
27674034
4268992
2759899
42585740
33665747
36204564
2751572
-487559
28012411
33631074
33668182
41539388
20454678
623674
42734449
2066138
30485733
26647921
23429768
25296792
225483
2525829
14386522
17362091
5555103
13203022
8431867
29251424
3660398
1891946
36844511
27632730
6700223
6468500
24253295
13441422
13047558
16309335
25116140
32424922
8394315
1485466
42774026
41538525
32884204
36661456
11967470
36255880
23186084
28136752
24183817
41131370
18518717
27824930
4480288
31766296
5188648
25589182
19443269
37765758
11175176
9460725
-445934
-731100
1261052
41392076
9306078
24197643
2088928
1495862
14017834
9303247
14756080
5784582
33579184
30500920
33423838
35910037
40799469
35475063
42630275
13732541
4251055
6544603
35107647
23916792
15242439
3020477
34969873
9241699
28668383
34249118
11217821
24981819
17576150
28573360
42242654
7096152
11832679
38029162
35348712
43507861
20498937
7336449
29523649
-261515
17454868
4770427
29770478
34127846
22644460
21232002
-858455
29125183
10664620
28953647
10725811
423699
12217243
5210815
41342196
12660686
8647275
14919475
19974303
37060050
13889182
5135130
40108876
38707643
32541951
34098153
244370
36613360
33297024
9805056
28993050
36433263
22076580
37430629
33659490
20554488
29054929
13139155
43220845
17648732
40578607
15242209
30153377
27555976
26596612
32286183
7637167
13777811
24936585
37059516
3777808
9727805
10015509
17608721
36591314
13645203
30525108
5763554
38471717
19112584
23608202
763188
19425183
10704066
40602856
35475031
27125921
16717128
40884707
9266724
22828506
13707569
39713364
42437922
20113469
10479528
16655540
42173254
20901810
25870599
29345182
37703953
35385426
43212960
27335483
2705356
35728216
-645319
11298079
26502628
40930413
11871056
38990098
2491467
23546135
41401445
5066450
9840498
24584878
18090834
40518468
18822683
19348506
1907228
19452277
27074053
6616783
14490484
90469
15392493
37076692
36816735
10881224
10415884
35930441
25111571
15503494
376898
33328047
37982468
197878
2530853
4772325
33579910
34722959
6305678
40490779
37903090
8624158
11308983
20476682
12650302
42994976
40798817
20032974
13992417
10881867
39721935
24043257
39712692
25094487
4286996
41652983
41086022
1029620
42346579
23168725
32788935
27792974
20195066
29805024
14247692
14148722
11862486
6429314
30424552
22821036
7439060
9885996
1425222
21244295
6191566
38044283
31711898
27200725
33017870
32660239
16814412
27776435
16784340
38767709
30285640
29892645
41094335
42185563
6368432
6180003
12046037
6023229
37091830
42375528
6773963
26655001
9931879
11763905
16572002
21477054
55754
7123585
11422610
9185968
1626107
37971697
27803577
9303365
12238857
23189241
36417657
-347753
26405389
32054019
-626281
22279491
3128963
12069287
41913454
25136601
38612579
26721969
9624909
28555782
10046175
21571315
2931473
13605093
43484930
38845295
15611610
20393495
38515477
7324060
39744940
29668385
32075769
32376440
37032034
6791879
38488416
25353135
18882932
12975178
13144227
17116713
24518810
23662320
3599828
41045854
510435
37814470
38457304
37695856
40219014
10856901
-425829
35729994
34598553
38719191
40910013
40406239
4684505
9388652
24774847
26754175
32548601
4307574
22307354
33305260
-663342
30040331
34603295
11092519
39270798
14064883
11646923
21348082
17301290
6234615
19340634
39898101
17117986
34809135
31186301
17812432
12168771
41794188
33511891
13542547
27054535
42611488
20999871
16030847
32124068
22631653
10533070
3996449
36324945
14091075
12140296
25992758
40712197
2885453
17958478
2563906
10325046
39254279
25094803
42196092
29718365
23794533
40834044
36684129
4556523
12992150
28830770
29452021
26846832
16277714
35115528
2667870
1475357
31538812
37282474
40539996
37733009
13082215
23572160
40995493
39624272
29108580
35493924
2174586
23509817
13268549
36803288
41566415
6674905
11224217
19357703
32457253
41934317
24991985
27367944
3798745
7691366
18130399
34473003
2522158
29169319
2743052
14920681
43118810
30312724
10095865
31563198
40364969
13946544
18389096
1561846
41357817
13383292
33217122
8561248
34181615
24620152
154839
21777391
40893306
28324385
5296517
24395300
13705380
6828690
6698848
25672812
23102492
27675570
33520344
22254541
27413761
776530
38523594
13561667
30434305
1259453
8684412
26378899
32119692
26731559
35326862
34513054
7592421
12560701
18983787
28269207
39753244
36699859
23613186
25186056
10376154
10482329
41329588
1387296
29646998
22503193
29902505
29290775
18141388
5796314
20008199
23253205
24707671
22383408
41037011
24463173
6537140
-515826
41439937
19125985
40382975
10925509
31528476
4492208
2955794
6221910
22970825
10872959
4188282
7753899
30366388
6034311
37040775
23742241
22164544
5103696
21001289
14369607
4252329
12811265
29904874
23111710
86787
22649206
41307254
27077117
36444967
2892438
9712551
27268132
39028832
677908
3594582
17005460
24963796
41534529
23199784
-122338
19158118
41450648
40316725
39843870
25652621
37891916
-824001
30358935
39204731
-54582
23242338
32872967
37754335
-381961
15959904
33817897
10902536
15649885
38631992
23600671
9566045
38591189
9584802
28670006
43381798
43401463
34821158
38303844
9248304
26545194
20659906
23480183
25965497
32247403
40084389
20786655
18147628
19020517
29463864
19175926
30887755
1209408
35449725
12351284
43241994
29273577
20512796
6467094
23976226
7136180
34911679
24847347
7801864
11844247
25309892
7373212
4404051
17412076
-535053
30857445
10011103
37236684
37901877
39447273
5395105
3526041
25094803
31963536
27316272
21440799
32760332
7295070
12989930
38260238
21716982
16316553
27708418
19587767
18121800
-553170
41248816
17167093
36450959
12155164
29973773
16421501
29382463
4572242
17976126
34442318
21855484
24252517
21616489
12194707
27460351
42250901
30223063
27221086
6067044
6570771
41956012
5377425
6862744
26044399
13446258
41788123
14759388
35916029
24328322
16016890
31830958
30559851
35504814
21326426
22477683
32337777
35847635
25597544
22747370
23002700
4393432
39224886
6911228
33472607
36936352
31391476
18105316
22355847
4951528
16259210
-540682
7641970
34950631
37383835
32724764
27164757
28198734
17660493
3515950
18658740
567399
12375043
7346563
15645292
1476470
755589
35996760
27291953
37671413
14860105
5019483
40360730
37303422
38589358
35338996
21796377
20931269
4287613
42770645
12464903
27439287
-35286
31675667
41449631
31352416
15052292
4805496
19662019
34590992
25400742
27529549
13034455
37316054
24661888
6299579
39407360
33382028
5438416
42156462
791071
6172140
39882120
34659995
11188005
25706412
35230532
18670420
8503584
13663832
7294282
24116688
42839197
1768736
31177015
40679880
36921206
29333887
15457619
1157379
26632699
33821977
23387608
26160674
8696719
-456891
33044833
37368407
18379607
18363080
2482633
8077546
39850946
7985808
16757818
8713134
4083694
20761914
11285137
13799655
1227046
22893440
35858770
6968331
1587479
37872770
18963525
39176954
25925997
8760538
15600801
7158617
8980259
28832844
24938356
34937265
18729244
28201470
40668626
2674354
21081659
7407787
37896480
26600696
6594985
19216344
34334731
35365529
39881318
18874149
34500986
30249582
9387183
24945092
27355061
42330307
17365517
37299819
38592013
39072388
6848367
30164325
-749408
26206877
36229367
28982390
40772342
33505019
29578267
35671457
12059808
2768962
26013814
20957192
34728532
40380482
32059022
35623354
26773328
5526869
16154493
7357677
21107675
26306634
42976737
12383353
39161411
27439542
6440243
9457807
23965942
18493393
31965378
16894132
3470914
8265541
7599058
15860198
24813441
40235024
38626411
38311628
24265748
4833177
31746354
18562183
29056583
38112389
42005550
16179200
43012620
13649994
28246249
12684223
7532040
-119037
3058214
14006697
3000638
22143083
12658173
27827974
8960428
30748711
25469828
37535006
10346661
36309418
25875577
33811088
27917634
6888318
19276023
33917942
29999838
40657242
14857679
33065930
26911627
20475627
33657870
37718432
10239546
9125863
40934315
27428879
37068463
4097691
17188692
28160185
13307526
43364026
3602028
38507519
20739107
29423941
20956121
12526131
19650399
12788923
16092141
547049
16371365
20883542
100208
35490878
7863145
36572079
18498442
34587543
10883089
36321184
4753792
11806634
4241689
34647089
6092514
13532982
32562982
18387892
26092288
39155352
41203157
8508748
9495645
40417994
23400223
40052490
607226
22921732
2327676
3804082
729411
33989342
6258410
23460
2547429
30873960
24465066
43347043
34529502
38205207
14948670
17320286
11733652
785150
40784285
43018373
40016632
19358792
8139430
23597736
2176044
24820515
41215599
16627987
700723
27777734
21087609
5231998
22872847
28842910
9334232
39879354
1133357
9428465
36130315
18632919
941016
42451412
33242272
-728395
11367712
23685574
35779802
18421372
25512266
12090256
6985407
15757322
34175955
21074381
20764684
19456155
30807885
9483569
-829656
42105036
22875068
19370951
28760236
13787678
43436957
26283719
26454263
30746392
36547602
32331074
40287894
43011237
16715880
1935216
42826869
28046928
42652317
2297087
18515449
18016932
3649119
32089883
43203467
9223676
39159221
12196445
26194811
30692852
15729379
2833624
6271700
12027218
471566
16665422
7731563
25009963
40315561
18816420
22624686
37765605
270306
11554829
35527510
34573571
21588495
27639032
36444727
20585318
18865483
35679183
42849400
12854673
-578095
19814792
32040745
14415528
24682751
9792193
27735802
40059739
-242539
33452597
5336939
24322101
20080614
9325056
33140394
39762736
17334679
6779322
21122979
4194166
42269537
29503037
12965073
33956106
18267353
18334298
297977
6706120
10538039
23645712
17444176
38533561
6587803
28235212
38636946
1986688
17639362
12908208
3966187
7526005
9281333
422886
8256038
32769307
3387409
22383196
18970363
27628140
1254566
43350330
29937986
36985264
23939253
4536612
38757577
36489628
32719798
42610243
3246
39207230
41914222
7190777
29688045
41863557
8321451
42656722
14445461
-235663
33089042
13226465
25520
21031809
16250152
1618773
22886790
19169584
5784731
3667209
12201228
26791928
5136380
41861887
11175170
37159
8219687
8886269
9525999
2477660
10664569
33064110
28857816
39262055
27243541
14927438
19722386
32042039
20489160
27542533
-69433
32349814
16135080
9822393
15027568
31528912
26914100
32593350
35876006
30466384
2542439
40044282
9975217
12732352
16348516
23275034
6122418
21694639
18124450
33385825
11550976
25431155
33124145
35693275
9015043
8900968
21120435
3736062
24931640
3588858
4039372
20015184
26237843
42820617
23589782
2392881
22389844
29812962
39435730
42317283
42537564
16583868
39311568
22590732
30800254
7898285
36610152
8239129
11118674
30950735
35162431
30749537
23889825
31735979
43196157
20357366
20915218
32028739
29072245
11514117
41041863
37087511
4530877
34198383
36256032
-165812
41273849
14296725
18207507
39154479
36921705
14738931
20321077
5385772
1325248
18656781
6771982
15052696
17684077
25497807
23141546
6354239
35690342
17460299
41677176
26302
14274384
42327238
26705229
1878525
24526093
26961276
15868984
36653599
14414959
43303368
8936353
26197066
19744197
2309220
41126322
30355921
9543222
41393059
17880029
22240292
26199432
29408894
4163090
38192503
4047740
27584110
40957195
6003382
10629454
38422421
11628073
17373956
32358398
215574
4299060
35301900
33081539
24876732
7146301
21869583
23983471
29948414
10274277
9891915
25861135
43191918
23814160
38698870
33363127
14007719
8921404
35158114
39171168
22487634
10882251
9539404
13420742
20022895
25820577
43045168
39485546
17558174
36853491
38784558
43512511
2938041
33862159
22428035
18520623
10986087
40167929
38306860
21090390
18485190
2493647
1366595
37002477
32664638
17645073
10861942
37276874
29272296
41506551
-966496
33502658
43217206
7552246
30188726
21772367
-60709
28219710
41738699
5954026
35261406
13510172
32794406
17349878
32994415
5637021
10262316
31985889
28419251
32062371
15830126
8209340
32913354
27594918
9209140
21141740
38431010
6190976
10984400
9665675
35542728
37573298
31160821
-727109
12044477
31838519
21241497
3914550
42857817
29787922
32327091
8863916
32532665
30079573
962999
6749006
6008781
42251341
15628889
37886012
31670846
9134836
28245810
34408695
20432231
10154250
32091128
34447379
15005858
20604926
11381537
22730247
41480395
15027275
33211019
12506545
33148981
11285447
29126672
27814359
37696218
26976601
2372109
6677575
7397097
41311005
28909345
26280034
20169776
18308150
17724278
34743586
32177450
5477905
6740559
14715196
22684999
25947126
14920739
37938156
17812734
16770736
22581873
1412999
38970183
42794963
40300044
11400785
40645569
11631989
24375318
28408771
41933161
19676308
9311994
10848148
4318034
33268903
33667427
6329402
8445671
34902306
41018325
19496671
32757087
1088774
24798827
38087437
25219454
22901182
24718222
9444621
15016205
17568345
41910698
36619595
3208143
11102990
28312211
27430406
9084896
8106045
15454888
21959063
18991881
23034997
21827729
29986101
5025763
25309145
14572901
10498336
14871339
187640
27909475
41887008
40301516
11370413
12766362
16185263
24663349
8404599
26294748
33458991
11660197
33564322
42436450
34195945
28458841
23878855
5142214
9492130
16166939
604641
33366263
19695830
35138839
14236058
26234830
38521943
12584184
12649916
23066147
-325213
16404200
21351048
7509862
3345466
20512688
7089432
29165912
20894435
400478
8661183
22452458
6655962
41905521
7259397
27500809
11048568
27742436
20364339
19116603
30109770
9552101
11048336
17504327
4675270
35118733
1147798
20680544
13324962
23945012
9659943
14445345
6927548
2933912
13682774
7307986
34315663
21267108
8504184
12872830
12439210
18852733
23929873
33275572
2715223
40791173
27224755
3355463
34564880
6392872
21124060
23593278
1899586
10000170
41366377
8190604
16407244
10924026
9989913
30197399
27379168
1524331
36781514
28576817
23245904
28933842
3301850
30158926
23414919
38715770
12902336
26409566
28762301
5058452
14406059
29940819
29225116
27000525
2242943
20025220
4586255
32103597
6751135
8582751
39183274
4416526
6392926
13681250
10684508
31811301
34902296
40383093
13016978
18505466
41005383
40060253
39730017
376959
40126354
39312400
27259309
8824572
41379484
20512682
21098448
9060322
28832973
15023306
9706471
25729668
20407547
41830510
40191789
36568419
6567589
38367500
4911392
37396425
11153474
19302523
13286999
2117634
16620371
32368376
-785497
40031802
17522411
19427853
31875089
32354528
39432060
7166847
36932556
13780459
24864633
27459411
3280066
43337536
43063967
28938617
31536246
41864611
25731336
29278570
36391126
25376335
17230498
22178152
34354924
6974667
12809217
22343553
17407517
23714621
4349455
29608739
16644617
11584352
34392881
24062181
-476823
32556262
6908398
38396736
13064643
29998329
4170835
30808318
1404773
4838237
35827100
15584978
5404742
11528863
33281683
41104315
22470315
36931355
27780248
10956707
-146581
12799858
18593336
39065361
10537077
3606197
33814840
12096023
13403740
38374305
7944474
22307070
26278853
43346638
32397121
41622850
7348727
19141109
-629526
41155684
40672823
32500310
3108514
21823886
8373190
11495025
26142141
1792975
16811607
26939562
16532601
35539005
2095774
33039640
32409306
24949039
325199
7121016
30457338
8763151
-121341
4467531
28423123
42420972
17270208
35863357
30344737
38051945
22516641
30834156
22845834
6958389
12605047
31461376
38309621
32977334
35154362
20181318
20195662
33974196
25509472
43001501
27615544
16820036
41819547
16691813
23520674
39758635
5712882
34563431
33989978
33344178
13958414
-640654
2505264
2716869
35051968
12446939
9533571
29774843
15572484
38077869
13271822
22602388
33156409
43451880
16163076
35039035
43309217
32522940
18761263
5486119
16355840
22095910
5156003
20311164
9561821
41972529
24161096
6375150
32012032
5222800
41721200
29008521
12300884
9228437
15993557
11912317
6350692
42438244
-453013
2583414
30517519
18857966
-323353
19472084
25575288
40928308
12791885
21739327
36064239
17460671
24147312
30850354
20670189
22348588
14128216
24462295
33974435
37253050
42705463
25717911
22353701
29335772
32292096
17462640
37498676
23046680
23908970
4885837
9739807
30273169
43170683
41945598
40939037
12020398
19247328
37783557
22791989
563123
13162817
11129860
19418984
14557118
15789197
29968434
34829341
35788873
5459801
22590083
34124660
10357896
35683078
14514826
29733532
28350510
9433055
-410701
26673667
13826916
9533234
35138347
135952
33252264
9104107
7479004
19123000
21876947
40965237
1335735
-659095
9794758
6323499
11888376
28621067
36581161
8005467
25204792
11088683
2573501
11387006
7662780
43362332
35342318
20087511
31830836
22654141
5479396
42126826
7822572
35027792
21400226
40010063
13221240
35030830
33119283
20061547
16943735
9263865
40439575
43246882
32566351
22170854
29280638
18420961
19610721
24396077
8060235
11269883
20994365
13612502
43067749
9731072
36426721
24098746
35360177
35776711
41654429
20528560
24875738
22385392
18794716
23932619
18094326
20757852
3136593
24986830
31464922
40277213
15782901
16917736
15702958
16473348
13740403
10027108
6925407
15611570
33001875
8891449
26411697
1164356
37098276
15647917
36597120
16818145
32688527
33685952
35226389
-183672
30923742
36590860
7146574
84731
34577463
26334476
11465925
35826713
11373662
37220715
41545403
34344311
1967735
16515958
10876141
9442918
267113
31176403
40665382
9309654
17937960
8771164
42881201
30027639
42564182
31614482
37046004
35278807
33772800
8034105
41744191
26677043
24500135
4680259
36547506
38965327
21995220
9931557
27156877
18573620
2666323
26534351
28830609
12937051
38337349
15237508
19447680
14401768
22611248
18870631
21065927
36845036
23948613
10188612
4123583
9012317
5533609
34043540
20682827
41387815
2557567
22729257
14135873
40216704
8878697
43399041
43089969
19683862
24403927
41622692
25664203
414574
35647762
27502915
1521705
37120208
21528269
5829858
24836014
30405012
20094559
1175332
34659036
21407382
22565189
40661719
26102039
29455888
40799784
42593323
30672762
23152948
19330456
23679784
31280162
10326185
10624723
5680577
9013982
42104536
253086
23570229
9514745
23949759
41976284
25909230
9602993
30201544
5453495
7697059
12923825
19670075
12008999
3529993
26338308
36184252
19868067
38046157
29734217
16535840
8930835
6683497
31614106
42512621
28922406
41336372
30409808
9680793
12784914
36420795
32124512
154985
30445229
35793655
10466686
39230418
6041662
19276547
21348034
13179184
16333062
32838942
26982640
10692361
16301985
17979940
5247773
5842035
36491103
7413174
5807925
18726617
2544344
34586789
11684970
11371093
32935424
21639537
28682979
10714179
8001776
41741156
14126586
25281650
14804055
34583213
4045673
31223453
31201243
38604433
5537876
32208995
32412668
42043390
27393590
7202729
41910687
12922563
6013809
13834102
33201360
23412715
29584228
38349122
37723542
36125376
22327830
34763244
39365141
3692248
40680942
18479461
5782046
17005563
11180328
28733849
11079199
25530389
4519917
11147321
33036492
40919083
35292303
12505603
-932835
-245711
42432265
31327860
36316163
6951770
19133231
2039095
9666408
36748141
3956356
3394214
9622299
6483348
41361822
38930612
11578739
42910503
42644466
19374229
43526367
36064602
18282628
20522941
2805803
39542412
23707441
38319144
36473414
20015925
34643049
32199669
33759854
29591327
26742248
23352687
8538691
13456712
35482721
23561046
34736309
378004
21892034
20150140
28279698
38763178
38983504
9808712
6446138
3412776
21732357
7084504
1620850
23248749
17608040
11158455
5331790
39904402
32285147
7087499
27017968
6261648
31849108
26235590
12388499
23971190
3433813
22967385
25069668
23526098
8982076
24004209
12131107
6038260
13980510
12510107
5355485
34357777
17415164
-408845
41772253
32509942
41291418
407296
16317215
17052326
36465644
6781777
4782541
43439465
23037922
13885657
621458
15474194
23811379
19911062
-33882
21335690
19148203
38234136
3845661
32464913
36607669
42760295
13389283
40096123
5650483
12211855
37485670
26230248
23675348
34267422
37728470
16156651
20779283
7483726
43005801
-315819
36257125
1289500
39972658
24621048
33636676
14760473
904450
4528959
4096831
34606165
17800090
40293005
20713522
13216556
37901225
7134994
3024838
1273955
37865240
22324403
16105066
27160483
12437287
29255243
22612705
11246471
42231356
28990696
32483938
20677112
22463011
32483081
41240386
37388399
24849691
39169592
13765777
30806959
33171772
7887579
-619815
8204797
4442709
15978618
13311657
10442049
22150433
22110002
9676197
2158004
8122707
13338273
19545798
8066602
8146845
209793
31781318
34629068
15671770
28241239
16923547
28899010
33296760
39142550
41690277
21669021
18161487
4506718
37643227
10192294
10064541
1226825
28068379
36018580
38727997
19766683
37221556
33307078
5555643
35262870
1370493
41787289
31071112
27205334
28717374
30185101
4665367
6870524
21309795
11758296
22148410
40635823
362937
6675539
8546001
551409
20136230
26736972
23136706
7371539
6742652
21670578
25027031
40505628
13085743
24419890
2353973
8022276
2192987
14407308
19989319
5475953
12487872
19320792
3840813
18235556
43304721
11606951
19458914
18668904
6330311
18770665
41287362
10051331
1417258
9991031
27533793
31256754
22355689
28710399
11072155
577339
17004123
24213982
30029671
26778272
21311743
28321247
37669734
24012463
25546655
25093410
13644041
43131936
31577047
21612210
12802622
35799065
7399251
-456660
5931376
23632029
18332789
24274354
25637098
34561590
23955682
14788171
8681320
26996255
10127122
23969565
34197716
30972283
39764873
10203205
31141155
20838149
42776375
-729081
24130974
41906582
31354798
29903400
-841941
7530914
38781989
13988753
33835138
27822948
1616797
25662767
22701990
2328592
10197408
21611867
30026182
17782131
23969390
22345106
7487806
25502618
42308148
30711237
-703339
19172395
39681821
25187548
19104723
2600778
15644477
11141166
3846732
3432508
2895432
12401634
23413712
14307467
29472461
36304613
28329072
37234051
19281784
11647413
18095341
26899527
40316684
21166962
7963466
23124915
37788717
7964014
1836489
14657193
28487173
-315035
28786463
19120655
25051696
25718792
37674990
26772535
5362405
30147293
7055774
22706460
10782151
40622107
30069242
37353992
35294505
831784
35624434
14096460
7654383
2875857
20780294
21901735
35241689
40272026
11544378
15255809
20650740
15468001
39191104
35245049
42308579
19856634
22451367
42088387
31482386
34517984
42934363
36122690
7455413
611476
26481554
10975747
30768084
8324163
4167795
783099
17360044
26749500
13815217
18192125
40297279
33574345
14714664
17720077
3692143
23753125
26510003
22863819
12634227
32826633
23777982
6491537
37925669
36454790
31877422
2294651
8864372
30249749
26494716
42832432
35606543
10424415
15124814
21084557
-776949
6120770
16708997
26012836
27560013
17074718
22827192
19454738
27758018
21988194
26681969
25877299
19283492
40574273
32237748
5817427
12442758
9291553
27679001
32754055
11663501
-376970
13734373
8237616
5160785
37138231
14874008
30893514
15103043
7055048
3303206
12045166
9182047
36319354
26273168
29272601
41952796
30950883
39452466
5379782
2772145
38879377
12403989
5761390
32766342
36091249
15376533
26979697
-488569
43455046
23437216
21188419
37111818
42789884
20169141
708076
22794152
9652408
7620742
22388640
2813247
36077115
28149420
4348017
40056214
19566034
293998
11192449
9369543
23711853
39682195
41823729
34359975
34718732
2373385
23025826
26425706
19694710
42092538
35514535
12268833
4956543
21389297
13280644
39816307
39339892
31071367
42982242
13691008
43158379
7691459
20674143
8590977
1907518
16073287
19392526
9422898
31055660
19800158
17267456
17147413
19965806
18078777
40061842
30896562
6105656
32706001
-757572
26428297
14014510
188888
42106154
3372453
11709767
4027212
28074304
32959763
22000794
28250852
15273791
23733716
19092939
38952724
31431580
24460234
29456444
10559469
14121142
28056607
33882054
17326371
21528472
437212
16796651
22117351
27366998
15260234
40968813
2023460
26270511
21558607
28110289
41587972
6360076
12863871
7032639
4377631
9626631
13932992
28837338
34429071
34615794
24472181
32516426
21742234
983778
33372542
2803237
27617236
27758588
6780369
13987789
15456069
12943741
29889120
25532973
23101619
10389847
30729939
34707838
24932068
4649213
3076343
42232423
32842396
28839092
42345861
10808404
18612114
40037619
-442598
20589987
17925948
30641464
31388872
22398591
41056024
11440727
24022070
40170944
17514864
-965023
28290152
31252841
30452291
28679466
20647480
33065991
37235591
25009945
2425123
20406363
14805284
-671371
32871495
15001548
43378194
21670604
19497493
-476130
376018
12228481
24008608
144350
13249189
6909925
30467938
431687
14355333
51395
31111214
4773756
2299598
29534089
9149231
16388543
25640125
9153027
13245308
33361969
36179094
1627478
16870548
35893385
33265405
26019504
2982141
24964582
38802975
30100063
42404222
30709907
2968135
36820878
15175319
26247838
6515755
42011888
12323979
35543636
14018855
9790071
22766189
1696073
12602056
2887649
2621702
6596183
13754077
34532832
11058721
39607932
2428755
24357476
5673519
43473024
15280499
1366300
39692416
3497444
15348352
29216837
20872076
29119692
23179233
42019827
23153700
8895951
20924884
36244374
12445964
28616000
10969978
28076427
3839297
24014801
1612131
18364296
31872036
35113007
22479017
37477481
29978318
30194237
28044839
20716579
8233995
12354457
21156028
13484348
26698133
26409170
29641560
34620171
28984732
2540033
16523560
36272986
1640036
16468324
7041862
23333591
37596103
19856472
26469149
27132153
22398594
27926528
6385960
20052663
734998
14344609
22206066
36349795
32491606
2757684
35693223
12450139
21743129
39044451
19894291
30849631
41942085
9981640
43328513
41668373
10489530
19625213
15597636
995246
19642189
42485520
12900004
36448323
27503181
25580373
33221591
41067620
30929253
36648074
27208605
18480402
7638380
11068284
40721414
20394005
38311055
5328406
33308344
6476665
2139381
21722028
29219960
3263432
14959960
9977839
28531187
11603223
26298844
4375247
14254038
9066439
22823167
10878589
13871368
31480010
22680999
41415547
38289086
18887489
6598567
28301999
24125501
34896932
22266465
12487893
37900956
13853939
12621670
6793072
35884201
34149982
19973039
38567085
27714281
40231088
2265732
19468118
9285185
20719272
17914107
34894339
36309814
23022228
34649060
36529973
29157488
883319
13495989
29874794
41008131
9158236
33944468
23073310
25730187
27451054
32086215
39588376
12689051
25190835
33463806
