17599628
29920236
16569927
9217080
30059432
-333646
1711035
22689010
12946649
7902893
40779532
21301924
23231927
40896725
36436724
27107426
40125180
10935705
5070756
10001346
16402085
33688780
43300265
32539371
23243235
30296962
17748895
26354673
24990346
39060257
37714218
43180815
34433063
41675045
3188412
42640367
36432466
7983108
39619136
33577973
8747774
32054350
39571499
11309882
5877791
27022314
24004885
1223243
537247
28662654
749278
26026064
8171472
31337715
2441241
28170162
18963091
7827743
34034170
17117713
42555217
42034859
25792626
8012719
28968588
8222124
14952112
31073677
8042881
4987088
24953851
12138581
5439491
32789062
34248279
35073679
20895019
19121805
17721780
18790511
3431730
9292670
4481206
25810419
9068978
18797716
14681919
23704999
29718249
9920332
29575134
22250814
13335422
40641400
10939577
23930097
13833098
24871692
32662551
27655767
24996926
31982925
13991874
38370947
30209179
9513610
26532799
12741492
26541859
-519017
1247848
14955572
7660674
32677745
-539036
35733217
25675847
980843
18499468
37569693
23690151
14249854
3787818
19539172
25554360
39119464
26278243
21552983
30306753
17919011
12348827
23500857
12144428
6738270
29402015
30365466
4553154
33222364
64196
29172440
24662723
15586329
25507204
28691591
33119785
30843346
28937405
3569322
15126559
35498630
35500578
8443764
21777086
33912467
-429731
29644391
6068329
4540305
11678507
38682652
38096180
1225798
25756042
37039685
11553871
5411798
21204719
27939530
24099472
35695315
25610420
29565240
6129396
32124226
34823903
21428796
36174419
32963540
10564986
34278714
39858753
34760816
3964776
-651517
16125503
30908774
16770235
6330751
18909895
38406341
12953456
42244401
8099164
4452047
12530213
3078680
43249838
6452510
38700675
28803567
26569765
27236424
11209800
39466735
19922227
23528380
37571758
14915870
1403599
10660432
36873452
18083887
35029620
21874551
8154634
32373205
31996530
27919852
25083850
41353961
40858309
14306257
17396290
28356266
40111007
1163841
25252716
18024147
8080527
4323116
18179305
30248657
4748460
16336874
7807220
20353614
15469074
-156078
979618
4654759
32355714
27137146
37340211
19483578
33342561
31381441
35873181
5188468
29150349
4500786
10030273
19696762
3424385
16198995
8784275
6073499
3114929
7984482
27714614
42503394
27720008
5984110
15328272
25919271
34121958
38877866
36873788
36542799
36745461
20019591
31766701
27606464
17176069
37978331
41812962
5735153
20803073
27974487
35785206
8579579
42210002
10725769
8858674
8818714
19309904
39897520
6776476
17473855
19714069
6800276
43449821
40351806
35120576
9264730
27250119
6472075
37677065
2368100
10019294
35303453
35504763
18005957
12223063
16735446
-967440
3488493
33661594
10343780
23157942
7346830
40546342
10757569
1713733
26804651
36753665
30395689
34343998
20920232
25451290
35781272
37098546
43208913
22486454
11643170
14610258
16509313
24090297
9830461
35103424
8008283
33603555
10848757
9295947
21323730
26960218
22780075
26719490
5695883
36981601
85730
39564064
32153542
23042917
11139282
16028418
39596317
24949728
43243005
3039117
23658
31578177
20656790
3272196
28959286
35751404
13800184
-956892
43400695
10026416
10235711
37114414
16106122
23873766
12533400
12070873
1472659
43225505
13040120
12545974
9919263
21085265
38922439
40797084
25103274
28123524
6847609
27010072
29814189
925278
22541977
30065190
12724274
9928559
42600135
41818117
21722269
42497404
3234127
4516082
26349263
11845969
1336193
20323637
36844810
28303104
8709228
6356974
41869306
21850039
15823308
20208617
12820050
16831462
36977577
19516107
31968158
41320765
7919430
27063977
34639677
18004552
40672280
13853912
24504121
36191067
25225204
39260614
-849815
28896341
30709678
33574525
20178567
4331608
20998207
38085475
29273741
30041883
20867318
11472824
37192812
24248196
11022057
40123582
17978447
4269837
20438541
16363865
10517308
28211788
8032067
17800409
525664
12801445
13208237
28408767
39938151
14004290
21844203
6677636
13658792
10999980
22988753
27005166
36977387
27942621
7467042
26236755
24751545
22539023
10903914
29210112
6656923
42969688
2176691
34824329
14466942
26122937
14426572
40481998
29522141
40778928
36022501
37532503
5579454
27740892
25625061
26027267
26648970
36159175
34073924
40221698
34519913
34614971
37907591
19074097
2209022
20934808
23188196
12480880
42502342
10508889
8502721
16049992
2160938
37462202
28827677
16128971
39261988
16198709
13734608
43025425
26070200
24491435
3391790
38750943
5122071
35523823
40284956
761953
3941981
3474724
1097679
27063753
23190679
23866807
18925007
25241936
29173730
4560363
17773939
43305437
6302194
24488937
30888424
43329507
27695458
9492290
6297898
42323508
11946717
15606659
30675924
2067702
5504769
40419218
15177076
36064301
1680219
12634357
36367867
4698405
12181445
25647605
23189206
17482628
41658091
38817739
-275007
27406105
21277414
13685608
18264237
6933813
197936
31008014
37956647
7008321
25685266
22363539
419578
15300057
11178512
11919861
15232516
30619214
34118614
1412933
29469486
24507914
26923083
28635842
4989143
23472524
25355951
14305363
27118993
36350195
30433193
27556076
42234785
34595453
36153341
17626071
16451272
40587838
10020519
31529274
19989296
42978380
2115389
17541551
32280504
39130450
13333769
2346432
-829
28096065
7895036
8068465
32172185
33055013
6128554
41842386
38606415
22520866
18384371
34677010
3520964
13107551
9063127
41232181
1203019
422566
8130924
42156225
37311881
26118671
33978580
22470991
7422148
31906689
10849975
37547871
15751901
31743955
2580429
24442597
26021467
25760350
42449888
6075585
20314112
18662222
27693483
3588279
28494676
4851767
26788215
12639434
1742862
14703091
20250624
7871964
25631737
7649855
7127580
23801734
22208851
7195596
24969110
40617406
17139263
39796073
40402772
41010878
35577890
39497560
29343467
704045
25416427
29226843
41373650
17576014
34870536
5063044
32395067
11324075
35812649
5756660
4084761
24952471
29320694
13889619
39510077
31125489
7723546
37648026
7501585
12588614
27535659
40337411
3881275
10821177
39177030
10544342
35010833
28019160
13513700
19847371
29913859
17488010
3572306
32272709
816441
28874061
2809872
17524681
43455741
10387932
7266007
310715
12130695
37622785
12468988
18542056
36305825
35725269
25140819
8837202
31072785
-666968
30468748
35254336
19080544
31740745
34382301
307061
836515
10672242
40633919
29101309
2442048
9866442
18433195
39594773
34012552
12069233
2722850
11954989
25460245
17672413
39843304
2619621
5267903
29285198
-521191
37403185
2580479
37447441
38238950
7290417
121801
21734542
35754299
18991150
21045579
4016156
21821265
37761642
11801189
12382100
26205872
13695459
41648378
13731383
16275064
40325053
-235570
12829308
9808796
27817284
7850038
12329376
39565158
33149761
2932342
30114640
17166523
21179254
1918547
25651739
27828562
16313094
39173618
8093906
1766623
39516178
-461476
7815161
31499290
24229643
3109582
36746370
27851134
27223764
24637298
7189257
235106
6051598
40239334
34637680
15600181
42651238
8932922
32281061
10015209
8177370
27573132
12279901
41469470
6702012
21123289
7084293
34410184
23765997
7175812
26899423
29704248
33327506
17955707
42210182
33907160
1690461
38191618
7301198
10398493
22266329
2237345
36454350
17200151
40852618
38072293
2797574
26669474
21774690
22327648
27734103
1439374
34607909
21612431
41885578
7135641
31882810
25091112
2160237
9984935
26125883
17734770
12844464
1137931
33243803
25192926
33189068
6898383
24734504
31541563
42282202
42251497
26713566
14101962
27244096
31458283
-883627
18856669
3247661
37156528
24790513
23758562
477804
14877379
17697425
4191218
28437646
39447653
21610198
10862723
20787169
27138510
42108856
7879569
41060038
20664888
8178727
33129545
21661749
20411815
25600487
23285243
3453752
14029581
16939577
2690288
33028497
13111449
10003822
10823948
17157448
24103169
20677846
24948210
26061614
41179255
26336968
10613191
33379406
160510
15987765
30348394
20570941
40770066
2477196
20898712
27260448
25411225
11013423
31541704
12948152
15070345
11644638
8727753
10354956
28141392
13550153
1155271
28868569
41283637
9003521
40070838
17308229
38453731
41213926
5340832
33296641
1913721
15750215
23569153
21717026
19502971
22974168
40436823
37618518
42879408
33288088
38761927
32071809
19999807
2872940
22412253
34128113
822811
21659565
34401282
605088
14183119
4575367
-210262
38825452
20457524
2226994
4574311
33802415
33446850
24911154
8736459
33064418
41101889
1026218
23084748
29692635
32123531
34334548
18154687
32825168
38038047
33768186
12591721
24330413
16648535
5502486
15674700
1693485
42934872
35431466
23180520
39887665
15598697
27666149
30891185
15547692
15067773
13858924
12626395
18922761
21172009
38106500
37355864
42716947
23762780
39716722
22363190
29118436
38976053
6050812
5993476
21714155
15307788
12453573
38325028
33504550
33593557
8958561
-244737
15467005
20938681
24931080
5524150
38213266
33467085
29499274
27313481
15286579
2961987
8704419
18823235
32107426
18032513
41892237
1414988
37256435
25470325
41063556
10632240
15496535
19955530
18644989
22894807
37360211
37262400
28595313
20065058
19674664
11480420
35674225
38103810
33733622
27520962
21684830
21038872
32294244
3365755
7032324
21146330
33905011
39235797
35226470
2169107
16137671
23322154
3584743
15439675
1205017
38142414
11466735
34314853
28689699
-503191
28459481
16124611
22009037
12878854
32008610
2544864
-554242
4206892
41106192
15380045
40560875
9822070
25554467
3575844
24816807
23700158
19841470
29691458
18577268
14159110
16527964
40937226
35381946
14491220
30293606
9948843
1701375
7869700
14520319
15894306
40806316
11401614
37997496
14495645
213221
31020666
28569060
39912693
39817308
31462565
1593319
42189859
20227384
15613509
36405037
27649767
33241359
11337994
31532580
1791430
12629056
27551258
15055698
18596574
25578011
42019777
40218465
40079879
23776385
37580618
37692394
22401327
6037628
5182266
14490836
34827608
29671954
35496087
12521769
27994569
7298040
24617299
32333521
20330945
25939745
17504703
41853773
28191096
42233601
26930946
17752402
37834979
21132398
19535561
40668193
19854639
29356693
17889889
14929003
13872736
8381682
41304927
38058063
36261910
39984129
31576808
22308089
21114451
7540228
30764677
33443567
25230479
13871798
35448606
20086845
4135335
33473161
8578700
41571819
40066178
6481557
15638618
31347073
2721013
30378620
34696098
13389660
8876800
25616725
2045445
34473444
31910636
27360658
14195149
36655937
5219504
129012
39623164
20265824
17803174
32632335
26677785
36660155
35667556
20797614
19583075
12267404
17630337
2894501
17484672
40311677
7555362
8638546
28507006
26855294
11352027
33021016
11375121
1152653
16239851
20490236
13232321
33323974
37488217
37046414
27212759
33203464
40042117
41594460
25248974
34959855
12014858
33875704
353379
5014403
8289635
23553809
7984200
1656302
883258
25526300
10140989
21407680
10509464
40086206
29879634
652187
3780991
15593568
22771080
33861076
33153131
14883343
14957042
31826269
38850020
34751618
28323496
20531688
17001279
842222
8805620
41036483
39753627
38868728
38264575
32339405
17313136
1051302
15373327
11724235
43329012
10303158
42304325
4336485
33306065
19710890
-548830
32003440
8499126
220978
8423483
36167328
31505972
21644356
18743262
19537835
38493711
28276365
43125868
29398075
16597333
19322994
23402015
17546485
3306221
2309340
2425162
39106334
27890726
35891644
12686104
20223021
30953108
26455460
4436327
24882584
12436179
352923
9681715
19041322
20405208
38773491
22083179
17564027
31194048
4995737
38104517
20278711
13353808
43109085
27658189
15862034
12784879
31880472
17979166
28092221
33577914
22664091
14288044
40436464
31140618
28564528
34702690
14669925
12990170
11741311
31639994
29956717
27364881
24633258
4530545
13040197
23160094
11680160
30586471
18561928
39968085
31585359
37609996
21500357
3413520
15934551
36982145
26004822
21692206
27457932
43117657
1114854
16029798
15104300
16696647
36675076
15805528
1207284
14908434
33974228
7263278
21933827
17779432
24229356
8267335
11401802
5267428
13517968
40321346
15137507
20884242
19549700
34600543
27113978
16023186
32188228
24538425
15806748
16813787
8998959
32869988
11265196
31674631
20431133
37377196
15996205
3603185
9102013
16582898
24207774
-800731
38812731
27171936
29715092
35712310
27584787
1642721
18267911
10839903
4646696
26504997
4233289
37346867
15214454
17753749
7663252
28092292
33537636
9805795
8929931
31475529
4354344
383257
11996844
14153154
25313418
31167511
17251663
30909704
29846280
9829809
6790201
19691133
7938639
24183628
42726344
28838852
29569014
30944502
34176801
36647587
13907892
40599492
39963494
2208841
11687236
7681465
17395079
42578711
36601590
29092220
31930143
945924
34222537
4304402
42046105
3073238
430279
12069423
17633322
3451552
26303080
2915621
20994025
23855589
25604401
29647208
6027844
38882162
-49157
13500416
8272784
30495277
36515175
38130096
10402588
17195944
41725533
23657112
41615807
30378211
8440775
39591557
42928984
-728113
18861139
16764582
43490411
37540258
4332940
35020616
17739528
4405503
29880183
25740134
17016408
25485401
13644661
17733075
20760
23813014
756996
16700860
26583668
23663837
18947572
21258252
37177837
18996200
10503790
8119138
36673024
33304640
3161705
6460243
1319581
12808143
867891
16324894
28122691
7308863
153865
20978662
43067515
5485941
21927067
41109661
35188366
14079515
17382291
6837460
28032913
22468372
18380992
5623332
19040936
6682252
915732
14823389
31511729
16322371
42513127
11868936
37132769
20610706
18983958
8381341
43480029
19053045
12197437
21739381
40695107
17281964
33816644
34489021
2419613
14106391
25671463
-20856
2730382
32310793
33176363
5165865
12125055
20905617
10236503
16085319
2643055
38637520
1550030
14054114
13550628
2424283
-480267
24182573
42355866
2983352
17593601
602987
34416245
28617232
37877895
20808878
23798449
19290575
6427485
36808312
10098266
42749779
37896787
5298220
19542588
42241423
17557540
35386990
26937530
32957019
42874183
32688911
36233291
21253410
33420734
13911258
35670945
37276238
5089712
39653357
20493974
3398534
1246124
4480497
27938939
40356188
26857426
36316057
28740786
21256340
14615232
29151236
3055021
13888527
28151946
15829399
20881747
13329679
5460442
35659508
2625584
18772292
9258669
2064349
14259164
5082235
1806528
952385
21694986
19189463
42440807
27947765
24630379
901055
1066871
33479876
27124313
32700899
9728541
34639171
235070
183353
39729690
32300927
10077572
17074528
1870090
24367176
35063948
4416165
30398641
28089658
38671973
935858
5047376
33151911
1024832
37194365
27032819
34615294
10955183
39751161
35336812
27701462
29829512
10848563
38915009
12689103
30744229
43116493
28445838
29647632
2659244
28865470
1095003
29035103
36758620
35132788
24205717
32260477
12906089
32373199
35970936
7099236
29686666
7059591
22812913
41634383
34546976
5863352
28154513
859065
42145262
6656388
29932278
42652803
25779668
24177297
8931028
38786618
36704363
37055088
1294089
12123434
30946258
24494422
25126901
16707798
41758402
36012048
31512031
5368840
4201066
37276767
17445451
32820678
9571037
41484150
28857000
32356369
8053568
36733961
28773276
39891894
36784609
10725957
14548976
35133675
18320890
39275340
33198738
41950180
13793955
22875797
17555376
20664180
4635933
24111629
37017363
21897680
1465987
16922724
6327646
35601700
28879961
42556740
24431432
31218646
25419184
12933455
16808535
27971326
13069739
6273758
34681929
14976640
39030835
43271220
41297991
7464022
16149656
14350661
16072243
39318885
41535861
30642503
38334318
7104966
12080721
6587729
26661597
5914303
31311286
26251243
10811229
33459163
15314114
899209
5859472
10956520
22136439
28271629
32030599
33925711
16174528
6257264
6791811
29631283
26864112
8041474
611169
4382183
23960193
33997894
18228949
28051951
31617888
28463216
21436634
17855174
3531839
14955094
23037657
39074596
10472533
21813163
12423263
6060174
7412543
33355574
37654217
2817117
523718
28303911
37713819
9993014
5618500
11996550
2097501
19279879
10026818
30546250
6565445
5553619
30677009
12569675
37740697
10832425
10230660
42526077
8791764
35578901
32963304
2754407
23715748
11763577
36147802
33201911
11657347
33239212
29543309
24350529
38070005
25417824
17807800
6714601
38318218
11323885
5518130
7010305
36865935
-593443
-485747
20994935
36273150
10704818
924179
32720918
35943925
16935821
42843769
2189322
6308436
10592013
38818272
36842747
10306446
35393359
19345401
2972806
26411127
7807275
24002586
17670600
4726439
29192421
5580932
9598672
33085228
23299770
4646298
12319660
3317942
34193648
26930114
1059672
5247331
24213626
13985046
20284976
29774306
11882242
10107886
39027288
24085865
37918986
6344493
17270729
37438844
15881558
42036706
17316426
320031
15966876
30068676
40279577
14324648
27222368
2610736
17692412
40049916
5129079
33843509
26233725
35393546
21887454
7700551
26749324
37444009
18171694
28347680
19609043
8853529
17248086
26474714
17329491
35496683
6018870
26093162
1053123
23373306
8139877
37819143
21712896
26804219
1489875
27598761
4354074
13529824
4045059
33822931
24390293
43025234
12437297
9313523
30458798
9183313
22191965
3618327
23815079
17753593
12437442
7276032
15222958
28371697
32796239
20952850
25413136
24519775
41485589
17934088
2381073
4757890
4645976
37004406
31366263
12513551
36275190
31845046
28897889
8459965
7453686
10526321
14024401
5592787
11846116
29038970
17691688
14650976
28905057
16877855
42320841
11896074
26739579
35000584
-237767
13561615
34321734
28147299
2020991
10011503
7011799
972482
26594591
8336424
36836759
10386742
9972220
39263904
39834099
14088009
20173374
6467841
38350286
16229781
35241991
19752749
25608844
534177
22825534
37718206
19550789
3183081
20445434
27466430
10758032
40251048
6651589
321812
13200379
4166079
-711196
7218109
34118713
23401160
31098266
20913203
27693737
42795268
443589
35664142
19733139
37027032
1668409
28098255
26693543
29399286
39738635
16410743
2308216
2107329
41517102
-626587
19582016
23367699
31027763
38285447
43261789
36189920
24682803
9563912
25764584
9662455
9100577
38641569
25021187
12360404
38718060
36900703
32182413
3582621
1608158
26229166
14421680
9528590
39784122
35883767
17047088
38254869
20609642
14708113
22779891
1620917
7236794
6731966
5100501
7587385
20488129
18822676
13051796
326189
26015596
2859007
11863339
11624273
7821694
7318791
2847371
29445951
6360486
13407901
8345771
18517969
23816563
16635179
34040662
4561707
15781045
29982088
42203482
5502238
23821474
38187252
23833450
23546553
19189716
41513109
41022572
29998665
40950305
16837434
20692223
-121384
42842812
11135589
8936988
22715439
25840884
13288675
41502955
27362723
37735176
25384000
34559426
15114018
6180435
35762000
8595251
25496692
1653137
2657660
40409437
8225213
27157973
42515622
25119152
10465552
32088941
3608478
12567470
24541307
34745103
-681867
6662038
13861771
21223643
23967710
22624061
3581889
17994645
32988481
12829263
41362677
31062865
20940160
13861040
29689522
30165002
28229462
23324255
26510443
9878046
19831201
12382049
9798044
36538771
17798494
29406126
7693042
25007516
29668557
12540708
13556677
33616493
22060525
34685129
15470793
35510953
5676287
30826227
14952849
3742452
39928831
4375347
42954627
22419154
41878625
36165987
9918605
18749054
14321486
25809481
37272635
37925823
35675945
22499640
33485090
20520447
35167518
10403020
8847440
4552267
21018161
31695572
39982525
30083640
23853450
15012731
12458251
8362974
7743684
22762543
3759941
27578482
29203720
31303498
6722487
30999580
10799962
42695885
41521087
14899677
568857
7424407
21196293
7360832
37276819
32664635
32781317
1269111
23711185
32038871
38071787
19160847
33375605
38338123
392119
20015958
11771365
41817220
11691521
18813453
39780239
1441289
43423483
38685711
29821268
35020790
961246
30299323
11902278
14502230
10704826
33585946
16737759
37366336
17429107
12666183
22764892
12823215
27886241
13613927
31334856
10701951
14982201
17866178
3414
30318190
39589493
27894643
26893143
25954164
14387435
16528627
28030073
21677933
10986327
17947324
25523489
20155298
28937700
3304405
20164007
-48334
30267973
35386378
37095421
23094145
8844397
4683530
34380864
30443335
25412283
18966799
-776623
6707471
6057440
9000944
28932867
27411533
32721413
42316498
42861481
31423348
4887119
42085430
16347307
15990240
32502399
40580034
-558156
42018155
21538097
35254580
17715083
1360053
6470450
6284685
28458666
40521287
29993482
15509106
23175138
30190508
22757084
14195426
14091433
25915885
4359144
30920870
41916794
33650066
21640262
42209489
3941962
4617650
-925812
6253894
19063967
4913498
35295654
1663310
11152882
10408420
41531877
28285031
8375044
18311486
13499353
21189940
23478651
4750828
23044510
16177219
-640246
37751151
9228589
33654361
33424226
3911470
35530936
-546869
34393248
22811507
15848992
3128679
18113705
671909
37448988
4938551
14951736
-173840
13982991
20311351
40396497
24809598
41970250
26287809
19535475
6990136
17520837
5985476
8900845
27652328
37278508
32301781
21789959
28366047
4460761
41768250
32327558
36927090
39484761
27306839
27295244
3927972
1428725
1011934
31269314
39319146
33938300
11041484
36409314
31267721
36343190
21067566
19718459
33139378
42787070
1879493
39706695
27198900
37391676
3984649
22190098
26544174
27831304
25781086
18902770
5355116
1731618
19362036
7908517
5806379
18969481
17975640
1283947
19091974
718342
32632973
9345919
31412036
1216490
20790845
2835698
42133109
16438071
3129766
29908485
35060172
31045950
13335708
37004287
7903960
9088914
9286610
10030572
30156360
30425107
10410278
24895388
23790172
892819
39034054
18636122
4611666
9900526
42964352
2666876
37878479
-373096
16904765
36454350
37531493
32662969
28593216
13233655
15852819
40236810
3573392
32273585
-565878
12574237
19746688
28052347
23367927
29306036
35703659
40967950
30513782
32844650
24127986
35378379
20136268
2411226
13703660
6103366
5787622
1574894
22904185
30934676
24995764
37704245
7460317
40040955
40343125
2108561
2721258
31368711
24536650
41136460
6175885
22990960
19615682
34622639
21765136
42627090
6032410
18081955
37173950
12866879
21858225
6583157
31877468
22328799
16116012
18978010
13916066
2043846
775252
28461081
14787093
14815482
37448707
5769898
2255326
1690006
21968101
21368694
2924332
31706498
25821610
22710698
33463759
27441799
37880312
4546294
35539678
18461199
26214211
30364263
19119477
28110264
28127265
4563459
36424093
6725896
32589925
37159309
36974618
1020854
1550027
-943732
8156996
4480764
24076539
40795156
9472085
25078928
29799435
17593790
32740752
8472171
26187499
6474250
2097200
2184459
3965628
35007365
6247163
1622466
12149220
12068529
22793329
19315443
29413186
14864120
29822386
-55150
34722469
1616387
32045051
9486501
19559221
28226635
25182681
40926072
22703769
23761032
4528538
36075365
13514899
19163842
1391617
4828920
6216465
10703374
24769324
7530299
1257909
8914795
33158139
6865149
39117767
27807679
5696875
14024991
37216431
26939348
15341783
14877003
24348218
901247
9866820
41168112
6993526
9737094
11113305
17787535
17426898
69449
7540560
26207337
27344676
38697838
27118207
11860023
30304543
25614518
23370469
2616931
19304736
12166858
19043114
10310142
7697928
24074576
12219356
40447478
40428714
2463025
23366599
24411357
39497939
38964388
34163259
36214450
31216585
20512335
22746113
7463182
30958712
9615854
38313447
15716405
2136980
42642036
36296870
30644887
22076402
30153854
8537586
33611615
30500147
30614651
-850158
6591334
713556
32963353
42466725
28410411
13964400
28022355
35577681
20734521
39764847
31573460
3091116
29220873
34970179
27653342
23332267
-751804
42015695
12737139
1775421
17355019
15085210
15529750
2400919
17796135
3405660
25345456
20181316
15861167
15442519
41252344
36691119
4753593
39914854
39090364
28986175
18096773
36458285
33181584
1835844
4613784
32839762
37293318
-463645
35175930
15466584
4237089
41712314
13295783
43241074
31635633
31234705
11684496
27261246
37306068
21834676
16088412
17975961
30496917
3852359
37842599
15549018
6864052
42916132
25854995
19814500
38272051
29563854
17295232
7594089
40262002
31282809
29701702
43185623
39224072
2438666
19907867
19690730
15654139
27065475
34826613
23258760
38862935
35686386
19989964
28397925
31389669
5729108
25082556
29086122
5870647
26600866
12038054
4292098
33471575
25056317
10163598
31429671
38449955
20011252
43527253
2409619
32906444
32569397
2859747
16244749
15716643
14000741
38305417
37021714
9599104
27303277
19835708
31816505
15492804
11370389
22005659
8210601
14874208
5813370
35709931
42254748
24731164
16854624
12757537
13379385
15393878
17973705
4152779
24547155
17024043
-237308
43456094
8938267
31316243
9899418
38552585
43113304
13145900
12576818
22275820
43531872
7130480
25103598
16198260
26949939
17403204
697466
43430674
15947556
18303352
27205135
11268545
22878562
2550714
25443181
31009516
20977909
27518869
33910551
29589348
26721132
14943803
4055012
33739101
37409833
40962929
31086752
18177096
27375471
23634992
30031554
3980023
38885160
33427621
-435437
24295310
3437396
17247099
8947778
4688127
24477485
18042327
16365356
35920656
10502945
31526983
5420691
36995852
15498118
37683803
8678466
31459784
35853458
11949454
8137632
2501270
26534271
24623012
39616721
17623187
20104957
9618433
41315447
15170899
15442688
3079437
41020420
32784595
35381384
16266883
15466357
20362028
26223004
33281105
39875735
11289253
31207802
37910063
11433536
43471892
26600910
10732971
35805883
39760093
13980588
32961718
5056865
5944539
21146687
13422998
41233213
34398845
42892943
18887166
31820401
29727706
3434736
13229305
14664388
-364277
21924380
14605246
2775879
10580886
6544582
-971240
16829287
5202868
1065645
15290575
28637236
23806376
23819284
38334525
24068317
23189979
25786083
2825215
551236
26753384
26961091
41651959
17217633
17045353
21468644
13164743
16974405
21431897
31741475
5350132
2396532
-676688
35333654
4443869
24678115
43408927
10031931
13497438
11420592
29149512
34619394
22283958
41764180
18315741
29266989
20491006
21262662
22501302
40176882
38169191
30458645
22445241
2123742
14188209
29066576
39988008
36854315
23832112
36181911
39272770
22048329
10160397
21298190
24681832
28350006
34192686
27494414
12583849
30290734
6327690
4805275
18398536
11281367
26007778
34259249
19970824
22463219
31210725
14199207
13766296
18884102
41011004
1499609
20011292
30632763
39852585
24654391
14838318
22261688
4038875
17727334
38837190
42848831
36531599
32892494
3479620
14007418
14798696
36403807
26821548
13228050
42335562
34967163
16397543
28296562
27857535
30356584
1431788
22787048
569158
1471001
21015514
30054501
26636657
4319295
5838355
8024120
15435901
19183300
6631555
4605553
35227780
31080393
25668415
40077798
40941731
9206544
453764
388194
-436487
544022
22816325
9271475
14813925
13740647
20636363
24628028
12938299
9390392
2120164
33334267
23104658
23815452
18613892
13223962
13205218
244257
16816741
15915645
11863876
26989347
29890623
36568705
17718827
17627641
38575566
19100457
7103866
2725569
17545212
11292916
10332789
17112549
36627534
29204634
38474875
14688676
30161311
42266452
41925336
16057053
56408
18813691
12835018
21294284
7031689
15651527
36588059
43478954
13047762
26951609
43177214
30425324
34966014
40466491
5167979
15522581
19802744
5083562
-188931
31267468
13566285
12244393
24382724
14763324
7591120
30405601
15934819
26277686
42403930
1617040
21488388
14575111
30274253
34422561
10695686
21189027
2871518
34403568
419086
3240118
13946625
29724364
24911835
18255086
26663319
16026011
5689113
28928383
5673239
27257907
1021755
12602239
20964370
2640862
31439510
37635328
29071276
-496265
4575367
26654432
609714
19143988
-182158
21430270
26361510
23731994
26528240
33100234
2114100
4872146
261291
9374199
7324717
38223551
35552837
5169418
5747598
32782125
40128153
3729341
7891940
8014689
28103340
32031417
32272826
40165781
2184829
37574302
20846715
29616586
36339156
32330663
2378487
10774808
15848540
30785898
10033626
25265728
-540213
19321634
27910654
26314958
5944306
2103403
1141495
12318062
8734227
34579933
28597420
37055726
16512797
14155629
34858796
26887903
34996427
41336356
12424570
37804784
5565147
14051136
35945420
42763731
11357064
39532076
9525759
24604592
-241448
13437248
29463896
37261823
9740363
2262338
13265945
913145
29317841
36623462
29271522
23754067
32195483
24787873
5301435
22416462
43293646
19650111
17173181
37333956
35924824
27417405
28729082
27437275
31889959
38321622
11151489
29286275
4575124
5685062
16983595
39413446
43286158
30486972
13650775
16049626
7011766
32779125
33609281
8337606
30935060
40627127
-765937
9091680
13810041
34794415
9323597
5185307
21318436
18335425
3964592
34350423
32204981
7166603
1315466
15507216
37540545
40105650
29687441
19733922
42149128
18587186
33689400
19296149
31199559
7835485
25647401
42538476
8281264
1909207
25735150
9563048
2611480
41075801
23692137
-547613
32148263
16068222
9695900
11105352
29706936
42439483
17565176
9557156
30445133
7812580
39737321
28878223
23654212
33353846
-671420
22224832
20954754
1483484
30879006
30351005
4935779
30276674
20438002
8166157
12397057
19756222
17833559
19668688
28814027
23452483
21888067
42838427
1931661
32174929
4978704
3239847
7464992
1590784
40516870
17181875
31646296
17056650
37862990
-52274
3776548
20146692
40982706
9772634
13074793
38071437
19378170
12390522
26657107
32181788
21032087
16379331
43325128
11786580
13756281
13559566
7316381
31826313
27301753
41944120
37006392
25764373
43188945
8835184
14202912
25075630
14439832
8594833
13980000
15491453
16960128
26790788
6202403
33997671
6139834
20004303
15858248
19812597
18672990
15907272
16827161
42419338
11129242
31284333
3409638
-362875
5322000
24369183
11579281
13423693
31432373
31299478
23128627
21543259
25309389
2568248
41647841
40823123
37391580
34102005
25766261
36716366
29553213
41035337
33703544
5723675
4949035
7094724
1588042
15598072
42294218
13342149
20479289
38524567
-454576
10451383
34661420
40485472
20808876
13851147
13995064
3878526
41616430
4968161
32164194
20023589
2101365
20978635
3390079
29025976
34584299
36895797
42820441
41949516
42543884
12895623
33560001
42676932
4977210
21071029
24871577
20901538
42070158
17131114
20220935
10207573
-979905
15253486
2302360
10469298
41657006
30734398
6049
40769797
3456393
4278752
15342233
29384630
21221340
17606547
6788099
28277341
482303
23830934
-115962
32214568
5214523
12163261
20819221
14680530
39728582
19259596
24098417
9208716
15176609
17344516
9322340
20479480
315711
1833889
42374828
39786896
34241878
1000801
22271086
43450575
5694862
20235914
33829944
26463589
13175632
22090200
22875562
30076430
26473668
38267692
487019
3552597
13874710
4533282
12825451
8610475
15880086
11938750
5130440
28398850
-585533
12741267
21278258
5269355
21811231
42004264
18559128
16216695
38025138
15593672
41421147
2340865
4771448
18735667
37890837
10260840
34520700
17797744
22518576
16497407
21530344
6570905
37608254
22723324
34297258
26998678
-563487
22089551
25453531
26003041
20481994
26249885
27469551
23813721
30653424
10782613
34702691
18850464
21436474
11743521
20911233
36122246
-36983
7102356
-662649
922633
14555448
42781139
33754408
23893300
39104840
25222033
13620519
21939117
17414645
26832316
15217725
29335892
33365615
19250403
27360934
10341517
12299590
23378779
-253454
24330501
13157588
26239200
34839016
12523432
17802684
39040051
42732393
-63442
23354263
7399500
5148276
20122794
11867152
42717357
25579330
40757059
32750910
20336046
4823360
9149981
12780164
15645919
31665074
9152837
3721686
26423988
35138088
26035943
31816707
393454
3741293
29904368
14247796
37811409
3101076
8763604
34585950
10829942
18000001
36367754
36630660
38047929
22136401
42585431
19297851
20738872
-316083
7715428
13180200
28717478
13312035
15427603
18778361
4263721
18637526
12513701
26530730
12485903
8264920
42185281
9009536
16112053
41725750
28451384
20213730
13319821
37275072
631671
34470919
37461198
39041638
25065186
33154254
32756857
1549802
21598951
15810430
35000146
18275881
517481
12800394
10867221
8060496
6300826
25452680
29749947
27683275
25922594
1046729
9160972
23842729
33606057
538438
28950721
34684080
22556122
20420598
25089141
39082511
16229959
30725212
39118757
41337389
7931185
34886047
27867710
43438883
32254490
12424897
22766095
8738346
11452163
21041400
6735079
1066947
3661327
7322238
1217721
14181622
1066832
4276721
24034915
3162116
7053366
39425977
36256008
26511255
11284905
33713256
21354082
16946042
13799867
37027183
21764956
41554308
4551223
40836980
29120038
42462038
-971297
30956672
27187751
21661219
33751926
9232082
669074
6059412
31013123
27397147
16809499
5533623
36769629
32320163
4365693
11669844
18357908
24869558
39532704
11667604
6482577
9213739
1676278
40637133
31598984
35319669
27400390
34496434
3392362
2217497
32917447
9075698
10616539
7479680
34798067
34612306
14163291
17144032
26454289
3329193
20162100
20155455
9161032
292906
17743115
8006953
1805608
39260028
8409823
41635967
16381328
1407573
19291017
21844967
-978303
38910788
37005305
22265432
1269949
2745025
-4418
9655397
374572
39116151
25090674
42418763
23777401
8449409
21105856
16220890
26090577
5084966
10474207
32443157
22545546
21011175
9751476
10703542
34825517
5306611
34343106
2719059
42875571
32452259
29708726
25808585
35825565
39827707
23982689
39420010
2606794
38215445
42484220
39240166
20635855
8438417
36332970
33559734
41236002
16239739
27834656
28881210
39718140
42266517
33526346
4081827
36729738
32969752
28344700
7652616
21926749
23428691
2650782
25533140
8417938
-960301
38276334
27903453
33332585
5182719
43300067
7298171
38985724
32285666
14403637
43168506
32538544
20997676
36207261
4337833
22027845
35043639
11821325
8853647
36508905
35955381
36026491
34469391
31655410
27790599
38474448
38522886
36034671
19899633
5697017
26185116
5191164
24438312
29957227
15430879
23545109
9825899
38336984
19564705
31207004
13899459
31381221
38620683
7787319
31821595
39566449
4612546
37603353
26429502
31653496
16632777
29405331
7632565
35374813
30575449
13117625
23355664
5908199
25730689
31746296
33469843
24949515
9305646
-791236
34001112
26452169
21557893
33176125
27736431
38211313
14028291
7067207
3744612
5996138
38761291
8247600
6977573
30094255
4329497
813915
15394231
13369006
17652594
34819942
33457474
26011662
39846332
30190998
28509288
2939738
37984514
35135270
24469499
23453914
5177237
14346567
43212449
27097726
30577281
506294
3763934
34107967
23236512
31043639
3118998
33880754
937196
18088605
1070521
30395250
15680452
33056568
39401663
33922375
902543
32642725
28681938
39127274
8519206
6502524
9577327
41289696
38754383
-117451
37421165
631313
11142740
39483458
39446366
15426977
4215737
36871342
4959610
22261827
19301101
30226190
38411475
35162422
26455613
40727053
2545149
6654108
-779474
22210089
11778156
11777167
6701809
22407561
18224111
9660800
17669317
6667462
14434199
18911237
30813388
24501286
28602662
37232690
38456947
5677136
30321677
15995493
7721232
38057643
25099744
20131218
12556480
16934243
41605151
11785417
24018753
4841358
32882922
9233573
20867701
20618502
3620532
8989951
15545758
34954646
16788862
36656114
13976493
13948415
1464415
1318241
29591885
42411524
24375676
16277729
16039521
34892869
13003942
725472
18203163
7594903
32791254
19765824
39812437
38731465
4719084
7928506
41838767
6041316
25847722
1882943
2921231
-56519
41161715
15462594
35673593
41935352
26094545
19229141
41553448
11819767
244453
26514272
23285873
22057816
17105310
35350635
3589730
29709780
36924940
42990971
42910202
11388207
19798169
2157055
16152813
2654456
34377482
21893043
36469729
19446854
37970649
2574229
33564937
38981524
38179899
34420953
19182050
30861551
31269274
6262037
31065810
35057816
16364236
7800904
23148905
10402405
14794102
27399412
41262049
9503136
41820941
340027
20762103
15645574
40380234
27724609
43216914
24182006
40207342
36813211
13927006
13924684
21310430
25841063
17159524
2535624
28527859
8792545
30274879
14959639
5345659
42688178
3600376
12678746
13783792
30850119
41232735
41938282
16259026
27514936
24361824
23562991
38997499
-537734
43427935
36922152
-357669
11685231
35512083
40178335
7103693
14686807
40332508
11824431
5220057
27502820
17947623
1830109
2353326
38757073
6790738
779290
18235181
31118785
38610386
29857844
14203747
25922225
28426592
14418097
18062464
26786022
13790805
24089569
32886728
27425524
1418949
41180476
27166146
7500512
15988027
13784550
17098733
35684414
11130583
22486760
25671676
35124971
33977533
18332461
3772710
9191568
33358001
25084767
15345960
5348943
16189506
34502085
25532852
31376920
2552473
30857413
42189493
2321888
23437426
20769051
-867300
23471161
9209905
42284137
13947837
28555356
31115060
13529311
28254205
4691937
5648708
10692695
7016102
36172287
7044328
7084840
30152039
22384378
5353886
6921826
38427712
31930448
41150485
22794781
40211093
14367456
30486252
40854940
42462536
10553563
42821659
40991333
41483589
37100224
10750782
20066356
2163598
28162682
38362123
13417110
929723
16660030
11130737
35490976
32310826
12260750
39140320
28855898
36821264
19304453
36420147
32462316
8047956
14420638
28237240
29778762
38858314
10899947
10419569
30399295
15861546
42183483
37383439
1818705
19819890
41111914
22619775
32122785
24555858
3274623
4157598
16531119
17502170
39589071
17097069
12414101
12735473
14978809
9933250
6021648
29632218
8687336
9668549
6469667
37005005
-27295
11334990
7064825
-806996
42866989
37025246
27268264
26020167
-706501
14476931
24270785
25210602
25775185
-905793
22727411
37531308
22229638
30017026
-255298
40272226
10011453
6136001
9249743
38009003
13659054
33052833
34094629
20550149
35993973
22644507
30037646
40616355
11909425
14593232
10069773
14910059
21881631
23640149
4336899
18017100
35151422
9308252
27465089
40142417
34466265
21490402
23382005
9315630
-944379
37522540
43232345
35721054
24353771
17332877
36637806
15737437
-405137
34633464
37161445
10124726
13903038
46334
27754026
10886268
16448348
25117214
28841297
4363218
13568317
14524378
25690462
20449250
1898090
35335921
22370013
9339163
8604021
7331216
42741984
11983861
11971889
15507901
13658507
-446233
38768990
9006615
25407402
24250813
5116846
19366836
31650156
37058039
6180420
41901661
6545109
18381303
30037684
13448052
42278442
42234623
25841739
24624543
42279775
18511051
26804326
37619135
1831559
16394026
27083957
42243566
22757807
22964813
40896553
7154149
11212783
33657836
24820850
18132184
33998956
21782475
23129525
32889397
3062447
30337246
-233876
15512909
32868392
3651661
15387329
34875054
28935316
29758776
17301357
35676931
19015520
16473475
19994457
27056807
8446119
9585263
453115
42110175
37700905
16001496
20625820
10414312
3921699
25782435
32263447
36899879
3782308
21928689
2134607
24218830
9447404
18868437
19235240
28567990
10375080
34784290
29999885
33172950
15347554
29081337
39689301
30908604
34579084
6555654
13813429
16470184
27214067
11944336
36512489
25153743
37547776
1552670
34949444
16685509
40958279
29505810
36628476
32952124
39429555
31381077
33175938
21082874
3680877
8530495
1519844
38933137
28018854
8161453
30243466
19911319
1262110
14101504
-118580
15354217
34127151
35654634
37463237
13429011
1297059
14053181
5783959
32263169
27802460
35073889
34903833
41193666
26708899
24931570
13952606
31879474
38723764
41038784
42739081
12412201
4237796
32930754
16144147
13723172
42230811
12269483
33581261
29920095
41634980
6810542
26961166
16331042
22051736
5666208
28081975
11256992
13921064
10157888
16104521
17603943
43324537
-901215
32489727
7389540
3113806
41492878
42519920
38884439
11357905
35860439
26350221
2285438
24834168
10839012
35255033
2735562
5204845
11952398
-23737
14854015
33414606
28516281
24617376
37770983
7345959
25868984
37112557
26796585
729397
1808838
38974282
11821008
43522240
30123753
11162185
12277751
40608502
26026235
25485910
18583023
24347503
28278262
21503473
10454175
6202778
31831968
37950581
42731935
32709827
13688734
11221115
12155817
30928012
31690097
28263368
24207121
22944526
33652118
35094934
29533549
14092101
27136795
30427209
16029593
492955
36083006
22095903
13618041
39654928
15996797
37698627
21085047
41300908
16121758
8531659
8622717
5171645
26824090
40072504
19710019
35333126
19854817
29988378
33582614
21895298
28621125
30421398
36349902
35266077
29760949
12346110
38417720
37831536
22997393
15729907
37110285
6451938
19635510
26808022
21326684
12865046
21981342
39944182
14948009
4811333
23220032
20373507
879640
8611350
18759286
2087884
30613178
31535601
1799413
20524848
34730591
34508702
16942179
13678719
6522973
27908066
17950946
1673275
7951891
18254508
1970045
26407180
-496946
16864193
11966592
17860912
2472369
16743011
26284111
18571474
20592587
2855326
33554164
22865978
26747615
28569629
41719418
20880320
9935259
-501998
24999413
26244930
11944200
22083378
2539897
12413602
38230666
27844888
15753663
7774784
4860743
22811997
43180210
31007844
26037704
28150452
38726047
40201315
17147425
30367950
35388673
15454022
1859807
1371741
32596222
29559141
40110526
20985896
40972644
17006373
11121580
35736357
9449286
26756647
17411432
3236762
6383314
26581554
4825584
8708458
21956360
7056957
20682364
4043064
27323506
27114372
36828970
11961354
33862986
17264306
15228666
28491823
3568115
11620535
10199991
40715260
16336029
42829301
31776831
22108961
23592198
28377056
26701322
15482315
14007161
20866669
5742863
18884629
23595429
30927630
29284101
27528403
1563363
13038910
27356090
12658620
13042335
1155475
42609696
39180092
9583029
26172547
13085133
42018613
29417142
12535547
11849172
30133033
43098971
38571285
18836389
29753134
23271726
33026344
2846795
37405814
-791960
43491099
19406197
43014124
1759219
2004415
1623309
28760337
12595613
643416
41167817
17600250
16495765
19336809
26682973
38399712
36689986
13177723
20335626
14111162
25041346
32077478
24994606
8727651
6755142
12526114
18194823
23231769
5712953
16058629
408022
14327268
31698677
41488128
4651038
18818744
8325395
4550328
35878659
15325199
36616282
35143271
33279045
34078058
42699251
40452181
28826245
6115235
4600953
15370070
26764724
23948328
26505013
24442360
16217767
9542202
6295893
-649289
36103141
42108130
30196803
8491856
29813430
38882302
12233775
19032621
4623071
24407883
33693446
21435928
5146189
17140154
36738656
364086
14057597
34560070
28962380
10620940
14283504
31504438
3120289
23920597
3220685
15733552
17407695
37754199
25380888
33212173
21872948
38425429
27067941
11125679
31154519
2321028
6772489
30940483
12661453
42593911
27089285
29159833
9501508
22564652
27005629
10561955
1807465
23049793
41447563
41861494
2212652
3140199
28307987
34219057
37148731
8940940
12026180
1839055
31143477
43490021
19904182
25771172
32258545
8568418
7045127
40847508
23967254
17505574
5177836
36194795
19865530
14795433
31677067
31220585
10954175
1656844
34882168
6840985
30064452
30609573
17675432
3261614
6699270
27594724
9332415
42962274
9362057
20653552
33023298
8458399
42972805
2433162
14759800
17360118
38377443
40971030
3836504
31172153
2831992
28661202
22481700
21554209
36247964
25588387
9987227
6315928
39922211
43281340
1238930
26604294
10292633
35863172
25232459
5230271
13145144
27294078
5234884
36553485
14916385
15877247
38062162
17608278
29076789
39051447
9894398
41863826
32494292
10441192
6376419
41941813
37811273
38358991
26713971
30900517
25192790
13158790
5961762
3198871
35291800
20121537
14527199
26055496
34728
28340561
4107667
29565686
42970782
31686945
10390519
12690131
14973488
20671005
8806964
41454119
30664448
41355117
32725313
11248197
27580887
30284456
8709597
4406629
5047718
37257950
39259346
2122193
36829442
11100563
-925190
35752164
6761884
33575113
20484518
16583432
10188104
17330372
31703252
9470975
18029177
1082624
18971902
36610232
16520440
7666300
32997825
387773
43499332
15699571
42344003
10515687
30102969
1729576
30494676
1090612
31473840
42552219
28085287
1876421
29206616
23538696
10489860
11752411
18286676
26261493
23351760
7046167
12039630
43179583
2130974
18644976
13027917
33318563
34455324
36880838
24480762
26929911
32624189
13764807
7103486
14694628
34062780
9186662
13407125
25927648
26043179
31947337
37137682
3066731
15407044
1850291
23763419
17403366
12760864
3651378
9771074
36237232
25123055
5611461
23319058
24747535
29143530
5923341
5382664
14609039
4133865
23273888
19675833
25922648
1621526
29172633
41267219
-897865
23686133
7506606
15993592
33616167
3497851
28640664
14459331
28061220
2504960
23778905
10647033
35112643
5256791
26674466
19977068
9775973
-148644
33876368
34787017
5937421
36155317
20604816
41378811
11841440
19888663
21527315
39357421
24563420
7756075
9886581
21537070
12546385
18301873
26279721
12184649
-955599
43326599
24807676
23661089
40475378
4604942
35807964
32191385
27558119
17451425
37004803
39767863
809199
33475142
27730406
15140005
20532667
40349070
8736505
10512183
33645426
9107465
8360027
13432981
21868605
24652217
14348288
20384268
4349150
-489185
28196384
19681848
34020236
40291485
16698370
15366621
32015404
2610935
42762894
41257419
31955400
17562013
29472968
2234131
27516554
34728315
2920534
4788000
11140811
2663566
19975593
17339827
40325531
19403730
41266463
14298307
39959178
10540683
3014684
7730580
26034414
39367414
34647917
24220539
34085553
4508270
7133218
13036060
2518832
42467754
36320203
28313163
36136341
525651
3218648
40801622
37094033
26727938
22908049
35943292
17863511
35890487
7193758
19210967
36633346
10676766
34394202
38560794
12832566
23144083
16698578
40283174
13460371
5907404
38528719
15756394
30675366
17602911
12530806
1370382
2570293
19457738
3261647
15547396
20458134
26387646
30506849
6676973
10576834
28939119
34832874
11755745
37042857
25704054
36460073
8696097
35067754
43482146
7420297
13530882
12589612
30978113
40129028
18869234
39683667
5937273
15905939
3045134
4339148
11189003
28102319
40948817
25675783
29085996
13657166
28585530
3471618
36891889
26831740
1720603
13133432
1411028
26716101
14045062
35066493
1099918
23658120
23332037
38021737
22078418
21087204
32165060
38489091
3180179
8750825
26253001
12513258
12393657
25875944
6629859
2425379
20501726
8492220
30736018
36719492
28364281
36643456
14092855
16271137
15754173
26111873
2073140
9815968
24341939
19780688
19729310
32732100
41831803
1520835
18225128
-420279
33805475
36149811
29143303
31838716
16627882
25292416
189645
33777338
-121505
19641822
17713554
22314606
35757783
31271585
41820476
6821556
2877786
34236469
36440858
19964934
12334072
17052854
15491902
17935315
3766625
7172799
19578218
20505882
7993475
6102287
9549305
19325440
8624364
40463844
23306933
35794726
5167333
43438402
37501191
13285719
6257867
34341600
2089493
33458334
26980046
24432003
27793678
31332773
18469673
43008530
2085756
35170431
12467378
10836887
22715437
35415998
36848427
34003646
-198597
2104097
11164843
28991313
22544782
798652
19197447
32049234
25156339
42851841
14444415
41657329
38495337
230047
38070414
36079424
6986120
13654096
5352220
19148136
38991980
16037925
19731112
36724179
39194171
27815979
33157765
27245849
42135706
3788854
36246122
16366217
2310337
24993498
5939418
10808007
16295607
-396998
14189134
19800352
11112538
35176640
14054735
28896628
17241197
41047212
33547495
37804241
11623599
32605233
42277073
23227719
33896608
22991558
27618544
9191142
36791476
15561386
21261875
26827135
7380264
21250734
28524678
31365199
25920348
19152873
5075123
32439498
32248717
27407955
27428824
13664340
13396606
38427303
22035852
32167918
25597068
18119730
40284857
28751851
29605229
3068341
11938184
22984171
32000343
9891447
18455762
33507802
15689253
5729884
25799729
2854931
31146695
26004332
33239609
38625195
40954326
-379794
8817774
11917353
12943075
12373093
39320262
16253181
23504182
15713975
17761006
41222034
5431044
4749502
35246685
19153448
12904572
7909711
7592352
39509185
24839768
6966888
5165546
29241421
33248888
18537592
12611708
25632787
12333486
36767261
29464472
19047068
16755354
16437417
23421521
11963122
42321407
30283659
27046086
21024135
22289102
3566362
8856117
16076228
40835837
15124386
38257053
22052386
16398914
24472984
15168134
14784987
2534511
38187477
27649897
38023762
7803518
4223311
5932031
31351779
15265521
-464010
31178427
1105453
8876539
3752885
30456052
23290318
9169447
34495130
2117052
-182790
21978115
6952887
31740330
34730313
19668263
-123114
13236676
9716338
15350425
30159396
8218171
11020033
24399179
5623686
17273181
13317570
7147837
26676589
13752383
13041770
14715884
32938992
6066157
38792367
15386369
12622645
29735222
27761619
41457641
8234803
21792063
1958625
19457335
39969658
12772225
2340095
28460715
27006800
14967543
30378677
3109378
29903456
34415803
8892483
27013310
24511578
23576281
16042712
35568257
22254357
-915419
7728635
24567228
17765629
41333319
29297894
19101529
10493706
8301392
12556773
29067707
16348030
41412730
6440726
25781003
18533420
13392145
17826729
13900490
26078637
33699193
16750849
8401998
6252643
34822062
21448648
26567512
38085200
10814724
23892378
22544999
8798964
6783665
28212516
37912086
31417052
-760299
39623817
27482263
27564495
12288812
12894909
13209259
30128474
26730126
31265460
19311981
4405992
13565413
-657392
2029408
23070355
4247089
39562623
27640804
34928232
7858748
7865525
24685532
10985648
7884889
11786431
42436100
5018229
33272096
-109383
19943330
18835973
43460915
23390395
33918897
-157162
40769062
489073
13532699
24146469
22789345
8052709
30660353
6102576
26323284
24251232
292756
43106465
42536525
-264086
-78005
5876292
32339708
37347607
5374342
17848746
36179365
25800700
33091534
42723025
5275693
15859592
19758805
11466258
1541513
15404767
8851579
26507935
18738824
28499718
16706394
40364562
28690807
28817099
10592555
285757
3596847
35047485
8319770
33363995
23073691
7424701
25132416
29945702
27753322
40203515
26040732
22486204
2255723
36667772
2241639
22351484
918378
27820107
6629172
21031856
14554445
23573668
29820764
19398003
32512873
35474210
5752281
-500151
25213403
863875
1592924
5369291
3141157
39694131
17062761
19079058
32400146
26569282
37273136
38100163
7103214
31640135
23297276
38687577
12472061
33699002
26714755
43312250
17536077
27069819
26462995
32995159
38324903
5845504
5603998
8828742
15733414
2909480
35235146
23430475
13980242
27563319
10442328
6186291
3835251
2677348
24550670
11845444
16210951
31740220
140046
25826903
13660739
930185
24527121
29465203
28748610
10384218
19528365
2173094
9411107
33349972
30555100
4272133
6238149
32326422
9133087
23223655
26976522
27929654
33384650
28550248
15195488
36811678
29773364
17987521
3816117
3005231
20886253
18837955
30494247
40851636
28488722
2895919
6914279
3310054
429880
7120332
19016942
7527761
471389
16911001
5494463
19907930
24601524
41862496
7351435
24849899
41743169
38020899
11358573
42014482
31847881
16676035
36670428
23121168
29189429
22244636
17894795
42134631
36316384
43123058
16396227
34335331
4206347
24360106
28513600
42763808
7021947
40181774
1803577
2455696
6104612
5520225
27529079
3103313
39546438
10954890
3360893
41379830
10996378
39653324
20971949
14817907
8372623
31092677
27831206
17949729
19416936
21759424
38143742
1509004
23604488
13932411
36019121
1809039
39027104
32046475
20095757
27663477
5183532
35176618
8464527
9984143
43196171
43302199
17121507
23364790
7903945
35029122
25677492
15711221
6592143
17859712
30567636
31913108
16593858
43042866
21934819
17822494
-253647
16524990
10328772
33724671
24160277
40035678
26489846
3857170
9444887
25644468
33172899
33967185
36879573
23945821
43191769
32604711
19246659
40980978
5491485
6846461
16603440
33472312
18341593
28723396
39158677
23321148
36741418
8536127
21939880
10676960
42089133
40989167
2980505
15224878
8462306
24244133
28931003
2561485
5478579
3290858
9963491
18861282
38552223
1461383
32667779
37591344
33417735
-5257
450390
7303517
5632110
23634273
28432537
39878199
16562217
31904517
24577202
15459106
22196266
-968085
41455911
1005145
2592800
8838522
14742266
1063753
34658928
28128686
19217702
18464262
41453388
12556155
7568621
36494776
31336168
477585
41985321
39887260
12323806
2568862
36216271
1006126
24787804
15196435
27559727
29299825
15504719
3782379
30202749
17913970
32829874
11356120
10313117
41669747
11591420
5031016
38427761
13088763
20223760
15943944
40533801
15232869
9414172
894007
11323567
26328164
35226472
9201174
1013390
43329765
37400817
7192670
-11656
3637558
26142675
9816003
27839531
16025166
35878979
7091661
-222363
15810434
28806158
33913669
39019546
25931907
42093480
1573528
38599365
17999956
29222792
10562911
28378327
27519549
15663699
16154641
10911533
8712790
34746688
16071646
-26595
8625721
14056176
42498565
8578822
24771705
8570903
31428101
21376968
23554103
3230763
15818753
31358980
5386978
2153014
2007221
23583028
14379720
36846638
33771414
33159917
34065655
19195957
39931981
19069378
12412024
7275189
32969801
26817245
16469522
37748984
30548947
15551858
517816
31119943
38847850
10883925
27158755
36038269
21505847
10570518
28383788
18553445
34998624
1653729
20488996
39088051
1628368
19534789
38323694
35512046
28861039
34270521
2230408
42723727
19224287
35015732
28447092
3508419
38641633
19353682
-535224
7827659
37352699
29494422
10528423
6343827
24299203
37160891
35554107
13920897
15628638
30069944
4056752
22960961
27301573
10962307
40446034
14781281
25680291
7809444
37325666
29813980
9016589
14449967
30277370
14597451
28124172
6103647
26025335
10592612
42834463
37928339
32032935
10518121
32044482
7886749
33474699
16000515
39006805
38272717
17441051
20105624
31880306
27842754
40821719
16869878
15004042
37524778
27220554
19048132
17322136
43147080
22252459
39678599
9988932
33506041
10681220
998826
19968767
22096437
11627549
20995735
10884987
3275918
40456278
6800003
21343916
28126225
26142897
26909869
40905180
31306642
8385040
42586313
35663847
32858129
2303452
38794594
-412574
7881539
12294765
38044596
635328
-977027
1667768
17050687
8087088
4498907
11103449
13876211
8335204
20312760
8456579
4216798
894306
40556629
9869457
22173193
28552114
30638212
15807650
28357195
13190949
546897
10013011
34522612
5527017
8682562
24886517
12892907
22378797
15645112
17601381
31343178
37659942
19408299
11553866
34901071
31394851
20127258
21319766
29287541
9486469
37160807
22939745
13454060
7144735
31568817
7565324
13686082
2461566
33042449
8688878
33744688
39997218
19150417
22529721
16620857
42616819
16289592
31332606
23233790
27222592
34569043
43503727
19735749
31721144
23952236
30562685
13588556
28262365
31745818
15830138
17248300
28658935
26953131
42222634
40728191
28284130
37473087
13770414
954440
22339514
4158536
40405133
22755478
10606172
38252393
24176721
23975422
7161080
2609480
13861861
9851312
8023484
43002670
39472621
28216857
7535071
19747826
30500096
23009559
-297320
17183564
11256242
257446
20855810
26611003
1082945
-782539
22261025
11300570
878314
29768128
30252518
39312802
33040840
22557382
40167906
36210386
6451235
40937203
9298568
36848991
32234071
9406233
14359266
1739642
36293382
10502906
17787127
36134689
-828300
12758851
3633042
4068126
17185099
39431903
4104398
18496663
38122252
32984585
35071907
34452750
27136171
27367955
33749257
36060666
29926014
6654687
7149357
24020044
30850032
42491175
12683754
17251844
37709813
5828465
7720435
34863476
42998024
35945740
22736688
33764053
26110224
29776511
38757450
12423743
733199
8506991
20923092
31588520
7291256
16380544
16438013
27577813
19746026
27839654
34018260
48699
8137855
3939411
18688377
30376107
4306887
2143390
14090449
7341089
16455347
29566244
34392209
38921865
2551401
37014053
29207014
3094884
24129781
42863257
32847512
23491317
2054740
24585370
6304153
38038444
42845805
28103003
906067
-457218
29517078
37386414
27341796
39259772
893629
15041151
11668409
-231420
14524420
38789653
23337899
23560326
3481330
29633742
41358696
27255166
6221930
19235353
19767734
16474915
32042717
25441219
32198390
13829153
6037930
33647923
27425882
4779802
20541905
16914772
29819359
37468604
31036817
2714402
20806217
40332606
7612479
2538771
11388068
-816131
43107681
38099753
3819137
13842112
40210262
1923779
40158809
43131797
15598366
5195050
-87033
12198554
12833438
36906655
8654478
3917341
40011905
23326542
4318784
2103706
30031268
1490305
1692866
29670343
4501344
39827803
27449410
15030849
24060019
23565152
37497291
7669855
40119459
21016126
17783227
20138646
6927993
1318661
9594386
-226325
1363390
7899563
36450153
41260359
24582556
10646985
34647529
5953486
40561738
19926052
11600236
22272410
2315021
26476929
141795
7508936
20327301
25009718
40402267
34462605
30489307
20778194
22184747
2326158
22158747
6541391
42106237
6914417
29929960
257361
27991446
41335817
21814492
31113771
13404031
24237844
-884349
32310779
13727229
1602717
274826
40378825
4281138
7367967
30465239
21055439
31432189
28595966
10979063
32697885
1952665
18668528
12045573
35818984
15571649
25406990
39106828
43224622
23135053
13889059
34362238
8032094
39870348
32454833
43528401
16332350
35008910
11918697
2058395
19622593
11635105
14782539
2909669
13314775
30702510
13324462
457585
23449828
5838872
22494245
34867919
-299273
23658657
20347307
4228344
27905816
35368598
6360902
18075756
1232749
38603006
26228172
27370121
21660407
-557030
27115670
29408326
15703193
23383401
27560744
25613781
25726528
3050009
26905664
35225653
5858612
16769899
17517221
34490781
6403743
37301920
31470843
1860390
25204294
21579501
14900391
34728284
6596849
25430154
4095563
35009763
37223335
38236501
23384132
32815860
8568863
8175819
22993768
26485357
27100169
6480062
40890639
12646206
9727705
37064162
4128144
4802798
29899681
33238369
22594334
41626188
33639877
38237019
14155729
3248964
30534275
1388286
29604707
2838751
2949432
1745847
24775133
39001020
6917217
3974172
42309442
12494141
41168411
28039899
26894604
19147146
38488105
13584850
17133836
36223960
15072941
7702761
17109611
18639763
17707478
6304182
26681093
19778886
32733082
20159646
16914247
29658733
9835236
13674351
6293844
39069215
23836925
42286059
17672819
11608938
5402525
37708116
-374966
38183854
3106786
43180639
17740300
6554748
4681748
15081407
27725313
40490113
42238155
32030801
37433431
8399829
12938579
8826988
36387599
36945115
8890926
36588341
11780885
33827639
41837569
30904829
11834425
33569467
37023115
12435980
16723933
7134300
15431120
613332
21415929
8826275
39963319
767080
36592865
25909353
37879333
40333496
37918742
23882306
7897108
41720602
9848318
35423510
18690375
11676814
29395187
41029562
7211944
14666176
32842856
15365581
7317091
438225
26127866
-464734
34384418
28245825
42684796
38751888
21177819
33901739
15912700
7758627
75588
23400761
16797980
16819937
17047330
9969061
40013515
26027635
31349789
42829733
3453068
36250096
36794988
37896878
7508734
4501968
754319
29358302
24622185
4953952
24239578
1712190
23837137
8778189
39627713
17925803
28796292
33228600
5263527
1402341
22557951
28188935
12179683
42669725
6149975
34742181
36342826
35090495
15140160
-67046
3556712
5533193
16112725
10898322
35752
24298552
8840002
41874369
21819927
3258297
18072137
19333021
28923677
35861977
2667512
40152170
35653850
17225536
22787045
18123397
10625666
2334105
23832461
7479660
12595792
4621129
22832720
40709176
30468384
26626227
34722138
29998289
1730676
26895348
2689617
38909900
15986372
9018816
19981848
18006040
12739061
7979186
5068923
7677216
21409350
3028698
11467870
43338071
20503003
2410880
42225661
42600207
7712343
6227550
20530962
34499530
11773872
8991534
10776848
5434573
28977016
16755614
401246
2751622
42399474
9830203
23938367
28228219
3562875
31193863
6715586
12410534
8169151
-467273
8087497
19113899
8383635
43205014
24306196
42180983
43474069
2683468
26278084
8249914
31346536
37263950
28548388
19300110
28087356
37497502
27048451
-341471
28079898
7019825
9700348
13552629
12801276
15038814
27989741
26036339
5093216
13399057
42707290
39309778
32563148
30419383
37283572
20400526
2020754
30498994
41675689
29735222
22619998
27718122
23536075
32925652
5704194
21053379
25150497
29528728
24085782
22574178
34555565
41374104
39503908
23837573
35592617
9778546
2561352
36862882
11255633
37505434
-739598
23678348
11524100
35148439
10006745
27930663
32183233
26397397
31963729
20153579
1245293
8138253
35127859
9398561
37096089
25278917
22835949
11656313
29244699
18185475
31985561
30361714
34547202
3119450
21112235
14852831
30685936
1949127
32435732
27501725
7049856
41554740
39716729
25096664
43509781
10622611
41795036
2890844
15807835
32092563
42727884
23845126
28328324
38129961
40489856
14765312
30782136
39022782
14969345
31929877
35138695
9663563
28388217
1925472
10570964
39163065
2914677
17249426
15223194
41521366
20435329
11464431
27700501
18070307
41314148
33031294
24530674
23141593
38029069
7477895
10954399
-287456
27083983
27641685
35925486
1909226
25680885
19916104
11410302
136019
31097080
24344629
15636879
4085886
27498696
37368095
184097
11242274
20652710
25461809
19194016
17295054
30165210
43171629
36070886
37550330
16592220
6061578
25478145
8380163
7970192
4952510
10498455
39197315
26386914
9774901
31988933
32262205
35617531
11913496
38863977
1767034
38213483
37224342
25481290
41317161
30472416
7490713
7495927
1462205
15183379
41827380
18988430
1276906
26347376
38530954
3400809
7892351
17101637
36442026
12622638
31882065
35726695
3961031
41406528
38344573
28229637
19768498
1267309
1501385
13989683
282085
40091443
26071321
38378677
30368707
18058292
15193334
38480132
30027714
4280668
23587938
-724202
18270952
21369355
5251659
11914316
21847263
41447262
-496981
27490925
16690501
9971263
17969430
30251078
31195315
32284041
26871562
33628116
23500710
394050
9256316
5150603
19678227
24775411
8906732
10158061
5180601
11866757
2933507
35578069
10177227
18111825
9709572
17920362
3580940
27666432
29838873
33063214
37131273
42432944
9524734
26512562
37265619
35559676
36635682
34046947
14458813
-686656
42445147
28404142
21446289
7022546
5650129
4865975
33998810
9832731
24106681
32242552
24482928
28515788
19503767
832004
17960420
39275094
4221325
42128094
17668721
20939996
41234343
40642401
29220133
13007698
16585180
24251532
7547512
2877133
36781314
38683348
5509952
10465947
13532030
3055309
43013427
10184871
22600314
26141302
38762644
10489323
28420297
42853449
30538079
11540612
8670527
39237647
9424298
23698149
15369205
5170500
5169067
25880359
10652273
39554897
2976379
8444766
15137836
5641508
3939566
34033753
10692273
22943098
6019788
32176604
4540650
24137751
28495797
31991998
16435535
9392217
6326757
9841991
26098648
-253944
25028178
41610668
110044
40248253
22819117
38354366
9652806
39735149
29037612
3930567
36602065
25125073
38849531
24771049
454887
9233193
37382567
-826988
1373049
22735335
17674208
33340696
35222897
35614919
32483313
29978543
21612485
21763950
21099641
42191849
29721569
40360877
5079980
30484533
16403214
31571261
22833879
39498340
35543805
16623609
181926
38480754
41938587
20341715
16580346
-744057
42814629
16523753
10987448
34580753
13315282
7561119
11628439
4806445
5793897
5394379
34927289
5675499
34803558
18305792
2972194
25038811
33990185
34834797
61249
16816875
11855019
8046949
36257610
14813996
39050125
31104436
12352178
7646636
35396169
4961824
42318178
33550427
31755631
24873806
17720913
2522798
15871420
8146833
-681698
39149546
31648805
27937794
37370737
961495
21261021
618798
11244213
34420253
14395966
4765128
41582610
5770194
26867565
4285336
5801966
33711696
16182287
18315526
34564609
276794
31988234
38555333
30020111
24676905
10108788
3844084
37245047
35926004
5499607
21374623
13608898
34271507
1901098
40833104
2931260
25446546
8590786
20857510
12685942
35030782
12871398
37464168
11676740
38053937
7345236
3792830
6390583
5597722
8013597
21902669
16807400
38650510
21538940
3821099
21931875
1665235
23571275
3899121
23230753
15004403
20842047
17213587
18404362
16206285
3753173
15604952
5813722
3158709
19518216
9142242
4945979
20385853
28942442
37777421
4387763
35134175
37405228
35466132
15451911
10164126
4358006
40730439
15329631
13662187
29995023
1273425
10513947
9773315
43228708
10344206
21404247
15911341
39021327
11817033
4933300
24929545
15694455
42808286
7001051
3380322
32491549
3458212
32341474
25850967
4511984
34814606
21574068
36145439
32158658
14477775
42058193
38044712
18423130
353547
13880877
27919095
21613204
6309576
12623456
21515258
7098061
20212336
15722670
28909883
34430913
40951341
38754632
33241459
33136027
31906336
14306003
39807485
34681110
41632084
8406543
36120717
38006635
40709671
34832973
24800861
37988066
37210937
35018354
13575889
38825238
21845345
20492352
37957713
20175515
15609149
30703018
11473496
948088
7549745
24731435
28309249
29135167
35955957
23061687
33380563
5084873
41056806
22041045
2854381
1356821
32705058
14467693
14265341
25000817
40390760
25416440
26928697
5722844
14664381
19343162
25132000
40022511
4297795
4016808
12808987
28813027
16771354
7803354
37766865
9958524
9592083
18617399
39495335
28154247
43238591
5700691
-287957
43065602
18722084
2389056
2043544
15838017
39180421
16742949
13271324
25947871
6049116
33183052
15811955
33340980
32388866
37994222
15470827
-797316
12908580
29425775
43260136
20496384
9150458
24378491
30039982
12186190
256180
30152881
4940761
32281620
21418770
29277039
37232049
11926656
40264737
40568035
4696646
40648628
337903
18715615
41303820
14758755
43471382
10630420
12965856
2510258
27874320
22896104
40026177
18114471
28004445
669931
7703504
10420271
5026179
29900336
19848920
33784040
42699881
36213873
4671147
5894145
25022471
4452992
5182883
9254669
26833411
1640986
39805620
7705896
24265425
28518729
35256561
9926147
24902650
33744586
13299164
40625588
3121647
5196843
3511631
33147104
7112579
-143290
37350525
6165083
40156164
42854182
38943196
4238471
2003814
26651705
19415739
17028726
604232
7917190
11337239
-747353
18171401
39236105
4792270
17990219
12752893
20030431
6820540
42357878
3988627
36554170
41425786
40802442
40323384
37021134
4076972
35499434
19034745
30002784
4967646
10159972
11017171
37944394
4220394
22087272
42090005
27745324
41502536
12922233
23286010
1995033
18321124
15774775
42536623
1438970
41383266
28329358
21831400
27760884
