23188982
34003502
13415807
7811010
24699061
28227215
21283578
25796574
36264554
15812862
24135060
39461708
17986513
35350179
25799979
12009078
25221008
33678063
42617286
12700023
26446061
18645201
10536938
24028566
15293513
4679720
769087
23995556
24051829
32787706
40552345
22734831
42716530
9302537
41709472
14783667
41979752
1303391
27839558
8475352
36799460
30744113
6705735
6231800
31796348
13183813
4070762
37061639
38427655
4139984
18509400
36147365
22900710
35212798
27630633
10869919
924875
14405883
15727491
29027067
6575732
1852788
29655703
29422925
35205853
43459294
33880058
17999238
39817259
10695480
11862285
32368627
5506985
5544648
38803249
31187632
15948152
35382854
38909074
32270711
43514435
4933176
31080863
15136202
11540494
41276935
21672648
35466049
16170008
6513622
27126243
-898514
21795474
27521895
36166426
17868781
999270
33057994
8150960
40540704
31342314
36920080
13102039
36431962
40939368
8100906
27374503
12067131
12463902
39151495
38673500
32232547
28173854
3689520
33818630
37778225
22610008
24569306
27090026
33328043
43446576
7276240
12226099
1490792
27549340
20195254
19946165
7383093
15438392
8185221
35937901
37312577
6924801
3108574
36286810
25637646
38655023
41874664
39552624
16562524
23350142
38657818
39734179
1934516
8483117
14194593
39030878
5542991
14356344
37038689
15566424
30489195
21211711
42104094
25993283
31176531
2393540
1464123
38061451
32122388
41744660
7437588
35306771
43141732
39810764
13797227
19953430
29856123
11853650
37405439
12837524
9182724
19289832
29550967
26641513
19802661
39354551
18699886
4129706
25227660
17131951
15235883
11424090
12281917
3073245
23551291
27990403
40995645
13248085
13975164
1462059
14813289
34157237
5253289
21354058
27105640
32048759
30466695
4745329
15347467
21906793
6999135
28836554
30478841
31436131
17026464
12778295
31995321
34187651
38869489
-551127
3857141
8897030
25859559
11597443
23248549
35321722
31654884
15312667
27332392
43306205
-608336
1711261
98927
5140325
14099980
18613628
6918501
42336642
37482200
2414287
13496007
27956394
36633189
23733645
3489401
32094308
10148471
22468902
34214605
14197060
8760472
27664198
30432315
828312
21466123
46927
20200810
29688045
31707362
16006339
36221074
29192845
33435279
30098068
24970336
18421160
46657
23146126
14264934
34182476
41452177
29532563
16374724
39788936
3938088
11207458
17837421
14845967
1865926
32207373
7271250
7565540
4223732
790955
524941
37115984
7207986
37852111
16632274
6557117
7547085
16975157
8197601
42660517
9577041
34937552
12685378
13290264
11813302
11642964
28200191
6496762
38779260
3238805
13538894
3286883
9613572
18146241
17764800
32722690
2455435
1804726
29591474
33139925
1126815
13608364
18424759
38391365
38910310
33771768
36742778
2594720
15241586
26925407
14544113
21720282
14843059
-114414
8089013
20099639
20707090
28486490
23252136
5952568
37630550
21639826
18893658
33717497
-862925
11155871
8414910
6211402
2425259
33124682
24291501
36623379
3790241
16637081
14526960
36308905
3808419
43151049
41852040
14059599
43252174
14383375
12325421
31414170
1938127
14042666
11229859
3017362
21155564
13939582
28692928
1485365
3475674
39986755
38471782
18281375
1058603
20816365
7778344
35556347
11338156
29497924
359755
20228436
43383057
6358522
16121324
27718752
29486654
29997375
28105863
35257109
12046621
26255867
42805450
6002632
30563386
11050544
40848160
42152531
22313615
12703858
26393633
14302974
36304794
28295124
22277058
1731853
9346615
30614752
34375427
35748139
19696255
2132225
21557553
-83248
6060057
17185948
32082881
15524512
20118045
8810420
43241945
6185199
2961560
30631541
40807978
39006228
28406827
23721023
19844604
9324779
26948778
17303721
28497756
10548293
43395024
26281408
32022978
20642284
11363741
17931364
32053634
31272972
4395063
42796341
16650553
22577690
39571312
40183013
26516622
42531508
26711702
23802769
41247333
12296554
5820988
40781776
2921093
31504477
13538105
4725635
30031354
10831644
13237018
12992675
18252650
32949472
1220644
8879944
15643446
7519325
8809155
11395729
36965819
11485823
30382121
-585002
19707930
30036439
24476699
30486778
25369976
21728376
92519
40101023
23605856
13514592
1710490
821619
17074088
5053594
31430241
3841947
16397473
14220563
35222183
40673538
21562472
31191103
23122166
35800409
31449135
2541378
5832230
19549780
19291387
24999083
27424334
2690206
2763170
30240448
5343037
21708709
11192422
9902448
14272514
39834256
31460686
11107367
38269544
25504977
4583074
19329515
1180464
9841467
23421446
34749890
20945122
8324297
34446887
7360438
40201488
13957299
12323863
28442586
16547281
40025205
-224361
20045742
34262361
1555062
27250135
12924047
7478188
11265291
35733909
34902285
21544588
41141813
13130574
20150447
39479456
42933830
31641772
37897115
22854353
5624327
13596754
32431097
17172705
37690876
27749276
33954223
37396781
31926024
6157822
-652519
42091632
27159940
18577065
32560995
675967
13534148
26924473
405848
33411041
25054550
39356131
15300344
14886786
21398605
1894546
1959493
12101126
7944351
-26718
34342922
18739561
37918271
25389600
3669806
31514308
2135485
8616849
3053285
3721434
18832771
34478731
35205251
38675268
36463215
25639567
5855784
42661349
27271268
29237224
12279375
28722738
24432160
11835936
41640508
11606281
12966228
34368498
18590479
36249454
4687764
30802076
11660337
19394328
14928834
24239028
8160991
-281252
16029757
42365237
14551457
4617858
4999816
23683914
5151552
36324336
2071689
37337956
27939717
21352802
32876725
31765787
3845203
8009731
756199
4409193
-904008
879556
10262962
40019105
5034609
35837419
31417476
22726467
42572517
5792160
21200564
23300257
29570379
10392687
21241334
12614152
7469794
15297992
40004237
36586651
29439814
627731
20738894
14611042
27200106
30347993
10080632
29501081
9437539
37679500
31200196
6439097
19728964
27719307
4785635
29268116
23819832
8202827
7186978
31110867
11639401
27275450
5313237
4818889
14111888
1003610
28714817
21785569
17847263
40004420
16311474
28538005
29482549
35763007
13184658
10615931
29556390
10089294
12157492
-34825
24965306
2429949
35319320
2202653
40156813
8515966
14387836
24485660
38599354
1848082
40065732
24401168
23590470
19154495
21388065
18625378
31004448
29511920
16515534
24961636
25321600
14298224
6085497
13348570
17826377
19052254
22356415
11943871
38677918
27296833
14374961
19654251
30980633
28367387
36656790
38365238
23382231
2417413
38924033
2078736
27084768
1979321
16884537
22958037
9085697
173216
21184275
30636285
16039500
20522439
13607223
32967782
29267365
6997560
31589638
42902338
19106792
26023501
41504885
249232
6845187
10351364
15609545
13136442
2778154
8297114
43156553
3702916
17703864
40500027
33752521
23964622
3452970
20346366
8929893
41994151
21204050
18965983
37704025
30385594
17378261
36335964
37280066
32235328
2399752
18343236
12646029
22522956
3299143
1613840
34488036
5130940
32690155
21811194
36338270
16170011
34683162
40354230
33807158
1238964
16052647
10277017
23807805
14402542
23653832
41110026
5581908
35007061
38635042
32208349
27557558
41921329
-140418
41015616
40578302
12025214
26400106
40875695
9753354
5771256
43294604
40371089
11044206
15105039
38629681
14956700
30212842
10336788
7344511
12433460
27640315
10054460
26572499
20606490
5676837
12628962
37786538
37229379
33858577
40929690
21985882
11784556
30352906
33112128
39748052
6817119
26058245
3796316
6976903
20687852
40008921
34977802
27088352
33887122
15624885
2950094
12414882
36071915
26049880
8142323
5555554
37043834
14949830
13551869
23717603
26655362
35715773
34044167
3525259
2470875
1406804
11627429
27871584
16087766
40064782
42291856
29994770
25050225
6104091
35389441
33959712
36122309
39257262
4636213
5019325
1403369
13556486
2398992
22703817
27332501
18242881
7443911
14515026
16299085
23842043
10783656
21273853
12442129
20196907
15987205
42289022
22704449
41061539
24458391
5662578
22618589
21944657
34821203
41435111
31464302
1406964
41161544
23265148
22277493
32059239
1203555
32642593
41298673
-510172
14520975
3934678
32660686
8094817
16168915
37431147
15039587
8629982
24107400
34728134
16055052
35989229
29039679
39155819
35349440
7863548
31481182
11806974
22403914
20463108
40985416
21938394
734143
23490777
14791009
31292125
25014592
28732825
19320586
26344417
4391339
41388954
3271896
21849937
6304420
19804688
36830619
41857034
35260128
11022209
17282228
5257217
9075691
16603967
3325760
7208847
12165911
38514940
16498701
6997459
7395898
15667359
20288837
25521411
6339872
13876955
18634340
12068586
20699153
8380853
30167731
26997036
3898351
7663028
-98617
9567159
-763013
2593897
8895845
36501378
3126178
27100145
2470738
36557266
10978605
42043320
23062417
38655246
25091368
38972937
12625353
10053745
501876
10391098
42627187
33077303
30271441
6980404
25711715
29150692
18477278
20190756
22287074
38569260
37385810
6821657
37600202
28459779
7116677
30874228
7088568
13018105
8971330
29838598
1475437
14819316
36662019
10801005
33770465
25335196
3155656
1409566
4855845
20066711
41367697
39196490
26354290
1422075
20362902
6839433
27562437
36104788
13067814
8625824
31341022
35438067
4283728
25402202
25395439
34850257
27275811
20718206
32530328
36682798
31182498
21461791
7095556
34129324
27041452
35575026
17130259
13904194
14820520
24530084
27712703
14800973
26703331
12662873
5649914
33956774
16935314
22916752
34076834
24687981
14892126
10904449
20192793
39618654
32878741
26614241
33815365
38556416
424293
37598498
15065357
-758676
25053242
4728032
37496582
11261081
23851855
33244629
37148255
3861813
1378469
21038912
23678273
12240427
280951
20847606
43233691
7013544
19156753
-803218
24378801
28404500
6787718
15198037
35307271
36990900
24741851
14378618
42876882
32315831
9603837
1391943
26750421
4036870
12825152
21142993
38740230
17001939
19353630
10629630
37219981
25788782
36560018
40369418
40360700
-286758
24107532
43125515
4317708
13056007
3886398
38829824
13672699
39350071
18395358
29042220
8744564
37503893
24627208
5937094
41917093
19395068
17126722
30861244
5694856
25563390
36815739
27199128
36967144
26568082
14733231
28770540
42199055
13158146
16468527
27112399
7378523
1700861
22189669
721925
20556736
12539128
34331638
42870416
32300144
22294177
6661436
13443716
31861815
29100526
26804829
23485788
40697894
33954569
26364514
22570664
31934555
15717338
20731138
5881545
37041693
1559521
33310110
25965267
14587304
5807439
41488334
5742510
21384292
15980332
12605439
887591
31580668
8878194
14048515
9267310
11794785
25557599
10583085
37759937
1125170
6937147
27054572
21191607
12907557
39019798
42059779
17903266
36942886
27111628
7702723
33350557
25203907
-160423
7653739
32648213
37290925
16468292
22926985
34750120
32665480
15980409
35331662
3382954
-411706
12113781
13505157
22686855
23726726
34682507
21065373
15511156
10484473
34928685
3595415
40525313
24919081
18435075
347538
29358404
16533456
16455021
3505016
17960113
14298015
10305917
22153162
335857
3851320
27841302
5072771
13299114
16493435
32285630
7009834
14477257
42862879
10491733
37283310
14648131
39233680
4623356
39234123
29489734
30883991
15671824
11551164
1596289
14336659
7663139
7497071
26847695
16424191
40674806
3849024
4288396
25925661
9597740
20631573
25760428
26464133
15278945
40800131
36740261
6540920
20227932
8666067
17170934
30647791
8760665
19360869
29288460
6854344
39279203
42547764
12122933
3169179
26468983
37668827
11239717
37763352
9785185
32348320
26510772
34375940
19552160
4339343
18224584
15695741
12725028
35683861
16910528
6460232
3564040
4946870
40885688
42107560
30877077
20625159
24345720
37986823
21518823
5237288
37940182
41423817
36564298
24048608
9166908
37955612
30544954
7647139
41983367
12345080
4228383
27317141
4039225
39853771
1567044
17597169
10753652
16730118
28855013
10738517
42787220
30507301
35275447
17535355
20890101
9963246
30843638
3092153
24135296
39958250
20980205
2542271
11236162
41878451
39742325
42463224
14806143
372701
38921688
21685719
17820693
11933515
6486212
9350236
25533998
10704824
2703965
7861866
27670428
24045689
23429450
38515781
27246513
9845348
2782752
31064587
23864835
10669460
42684486
10204539
25350421
20793457
16760040
36303283
34146390
21388836
15856313
39951988
23183862
18627678
42973164
29623627
29535994
3797087
21355968
685013
38522004
24129837
41082027
16380600
15402877
33420018
32317131
22211667
3678909
17218589
6212769
16486276
12221302
8635457
20260991
2679559
1191040
34372010
8022991
20879958
15349883
18964150
7907531
1149754
20200319
22811917
8886682
5066719
6774427
26228079
14728968
28924334
41127513
-895197
39947911
20371855
10632401
37359154
40501204
41276995
7103200
20717352
32442748
13715419
42856875
7855717
38554068
43001857
10060031
29857031
25523489
3494282
24558794
1730602
25699172
38738898
41625195
25203280
33324268
27307678
25377378
39281323
4431793
14978889
32109327
26987528
19777312
7756606
30770706
25767051
42540235
17384679
27549316
17417786
8758607
14299688
33131449
20200603
21701348
11432698
40237269
26386715
23304992
35812290
32712092
35714288
29006553
31092552
35656392
11446576
35354490
35932293
28282962
12253094
42815165
1908298
9708929
3026878
11037391
35899599
39456197
24028660
35745899
7879457
11465845
7236317
38990068
9892631
29849495
15843735
4747892
10964247
21032375
20863136
31207597
32956968
42146744
10106299
-346233
29945915
41774473
12770479
40166819
28940449
42903389
22491642
25613741
26295182
6235832
18038357
27801931
7723267
36083968
22104128
33523703
25052352
20741887
1426540
27050605
10607781
23296331
21054188
25329056
3313050
8156690
14845514
35180582
20698432
10501512
32191236
12717935
32716098
31882419
25409067
20078015
35880334
22243475
19127126
16178684
16413896
30367972
35141965
21551881
9207024
11933394
37108418
29651645
43011548
8352880
32806088
33811996
34070858
20665505
8121045
24685362
14980553
40856105
17171983
40679892
24987376
33295206
42408353
26021686
11126999
16941327
38020512
26104480
9182932
8564848
29395228
26741502
18907640
15785853
14803403
26323176
3569899
30631820
1376332
8056862
15832543
36249507
4825519
32744739
5967217
15905547
40089934
30812336
27682699
5684715
11147145
30929889
39195401
15094235
26095822
42140731
33348177
23985419
43047981
34528564
2682823
4512035
-667473
10614361
17845764
36880307
17261553
4193961
28240103
6220534
29901122
34303915
33722599
8039739
1625933
31351276
41297737
21722957
20008200
3402503
32981943
26106353
24152912
27920453
42908587
2975323
29845120
16593212
24675403
-856160
17964044
551061
33626442
30752983
20057157
16256189
12543936
24695797
30598488
-748677
41369769
35262617
39795589
30802284
40516378
3658605
8946312
68880
18328577
6299797
8355918
25845184
36130183
43296144
3840674
15356999
5925273
1697668
28516088
35614884
20282193
34513709
22731144
24378020
24188962
6014571
11309979
34023687
20709859
26810914
16005354
7772358
38717811
1027724
19242026
29500742
7739430
27387458
35652187
6604230
14093385
18985898
30861641
22495407
42518293
-352564
6187766
40657610
37763639
37670447
1237396
32622640
8464656
31445019
21674889
6584323
19228927
19767592
40594532
15969599
16349086
36076822
15754088
39798676
9654555
6739275
17734871
-975972
25548805
10225517
33166709
16654112
11402655
5128190
9500535
20982326
22718387
43366070
7890585
27834843
19005127
34290251
7633368
10822590
8292163
23976783
16613500
24949306
14823887
13130166
28856310
32357911
7557834
2725812
2856371
34609630
25616297
32955755
7161306
39532891
13724459
4063255
956378
21863093
7007748
39749210
14418430
808328
33439410
36381812
23462750
36493633
33988529
38384363
12317449
22433988
25808735
42575103
25442687
35125616
10074780
26617726
16793057
19112129
3735602
30516937
15162650
2013919
8565250
40695380
43386999
35315604
19862981
10661645
13116818
14362645
23888399
24813979
16336060
30128601
12932978
9507542
37213335
12629232
33263310
35529177
29972832
15442170
39136265
11604848
1663796
9221784
28275478
42432936
9184677
31419493
16949964
18487544
11212890
36637698
35511703
12237933
27061883
22523580
9179700
4876216
17653210
40470464
25373848
31223005
5448944
39700230
7795896
28102438
25047156
17971957
12851723
8854398
21378021
4830069
23196345
38216241
35614629
4107491
28748076
2727853
9437534
24154637
38242322
42161444
22240704
42500960
8218497
10329361
38282155
546063
32575564
11062646
27173876
12490852
1428526
31669409
6138543
4672215
28068131
27021060
12127745
17747385
32510573
32598310
28261830
29476488
17429062
13060532
-317937
6372094
22467776
28376970
14274293
15293224
679255
41779113
17660745
19149024
34812376
16567580
24812598
10400487
1239386
40187825
33966454
33235125
12888662
23519350
14990794
28700739
2386198
31112601
20981160
31483357
16955569
13773386
36710638
39741477
17437832
11350877
9768886
33255196
22335668
32831593
13633142
30872290
41107786
10626089
12980848
26080296
28906895
18816946
33413387
2466577
15935091
41771192
31270770
3098884
30859464
33297068
9405993
33147678
34515600
8436281
40896096
29165529
22425040
37291484
1645089
4779550
39370765
42633286
8377306
35061347
17470743
33727419
18915533
30956337
28582088
27281567
3961707
15456544
33336445
35006171
22412043
37741093
4967087
38429657
35656314
8268810
15324637
1052685
33310756
22522375
34979318
34255713
12379340
39352520
36711046
8344677
28322173
33502350
5561668
28396106
38330492
12174699
34305048
22555444
29063785
17951223
25108429
6946837
15004612
312549
42847291
21509119
5423440
27098589
24632273
27558006
25646001
38438078
804600
26340376
19252505
34383839
10797973
38197968
16159108
12410926
7285711
-207843
33319500
17672200
33311507
5611156
17842158
19487123
37428840
10288436
17254714
29846094
41165659
26415865
31195911
6929298
14793600
27413939
38913456
37495808
30064475
9906490
35716437
35353985
32374782
30907688
31729994
-19747
38811586
20779639
14291123
40351740
32360467
4382047
-848507
4078349
28331134
2064171
31465851
12970051
40179854
35073174
2227678
10320117
38242068
21039006
40622432
43308804
28699574
-107016
37276494
19972132
43174865
18351689
23881570
34154726
36377011
15954033
15582364
24662786
532143
13091744
2205655
3036444
13725780
4671740
-178567
22688046
37490596
24516062
10053368
18748399
8315977
41220623
22820374
4531827
40130576
31174718
13774282
42738410
27563517
5874641
30964729
40417
30309718
26964919
37270117
39603912
37859809
38825294
38432543
29629294
118407
10901524
17850101
40226551
37843988
17524253
4840642
37550722
318557
27331629
7692259
34257506
7739759
33520307
3062319
11123204
14993976
14068217
18934998
27449337
17077419
8049030
-106071
4135003
1765210
1372800
26577858
3520776
35196515
29745819
22498420
28672178
22885979
19236796
38431773
17273431
4509425
6890398
36379433
20891604
12186210
38619515
8525930
29450680
35174761
40951635
9883133
40524415
36755201
11882628
11506692
40201085
33409176
28150611
33464597
40978959
20824867
652541
19486250
8054093
9667322
36696653
30175851
28813893
14414329
4319353
25391607
25180527
15723221
3863489
1068344
36793768
40383592
1202644
10887943
21739598
42680267
24142386
31578907
31763101
40833660
38537063
10713949
10807152
34135240
18461153
28021743
19049810
37700548
24888172
13796751
30145661
5007608
3255304
37798328
20687063
7545711
16098366
27801091
4612032
34094922
7816558
6715841
34390406
24386947
40278680
35527597
13582597
14521482
29946134
34033470
6654036
12094779
15336490
2616683
39912057
35120263
35243057
37367225
21181143
26120381
10188539
3386349
18076818
2879045
27433411
34879914
24456921
27441850
22887948
21721125
8144739
9573511
26165747
18860384
26935344
909766
22198753
40340448
17599197
23289088
11318687
494173
32734589
29357376
24652758
36169127
24409297
21977000
22861064
8530660
5402690
5725194
42789808
38618154
39664266
40305594
27796237
39286648
28531072
-528904
40419454
11092222
23871689
33077819
33003709
30465622
35168433
35467101
12607165
7592592
41957888
25969184
34782153
33715762
3456294
31573753
5544172
2683874
12685855
3240164
4900840
26738112
19999979
25172200
19827913
1847216
3198748
5355950
33127078
1953292
5673504
34404216
-804865
26362462
12118153
40821029
-54769
33990274
3025903
13916454
2642822
21626445
2325763
1203279
38844432
16517935
7018476
38172498
35005907
8496683
2114433
38867252
16972690
32249099
42361387
19785818
9777698
13833511
-302238
18047541
32256986
36301717
20231730
37239493
4045905
5212698
14988978
12916557
21346404
27733615
30798408
28819405
10165604
15187773
41401726
18585132
7486616
21455848
6470946
18578481
33010871
7228285
25995752
2206965
31020588
41902059
25346523
26764632
36223233
22079243
39006296
27196798
160199
43463348
10526343
33902062
39209734
16462009
12550784
24611294
43113972
29373227
19913769
32057474
11901443
17224848
33740460
16955022
19954800
34338289
15203285
23239372
20499788
39160720
32379176
19188992
31763572
28257822
25003262
19401859
17187065
16700317
42919140
10618737
14496698
43092049
17066454
33903721
35013049
23806372
1722099
26971945
27024190
19435658
22888195
1699089
11461978
20500404
42488994
26496771
12557185
36582759
1341528
8784664
26157941
6549440
12398733
16985695
35920213
31775067
11066258
669063
6931848
28782996
24116057
28303231
32429605
24064789
11887470
11264270
27106307
23203559
30221160
32572211
12976991
25758216
24574503
4563341
14980952
31781848
30234525
21929995
40445470
10062626
43033224
12651428
31068918
26892775
28959950
10247135
9965696
10284756
25550801
4475926
20672380
27846298
11677540
-639937
26570
26885122
16071009
524879
18213089
27876496
4779167
20540318
5780855
2894832
27997243
27854228
1302084
39210016
42259850
13789200
31794385
36919699
15540776
37884627
11895188
19162869
23131571
26870063
-928272
2225939
18067295
6031437
9829711
17102897
9326981
3199256
39293004
31356547
26570111
28032233
6330541
37646474
-31890
9313476
5094929
7808087
17912490
22003021
28845607
23241892
34928856
23402676
33835442
18407650
2936404
21603939
30259637
42163199
11702403
15085140
36442882
16095757
37409728
20177802
41537743
11294434
5333626
2280873
13555290
42085771
38594168
36921758
5955879
2013106
6690925
4622320
24508741
19774480
31770183
6998416
27285922
37130027
2846466
15931873
8770653
26292767
38781452
41839613
22870115
32718523
40220594
2103356
-400509
2912497
7360607
17710623
20959986
20829577
43264348
8594564
40665962
3956809
2654089
29566892
8275492
-304998
5380500
970212
42738809
13023685
26873130
42403115
4188905
34310099
43133317
40460423
32641977
37197328
3247277
17999303
23554879
39182150
36290414
18852149
30207433
13427697
7845786
552430
6931873
42893687
28913578
34067053
26596913
28840990
31725468
36204627
26398707
31763989
40878491
14870186
3470406
9107548
17503510
30179464
39460299
36517884
23426649
6388594
1750158
32977517
7251913
19803405
22296591
9720990
17820510
41153376
20682701
19868028
30552215
30576849
43152691
1137551
28545706
39926485
29435367
26913818
13245143
991850
12002667
3488382
29662514
11168308
41343392
36154444
42549913
24703309
28681383
36319542
5728625
23685551
34912127
12753984
17904972
1824780
35972337
142827
22040903
18415670
-469679
31987440
3885339
14607131
24734229
20596580
12173345
43334136
9379842
26114880
14123730
22386105
7640819
7189432
30677472
8224511
13739588
3083048
35427508
4271023
35593960
27768536
30531964
38259648
24406216
6008055
26093909
33868232
26280794
16409145
30213050
29569507
27133461
35065737
31355183
33402466
13071851
7426971
38555308
15085933
24106126
33947035
28410402
8670021
3315086
13949361
42440934
30322933
2183925
42790328
10545937
16036066
1847376
7956867
22973373
35251097
38049207
24764101
36751111
13067189
17226197
17335159
27161155
15081012
33641220
42936467
18680954
8094439
17125867
6766634
1559693
26384249
12685884
14046783
33390967
19566770
4662783
41015562
9694477
16151427
20588034
12640202
36420188
8805764
37695723
13407195
17154844
34913805
6575457
21120666
40242809
11575396
41886569
13344877
31528691
39958296
42430792
22446215
15012266
12589685
26159773
2438358
4719935
11525955
487124
41745907
18909972
19287011
16034510
28443745
21063998
17341223
32035400
29666868
30917563
4876009
14087477
13341616
14247710
11996314
27197251
24957912
34767386
12110415
20963172
8978438
18704825
20676585
30588418
15702388
32344247
24726938
25977791
24897720
32189498
22334501
3103150
37002484
9560649
22921808
17067521
10624168
23405972
3915601
36037710
10124006
-210549
23463299
35517524
39615179
6138020
39026235
43336074
8664907
13233417
22683165
23886967
18455248
36376933
40516702
3094124
42939363
17266298
38302158
10944881
9493283
13412543
4470223
36619626
16381422
-250984
43453765
8356501
14463039
7837917
6430142
-513756
16853282
6323662
28498310
25978075
23782286
43026243
14821536
26861117
37341796
43348052
38974696
22349811
3522683
29717721
28307100
32990461
32622113
18065300
18740064
9975460
21320057
34324786
5836178
29995278
2478948
33417345
34600098
5823557
18703716
3448465
13803277
7284230
28332805
34043963
31826339
22830901
10311097
39654359
31303893
17815403
35055015
31832591
12989900
10370041
30491333
42179751
26462028
5145752
29846077
26211375
17914405
5844443
14015970
40245090
25381501
21765927
1941933
41356123
27425694
40286189
40880589
6031973
3155768
39538557
35602957
17463798
-896000
16512784
57665
13063581
37900744
25608361
15263704
42121642
21616984
26218994
39912748
21838812
-182679
20080242
41152708
36567074
20195682
25947939
13419613
-905734
32131216
36337654
14210070
34156780
7834749
11965343
29856787
-175715
20538517
25468443
42736238
-814780
31303460
1105872
21050684
8578482
30274412
-792634
17544851
14231546
41556503
1895046
6429576
4133005
29426072
13759049
36929025
30478904
15830218
19655894
23471395
15742566
6765316
27490714
19713885
13961491
22518899
10127793
11908481
26265867
25378416
37884624
31571983
8118357
32656120
43498663
42045823
9165279
37669494
6754808
16390211
7373009
22745698
4475608
21285723
38788329
6197115
1701946
16246125
32169236
41120440
25831809
30720109
29063298
13186142
26715283
25415584
28748960
42198082
1073234
31883781
2700495
5409653
40367123
33202267
33695381
38394894
11356960
32983954
23134825
4481010
26140264
39604449
7566614
30449059
22069055
29738294
28643771
38730356
6270097
6405576
22439600
13505066
2729117
28052122
13723129
27461508
34249898
12270457
31273117
26065656
3343827
7231961
36927725
16761904
28687789
8947106
9436839
10898017
20423004
38930698
28146072
33436452
37705162
20953851
21309295
854866
31196238
40307764
27765506
13748837
5003248
14508547
28341122
689379
6133928
30436824
13068494
18237760
34300077
9717717
41780836
10291752
17094524
38552021
685328
29880912
23658256
12262693
9998254
37244243
28275292
32165293
14735246
8003245
11324436
875845
15975472
38968729
4669402
4930068
40206660
42841499
11751705
41229232
42015635
1440028
43096270
40704804
4715922
7702890
16175120
32976151
16386253
15627672
1959314
11116177
36137441
30139793
29308547
-542417
9119482
24318034
22116952
29515910
36361904
41404363
19993590
8783953
30949575
39281036
2383758
10993059
21335328
30148605
12098646
29432652
17963485
25593952
7592992
5014768
7067833
10446781
7311329
27529058
33886060
10193152
25426744
3236924
30377524
12726939
5056474
15043446
4690009
7542037
5208154
23179122
-789988
37436633
28836220
13390016
27274460
31968783
3776611
34768108
24028784
17673755
30222819
28298333
33296650
9105553
31402313
35333288
38304148
37755671
17738648
21340112
43143345
42519238
8580333
9202928
4756812
11424806
36308567
22707616
2300472
38312739
43191129
16995242
12818173
41286754
29861369
22805119
6030674
7395697
38658862
26037368
17877371
15989802
27490002
18098997
17746160
14314362
4527317
41254254
-26082
25720903
33054931
945509
29029463
40364894
15483275
1112406
25328631
29734918
10139002
25636179
35081460
27204717
4726603
24819671
5388552
10240658
14111618
1540799
43001609
26182885
11965043
7578137
29664463
40723727
39345414
22813907
21552154
5155814
31753772
36229071
33718986
39122359
21186655
19976963
4273878
13371566
14336842
15540917
29601729
17489868
29263668
36295479
12415029
18095868
11710999
26497248
25699557
38929174
28010042
-269489
26345640
18836505
31944968
4917477
18007258
20077932
28102631
31256747
38147211
32963335
38923654
33197919
23348230
14197629
17492743
23034360
31578039
28768179
11346409
28072164
24132714
21753170
20216078
25665714
35390596
-146520
22188224
-432901
27118106
41361820
9116754
24866507
3760935
42949266
2795258
33916599
5644173
16866960
25288129
43459203
31283899
17772961
1309456
34542447
36098379
10939281
6221607
11718741
32445622
2021608
10732236
19357682
19490560
8678981
41060557
27572021
38810291
9206024
19652553
24578634
16392941
4256694
4235911
8458299
19909749
15794976
22799246
40044880
17033831
37001117
15080677
40596427
22013847
31917166
42034179
27453662
33966603
39262038
942971
15949021
39485060
16203889
29927849
37572088
26132698
31912139
21962924
29259838
852010
29414719
39066777
10535588
12113151
24926996
37570195
39258181
23693599
22819276
18826290
1248059
24457086
28831299
15054847
37932630
6965455
10323617
3113397
7700410
11787859
38408810
8863748
40523925
24618341
32797659
34058519
3322665
34728168
13494295
13191033
32991261
4024271
23400704
27080646
9503366
9888248
26311058
17178456
13068115
8284191
14884803
31382791
18899884
23090561
4552444
16091082
11255727
19054662
14831156
33880614
32848650
3756820
32225661
15341437
34733743
38804234
36352383
16414609
8147887
20924977
32606655
3443500
41955934
2847967
41987619
27029961
41423364
40895847
14860242
40816515
19821562
14141653
38518791
22934279
40319120
33075158
26753423
30043130
9964331
42977254
29743801
31437286
22864088
24620740
9726385
10545871
15197755
6321056
17771114
35445142
39464927
-557595
5890025
19438860
20796960
19814909
940101
31560638
2507335
35164809
19544873
2538708
12847440
28618463
20174713
35081796
42579119
14461372
38076854
21216952
21028285
20679440
38528766
35141726
34518433
9211810
24934426
8438816
40950392
22908044
14568461
38509036
40967469
350740
7750497
24982769
8869076
7977207
21846376
3996167
37860035
24223179
12337337
38240180
15189326
-268441
7640453
24566061
21888334
32647734
30340815
17836294
29344780
25326278
8417970
32910078
3005642
26541178
33236663
5064968
40466462
36252059
13657384
40442321
33852785
15850389
-377579
32537888
28206483
29877127
28371293
23085004
12890012
3353385
17797572
5277063
31407103
15230207
12075956
10658036
18589475
36311909
10675228
11789590
30184213
16190667
7499523
6245689
22897487
283758
38449899
24509218
14640414
8050278
29042520
18192592
35114413
31573074
31528718
12371683
39621816
20290533
15049677
13451228
3359236
13114880
33197746
13846777
3749582
25415946
22874111
10552169
34805239
26065350
27979100
36590459
19375130
9976289
21495689
4353094
23081004
36757776
34627137
40573891
7052781
4101046
8458102
39975713
26792988
42638399
11767752
32555991
10824644
42707996
30695571
40406443
10511149
11434004
9396721
10722699
19604514
16500070
32253995
30656224
35332075
9056501
36288127
5826659
41932296
3263472
7444783
31367253
3639028
13429706
31344227
10633476
6157677
22561998
36954568
37426369
37163967
26276153
16711504
42360597
14236240
2998450
30279318
33997919
11498959
35897663
4049390
12087877
-346814
20108465
16152114
21596934
1089610
35352279
27041897
14720410
24701404
21000878
7613082
11242150
34338384
-685444
-829218
2774453
7950318
3381236
584857
1010452
31568615
10694602
19958244
26876081
25856731
2209570
12769954
12018006
23161026
38117452
1440339
20951450
18753736
42308359
30149533
-515931
28519242
37996979
5334594
24335068
25829495
6485801
25545470
25723431
33217576
41058735
37116347
26435922
43143169
11184945
38290060
31956676
-655385
11839001
16423246
24211666
35077170
38349875
29191698
3609795
30447981
20039231
33579536
3955545
13414888
-688933
-327228
20487176
30077931
22794797
29510113
36679187
41306372
10246704
33320750
5235285
19901336
21817672
36404502
4566600
37046205
32074335
30742374
1299227
13767622
18205702
29289174
35383086
8408424
39741358
10657932
4941850
4871603
30318938
29461610
42235645
7164240
236996
1106596
11752482
25350944
17056734
9496065
22303134
34691308
19003556
7981046
37413637
31798956
1292558
17952305
8689451
21692949
39493205
19430900
35576048
25541787
41251671
10519251
12575870
12973842
25756760
7569111
2039978
26182832
7464723
40020961
23782261
21061714
9292100
38293764
31717410
10558261
42424908
6823651
6118104
9720721
37020885
16121327
21947330
29143027
25514995
11169877
30689496
29379203
39453164
29801806
4941483
7378413
42227688
32770728
7168142
21339050
17429371
24258026
26461321
24280496
40999595
2335444
23172617
2076787
11168963
21733888
12246970
17197926
29977337
31244658
38042332
39356777
8606382
7946919
38898170
33051019
24367349
21548413
38108568
11646694
43508820
1183662
36249053
-296670
5572899
17775001
40935292
2680210
24167955
9419987
7387566
12599153
41153995
80725
35653356
43355275
13417635
30338013
42554257
23904507
22542748
15212336
15669279
37833340
27268128
27458726
26801532
4698207
10724791
22408250
18741484
13615278
33287080
-91267
16359698
32620698
39463585
8180327
8650383
40912966
180877
3908259
19652760
18227221
36083057
9620869
31899613
5090
-160060
30460303
1839754
1238175
9565629
17699285
11518321
26622556
4979742
5139738
2233904
30531185
2669693
9227152
35211468
37986285
4513448
9366782
35194281
19885208
14526037
28727785
41794575
31680562
8006987
7075754
39226450
21232627
31990235
31354323
22992391
12086902
6057922
39354983
4497724
8162989
27748324
1163880
23757663
42564429
33251768
11110832
37408496
24597986
42331487
27695392
1800254
20115376
26232893
11850735
31097343
24115551
22381066
8268473
28104773
7454342
36948278
34094034
38560744
22352063
35911954
23877348
28682288
13564307
40743745
8597273
10585137
42187601
1856028
36371001
18549943
3768066
20494070
38355014
17221293
34225674
33185831
12491417
22733500
36955119
-735089
17869877
6704663
20070598
3333264
26487669
30843072
15905515
11671937
35009725
5892146
33480708
37240382
36436667
7373536
26104627
20776234
33285819
4999482
6503799
19021599
36353564
5751611
28229971
22372770
36952017
17564455
77692
39009612
14729047
12108894
18946781
14022425
23902619
34101517
29021698
187456
17488900
41094048
25329048
7608177
19447570
22621440
19496958
41699941
12088872
491657
15887348
15197628
25260595
19773069
7542146
26290353
6709795
30070295
42172733
2340286
24797273
23991935
34369918
977714
15921295
41869777
16937222
3486328
12177984
6373778
5845160
-365914
27187388
26317385
15675028
18942686
42783911
30326219
11812192
30654135
27566365
41945346
41447855
11993659
9057141
23525246
20779115
31688779
12570055
30184289
29881331
8343978
25810497
16639675
29567695
31627681
30540506
10095855
27579293
9483897
-935948
5274671
20008756
14884603
28594929
39302565
28799312
21041033
11778706
15575510
6226729
1896251
24047388
20616750
28331717
1678125
43328971
13167144
615725
23058329
18286285
35582369
39291496
16291822
3709097
31732876
18273941
6361910
35306271
-80911
9643829
30870784
27864747
31531079
9465866
41219834
28220883
25888713
20303474
33576533
28172520
24025172
33437028
10041833
23556067
33808202
34392509
31147207
31084572
43513862
26124791
33581932
-969922
40817298
-544720
17796390
12425211
42367901
13298462
19779787
39447942
41013631
863110
20371493
6050553
31198555
37583773
7048678
23590779
37941079
33490614
11428868
25225346
20704974
1113720
8761675
20620628
19262443
7304447
9936666
22153702
30240182
33748599
13177584
29164223
19447760
38132594
32160348
36308821
28979912
13729862
3524393
20988000
4344754
12136389
36927414
12243511
12848901
4045535
23497242
18588612
33727362
11319382
27065382
28576615
32365811
28511920
29179171
31995374
2181231
31828417
2304102
10163111
17295431
25208164
34431636
40610619
30445766
38666886
12713519
37097839
17785144
36076816
26827290
8392121
34701896
21803826
12493395
7755460
2106399
11343211
518763
40390489
22004174
36109188
14980310
1380489
37356186
23220006
23171311
16182014
20760859
1515075
6799488
20086554
13603791
38982767
9115898
40525802
26534762
2771115
13609520
39853815
-504588
9050316
7401114
2571728
17425291
25471695
24395169
38468897
31451971
21980357
7124605
13050
27216678
29812638
5130907
21992848
39139196
-130828
6026213
19865081
32260656
43189504
3812702
-121612
15010190
42064278
2988168
19157735
43533303
1429512
-615994
35840869
5604932
29749872
28730061
40683646
16476423
41475399
29974451
29658074
6677404
30220721
5536962
27942688
23258478
35290844
1523701
12475941
41221723
-803819
17197546
23152447
36762909
42000420
10538777
28141711
23370227
42494774
37607866
35952718
21766611
30741775
33346345
27596737
41768501
4235118
15839407
29135800
25470484
23712162
42604350
7154757
33976981
32650691
37281252
31263164
1009294
8409674
4036820
27621366
24265942
29214967
11286039
39612565
2706481
12512235
21430342
25876412
5954021
7468406
34179598
3194292
42869849
40009273
26006011
8524606
23862693
11159297
23965638
40271278
25856073
28318100
3811562
16153071
39292644
11845878
31178061
36681711
25733484
23290380
28225433
35884418
22033101
41140993
8372159
4048093
42822989
32395735
41796541
42338572
25919742
24342728
16134257
5923668
6777522
668723
2607042
20114101
25279761
26212850
33543811
20976103
29643838
15097518
25326494
939381
-360055
12387678
19999414
7746890
1400211
25366223
16748715
5023556
42304797
2093470
11310415
20252075
-890874
9121779
39075169
6572949
11007495
5000739
40666963
20549620
12952025
14932321
17194280
17183319
25527723
33167590
42156547
41532799
21407258
29259787
36774929
21819206
26112756
36563352
27139947
21247201
41798369
6101218
17213209
20467174
4123148
14630162
42195154
23877803
40020614
12496228
43372689
2033652
-826427
29396421
32085727
35370136
19592756
8007198
2667468
24915272
31228278
29373403
9660890
-343537
-868537
39557032
2368530
22367089
26692043
12145567
2965054
39588444
19016149
18411184
-775123
21347711
27946574
22560340
4530847
29007461
24659598
9101012
4632224
27890403
38498009
-761166
6608157
16410500
40936269
27889338
15698296
10770988
38237499
17987752
23866120
36356634
30721705
275322
18206026
36620893
8033712
18050268
26462460
29719289
18170188
20019665
35485974
20263623
40901544
38173497
36903908
1345926
33877207
39389119
41722159
17849832
16789313
38802431
42526187
11190839
15902406
31912683
13025021
15193918
16033720
30703511
31036793
12474207
17795354
11119953
40881910
3936946
-730819
26798730
2917571
43458852
26348621
29326164
8804720
35443284
43449995
14704169
35377990
7365692
25151155
35849717
10721558
4938022
27037636
40378797
8468591
6104505
15242351
8556565
26099422
2151111
40772745
37746785
40761031
40098429
11633550
12005402
32350565
35023411
36981753
21671306
5797427
19588912
509892
37781639
35750485
2751700
5074999
9126472
31034630
42212105
20819919
29171540
2563928
42878469
12423345
17571218
42382793
42025053
20172758
40445935
28171126
7691740
15393185
17207636
5497892
9404709
41838567
6732039
28258610
39651608
39096727
22474763
9988987
7250131
21035266
4442600
10680346
11661455
1882819
4212693
18971297
2209260
31672731
13482409
39000912
21165628
-968052
25148839
22873965
31919988
25334722
14761896
-858999
8178723
1280076
899563
36289786
38525840
16694968
16948323
38900684
20540151
35979833
42303151
1207502
17357946
27002825
8823272
34525494
4099444
24743117
23844452
42329206
29405815
20083911
32353026
15278384
5522515
36176453
21621121
22546016
4197188
20161578
29098437
10996297
28214024
20657564
28477438
7923163
22277232
4330186
3568141
9476581
19373229
39547295
29345106
30481534
13311052
31156837
31161159
20012373
7371476
16201060
8161241
1202154
16068316
27784765
12733204
19225506
26623397
41811363
3082488
26904073
26734517
41807098
15631706
34206183
34390086
9274900
15333627
24897605
11960881
41035783
38103495
12071403
5855316
39635603
12474194
7601663
18379852
31583318
5742441
25133754
27447702
32397366
26375672
38565073
11334739
7041024
30422688
43427986
25164958
35905220
8162460
24818292
41519900
26970761
34106658
30892974
8361629
20499714
1318422
17984262
-4277
35114523
32759337
32989056
1339646
18198997
3674110
32491584
6212510
24216393
4308398
13418697
21356743
13606103
1444005
35744111
7208148
18387514
43124327
6971480
8195479
27960073
30757435
25520477
7384581
40348285
28762708
19178374
22007962
27866390
36378406
43517755
515660
7759588
17566648
30545962
23168881
28910263
14669471
11570160
41865497
6379113
29389406
37111399
23896576
35960743
20620542
33584253
38018224
37446438
-954884
40209258
40538255
39759707
37409573
36985647
878518
24965878
36804766
26677007
25043779
41912502
19407999
39290959
40806914
13630464
34417141
26969118
37132535
465643
7365193
34782226
25344091
22999859
32722265
32780028
30689595
41701305
13286677
20924982
13494787
29878054
40483446
30429073
39375028
17617240
27564813
13064231
34778860
20502318
33258422
22184929
2561833
27771591
27909437
19825602
11494150
40347749
28532933
13036719
38371108
19852870
32847345
31808750
15489690
27047629
22292783
34971142
13946065
6321124
17107742
7764421
22697425
22334613
22757737
3298312
26696314
35841441
1744702
27786117
11021395
20580120
11945118
36724115
26426168
30782252
19080698
36000159
28135826
31231268
33133952
3577265
30240711
38047652
23983570
41996102
17268116
25081849
38961842
32429806
16233256
-403958
22873251
18386253
32703677
10224443
35435181
14909933
658476
6772306
18461558
23533457
2265151
34495299
31645303
33818364
1392114
21489362
32644278
23906594
42445668
30125536
9846044
8324052
35139314
26695819
30338085
4314221
15701093
12383596
38351911
2500177
43041076
11071581
17483775
4404241
23924863
10735689
17800875
26366127
27783977
39769671
10017609
39021896
4804734
30073138
7243090
4996250
17395254
22538484
4786800
8797632
9601511
35549019
13169438
292774
8213141
7817027
1266984
35086486
6235816
41546651
22315841
4411210
22666906
17026824
27837363
19344879
9415222
5830795
41819353
12550061
3657440
5480062
23201145
19342976
10331846
13003885
24775467
41962055
5552241
1001371
2213471
19519593
22346455
23119746
-924831
22605158
34761280
41080820
42580660
14488148
18891941
23360952
26402709
38338333
17701075
41603423
25706821
37074165
16777711
29854607
21983619
10012603
18498776
43028059
34080726
28764395
32083091
6445465
22502857
4088541
33478902
40991250
27943364
-988263
40800019
10412910
14262095
38611008
15594387
26122601
40745665
2427705
34266736
43338748
19304684
24608203
18989005
37633211
9078364
31807718
21731801
38964600
3765625
10343979
15603959
32115559
36658622
37552605
31604013
17780789
26533208
32325874
36695332
28596691
1643894
17632572
19322574
8653608
26029235
20972228
2822950
24165320
20819794
18699782
26090574
43305026
9367636
15147457
40050463
22555538
4109026
27085580
12355848
42428331
30673384
17156099
12508718
-205007
10071812
24849869
6918268
16541172
30332904
33614245
7073662
27855032
4235548
35429829
24770222
26700144
3044645
38475443
34199023
37900935
39494147
3681835
18721102
33656236
16342602
41062919
34966954
10207375
20299026
13399734
38069370
43444561
10508289
9356911
-632145
18750788
33386512
35056098
3245309
26522754
-214682
40323437
16046308
42152821
22879197
38296824
18578650
33411544
15765382
10421685
23665976
32288133
19487854
6782827
42733908
30380129
20293751
41417109
34540636
26904732
39139455
32503507
25250386
1192580
32443273
13883828
11187114
20804082
37214339
32001021
36435564
28858262
43114
8226647
8228212
23787974
33142436
36816328
14248617
30196262
3300738
16154757
3846291
33591347
4290737
16405870
32111308
14012633
27525394
30908501
35660376
8584219
19895502
18218222
17597240
34464711
15706078
39192289
40816305
39175284
9573001
5850736
20656828
12406746
20512254
28933992
21443452
15429563
40800187
2632955
12019762
7761171
3495862
36290387
11402115
37738231
25933960
3437667
10772124
36496240
7905530
22254217
9901066
1066823
20296920
41806101
13056288
21721197
42317909
26159588
9712538
14285181
40355505
23281298
1057085
-9506
17647263
36969070
17931168
15266473
41242177
30631342
34488689
23323162
-641937
18573882
29558631
23727651
37724976
11813059
3021420
27175671
2321850
24256415
43136662
39099245
10556
32495733
8684022
18789956
106375
39639721
12420707
31665740
43269272
42329281
11116984
37234304
18637537
16889344
25946607
16854265
31836299
41347166
34721711
41579286
37223157
3136413
8792888
37821215
-281475
22717319
14868125
33840363
25455875
-819776
11926639
17170445
41976118
28983034
40204683
5245005
34928935
42336445
14358547
40759568
13431996
6999755
36360364
20184635
1780431
28975090
10604080
35104737
40727912
5481005
22284806
4721600
21929726
1622817
4037467
7178315
40275863
-896944
14983633
23352060
14277456
27140244
19961205
23975531
18255835
10931562
42662655
28124335
33043
6843349
27611892
6898802
21277546
26790322
36826437
42219966
37696816
22984726
18922993
40002645
19205012
26200637
35872318
28214895
32543481
-554211
31916785
35475221
14025294
15197829
2274969
4957248
15832275
-199473
-401956
5368806
35473088
6101351
31942123
41795292
47469
30760092
8034976
30570061
21964230
30357079
8503003
4172343
7987290
19135625
31671043
234891
42048471
39552444
18720506
42969995
42804815
26629145
35483075
15375171
23941796
-544677
10317640
28720202
8187308
-204535
16140310
18774059
16626131
3937378
39818294
35312194
13835907
9806075
42133620
9569933
674563
14188714
13290072
8344324
4884056
1881938
8969177
24231394
5621722
4306460
31806825
625570
38740267
3951630
17840464
27746414
14035942
34094969
4839453
30922569
11764252
26098089
13518077
12126025
40223096
27692189
9799737
1210975
13196910
37878241
11288487
3611899
10388547
14375039
37677525
43000262
35616624
29598864
14373462
32328930
7632683
40700377
25861238
14873127
37304753
37974003
43275801
36219175
43095261
27548507
19660577
31760727
18592636
21989563
24409922
26135678
43473969
40360786
32094008
34737910
36702590
37701701
15714438
8504497
1825259
19302037
10502186
8244498
13953684
41245637
35127048
22536906
32168809
6356211
18747057
31569137
7919015
39933726
1164501
22721967
1577417
5476019
35835761
3428758
20624001
30975505
39174776
43076365
17112941
-661758
33567109
16866554
345878
30526
17603680
23501183
29480105
6891164
6020415
25433632
24566333
13908632
6270072
-131311
14622907
31170369
23963602
19404482
28618013
5320557
32419715
4977120
15615923
40041769
4187485
17064143
27051710
1951206
6591613
5905072
19838358
4456649
18571207
28972472
8017481
19111796
21747707
28253575
29365230
21313493
35640195
12509157
27504968
32140450
4548314
40969511
19189283
26726853
23541506
14701130
32630735
1360095
25332015
32976819
15141918
7712640
7564901
33953236
6148803
17177169
31954632
33190301
17278087
29192334
15481411
1735001
40523015
23871904
16058906
34110352
36747745
2386445
28506664
15882360
4585878
4749941
26986210
23836325
29715442
2564308
14608096
42508168
36145615
19741005
3846276
2242436
3012361
29421159
21020230
1648277
36750011
2973747
18093416
6696279
40237857
24594980
23931168
41217404
6042084
33183038
10281762
8576564
27268703
10892763
42150801
4834090
16623168
22827784
42909358
4144601
2833310
2377872
39589324
27888856
2517029
909332
7828578
9785293
24859304
34234655
4184741
2156142
10091963
25616074
21319467
28111165
35127962
25974450
41220533
10303260
36443416
40253838
24753173
36356120
1907303
30346882
29767278
29769499
18284619
-741691
31955878
1626346
41370657
13616479
22866112
31101625
1819890
23486023
7934596
32756420
32641018
21065948
43138973
292534
28400832
16070182
-397674
4395360
20500802
29899724
41934161
11186825
7865388
7293887
26563552
32712902
31690484
35518058
17589709
42017476
15629766
12605008
38807526
17108282
37779444
33796740
12059127
7904476
43510876
35341774
19053441
20538470
26617505
19824578
3672247
16986530
35455110
19576185
29177226
43114820
-781391
20204169
38429452
4751007
16211298
37724608
34576302
18712099
22921927
19142420
14037497
4262420
22884480
42080613
34897102
2474712
39996753
30772032
29530347
33702966
23154326
42609460
16957920
14029586
29934364
15987619
12816825
23376039
20003935
5209651
33437481
32368564
18718450
13166109
1055134
7547732
24559307
19739160
14101210
32035531
40779412
42308755
12426642
8408555
3543084
30050864
29667809
7084165
18245682
21664408
41843602
11654481
8557845
9036262
33020960
7073476
23172423
12836779
19885595
10532581
-245691
-446989
24989751
28919354
33352068
4283544
1688982
1833179
12272998
18700894
3190270
33599628
4980581
12483074
23612066
31932716
25330904
9499915
19742819
16814367
30486787
36377882
35304948
40682300
22267092
13808513
13067552
33949630
32329910
15256971
29623933
20561071
2630418
3872537
34603955
21416736
15389442
32965453
42222705
17744318
18369593
34677223
41238732
32717820
36132721
16945905
3875815
2968666
42947266
28511546
7830027
42923688
836059
17542023
5632965
9346192
19612072
33458350
27030777
17587032
38720481
36203335
8439814
21115419
30067151
40358581
25237181
35552525
35789223
32352323
2941373
9195402
17481269
42162065
38728627
37330279
14276780
32923472
42058128
12928791
16576295
9557438
42598053
26857578
28327543
20388366
-625395
7042413
29642554
33594525
41654663
31519230
6782051
15946823
10086522
32439566
34157712
34141705
12356052
37810930
42237519
11199232
16519253
3328920
13482374
18521881
13877773
11810006
1983861
-538845
32634257
14462853
10877172
8963117
9183094
13342564
32498398
38540782
43464110
12201207
6850061
10207816
14933916
12344072
3367444
36989610
2525424
37905155
42058190
39186127
35035163
22035459
9980280
12419468
-527158
25219467
13165343
31744440
23334360
26701371
28780625
210989
18293262
32707469
38393444
19484610
34102093
36661275
6393238
5034018
429911
390699
23181227
13990100
837292
39646893
29228273
40326055
39177215
6500997
17694950
1464033
38512380
12261959
13083602
6225653
21621996
7431673
11938134
10269893
38621265
26541776
18873309
39741652
1051970
4283166
11309999
23902438
-618547
5211898
34347271
9340651
33719011
29133387
19346533
10696775
24408436
21140327
4060952
31662106
3698432
26349577
7564026
5107755
28737238
31224981
511415
32316020
19645967
34180001
19398801
31048042
1454764
26675637
37970810
14774535
30499085
41615849
33861691
25908139
34814413
657749
29311389
31739150
39661837
35030086
34335402
24943660
3911227
8823023
12028161
2194
16582156
29453949
7092847
9333366
21872060
29446250
17845222
42329633
21024150
23189505
42802886
-765164
38510994
15526436
40195702
34936361
28801829
28613834
10980758
22916230
35790544
32710886
10877414
28350220
22201829
37588862
12746091
30685844
16984191
8637938
38954502
39570954
24632937
26512690
23875293
33538926
32914322
21686685
41166621
36447133
23768320
18534776
10916097
8591184
18590093
40512232
5551245
3458256
32937590
22547977
22035598
39569596
10373064
21912697
6932578
13043814
28849347
18920361
34656283
4047589
35085151
11242338
17202890
1302688
35657632
394174
4153489
730487
24310410
5268884
24130795
28620278
26299075
30509397
7262534
20814594
14484154
-446675
32761231
22721359
-663542
23101556
9309131
40651636
25230644
40968357
36538327
17187484
19736078
-727548
1294947
30304944
35434102
16115294
11230109
33689657
858840
18167819
15507980
39493996
355117
21952448
33028164
25523433
36231008
28630257
10246089
8690834
-935364
13784717
34633320
7057234
-363322
37897887
37219038
27065656
-547143
26969805
37909867
21441891
38623536
31618016
31253770
5556680
31513273
21984539
8162349
14964788
24886525
14475609
36843559
5706569
40148153
33073131
8725329
28195646
-208910
9179521
1863566
2254021
35568416
33835773
42954387
37718365
3773357
11840735
18180633
30759537
18843505
2510914
2914799
3072247
43289667
4494238
645921
26904975
3594216
6681010
35627363
29646455
33938004
14594708
33115071
18497505
8560417
30513087
33978417
5430209
816594
3640131
40695895
12363496
42961687
38046870
7397092
36741822
42330263
-749871
18067872
37224035
16459944
4873946
20694570
25885277
34330833
17063655
38279950
14935525
18048696
30400362
12828521
11479970
10620969
42972378
40698149
24163373
10195061
5721968
42414557
28011938
12148861
37721223
31021802
38961182
39749479
2882408
1545490
1861256
16601704
7754657
40678980
40294143
41217084
2263457
12088382
3888175
10842467
29875423
41353416
42033665
16011064
30655776
24813326
42506593
38872705
39485077
25106998
16461668
3382801
22398750
30558347
17567531
7139670
2557086
4762883
22423413
26172594
6934440
42841797
39962758
30548397
36692000
28936515
26272221
7681124
10734842
19284347
19653450
25094512
42146073
35531988
17356226
34559263
13556973
28645320
759976
40353935
31238669
24521440
10326399
40527883
30373008
6680286
34897195
22663687
8002262
27159816
38461911
6085473
3473902
28104643
3347716
26952230
33133139
39776838
5170544
26069523
31816234
7103906
33355469
35768985
26093013
33989466
19008652
37545985
18819266
25154069
40428742
16062763
24780272
29331943
5380484
20454902
19775512
40502130
16193906
9848795
36368166
40498008
41485300
21296883
43278773
18707412
555577
32577359
19474458
42434384
23912063
20072614
20743685
33871305
41131137
17010590
5181214
9695833
39651495
6139479
10237845
8052818
7687756
21170080
13751689
26577286
13129302
10343330
21121051
35108153
30583192
40181858
34822337
34054153
20278125
2308758
3954405
17917872
7241632
17649422
21943292
17315172
7703425
42421378
36065120
29959738
35225444
9072703
29233082
41559829
25151371
1788424
5878666
40805685
28701257
2380508
38221493
20210391
15026418
30617873
16132924
772410
4996897
29755238
39995746
26417957
13640970
12956035
9241883
35218652
5536816
-602547
24228198
28055853
41942932
40149252
13473866
21022935
7003693
42590757
16723887
20720044
8754835
5254469
17479307
42438749
14643296
13838042
2424576
18980815
35439007
29181530
24483666
11020008
22851333
28370007
18465389
27065194
28608623
24586130
19841962
14446457
42367685
35248255
26399066
41154128
1166287
16665812
5855688
10494879
26984009
41206904
21807184
20682866
20678030
9581404
16518923
5775792
26365531
36192105
37751298
16269916
39268274
9637457
13726003
12647013
32110566
30649662
39420738
2492790
7746092
26589908
12653624
14841630
35943514
5204753
18790690
20578871
19487092
8627288
40693965
23519580
30837386
34498742
23705496
32409801
5042072
265451
3964379
40746375
25524619
7409064
26856245
34620616
33428017
17747569
16630406
36302182
20942832
9016559
18322451
38375089
19785903
23593217
2321242
32280255
987496
38198436
13093273
33064199
11094716
-542438
657844
17052987
23045700
4421750
31325777
24778977
3323733
2183491
12791097
15532799
15517658
23707158
42167533
18778523
21481617
24836116
3054569
20437843
14868719
26139331
20046238
34953701
39114845
37479497
5713583
3093386
23354580
23989179
37781049
2594403
30709533
37877298
17305836
25676815
10808990
34129646
18778026
1664400
1739645
29518078
19272886
11953194
38131231
19477665
14370284
1593324
136795
6552426
25896110
13096196
36810783
34844419
25895231
3209265
25998867
27244664
33217814
25566541
30544547
34887125
12682168
33771744
11984464
13535057
36574463
21658428
23747590
11382191
6329612
-326972
18144014
21179833
17623553
18701576
41491803
9571076
41315314
35875056
19672192
20585480
42459072
-984203
10668165
25350362
11718387
32275189
24742233
33867890
26874473
14950692
36954259
11330103
12758110
39592581
1977692
9075876
34053576
40496395
11169461
14073182
31904237
2238428
12986621
479011
31828019
29196426
10338590
22317993
24587473
18125355
41788887
35737200
36597899
34592398
12168530
27005561
6218441
39350116
30398441
19026072
31352349
40220753
20156453
37430353
2285483
40549874
5281047
38118664
29581071
35796557
5486151
12154537
-256072
8829110
843069
6720618
31369079
16438056
34456674
5492869
29145145
1706871
22042845
2505119
39000686
25266224
11687270
4639865
32885263
10695239
40933293
39339764
9572324
4917091
2003619
28546686
37355163
20721839
1024084
11766054
21344807
9648435
39164785
32794618
18853988
15292764
26205609
9909703
22116215
29262346
23238214
4822056
22836112
37187411
10248557
18048091
1400423
8538457
26432854
33277956
24657983
10161940
16046850
42776440
37085728
440801
43106114
30629131
19666973
36340061
26779998
41717137
31186847
6104252
15897973
10471511
28498358
41345965
11863002
19888957
30006080
2737370
13196464
35180039
30330590
5618535
805498
41285884
34359473
25158963
23146235
30465826
1523300
240439
20956632
10939861
10072874
5225527
29291326
18464503
40449761
11594831
42399781
38718889
22835451
12387484
12302105
17288284
22008083
8157795
16919223
11884176
16988371
8280689
13371896
40984391
32372181
26446069
29042055
20277176
12184332
8344113
42236527
4606031
29540422
42409125
6503163
31709961
35139950
14454083
29232172
22546765
28140102
24789129
7355027
8598988
7103776
27364608
23580783
24995790
13075687
40806584
6631235
7678850
38751925
481715
38952719
14890824
30869960
23022467
19632753
11343622
228158
11830635
5997542
14828298
39261702
40072627
21077939
22513421
10419566
18552499
14585975
43173788
9614788
29940144
10048361
20762456
19132820
6901556
41932292
36854844
6716772
11766070
16929304
43053426
34236604
37492305
1593728
33055377
37516940
9503253
565394
5690424
1619473
6202844
25294125
12049950
12180045
15057695
15083924
15811610
7479137
8364849
27685124
10555653
5962569
38629078
20052785
13572591
8069265
15574010
37306776
20093604
8544243
38515735
35847121
32509449
39416164
22644239
28833775
24782269
16132009
43352529
24264125
3708499
2368217
25931105
39757790
21100349
7183101
16546781
19282696
-51909
5920091
34316774
2310644
3315777
6991265
28722152
23467228
10633625
27837893
24500745
28746020
34544724
34084172
4392816
12433893
33192905
30540487
6252290
3874701
16424937
31993854
2216035
15586785
6755133
2978374
30281386
17429530
26619808
16212354
4854278
34823097
19719762
17458279
11770569
22208531
6046847
15696461
15204639
19478153
30779121
12933781
26985967
10558179
7236500
7884444
18886163
10434392
14346730
35401101
13764550
30587394
7502538
1257103
33120308
38322060
10524313
41559694
23570740
2154827
7571258
20383331
27045761
5252239
20670222
8071295
6792943
40442747
33155983
17373178
37611060
2678882
17869218
1510960
37761782
3610352
42867731
25330639
24048375
9710082
41945948
15779380
25662647
2825866
7574708
38411709
23008516
42193140
9918149
30629265
24716112
25519174
4514097
20890430
11311217
27381531
38479614
10491437
39443339
41224684
25633517
31924532
33311582
14193620
37594922
21530770
-707583
24273721
9941338
23879701
24211917
1003890
20650149
31793516
12187920
28476331
25385232
28128846
18924800
10879404
43139913
30669200
35444450
38076862
17911989
26102864
27547259
37386069
5562717
19530414
4521320
38146177
3371606
17027666
3653574
31552808
34336380
-17452
23499138
2742932
15420062
36746202
37793016
30437702
4500249
-598454
42341552
16685142
19682382
8217134
34704127
20710882
14975962
24238470
16121159
2711411
11999707
36361912
43250296
26091487
17772130
27984242
12342054
27878574
16900610
10468162
10197295
5934173
18261225
17613462
26451740
20121057
20942452
2671901
13097909
24434476
16835135
9341576
33972942
7048171
22564974
25183289
12661870
27771390
29746908
5211123
173512
39647748
42620545
31037739
20311301
36309551
36017987
38301057
17365821
14818139
41559846
2564955
14034061
39584211
10032997
2390120
25695731
16933119
25975398
-163555
16358522
14971081
10908378
17556749
24263905
18662758
28991708
35749737
31846567
41840227
22110730
4750369
39902174
42136794
24970818
14518603
22052640
32109446
42040820
32867693
17974290
20756249
7524776
13509177
25106874
2431215
19621998
17290025
12970718
16313355
12842538
28500827
7623616
26081723
3648022
41686529
27514340
8057261
36852468
1025141
37538016
18613619
4798384
40679851
23680567
19752864
23379950
12197260
36460494
25537450
39109825
40528427
9633481
20614396
13394451
6869215
41578374
17315145
26316793
2320594
5250975
182682
7884793
13604329
31202026
5144263
-907812
29267495
7139686
34893849
5624728
33110732
31001624
42029918
19151060
34393729
6111388
29769261
41330264
5347862
1619552
23633707
14837798
1289173
10187489
33452802
27717550
9746261
38014247
20665383
39728294
21800781
10788050
4322218
28941056
19777004
36023801
29712848
5147182
38892435
23629017
2388775
40522045
30957781
40268548
27387754
4447849
7921995
2007229
22595980
14805932
37885174
14260335
17500583
9646559
21999822
10476045
1285926
-409614
10297982
31627081
10669947
29776521
23310050
-865342
39697360
43109450
21316617
16865161
32271588
16569329
17860177
1000346
2644556
39234981
33125036
17083982
36045975
17928418
16111417
36870870
1905994
19072347
30449127
22630896
1369481
8185288
30646042
2562895
7405852
14483871
8626503
38811154
15097063
39070895
32825980
8685683
42016183
5439943
1909058
23145810
7485535
25477176
6830489
19599701
41510154
34949135
39671014
32520181
12609015
20775408
3668578
8151107
21971768
34211026
13437647
35360233
10527387
9709902
15868553
2553689
13066078
5125286
33281133
6127334
38806753
11025549
34629376
1727297
5588213
21642747
7129380
2605601
16653028
15044593
15266295
42615134
12111045
41368045
41478050
4290229
10001140
451399
18983673
362289
-863972
4497713
43108729
7789539
36515140
35003503
11852655
8920245
542296
19258268
42673208
8576856
17709143
6898849
20486803
4512306
36914859
28952075
-305792
18063779
36875190
3275723
36853727
36194260
11784986
16079291
39099893
27805356
18948680
1586424
-709974
13483730
20745025
34764132
42763845
7541987
21870475
9176799
577055
807974
31174712
8930160
32333909
13287951
13385977
19754733
21351459
12950668
1449468
11237318
3604887
40455903
24922431
15671933
16810662
35850001
1608214
5948816
10706886
12474512
4580785
31080774
6112330
9267335
16496874
28972850
11516054
17302385
18343579
20560951
22806883
10266029
6529727
2081096
38330721
32885900
32831945
19644464
41481190
6506310
6975832
20004
24168432
25140425
35182943
41255123
42474992
31866388
1071356
7264899
14003788
30611543
25826750
9915128
4738050
4473557
11905552
193046
23971647
10720481
9669189
42479863
21191134
42052884
31291505
15931511
11974464
40943533
32167647
20878430
25106145
42431062
20560439
30513271
9443424
34911349
16577094
201556
29650168
34579573
26736471
25895019
39835958
20607250
18273090
6642475
16449898
8242959
10427329
20838250
796129
30296668
30686793
36407234
11711797
42977533
39949886
2726160
2551769
25806788
27986108
5005002
24223910
34095436
31263598
15375180
13328274
40394054
14357954
3152145
42100093
4691783
9570016
11357615
13183461
31187833
19265301
41260607
14922780
30577468
1945277
5162002
20996183
34916811
24028173
42331050
16202069
26080904
21258903
41601356
37017154
36057681
7524374
10428033
43014121
39365675
11578476
36937086
26529463
33819809
18667874
14684244
41442396
1469722
8380542
7453413
19485752
6930763
36061996
6279873
21541557
5845131
13930706
16323930
29902713
18999936
39363709
19741323
7618795
22318160
9124988
19662693
24076403
34436128
32556941
36193828
26956960
41633466
20046891
1044118
34979161
33881647
29244015
37635842
30292182
2944263
4193304
15924577
10514359
30177132
4714026
31948857
14931129
24603697
8277608
20107036
15769106
43333410
39471294
30192877
20576909
941972
26619250
36229657
1801977
25414932
39680441
9737784
-821663
17370403
26577055
13464363
27639438
40379518
4805256
38550267
12569381
35937031
36492498
12713799
32157144
19179665
25179559
876649
28601561
33638264
42462027
26551231
15381959
10921745
17488849
21190066
1602379
35289525
40117790
26972091
13173294
38926577
4364678
38602711
10075173
35910235
21258219
2875630
31606003
24456050
7540827
19355723
11371973
166363
41576472
7141098
3656172
788437
8102684
27929801
39665499
3841596
9100996
32100217
16464710
-509115
18514739
23162878
19014236
24513999
8232205
18120486
41938231
9540072
24061461
37188327
13754418
4360748
14351554
11516111
3460893
1111489
9720162
21782602
5609381
426651
15214584
3989401
18926963
1445880
36542689
2844025
41887198
42776307
37225339
26710171
20557518
41533586
3049360
41774050
15206196
5079819
38707895
35673773
34899150
-910640
5499950
25618969
30973085
9275892
3751817
30105907
5854369
1962685
2333881
25745932
31588347
25605459
23203770
20654942
38799696
11940539
17654841
1039383
18599799
26426675
35792632
18285369
1657103
41481566
41166057
5694609
29744530
21279577
42114957
8017415
39420662
2975947
30731623
42780043
29728117
18462192
38832951
6008286
13867080
5297830
31174402
24200940
22507791
43452242
4510609
28493941
6489155
29075063
12505430
16612750
34273666
13589229
9030192
41907089
41779676
18353690
977266
16050610
4042660
5955673
40838397
21392876
1420037
36738028
12570926
32834956
9160212
36951963
36641645
7283476
31452376
43180886
9125416
43008269
8854282
38992989
13906889
42191116
29706228
39005104
39701008
27830937
12942601
37357590
-634006
2536700
40588712
42926236
3412739
37070414
31065368
22046768
29496515
65699
31321710
38448868
35219089
21850879
15870045
4201186
10403465
10429419
34890645
34434720
34160223
29357464
5478331
18000775
18057354
8323010
3413998
32501291
23173670
8844525
9700453
27211755
10959651
-433270
25501764
11365990
32564729
14080837
-461082
21979531
572032
28292934
32094225
41015082
4671088
25366034
8291792
1005771
41421568
42757143
21625004
13903114
25997660
16775167
12499702
18002633
20329843
35911546
8719868
5141844
13376434
36885400
21754661
38436196
26740510
23921994
7296304
17176225
10795598
30939700
20290508
2315861
15808280
21215338
19433288
36741112
-414065
41317852
32900900
1157496
40143696
41708980
18344300
34535772
26477291
6742467
42388380
9642344
7560548
13670027
39813883
38004207
39703905
14839228
13630848
14649206
5372228
2021952
26380678
9363097
15768685
21486479
35439737
35708506
21664284
40202883
41171670
33583730
35843591
31979517
15187826
36507992
-323904
7722135
38309781
32603153
21619033
32716060
32124470
2133132
33682419
24182501
36314368
8481661
31906347
35387076
42704326
26220045
27304145
32996366
28231041
19364206
3170230
28651173
9179436
12383616
6440676
32960635
39076596
32759429
-788870
40151210
15204795
33578298
22095924
-278366
7032449
14694723
13787276
365384
4364219
34047580
958517
12502978
24666631
23689456
31363918
23374686
22722867
17781392
29009799
39015329
34999746
36720605
