40920355
26561900
15095462
17249450
9974025
11450112
18972507
40217716
2484621
1785267
33637083
5469348
6131087
39429344
11198335
28029917
41900360
30461565
20853810
38555260
24924101
33960219
40209837
38565832
24624745
25064751
6725204
37286874
18162427
12357472
2196590
16276236
9711633
25800417
32703829
42532992
4550958
38527388
10730583
6904358
27932123
15865572
39474468
10508019
23072970
16770077
5196983
8179856
4868112
42194801
28427319
27727017
43256500
42356684
27124679
19877966
35102740
34936416
11380852
7395281
38295926
6150042
16413822
21818805
18319292
32699581
40098763
37325805
7957424
11300426
20373602
18590491
21995315
-457054
37114965
39783057
29262061
30599610
6146153
4035901
27281956
25943214
5673167
22003328
5529587
38456969
23845993
29451695
14563303
29481303
1673289
24634666
19816049
3313609
41239088
17411472
38224802
13184872
7513792
43084225
15188407
23846461
25596037
21976390
1214944
29521122
3805676
32239970
37062839
12029004
22732119
9299634
34369722
11180988
10322539
30701345
39027352
18473846
36262371
7000720
32782958
40218134
13667054
6839820
40820938
26253721
41634203
17440616
35524211
11752476
23443906
9505935
20054401
41480328
14968351
12909082
12098159
42152279
18326977
19094708
-235472
40459841
38411647
35914525
4479800
12762210
12685600
12744196
14907875
11064452
10732454
16563571
10251306
29434305
42099418
30929288
42805827
14430250
3462242
32352443
5275458
18870558
371963
32310890
37545932
11338568
1666227
10249275
4821604
16078366
2817955
26629934
21330045
8978545
11573119
25494540
36998069
6462558
13229809
11702778
28344609
13046612
1689001
43355553
15764506
37929397
11688072
4121434
32656895
37670848
30377719
7003653
11109308
28037958
11519296
18360998
497162
28326540
36767591
6224120
36309878
11127453
34614399
41766140
35559366
24205032
18222237
15345191
6009469
24055131
8841278
21271939
6776194
30636915
12334231
26280424
31594064
42675513
-224488
8689352
7964452
32672285
19226197
34337207
29033542
25315726
33949102
-422962
28707878
15474357
10412836
40435904
42626391
1974361
17355212
-616477
32046381
16054738
43282624
-368129
35184528
40028821
36787251
24713864
21096149
35240067
40501998
13630990
41107448
25012484
34881190
6035788
32087910
4485400
35556701
6544906
451882
35698149
20829717
-682641
14677873
25044389
39234044
42294836
16381641
18379935
5073605
26383958
30703479
2380155
4558351
34168800
6219988
15890181
35058755
15958358
4789819
661823
14820198
21090480
30002498
22142918
12437428
19669689
20769461
21603376
12890001
11907365
42366190
29486100
35610369
16761152
41182501
2977144
26754930
3479052
19457763
19027801
34872838
565944
1351789
12956294
33573751
240397
19137348
27474491
36089423
13739809
17247797
36202082
35584219
40305118
623686
15850562
17144713
32133963
6198693
987447
9802777
21902663
17890297
13606315
3590372
23361905
13578278
34157775
14784388
40834203
7356304
29387391
18396430
32491691
32849155
32283276
40379302
20761670
31413678
35254013
20029070
6512445
16429127
23593648
37119932
9485739
29028336
27399165
28931108
8622356
552213
11098897
3965664
4852882
6924192
24984380
11348895
20743680
26871038
34294955
1210896
28645803
17461881
35302773
15559693
34266585
10820134
31440738
34994960
33472684
38384302
33300957
34277010
40305257
29569368
43381820
20225729
34963145
7956360
41959469
26111695
32194461
21615961
22070454
6979242
3162933
5994117
20344098
9755234
33227636
8253772
27443447
-143335
18373163
1039763
40322922
18897942
28450191
3761657
27004826
7829395
34327781
14688177
24281107
1375289
31089768
39529883
13077569
17908103
10896658
37655077
20680430
6129864
21456828
39588923
37395868
7898889
2083628
6388267
31144301
20831373
22363428
9860093
12590659
11906949
2696577
12050324
41537232
3810334
11456544
33787863
35746962
23578270
23650094
6374507
31191328
22434287
33943897
29865174
37853317
17832383
6151350
13363881
18457521
3519235
36513164
11781763
22204148
33284101
39351598
8257754
8707240
23296481
1515031
42475430
25990432
37288807
15645308
30364810
35006056
40722102
23727064
38420972
14292193
11524807
27905900
28884235
6886324
2168741
19408628
33414552
37331434
7531832
18205362
12031928
5141681
39856639
32155279
17906929
12826725
11266276
5773880
13941673
18966143
18248247
36755745
25906942
5764566
4021447
2392438
19937275
8757188
37474287
40181050
27611562
6257986
7250497
6162421
3215022
1659682
39632386
28935121
42178368
353164
-495037
24122289
40831007
30808827
3723113
36389004
9720533
13737685
12523158
7215515
19838443
16192570
4751448
23579891
5749555
18110413
42122823
10432843
35109796
39308838
19608256
33702734
26162400
42508521
20840481
17374594
7736751
3083179
9094701
17387222
26289381
10327516
43485685
40310967
42049317
41230423
36247383
36316524
34957004
7507591
2062630
35079614
37474882
13018148
25056110
26707761
3232513
2629758
38050140
10369933
12535949
21114497
15597072
7531683
5534431
43250658
30113638
20502142
17226590
781695
25240344
42775300
39995643
13780733
40474308
40364891
35872386
2620183
25528443
3937727
32683803
9830649
14020510
1665057
15862508
20591121
23328868
26404776
43090766
1001230
42675928
30074493
19031311
17803486
14476611
2953839
36190207
37226448
20712288
38196534
28280353
18902953
34001779
25030909
8448304
29628632
10353725
24047373
9855545
34650845
31345279
34429976
39748516
14826356
39944460
24706353
14517300
19084649
29829139
35149966
19010288
25313328
21187163
26699626
3636797
40656763
2401106
25419539
9669737
4959012
39642378
22985928
15082455
8224723
11518630
20486891
32946623
29528957
16078376
2514502
2385934
30758046
1338972
12624331
13762161
3545040
40479950
29085912
14919157
18485338
30561501
26372705
24298304
21515719
37708461
42748363
41173857
41128961
14570342
23257646
43395971
3556538
1071869
11538766
31736502
1050052
22817942
230953
40174042
6325898
12895075
26843979
17707853
3785525
5613781
15114542
16838202
8630518
22211388
24833744
24656338
37142504
28542473
18867865
10183377
4713108
41411538
3092974
11223160
37040825
35574380
15339703
9633615
29198991
25960315
21315131
28498235
2750507
35663056
13034988
38518012
20756047
7870016
31290999
25874136
20055384
26412482
40694379
22299021
32336649
30592008
11386768
30771245
21483024
7576876
42027213
16673860
31184201
5626438
19422426
4138160
28495452
30208446
28049125
-963097
34762458
36520456
8600409
2633659
40408771
35678531
17725751
3135259
39053206
37633590
14313954
20379696
15312613
39086833
19913491
13792930
38987530
41365570
22606983
13282007
9099103
11541522
12042947
6463150
4922508
14523120
4150201
22850008
30015475
28623874
24383792
29424033
38288204
13397186
21168430
19207131
38556634
8397263
10419217
21262153
40972013
42524101
7593142
1019161
17623477
34319608
19334425
25948182
23607887
115513
43106176
11184876
24972317
39142944
22214892
10259880
-70815
15333073
10282866
40841633
3238072
26345853
2159030
27412839
22678809
8938447
37257505
40681166
27225678
18627526
21543431
26516492
7037702
38941564
18279854
16612015
1421801
35027663
23899311
18073004
40950546
33407860
29882901
30902427
18928486
30873461
17558920
2749690
2250377
37955425
37481135
33894467
41427492
2186960
32568087
1343147
19684635
18641526
32812920
15649047
12518347
31861697
24855967
9043556
36707482
42913420
28053088
35857557
33497565
7948522
41343792
27916149
21224697
15712932
36556316
6298125
32909434
19582103
12845728
40251950
12947183
36354407
11215738
12944388
23099631
19939530
37101369
16999269
6351411
17288042
29859576
42782355
35935237
31517025
14440071
27578841
23728536
43109602
40793612
38667347
36724841
26763135
28241821
7019624
39545000
1648819
28284008
3598109
19926581
33830640
1286124
18205604
3537020
6404137
9285430
6548977
11693651
1348889
6698145
5143358
42615755
29638874
42825788
16616505
36776280
15914453
11037017
8138557
20189616
22110720
14040085
12696583
20525030
33209064
-839979
29470891
33979264
2050872
38721294
18569842
14792800
39108680
41198696
24693809
36645624
24937079
13179526
5701725
10311655
12285190
8476519
27848630
7989182
1184493
5856095
38532893
34334592
29674212
33883898
32786687
33760375
18258255
20611534
32633403
36841199
11197509
6025159
20459060
33240741
24554211
1226420
43520625
3108100
10672006
25820408
27387786
23761003
16737625
6256951
21782031
37394423
33560861
42415506
15034570
12280155
13160413
19421870
7173415
25483382
12709353
30562366
560224
32471010
42210545
30152067
21565884
17018336
36977504
12610374
19629044
17889916
25671713
14176140
9225967
21028777
27405342
4689094
2974280
13046431
28455643
37382871
15936148
9071994
9330308
14618825
39851439
2781391
28303168
40565004
28554903
38798524
5444433
18809238
-162992
10028863
29151946
24089153
36237937
534776
19194259
32845282
21608817
13172546
30801685
25233035
35650895
32941964
500219
42833483
12491243
40127978
21076786
27543810
