28859565
34292421
15134081
12702183
82356
8806363
31763472
39993520
32654897
21202910
32124318
5013839
6037200
27971637
28577307
15155716
20057626
25368203
22834185
18439815
23200797
12591056
37337450
33878555
43415577
16984807
41180326
18277673
41221473
12935697
3703842
16201438
9224483
15494542
2612035
36419512
-806551
19234927
13069877
36144273
38803864
6456396
28882816
42884144
43114136
37843574
1754756
29418126
30529627
14797918
12947132
9764124
21974216
23773107
30399062
43424773
21669812
13733512
27828086
30933605
31393806
42790033
13207764
9753429
391904
16712359
33307995
6258091
37693845
20191259
29813228
29534276
26544169
29928732
31261374
32919525
30782041
20380816
980340
40525447
17422663
29685619
17996416
10889364
2323732
6724373
30485760
14450991
34057673
15510357
14701720
32582865
10819791
1220151
6758351
545660
30884816
4595483
1451065
23010030
35731536
13072366
22279458
42200481
32242198
1183389
19961703
37797311
34768805
22111459
39075310
7007290
29192809
13183025
37559731
38855033
28937906
36687190
33815503
32879048
9886621
34346661
21273943
28106654
41451251
19214802
28406026
5782451
33856958
15539995
27388536
16394429
11861415
28160832
41475299
39978092
31325887
38379288
42681199
39226937
312270
33208043
4380723
11168106
12911338
21642708
11804659
8373177
4353575
29444727
36772378
27674905
17616125
40764062
29743362
24949518
646226
40527026
994062
9118639
2154727
2651624
22680488
34785428
28151047
15740448
8154050
30492934
2663054
-760977
10939531
30442052
41078563
3663938
42733956
18214620
41523435
23898367
42950505
5919970
5614834
-786932
7919806
1029707
40315552
14773460
41507617
35707662
20867181
-538005
572394
22011495
34769142
26277003
26667712
8935315
21354828
20756104
5228672
23199849
41244
9597310
21510179
535319
32862709
40347866
15396158
20805842
27502619
25856956
16340843
9045501
23419485
20925555
17757116
19991956
10926985
37065209
14694731
42371439
28581861
40849380
35324045
4996303
10430454
20588056
6169738
34854082
6929821
7584325
6442815
38646108
16979499
35229482
13653079
24479336
39541506
30304670
305979
25470563
29046040
35780594
8150326
30645884
29730095
8186547
4371229
7813980
22861364
6978867
27233110
36586191
41699828
10990943
24398606
16385504
5151697
40795615
31251444
12304694
20009593
16696462
31746956
30595738
21867705
26672617
2846314
24594116
42145863
11220737
3744528
16850921
32610479
38017699
14674425
32680147
22798932
21416077
9485720
6532556
19373275
924254
43414207
40763736
9237108
6240978
27904140
35921471
5520615
11852560
24744623
40999530
40683645
12328409
17254569
-427832
-233488
6488330
34533483
7177823
503524
16373352
35487239
37130358
39883162
5795687
17805
41043498
29765609
10770391
24636255
14277471
-922648
25680969
4504837
15169773
2504442
1240352
2335046
37417676
29973666
20572193
8810841
22424824
25735564
16127273
43204419
18671969
20156132
6196512
26507821
1470810
71145
1311527
22128934
32671561
5872362
22608718
36562306
27151140
23408722
34559264
25150651
5830425
22613522
35375639
35736997
35174179
25710871
25785160
37927541
7233817
10991348
32599724
3110924
21684735
7329979
14497494
18732921
25528347
40915725
31905275
1024028
12432292
32621931
24690298
10173563
32462038
34417970
7361254
36165601
5902029
16562827
25097037
16441564
24349146
23516565
3972461
16450248
8367769
31832041
12458740
3038894
37072042
18628669
13831328
6350823
679781
28439159
11528227
13969480
-886402
8100061
22514020
35060345
11800799
34601231
10228383
1426580
39857441
41704703
22667414
29551161
23113467
8025246
8223529
26696893
34442822
23817834
28455923
33038621
17591381
17858324
498125
10455368
34402238
9379925
3681178
6372950
804980
29149650
37471165
35970107
34404828
18704336
23718770
28452256
27913346
27456166
20254629
13178148
554794
26853394
13095632
1850201
28923181
21757188
29587265
9704619
35245534
42176656
22637132
42036517
43471245
12730967
9306731
1161143
42146159
28877155
25970051
32729561
6389389
9712301
39790903
4891271
2196348
2272515
5205830
16012672
18076481
28781761
25167620
8704973
23374141
19429768
40108233
37167197
43090087
6758846
11130030
-265465
9539367
31445326
8323588
9376077
11749902
21466451
19356699
6917918
16748460
1050315
11204192
25994558
15167484
25748597
34803081
28971359
17708229
20324344
42683822
6673963
42409175
-905347
40941634
2968278
6024765
3982201
13630182
8936023
4509385
26850369
2448227
8608177
18462702
15936735
31598317
38019765
32155559
22864083
18289108
6313851
39019787
8912650
4533014
30059812
3398083
19846650
28260015
-319855
32677232
10193853
31498508
11641731
24459318
17503924
16638983
11931967
16368696
17965025
17978394
13712438
34909209
28969623
39622721
33320787
32468000
15654861
21130729
9823768
36886102
22330376
28810057
39650767
40839890
22092177
11619177
7145224
36994054
9793780
37604891
5848275
27393271
38493448
-599170
25256741
37749617
10051725
29436605
8014507
20049321
23151252
42096839
19716700
42699850
31559590
7349451
12203606
33671398
35192473
13778628
6984692
14257860
15585993
38651251
35893918
22680867
24398497
7088809
3681819
2854781
32308830
24134170
34092000
-424800
14135536
29862273
34866315
6828578
28000457
29635155
14921262
29776593
9577688
42858084
11337679
1448289
37668033
38237374
29300191
32421850
8772346
1730050
29336105
20695617
42722843
34653052
28712299
33216533
-156489
38790242
20365457
12008414
41523990
18473236
32563362
24761167
20749914
35675277
18139063
32962971
972681
1329703
8546466
14993826
28054611
41423223
703882
33201756
9175317
3629586
37109690
17476558
26400237
29900038
22939427
15074708
29860364
16175549
14764218
935538
14157520
24197015
33035133
460618
32134055
40023813
2817843
24084097
14418083
2918149
15293642
3226180
40167911
36125606
39791690
41079169
37152163
3233441
18387939
34424791
30838845
9567321
15980123
4048440
31954502
39231080
23389514
24003561
31140541
14571919
29971526
34869438
6006152
38959657
33057435
22548055
15183138
14009257
21908815
5456738
8648112
5375602
22462596
18880696
18968421
8252065
37216437
22102765
43525964
34694418
7392452
29833934
37918584
43381708
3617188
20279328
10580261
9597175
40597058
26631865
22210003
32997109
14233427
4081821
17606464
25091750
35744959
7534802
40881986
33342660
390434
23865950
31799429
43260984
9716175
-883333
42716949
34922294
-898401
17256416
41831810
43223831
1162545
41815781
42046657
10701730
-845335
12047015
10393516
43303297
42140373
13603449
22022108
21065629
32880751
30426955
36934169
1786961
6590311
-18520
2331508
15510539
27555166
10089996
24912377
1170520
20183421
8611342
31888189
23526897
10467178
20440166
36983482
25165402
29360709
22950241
35106807
20490540
42434311
29990038
38958285
41205874
4459950
31449627
26745840
23406857
15150737
26247839
34829167
35270049
13474439
33727160
30623596
4819715
685280
8472736
24887499
43231704
23159243
26956297
39018810
10965552
14787431
977488
25502628
39762292
9653208
20090970
42050736
21214023
37985214
341113
24487766
14531083
43333686
20164663
8293337
34468535
9310725
42888385
18378827
31468066
17519650
25163336
2383750
29376492
12226393
32800967
23321647
37630591
34219011
31224073
2750180
42273255
33013176
13345940
9231813
23261024
4218310
5818282
43078553
31133247
19531919
40717884
14774508
34301480
8490309
27302186
18643604
27131046
7172834
19482546
32634466
16395905
32931449
40796149
22879702
16321980
35854747
13018704
9470212
13111488
1675338
3529871
42967032
42181597
17637984
28448631
7391567
33826250
12956851
27691820
4872768
986774
9261046
36614317
40655483
38529778
25543835
30890318
18550321
12131391
9159323
38958780
14638451
38557425
10268434
11983883
31866036
9830285
39825735
15076985
899015
6028711
28820882
41663929
14108797
33545595
1218628
35358462
10217941
37751081
37103450
6648637
29519543
39344450
35583267
-619698
7722605
36038105
3239034
14020326
8576623
12260024
15649787
37730879
19816023
33652749
37499027
29791039
33914458
8265331
15406447
5975544
27186083
2847398
9251484
6575407
8357832
24701338
28689623
4222546
32449335
10298763
-870098
17324733
31711352
32896918
5777475
25676980
3604403
203039
30532350
5105272
11519383
38558881
17015710
15510951
17925831
19071448
39261603
19321724
23158795
19081141
27142836
41479668
30873897
34393819
33532696
19358626
35969510
1668683
39596926
29859537
38457721
34182887
12912384
10518803
38722384
12707851
33195342
5330228
40962711
9950731
41420640
-549578
39350944
29913932
25554300
-976021
10998467
29324621
36509225
39032728
20618479
32602821
9379635
12104767
9592229
14756281
41960950
373210
36574153
27878359
25279533
548581
38119035
14973585
13934037
4442501
36106777
22289080
26937769
36942550
24006420
554601
1114908
34006031
8451038
14691037
41858818
18966178
2712402
9325460
3325579
32892999
1459706
13111272
31939212
8652131
