30319698
43524484
5132533
8592339
34276684
28638304
23057308
5473228
4524628
20930536
22346414
20989199
9057846
42902236
6407458
28684750
23016771
23646553
8897473
9135639
38749529
3869264
27706390
2061971
23631286
18003899
33163368
34928444
38330604
39143334
42536614
41055831
7438025
21999527
699237
37669873
911883
8222301
34913496
10144347
14067140
14267307
10213565
15949222
22445498
41689093
5760898
6496156
42694656
13162662
31289107
17353798
13271559
7902600
17757225
23944158
41217685
27159502
32709745
11950185
13622110
29199379
20391913
6063562
35399996
7981242
20766996
36043897
42263633
26409418
17890368
9106118
33890800
-726813
20044339
3811271
26335014
29793648
15327399
12048431
2513337
23300445
25341170
39163848
38593368
35206846
10798594
29711598
17007074
13990175
2764314
20269427
32658255
1109237
2761534
34378637
25565550
20424380
40615658
25753286
23750859
36000915
967005
31943461
34655448
21348427
34584753
40003379
2812225
19082235
23266826
4164648
13690263
26753458
37017010
40612308
29617769
38206781
42811724
19127363
20263474
38688559
2823193
2385778
-526184
23321774
9052423
18370306
25300093
16341063
37094344
31621513
25935922
3028457
1734658
36604486
10105288
10136909
16682770
10877
27517105
25311702
3605385
18365721
8211864
8754851
9410636
23936021
28523417
38567199
11931458
13825664
18408863
42804238
28558600
10763597
30018594
22786667
5886722
4238973
5659405
16034708
41028588
1672695
7127184
28467910
24061552
9931430
20553337
36290498
7064969
31853944
31628528
34636368
26919899
39150820
4404797
4902397
22323660
10766974
13888838
39536432
37721225
4716308
15684180
40916418
24665072
29011922
20860176
6828624
13049352
35490168
36699410
17859624
17133232
-81206
42187535
21227500
6205427
39335010
6102997
10137156
12800239
38247753
32395420
31808211
27675495
5170359
20476099
42509382
27078053
32474695
12823441
28201899
34098052
14087601
8219220
42920823
21531023
10342342
11404976
38254020
3404516
3902309
32555003
13820677
19603638
18049575
11545200
29379205
11923797
14778422
39786821
15540514
29769988
8481423
25766756
5490390
35278198
5604553
36817107
12839041
31799090
27107097
25745241
23500940
40244233
8625712
4697607
15693187
19244543
-667224
15657572
37722237
20289775
12293817
24825363
7594267
7309519
16347809
11794327
37200061
28765351
443740
14793872
25634372
4744284
37246965
5200899
31820884
27415084
13742278
36044755
1058620
26667606
31144067
71710
27436063
27951616
34105735
22861119
24288660
1215063
29233438
26721732
24944826
36186254
22509807
38645148
43064977
18477677
41514022
25066306
36728351
6308960
33402233
9587531
23114196
13637565
28766941
40243942
35015203
33073208
38697682
4276970
39739217
18174672
22378365
25433991
8368913
30521264
15750800
9161953
41595391
35033490
22434523
34765736
15188708
1203424
21638998
7076043
170481
7578616
37128150
2431383
22234923
27677518
31410978
27368766
6987747
37232757
12051074
28778166
25316720
13711971
26574485
19272066
38562044
5801008
33169649
23223805
40672708
24942769
13482788
38409251
4606012
28092353
19001234
11393090
43452053
5699887
18289552
33121841
17501230
10744457
5413247
-787541
14814800
11955390
408197
19381210
9547609
5019394
29440488
36921959
13963363
17550163
14546590
18996847
10390327
30117884
1785911
40333856
40517321
29381470
6111801
28570320
22701501
10800557
43377553
23221539
9486544
20374486
16798109
24268100
19642883
18808895
31233076
43387962
31479523
16687624
4914764
19567311
2045475
8403142
30570866
35604790
26853680
974339
6104303
23517340
11633808
16606629
7762981
25499089
-833504
31512191
5598709
11657046
3409021
33188886
3286542
12266533
41754826
24352076
31671997
8617917
4071156
25685053
13179046
42959260
26938163
9919559
13202884
10111228
14762024
13253453
23978356
22640617
13002237
3448090
37346114
25772195
39615340
29032953
160433
9902886
19570941
27556819
20353057
36315943
17830284
2259464
20067775
31708650
5694485
53386
38558960
4505434
22948747
10121004
-611651
31913758
24407563
31649303
8473108
4637069
16560773
11377924
10802706
37640931
31231767
32023204
42212030
18237789
19591790
5883040
24405285
15538932
6915603
18532577
12388990
15951261
7541985
20373384
4945937
16450594
40020597
30458617
36544134
7642538
9796450
19977349
17544152
37792124
4146317
-401440
3548818
-365088
8520659
36078099
42728672
29118205
3993424
24228853
17583684
25248675
10663297
1449530
20625213
35377
31620601
12986172
6974660
4628441
15037697
4774512
9611308
4024269
446515
9649548
43185042
22535843
34926567
39040419
-298114
13164912
5085176
40213715
6578728
30289078
35226232
28698831
12005297
25285500
1967896
37623881
27036500
9589146
27445763
16020370
31335273
27014440
30402890
1016943
41269803
16386720
41150665
35294481
8630115
34113527
4994286
16245973
24308959
34928240
31730321
39315801
43398519
28217646
17843531
35666289
13925996
28159064
13544470
38674341
39636559
41221814
30764845
24201779
29856578
8690669
-12654
6163570
4103768
33099515
37741210
23465431
43282560
24457466
30911182
26842399
12173239
6987136
26126542
35063144
24000310
13061989
303586
31680432
12250454
16337998
32808582
36499797
35933419
2756357
14329591
4689236
15303479
19500704
28708771
32517433
8741727
30269040
20485718
37947700
4043654
11271869
28222944
8203536
30295069
2196238
17247254
22218062
28083188
24126526
41556649
29796162
9054918
15405686
20006697
8832510
29743744
18184432
28936203
8036381
8448731
39611138
18587776
10928652
1297540
200506
12971315
12351167
24835861
33878217
19894442
41236876
231314
12951867
17662121
20745498
2673090
39439449
11792832
33522193
1370097
29957330
12580808
37362967
11844087
16926792
9800908
-781103
25126780
31601160
32874675
24443112
16974515
34047049
2269466
34401725
31515016
9187267
7449108
24574058
21194485
27468712
2322647
64773
43445738
12371701
7289625
41579290
29547817
9129621
25085558
3802660
8911380
14778135
27189605
31761343
36222666
16064866
22449531
12461150
26897653
39918027
28518400
10874185
10835970
10815850
27136976
10271856
34472442
15209311
24914838
41667889
16770597
37423589
23986071
36243501
1338597
22803844
41914207
13000964
21772417
34406847
26905279
25923417
29458217
15523894
6331172
35906370
24495907
33035241
21550003
33112840
39639060
32548793
37791135
30424229
40574994
2477907
29381317
41111242
39933604
16844090
7873278
7556129
40245137
30048874
38796106
31666148
17295103
6150118
4774968
38687722
27181472
42822
13350953
37240834
13332986
40054860
13940618
25221298
22114602
33947472
42391773
42794352
42933782
14544780
40726448
15262233
5905782
17171822
35837918
40443551
6827994
18367995
38395696
42705022
18061716
32327662
10127837
1930725
18871869
35844897
41645499
9381777
37448463
15616504
40580152
36183400
7102798
328802
13551269
27038804
19487613
15750924
28240555
30744109
31842353
17174133
7361171
3436903
29687331
20894512
38604646
9299614
15649035
6105587
6486690
41266049
36263429
5994389
8067798
33253378
36140263
38876770
38813768
5787123
34589131
16682624
41471962
22836188
-924576
40215979
27852776
8195592
10746419
8095868
10423733
23508832
36597989
34961140
23331809
42313612
32234971
25466024
9339695
29941056
26658735
4514575
35537336
9485556
19056454
817911
11559973
31360183
33881048
25761552
21476080
21138463
6145
23057280
14019000
43461800
9464529
28659
16101427
36023063
7580928
12224094
6954196
41922949
5153244
15211998
19929289
23492158
1128260
18553268
13658325
23817174
33876102
38913312
21410822
14194488
39386835
237315
2016995
9930035
15509353
13597339
16665648
31915134
15474562
13268744
42627275
34519839
29676032
14600071
37425824
12271604
-239672
24145425
24108461
10912202
19969245
-584205
14581879
19773888
26489523
43251215
36599802
6655253
39113783
28937077
34513931
12082639
37139137
3298045
30573880
-249520
42819708
3252424
7936744
30223017
28862865
30379987
1343716
32573637
38911707
25688070
16046924
21070892
29410453
23710778
12504085
25373100
22180567
25662760
11422683
14232190
37165834
30641201
27840476
29905561
10423912
15819324
23015859
30310767
11673693
36992813
36043558
39541403
16344805
35119587
36961262
6972189
24993384
21564017
22819650
24462547
20945484
8077109
11771670
33468223
6695017
25152301
2813338
20539739
29651580
33168278
896347
26845663
30562068
16832241
-5534
-642267
27958844
20275222
14673636
28132442
41278738
29600629
5785735
7948296
37153752
41303317
30618953
-246358
28337898
11207823
33442762
42829049
43261004
25622981
3486025
30855220
40770725
3407619
21418135
38344399
17950874
15889934
1245259
32283964
43381703
5344310
24978484
15421339
3910998
7713503
23604896
39288297
41917808
16963177
11055383
6384124
12434224
33110040
22718331
12707653
35091637
35243287
28546044
3657781
41053987
-723359
36978638
2122467
34926175
30418020
34084155
36015241
15655473
5705864
1967872
41388125
1580872
32568185
35512611
42673876
7420180
18032093
23413504
39649005
20080375
10084282
39299367
15498439
20537497
34374700
8230462
6792333
18360347
12764894
6855048
42661749
36761898
19022241
8095679
20395391
427769
38149445
6703362
35090779
17303018
2993305
959721
6401091
40368432
40356558
29532415
4812344
8882492
6066487
330412
13650363
11723456
16521899
35216008
5759363
41961515
38497952
5382324
21467475
29294410
34498310
14459309
25775654
34098555
21506656
6555516
6588819
18625904
1251184
3704603
2510004
36128430
5100818
8200928
7661820
2868320
8682855
40732375
13243940
32725649
3202954
41674547
24046625
39625688
14848570
33556732
23172010
42767099
1637723
21989291
27286961
37615130
42861540
26073284
20368286
11274756
15467599
15724081
16549693
43341554
8115012
19167312
64820
8069826
19971741
43190673
-231080
40418779
13092769
42225471
10038672
21008805
2102139
41729135
11331329
16740665
18994721
12482488
41463780
2045497
36633788
30818929
36983024
5412782
8064579
934879
7669828
17927398
28686827
5406386
32433122
25657632
6504712
12675078
14067343
24878858
14206125
38893224
29081575
6485107
36414887
34105781
11618557
28585408
25793395
17691181
34476015
36040652
42612076
41906186
36263595
40321623
8401471
35782420
17529832
26823889
17511613
29801178
15265570
35982003
-13619
33137644
31596110
42634239
16759413
24201320
36062840
35312986
3606509
18213826
22981389
16030488
27015410
20329957
31254658
8105786
465338
7854840
24452095
21225839
17738143
34746032
18549710
38384409
26282249
10375761
9402132
8944838
38965782
43416346
38937069
28311347
41796725
15865358
6424684
1700624
5027499
12801916
30926136
15959078
15152007
26840862
17824880
446911
3534225
3801672
37229972
6131411
22429785
167785
42326592
7840152
18333749
17359793
30003126
28030676
42399669
25843353
37509072
42088942
19114877
8390426
23159786
22689149
25511320
35084119
36999505
8752292
38593725
28468048
17459965
3143421
31944432
26074654
13413499
3377437
22921921
-344205
6499236
12835451
31858566
10496662
19299924
8852255
23590483
42677982
31104942
28925188
35506121
8341481
7153933
5710773
1309275
19194316
35486382
7838819
32940120
39130603
29158506
15916072
22392106
91343
37979143
31670698
12145162
30879653
1552948
4152314
8972118
39897569
8915402
35449041
11752649
9397710
26682994
40852850
21424123
36698065
3608489
25232139
18359220
7782607
35557134
36648480
20359764
25452713
7717981
32686345
909388
12340143
35871558
7535195
22184919
3547296
42496302
32889288
15446738
15106555
31865209
26812747
17219178
12445172
14603608
25139670
3593158
5811906
9631903
40511659
14785044
26973439
34940283
19921745
8187930
11558221
38689390
33342563
14049229
30736261
4233884
42600255
26223009
14921688
34835539
30870457
3119189
21857846
29162294
33002393
11139399
34896539
20641050
16570702
3250156
1514131
36419853
26977187
22474029
20118551
35485519
36906761
-376490
41004790
8245884
2947760
17990651
5039719
-664981
14124166
33416686
31365961
8018495
6426599
3787807
10567308
6461844
4885276
32323039
30985493
21935227
20285565
30364857
20059730
27443642
-112920
41491771
26343310
34056067
6572194
10186287
33375937
13727160
17428287
21278382
6721235
35343477
33403151
21099202
1883737
15248265
7427284
26961677
15734394
33466204
14187900
37796240
40441121
31139411
26795104
32260098
3419400
28262627
18533444
39478463
22746289
42241147
1804789
37278306
28924887
30528820
1805557
13170605
8189174
23514502
34237207
13788540
36740228
8437565
32579484
24090403
11454991
30067947
32689949
34944570
24200115
9159416
31392268
8645817
26371269
37398262
37927216
4455724
41100590
1898375
29072324
33470041
15525087
10658871
3398533
30200153
27082744
5792140
7798552
30878541
12077637
22719626
9052642
37515044
13151926
9252397
43397993
22238766
42377143
30025001
42688342
14904300
543929
-195593
20437402
37746278
17136853
34356325
22025306
25614282
24024584
40878868
31074879
26544513
37959592
25406785
23783577
14315420
34072693
31328258
40775895
22629240
36090243
39299061
13454884
35989737
1021259
21719135
17409156
32640715
9794770
33330587
7041258
22796328
8729922
6649302
17994174
34348036
36064477
22253351
39492657
42663516
31804311
3270730
24335667
15016080
14889622
20805939
29869192
-683105
19177197
25612140
24306771
43375878
-593138
1428315
7979207
25128470
41484113
34370680
-286957
5239258
29667928
33628282
34251314
9733637
19561604
3998983
7001978
15149202
43390109
23895509
19106893
37018626
12065999
18142415
1890250
24177849
37965493
9047759
13091586
29330019
26929105
28743059
24279836
27166230
21258472
19317180
17159360
22046504
37199705
2172231
1111996
40883590
4467415
2907024
25765159
41245350
40655296
11634039
4110051
1336577
-690556
43531732
31775446
32406091
31720612
14498564
41073485
13833739
42557289
37586116
29345740
24898710
21658708
22141937
30811544
9702942
18864379
27351463
40726203
7202194
27151296
11459524
29577567
18839218
18462295
1065763
4930360
30290037
42253390
8014261
1767069
19349446
22260630
6175238
1812761
41831455
22930925
41142942
33510315
38016174
35263051
16481177
41027470
15940630
3183757
24553847
41009746
13919484
15794665
28165738
32662440
34424508
11544246
33854501
42817196
34879113
21009139
19263499
2792239
-280422
15361730
16725386
15599561
7416693
36892935
29639378
42493630
8271593
37263078
9513385
23402353
31069367
39228274
10850243
2741011
23341349
25854911
17859674
14757086
973547
6560059
43499518
17270589
4682995
26906230
30550257
18646208
31727263
29055796
4804469
6755314
25691421
10280525
30966690
14971739
22192673
38441162
7289354
1440882
11872407
6421210
4439464
18462315
23508265
23212510
34321775
6961298
26608189
16013986
42541988
22691249
35780096
7423921
15702452
12989989
22992309
15517083
43066981
24283000
38097115
13243971
32233501
38890577
43237291
24770266
9709125
33450245
1874556
2232874
1633865
4351786
35047671
8868583
6522157
26429761
31435666
39418919
30853369
33155256
19679554
24416451
14676857
42988264
10984496
27592110
5702988
40890704
39502695
24616403
14959395
39628769
13664105
34881332
19011692
6131567
2207469
41697640
29082919
18999906
15650425
27223746
-256642
37600421
32253555
16724711
5476782
8531431
23095490
34604965
26193492
15693206
19502878
34221923
24403667
16403896
8374053
38431602
10751792
961653
11959071
4777537
34335660
8258111
19065040
20186672
33402206
6845384
19592404
40154428
19379581
30026579
38435357
24603882
25625029
23334167
1133784
28057655
20339437
21590003
-219632
-594652
41332161
34223638
25974542
27162329
5025179
19598565
41085868
-51320
40193139
7855478
41868001
14427024
11247885
11491314
7333787
4810373
31480825
25142413
13256986
30336576
28605458
36632206
10520858
9757174
36675483
22470308
15705759
33408625
12583158
19924995
15997742
38442893
17665397
37020629
32730907
24837191
23404688
12264262
23354234
28741659
28686875
31678079
41524259
26196573
24150822
30764504
10509396
42008572
23462290
31791760
41435905
1281675
14828786
37763580
32460760
14461843
24318314
1654912
3520500
19299203
38098504
1517139
18927258
20371105
42405239
8391483
24606253
40866935
10830658
21388475
41974306
3910410
24474732
38237709
6655844
6169005
9986761
39941374
23412584
9413092
21606957
6545259
-476601
34721660
14859271
13908654
11842153
13862669
34382583
39715178
33221721
15046298
30307727
3334854
39468251
32276713
20036363
37596481
617594
7801694
5019041
33481168
36175962
18681753
7750267
9188339
41322996
43262520
37763887
14489310
-131917
6395595
-687661
35866100
40791713
23663107
24036813
33525109
5781652
39049358
42245185
8280448
35080638
20252877
41702875
28886229
40217363
9563468
14169261
9867990
25837073
26087757
23735283
6763675
26649852
18958584
67247
6779428
36671244
591200
4562211
38804588
40253857
14849307
22116369
17075323
39491626
28233340
42844942
16973925
27031305
12981777
39236352
43042448
9375994
24293110
43032299
37015987
30787348
11796029
21893911
18091931
20255653
31502124
14134926
25071041
13089309
28306242
21613480
22114621
16908845
6533557
40906526
26299203
7641534
1580330
7495964
17442524
18301805
4579253
2640345
35310832
11685468
20205813
38318978
38408561
25578839
17603593
14239148
19728711
10707313
31988755
35202884
3208269
5277679
43154134
5143345
25735374
26860923
6241046
2087516
26197733
38255813
16781888
21266044
3603416
26179571
16093198
13910904
5643776
34397584
8976046
21683281
29220479
31905057
23837295
7470619
143328
18108337
5468285
26987853
23960054
26492735
29389524
14974558
10134370
611034
9935975
43520147
4730590
27441993
18943532
5650760
17652631
22044933
10197312
1853656
12917672
30770172
24026978
10903068
17812219
16414209
43265837
1161181
32789281
24578432
25588651
21797620
23781290
11103679
1383739
35985872
29187262
29214075
18899650
26626001
38410627
38293992
13788992
11547493
2851745
25999699
22435336
13514352
29534793
