8070105
40424425
29534468
19728676
42055091
8088137
37588462
18318970
8806964
33177529
26939673
35777253
43498956
29810347
892870
6404561
35823776
15690981
16297584
20533043
26489383
23173456
34704614
37294237
9478797
14843940
26161650
16917124
12228854
28712454
34726413
7174003
38936073
2854872
26819775
18990378
9502162
8749877
7290278
36268929
138259
3925946
36912799
34662753
42439649
42333880
3427334
6486276
12051739
42887907
19504446
40496942
7366393
3357977
30931428
26178281
12459246
7582705
42726216
-389045
39308035
9330951
24125649
14510525
16895230
28114614
196461
20772070
12108356
28893118
25683108
42845276
3116494
24740446
37450265
18303242
28163385
13468338
14799941
35397579
15816313
39820400
38552100
32772497
35449436
18168001
10861776
21273537
10949756
4974548
5721225
37325057
29132262
38812876
39841908
19938570
40315743
21985821
2192831
19921732
39364532
42878321
39920080
8177093
8772515
35295015
30554739
27344457
40407896
28625478
9709570
7484161
3363444
26460554
2904143
8633681
41114134
11261015
22436323
4368577
2096776
15502958
4907828
30523605
28362429
29380684
23625669
34206409
31757788
29686247
24707732
24093033
15854838
14573027
8875632
22574408
14593833
596193
15460865
25204893
43208666
357061
13638367
977344
4540324
29975040
2387712
12402925
38127606
22753533
32259634
24856838
32356984
14750020
31417357
36676109
4251813
25123940
1504024
15350952
5365836
18022030
8994593
688721
2108273
34080942
151588
15694650
29442543
41177309
11685733
10212543
26907194
32497938
16823548
8754954
20486755
32051346
4281451
4293058
28498486
4856660
34076690
5401106
31502357
19452158
31294798
32060955
36799571
26138191
29247014
8586916
8214842
-332016
23067697
17018920
3963348
5933267
5233292
26658155
43273841
10407080
29422124
10988932
1202879
25616349
22531912
2088632
7401442
31228721
35111204
30138932
26979861
23378605
21637563
37210938
18079626
37804430
10750256
10295730
11900604
33349683
11792919
23388288
21599296
27178027
23914386
20710618
42104519
12186483
29928046
14558822
31214217
6565558
24779350
25266605
23250188
41913620
30991353
23508072
19985511
-709128
3616324
33902492
16916875
40736128
31625385
13580281
30636725
-108272
36744864
39847582
-966541
26382372
42076759
-476995
13352770
16461210
12655504
10732303
40649689
19950272
35460992
12336162
37641674
6216800
32354005
33495079
29341339
12667388
19967219
40956384
22897932
34164543
1709720
31711873
35515457
13880547
33971332
39411476
-379673
29654472
29815844
13401898
15062468
16574662
17449171
18549880
38738212
25728589
35728023
35660767
8125586
43312973
5326167
3439678
18780498
-975737
40098825
3963257
34503549
24740299
10540325
36570962
-414545
7473329
37761199
35637439
23471243
26246715
17172849
38940832
37251412
6294348
1979961
16055120
14801139
28376780
19106577
10234333
14660894
-814854
29880916
13912354
42400688
18932020
42150632
2302966
33902403
36866708
21982000
27142865
29031632
42341965
8363983
42404113
42061953
30969358
17381732
40552490
12735509
31869168
11377680
29154844
13133513
26577486
26773834
41370908
3361597
13087542
38436202
6049692
34901980
32133931
40317070
29790385
30344259
38732514
28173837
23873912
29770724
42203395
18376897
36096633
41657921
42451537
11401441
37708607
4568442
3477554
-857090
27953359
34927521
42319029
14857741
14933640
42084739
37787669
7187299
17344765
4233602
28799137
3149287
28167449
34280961
23841174
34611029
867799
5075820
29363219
40687151
10997002
29265893
7558665
13822590
11238236
2403966
13407976
25350220
32562939
35144478
28224793
22073539
7316065
20201569
28247752
4170303
3159513
2335948
31462360
33860091
39219860
15277643
35930955
28456559
23211663
22217294
14371682
40236621
8813221
8669171
27300155
25057281
42699017
29629821
174414
517067
42877533
31474913
951824
17724056
20846987
39749701
24935507
4898053
28324625
13563991
7501981
30366124
42187577
20395992
17838291
5913458
27173040
22361559
14415547
37287535
26237005
9916561
-231268
10328229
35547422
23691964
15177938
30134050
21864000
19005804
40770062
21821815
17601256
24967800
33133078
21504105
36073878
36516450
13468610
42035118
1608973
18401312
28818714
30291348
9096147
14845761
39857538
39440128
14956034
18223050
24548393
30547045
38454333
4625556
28746970
11684065
13743032
5950178
32723381
43402161
19002913
20476402
16038773
31392846
23553074
29776121
8402770
13567489
3858190
39536028
20634424
43063671
3246653
16079497
14559135
16593067
10647786
31918235
31620243
37380284
24124758
7814504
32079514
40369772
8678231
40274698
25479965
2461070
17608673
-282082
38139167
14260737
33679812
6087892
35603487
20375224
7433393
12431093
22520142
28073193
16005800
2408495
36736553
26808606
41352499
42413410
33510722
37513878
18004067
37182819
15939823
9074796
22375469
5784318
37628599
4004375
16790785
37195104
-663793
3858197
16006665
27066041
13571466
29689566
41277085
15274393
28627258
22260579
29068518
29742656
8948084
33493977
34607690
16535303
2141885
25443634
11380856
30740384
29660433
24636623
35763027
16539796
21478026
-82689
10530024
32913538
18483003
13602172
28168439
21968104
32358134
6211253
1346180
37791900
15813617
15848194
1931197
15066007
20473510
4768786
13039761
1374409
4505965
10224261
9337532
41575949
19101289
30731293
9412063
5697473
39520040
23851008
20279948
26394821
8365580
37311783
5281296
33004313
33258287
15701084
22195767
1124483
8432795
16312400
1652434
41420314
8412669
4254640
12838501
1694937
24118813
3343360
18302589
10170948
19602602
4606353
5777958
4189996
37771215
1260525
16335218
30462216
12792390
25472788
3188647
14317761
12757916
26513532
16791037
26517953
25520228
14476193
22010103
11100250
20054444
30149799
22520109
36789510
24238585
10934962
31889633
12601432
966406
3302927
13561839
6744023
43460347
6431081
37424208
37275760
-321857
6741085
43284342
36724774
10257125
35563404
29412777
39676826
42070035
32638874
41598638
3754618
2909395
13334948
20676563
14883578
31846463
25480762
7946073
35774543
25421469
14365531
3879740
23162174
9809120
35550799
25664270
18894543
21245326
19215788
23251124
13345695
21871471
-726521
20156464
42996567
23567103
29637111
24948883
33778269
4400781
24141011
630517
40071330
14624565
25962200
40330543
37241028
10609123
28547838
9044255
27311055
15500854
14289851
-150046
40636519
954040
28376621
42087354
18712091
30699175
30221653
42320287
33280947
629956
37874116
4428931
10414868
41667900
2854729
9873240
16114790
35817354
15273298
5447876
19200965
14073383
15489225
17404937
29787193
20998711
35795050
12272271
15017380
34692384
4008899
34452942
34569298
7785730
42093378
32303901
33231613
22573764
18700376
30704571
-386285
28256915
5802793
42494138
28702626
5341407
36262592
26481358
962814
21568499
3176240
6590809
18256445
39381265
10350808
15521947
42731112
27567337
25065345
30307993
11209979
11870941
36781668
5120282
8980409
32741004
17710158
16731288
13121468
18741811
19348588
26456417
42732770
22517122
7085025
15903714
21194940
-347459
29261259
2601711
8940402
32640579
22317267
9380775
2050107
25644170
32697428
18270325
36750222
21738995
32263580
19281674
1608854
15013481
29800181
19708405
28886225
20979660
19930245
9843085
29993270
12139702
38758976
34019142
29946022
11776356
32107124
35366333
29421298
6367442
15424690
16196157
23823095
16315003
234797
38481631
28507128
24363228
6383909
37359203
2705945
7283517
1204972
26750786
17313133
14076265
24411135
13488404
38591164
31551086
41787252
-807783
28469628
33358029
24004533
39018116
4183914
15526888
16690202
30381193
13429958
39242682
26935407
12873616
42473652
16301236
12656439
6958804
21483033
34555361
22472100
17731628
30653620
30529332
41055660
9747238
4158662
43264134
40813146
10024747
20347214
34865532
11191928
11001955
30845618
14816357
1753437
7830359
28781888
4501198
28234455
16260284
25944955
25088690
8727980
20564899
23410613
7043338
12550778
4359555
33397257
10857055
-877621
30120844
3643225
7662501
42832157
36196163
12041644
19791536
13990025
4563092
17420762
43225572
34614393
6664828
28700732
13265896
22232426
2298643
16097557
11377758
4749774
12496248
23117376
3265634
17424305
14638836
29212249
37641725
4979335
2828595
42242796
31775796
9602951
36382626
42456792
37121805
7929088
9791719
11548805
34626959
23714718
9141648
8357158
8639719
26952587
22290279
12422879
9452796
-766086
37159443
37121166
12910132
23886827
33458922
4951796
6084234
16416780
22359068
18277384
42573154
17217132
20766592
38147549
2222213
19172370
9995042
33923303
12925557
3910484
23651839
26916338
22750864
10967313
22747362
43030794
10659299
16843258
20699823
35812788
42838593
9452759
22665710
35517147
15584904
36425836
28165817
15553989
16319852
11652601
40622765
9517753
34607861
9070282
18581409
34510524
31148961
482303
40484044
14286714
4537844
38538693
7289776
15899698
19152156
19408236
30605328
3392835
6893648
35130379
36684174
16937576
4528886
34181341
9691556
8032832
21988515
34611861
34792914
30151123
27639506
36700219
22913002
8882893
4011647
27534735
40945925
2185509
16707313
33189486
10732992
13866980
33987537
17923938
23215451
8142894
20892515
21759391
34346565
20389542
26156243
40480329
13772806
37041971
15077586
25967391
24978408
1732841
21903157
24237942
8835722
25601298
35991105
37040095
19484775
2278546
10854685
42533201
12252170
20022566
13955792
24995714
25387487
27376467
37493806
4235601
42798625
28572342
35000835
41967166
1535216
36468966
26587115
42502124
9906992
13607622
33826777
42773596
15787163
24647755
10643744
10794817
9160110
14878055
17402301
21995090
17579695
11836566
6128616
6229379
31488994
12168265
19226295
15155782
9460493
35247678
33311295
10816443
27847559
1532361
21839998
1127757
14409255
10990242
151188
29896083
12381323
19225776
402095
28952796
5305088
7748428
4467619
6443940
31448504
37731634
41371729
2400799
43304866
7730466
25939596
6881791
36940607
22763742
30560210
15052078
13772376
8650279
245014
10895299
32564933
30367373
13728937
14272237
40162389
43416261
31767719
22665184
25992809
9604536
42401734
34614283
19144154
11179939
27512962
19087370
9480743
39040198
18318814
15612071
8721507
26412524
2142473
37870708
29141887
43417852
3360995
42525611
507447
4080298
39763163
35186221
6972560
6354094
39797509
14460211
27073266
7238947
24392306
21310064
13369566
6071539
20922635
20776030
23066471
27730124
14356969
25932325
43007989
40877276
31442190
7790865
4692766
37731375
25051218
18021300
371526
34630656
28330038
3812211
37079331
-548138
6787731
35366991
39408561
15166892
15006433
32201628
27730943
41446653
17298246
30326311
43474052
21502157
27024711
26522961
25342628
16053513
20179073
-348210
17220792
22806218
10976653
36561179
42352985
40715794
32991843
13454293
15068140
25801240
40062393
31928863
33754664
-737118
39771446
38260056
4146362
2593573
6691831
13733708
15585039
34459480
40395550
3882840
39985431
26316973
36628726
22433625
22219859
23964039
36395796
15528117
15528356
40627339
42870498
1386646
39858628
18944813
20742459
7735407
1522438
32427893
1819293
19077419
25781017
12897199
10948140
614721
20458396
25476458
37958580
22327810
21905019
32441201
19710930
33626407
6308946
22321612
2085387
15394060
34423120
11402691
8149398
22560549
32866475
251378
2936836
15206502
35869681
17041178
23863874
21770057
7729879
571758
11009338
12572018
23847585
31805721
19364129
25046398
37952735
14175735
5972720
3574900
1631391
14677293
30671263
9930210
38345037
32033907
32243861
19486921
8393962
42989680
6019299
36823449
33773793
43096875
27141365
42865940
26299167
14169160
28589201
12338945
24126206
23426859
42243540
2689137
37302201
2942324
42204178
21767669
33675245
14652125
21355362
239485
35337002
31702501
22973406
24655707
30897291
37335993
21427712
18637747
14812037
9519613
23486687
13851684
-727278
36158500
40065113
-754656
13253368
8202065
35491367
13412658
6439422
21888133
38690766
27523193
18691353
16660986
32441287
23831783
-841772
34224719
27571323
1797044
34192837
7803083
22818764
8065171
38793408
13648553
10005118
4773531
27974605
33266675
7669851
5995351
17733828
32997323
19794463
18466356
43009664
4784920
-645929
26669730
8336700
12752542
3012632
12791128
22442248
23026414
13622408
3101288
1004027
26801065
23025887
16408360
11320958
13914705
21057935
18320535
20830503
23612207
9376699
10463883
29452420
788036
20448635
37078778
28907611
23943179
15146250
3582533
24093568
27254023
1798932
27371545
12250459
39041919
7328690
14745780
25359531
12997207
40242134
17274932
24025684
25666522
40904139
31782246
6451352
16981694
23526721
11812489
33457163
22906467
29536338
14083789
3760574
38838597
13853407
21495936
22018974
37565084
23718267
17330786
4104653
22774679
34685845
37626631
167221
6273246
5500055
13600812
11307107
35266682
26285968
22729692
7369150
24390349
752769
12606270
1512041
28731464
26600257
27805339
5958017
31266311
30158890
40431521
15752396
26348384
30868617
885825
18447872
22548624
27399627
2133368
24631518
3647779
20685385
42965430
6100872
10218077
8122259
11357506
16683569
28320164
25627404
20997979
16924462
24107685
28681703
21686002
8276037
22520493
30965255
11607676
9768820
41399666
40514052
20485822
13938106
2942046
8339256
39482586
28911044
6468037
16138015
29830254
27396001
13178570
36233782
42367139
29522040
5428957
14527493
13342867
-650997
16488130
40337420
16941692
26856954
12606430
26811323
38755101
7280075
11628543
27243118
5517945
39528359
21017568
26815320
12286544
-278065
40527784
18888874
41660089
13698357
1079456
17644666
4231104
35502812
38241891
13245443
29694235
19759446
32740467
21662906
10008501
39570256
12998356
9837599
13520446
41310241
9832617
1918165
26949476
38576898
12066759
18443788
38026871
36317094
12268321
43417494
18506969
39505642
19087531
13992585
9322975
28386590
39190802
26819677
826392
3139335
12910160
40229034
24784140
32280747
13165808
14399637
42890970
7973487
19069614
29927993
40192204
37507568
325761
27198392
31735401
16092735
41280242
36015737
5978040
32737724
4840840
9032470
241583
38407273
37079938
34200468
6817381
6887836
8368887
34639202
35489942
22691725
39850400
11660718
32234583
12922993
25519557
4642689
7437824
16970241
4193623
32791465
12480446
18512628
11016594
26661156
39342017
9721594
122545
8830016
41286898
41960042
20618046
27750957
36674142
33646068
-779840
38400464
41366625
8112073
38253525
25771349
29198859
24127363
33982896
15034869
13872381
21603659
14923621
20178241
2168349
12104965
9021389
4949368
21228418
37104708
15234565
9660497
30138671
21613271
24054459
9056811
24558161
11891771
35259981
41907341
26831727
31139404
29378915
31765681
27680090
16073069
10280211
12469574
18536277
40054878
31694724
5517889
34604966
24637540
21052473
7508895
9370188
19344474
33920197
24311396
18760358
21425083
21219170
37099716
4320309
24347162
6633995
38626017
37105654
21961246
42542989
29841525
7942577
395349
29197122
42879772
23847461
11741529
30198800
6492416
4824030
3714769
9355678
-364981
42388498
350454
19753438
28463642
26244449
18522692
3651727
2346661
5971483
27480882
12013636
10525491
29448004
32893217
28016045
3760543
10669650
25327272
6697618
3813801
10429674
7238361
41082899
23840973
12452017
4083203
6677189
22556342
1395872
18261687
32413161
-571754
23658401
15137149
9539861
8267049
12101810
525136
27287876
37675748
30019201
36536508
17111610
31364711
12925105
17733043
4168010
13148580
14941727
35414988
33032450
15831411
19852615
13103856
401812
16678106
951156
10997117
2322583
2953696
6611445
8880415
13533998
16045554
3581417
12305655
16555429
1871541
20923224
33986795
33664887
12241706
39282741
17405229
38803781
32514883
12539325
8638876
17938667
29938737
25502193
38945104
33104966
8862176
39265748
6530630
41388336
29863848
23774374
5690148
28789903
29103204
4283904
26789633
43062556
15819979
41403514
21161697
11412332
32438939
43432417
6597908
6637479
41379258
30422022
11576351
17792719
34603718
20158380
29864850
1436260
25933206
39688279
13668015
-727507
26905201
4190503
43074284
731575
31662739
6818303
18886700
6008048
4687403
5330872
37475062
42840032
16824487
28746827
27847267
4945019
29016451
23064172
25468561
38496744
-980636
5696909
28179462
12972803
4486431
4853774
38979462
38965372
16676976
42456632
31183745
11452563
33960930
24145558
20681387
8608224
37087328
1398017
25271033
37352059
22300239
12625661
36136665
4778604
18568402
13150916
32366173
6853552
33133139
5973954
5311961
7120120
4045110
17679778
-980423
6418735
1795032
22101762
13605037
11817864
22111461
5417432
18716820
36985399
41589536
76124
40531208
20405432
29050190
25380601
38984105
30995770
7482597
20985160
30814646
41569437
33752445
2509553
39820163
1914539
16816417
17461658
21186211
4872844
2358267
41355588
14939677
25271451
13147110
27686141
19514647
15024133
29407883
23654391
19999718
36534264
11634951
5104679
22494299
13432824
16764946
11058705
10789341
43277100
4763595
39765847
10265611
38383219
26760988
19327493
29623692
12590916
17564672
24496442
5186003
31342815
11618811
29870689
6985601
34900600
15468686
25295151
32241805
7878650
15294800
5965201
42132746
22479089
9828289
20811232
27411363
30021091
18048046
3900564
9587725
10775699
25471269
31469397
22865356
26610152
14696250
1914555
1161665
38467849
19207587
42576198
33277156
23594316
33485390
40518121
33839207
12996468
14504211
8925479
20107863
28214149
2453249
26727224
31277580
37611837
5828794
26792289
41894768
23958997
28151353
30753915
15734347
24851919
15555247
28049143
16003515
15917984
3133349
18434880
1020124
12948068
6574052
4833286
17776275
27579329
2440268
-609461
26095534
17648348
4544442
41149393
17624805
13948059
17164143
6523999
39321795
25686897
6652813
6196205
31463095
