24528579
8553463
21935971
17786046
42982361
31622960
3596110
38121880
16692044
36194762
39149219
15908094
3512523
11780694
-128943
6100581
26731624
7888804
38203872
14903468
9861047
39195891
28769575
16821066
20842657
16978395
18972140
4857593
10479650
34894334
10311163
30496907
23216342
32292604
10585888
18766397
5204786
31940726
32092984
27803968
27810181
40538659
662058
39170376
22815108
16200304
6680668
-267478
25881372
5146686
9099524
36948802
22923787
40512615
13867162
29954117
25409480
17294660
41024995
11744891
21178851
3076127
17450421
28875273
13118211
6672206
11157586
2087399
33146402
8861492
17730492
35484520
20350818
31341720
33616742
9489047
15880627
15223674
19996930
4947965
21620704
12128935
41844233
24270358
31866850
22545600
15045792
38968881
28620714
25650483
26592818
27057560
31056396
14188500
18136210
34560113
41582732
39952468
18790800
-575259
19014076
34563891
39328291
10662288
34546164
41699989
38482326
27439667
42123553
9253377
7258146
15247859
13438919
14176916
37250149
9014311
29748910
42689584
9455223
329952
20389501
27993776
6312522
6494068
42403801
2427021
29378826
10741135
40218070
13501835
14501947
29628452
37689817
25586343
3667068
17237017
33777305
36076020
17566461
11186317
28093958
20727550
40725142
17666509
37898959
43194102
16343111
36219122
20765489
21313283
2910650
10728815
24771440
14208941
31816740
19445681
23698092
7475529
42995355
1575938
15364884
9437288
17737643
36287225
34431139
29597289
9218652
24161260
16959404
15568692
10035841
23708126
16209069
36929754
16664365
42823834
17669050
40448649
16100824
24628211
40347428
35259926
17782171
16022229
17712659
33410020
27087736
14835564
17413432
16249789
26469488
39608504
41484984
29922862
30021302
40292777
27247700
18921848
43498569
15138485
14478761
17706536
14671910
7031855
39255553
35019124
14499374
11601751
24060052
3296540
31336167
6246457
42312780
5351836
17871010
5353915
20840794
15735061
40189565
36235257
12376488
7796332
23725423
1718232
31643334
19084107
35121575
12464034
31262300
14364363
41207792
14263458
43451877
7342608
36963009
15055952
14800569
7525139
17226571
7589864
19555731
40985570
36865557
39508090
14237293
39388609
36463511
1773555
20642961
36863763
13300131
32168628
29041088
39955589
28580661
26449201
30560852
10173256
19989214
11756140
36349422
11779409
41649659
15404161
20812658
27684995
42266459
15880654
39082500
6226086
40412951
3549906
29527325
40007873
828379
36104552
3721802
38381546
12163849
6882468
11579420
30695328
2406567
28189350
18038296
31485180
4469341
18238847
32039938
27840635
23592481
17230325
33851535
33467872
5884143
22051121
1355024
3700277
30518313
40692460
38851429
-755929
3424576
28315608
41059003
13391058
15458165
3515767
7634049
36084392
29878886
28061878
21309609
8404236
17187709
22356400
37305044
33853598
655873
38686679
707515
13460789
33895346
30421585
-234200
32430663
34856935
20810906
15540782
30343434
36645967
11253528
10216710
32770055
15453912
29387669
13986405
34913060
24428329
40277332
28977744
42977154
23457353
17981650
15110042
42271991
11251604
17585789
1525737
40241021
40279890
24698228
39369627
8480895
11292176
29930356
26447130
30295518
42409961
11469411
25097914
10397381
14311845
35463744
1591510
-547794
30288080
16040062
5508399
7496940
42113285
41196971
34312012
-387962
19288965
24877405
11321149
15535903
17026171
23474084
29057789
4716240
43383790
18406793
18225428
5019226
25418630
41287533
5143230
43467101
36380070
-49338
21046748
23751957
12496577
25066821
12413421
22773497
13343466
12848895
35439660
35913594
3980095
1636737
40385692
42244512
4374015
689116
27982191
37091992
8454565
20426183
8335988
25653204
33068294
9351551
30900513
15552648
10739543
8769683
34780981
29201879
24616580
11189960
17630884
23114364
40694490
34654063
21605428
34408397
15230441
29268764
16385836
10182529
43171750
4198201
19355767
2010020
14470847
41928972
866268
36186405
12321636
33961494
42441352
12600827
39182197
39078194
25739428
32787149
21086536
3603811
5784629
17603587
29044839
26364518
25780113
20063865
8837229
14353864
29872425
8272570
31596113
5778264
37032192
6290796
38737339
7154088
39223445
14512110
10805643
18186621
18936417
20894936
22539087
37427798
9074466
19860668
10944095
12410803
10222988
21125263
32325969
18746494
18029736
8534026
5233695
17722381
31828274
8201040
11974673
38377585
25048879
21625005
39243828
30540556
873551
27500245
38135932
8556385
28767156
29689897
13630224
7953341
4004507
43183856
22805393
26279959
18115234
-30536
26600546
12994096
676632
35973690
32180222
7693771
18925269
40745128
23826375
9085459
33083548
6607851
32856055
12450920
7886787
7702331
14899002
30296843
35752390
16196352
36220780
18145434
22736473
34549332
26436688
6159587
2111048
41021598
34494702
30425497
36852528
26899085
9857879
22520176
17139327
34142048
31484459
36187003
42918289
39667194
11740597
37847233
29891140
2953216
35523596
25798269
12939862
17234149
7820334
-963012
3985659
37338719
27755422
768706
26461354
4452214
25200282
32124292
29041766
34351887
37455236
24995683
34222793
33527403
28601986
26851247
20552818
4679991
6103455
18126536
43102654
27080673
14401615
35287818
36195250
-748697
41792475
19187759
19675281
-871742
37707495
9871302
30486735
33761234
7536263
27937210
5955950
40804898
11121897
27079107
27895065
39899990
21768792
14096968
31051620
36831870
21930844
33125920
32561676
39811834
21553519
9181511
41216414
729697
21100176
2875617
4201721
24007475
39991252
4519451
1000603
8423818
23196986
32929975
37271788
1133258
7904356
28569103
2074587
2219719
19512749
29370416
31522552
42603807
7520586
9343089
15940222
25946819
36970856
9013134
37895838
31227450
26932446
17570265
17256084
30437226
1287584
30249796
12891267
9828382
16108565
6570708
23752391
25845100
8709111
39527869
24935182
24702382
15454503
9173453
12632171
9841957
28913232
35232437
31534154
18692439
29907384
40649024
171753
18588949
30621588
4523169
3335881
42790953
24270482
20866655
9303284
1787804
18252615
23878718
37024975
43267477
43017740
10681453
31417763
29101318
8954540
4452882
8827778
16361573
11101347
22497942
40888539
16848740
35080551
1537517
7729155
12166971
14533083
7872288
27486942
19015365
20544430
20961640
38779300
27020347
6072131
42510833
1930061
4964931
25753645
34904556
38469165
38722582
12905643
20674459
8964567
19385405
7691741
30955666
26702672
-16718
32210571
31974062
26595324
34165028
6805889
22627055
32613251
42792076
38126279
16049103
9026491
4786149
-483420
39846412
3979830
40167189
15872437
6209787
36239133
24068968
12647511
21196194
9468469
32490098
37099885
36055568
39874136
10254858
8810544
28331809
31492921
18096069
24447856
40522086
4346510
34077052
32704473
9101081
416126
7842496
14226414
22269148
31480858
37259715
40522440
37958272
1839852
29262419
34789151
3288591
25135854
2655277
41945883
7917078
17931905
40245923
7950772
41804953
7674572
30422872
26516182
38360830
28509632
37491449
31206324
43506456
40113386
42022702
7336186
12546619
36868187
32005771
8164040
16336209
40475901
32632777
6360444
38615474
29345672
20373822
1222199
22775896
17350067
7769606
19324740
15125848
9879572
8701706
6695286
-356640
14595033
28219948
40172574
29793654
34351025
31974116
14060472
31315012
26898701
8061678
14584289
2298127
14906922
29719561
6245452
13415082
21711405
30607175
545234
2823688
11325679
31625011
26313094
30464459
40790963
30835205
14578176
35611332
33901946
35742580
7248686
32338820
8603429
3242156
10973324
31159003
34535657
40977738
16771175
7382815
42451425
22126756
33320569
25183685
30032821
41545894
31134824
29281767
29274930
30503967
2080604
15345473
20092969
12978253
17787694
21117224
25977003
17772925
18777398
16304561
35514942
34586235
31359016
26793478
8083202
27729973
33319719
10989132
19313753
30848565
24671992
23133978
14847748
915885
4636815
1998546
6490761
26884797
28517406
32200033
31514088
13414274
2992804
861708
36273938
14986607
31064628
11582522
39520821
43521119
42110969
11929785
2808426
26121819
26181011
4126643
3101070
30496753
43384976
17767886
39712938
1827127
14647235
30361795
11735563
3607302
16387138
26959112
37258729
29292837
4450503
7153341
34381972
29604503
39230128
37222049
26952437
43458558
30870766
10980052
43473421
22115856
20913126
10906458
18470302
8197622
22154140
40474896
40099902
40991753
20400415
16891801
12342635
26135640
16802666
8271214
5316734
40922635
13801255
39732718
4267546
36995425
31617842
4015261
33289676
633991
36810639
32558884
23573979
2823307
25113036
36892133
38873141
31917118
30303577
22570269
28867880
3754271
12651549
35916013
16712750
38213629
20109133
11732344
43511244
30623675
15129730
8609337
5900086
39439303
3696216
2088686
4214315
33649180
25589687
19027326
2563161
5495370
-737089
38216112
16787633
5365985
32020219
12955844
-359535
6180973
13444168
18653699
26433699
14202738
41371443
20406930
26203861
12925720
20911483
23481930
6437146
11240370
18299106
-299379
18046420
20538136
31261381
17736870
39635045
34346787
29263492
28528643
38559174
38121281
23713675
25104154
13494825
9829461
23869808
42014413
20307760
25357565
39294149
7595991
11880610
20951362
34769030
-5338
9258912
8824778
7399556
2732061
32383580
9294075
38522214
3766759
2309082
8739167
26021388
24946500
-788337
22089812
7762229
26677198
36353639
39083975
7194424
2543395
41940648
24099748
9743243
3339272
13299448
5394183
25283422
37115759
-409631
18298253
36269833
37257970
31770292
25849261
10315856
26406901
28914733
18605393
13349017
41832310
28331222
41571560
7863258
7388462
4755749
30790224
43457117
3548248
22825405
31822241
3436425
7550971
35571876
22776164
9225834
31785784
39463948
6813397
31672380
15892002
36251767
29678525
34224066
19535688
13428382
29318275
19185430
33504372
11122404
16669566
39106406
6269151
9703538
35394742
18574891
37427530
40251598
42963447
38650870
22598276
6851275
41956978
9156926
33137514
13794877
12119758
5679203
20485408
32788978
1088732
8333682
1766444
22478534
40942650
35666164
10937862
16879084
36665605
31048173
25180767
24138024
19925767
35549392
29648671
9809893
-118056
915463
554303
23476803
20595842
39937170
41177330
27988673
11045198
9794151
32007589
24059243
13169203
4107171
6594160
37138651
21302125
35747333
-219746
21069117
24591162
19606092
30067323
22987549
27116605
22937533
16458632
20767266
29976130
629972
11429517
36685330
1624926
26200684
23998669
42403422
9669124
21180589
20543582
40061048
26990284
13431806
37335591
4031697
11902190
30563669
18185447
4005820
8746071
13042041
-618239
16935689
3721984
-915866
15216560
40132946
10727112
11544500
22195080
35863344
35547955
27285635
12912847
19811041
26971774
11166203
38726115
33528436
361309
26424189
8021755
2967292
13854813
24124385
13960296
28822469
9301645
30387809
36987894
16599432
8216560
26141754
4765264
4274045
8997870
12653571
32055093
29428242
40360713
22654100
6730425
9242694
23292508
28140595
15776201
11338380
9943566
34765628
3188798
41048516
20352868
22115775
27489620
7615467
413192
7454938
22343445
10109354
12670171
26517632
2163571
13333301
31010014
20351313
28699773
-289127
38074636
42749604
34586232
5333679
16158902
404769
30896010
12950018
-262135
497525
2748997
31109654
19918085
10247580
5100107
8347634
22598122
1989673
6177108
4948816
28959576
31681220
37233197
40500342
30130390
12595971
3038695
695156
3817169
35348552
23550578
2076652
18155367
5547146
34485750
23681259
15177586
16950762
5228743
-785125
41196523
32102800
25340205
11480119
19344220
1644336
11814996
386822
12439992
41748353
33149914
24836201
39065469
6967295
41784147
25127957
1659403
43459008
8697817
22567433
7594444
21265556
26653760
16739247
2608685
24561908
42340214
24718123
38661964
8552949
41262512
39612156
33081126
23352929
37336558
2510190
9260733
574362
32114692
4638210
9529533
36209243
27638290
2901617
8025468
34473062
2680890
32028681
30346968
42686716
38691484
26392270
38823904
11046431
31247911
33019074
34367698
4251436
6207840
12055621
3753936
2985483
1355366
12534153
39135251
35618305
12859662
15970827
591268
10986799
14734539
13669635
24233064
15827694
17047716
24629662
39155269
35551073
10840444
5975336
40853515
41120624
42780112
24640067
26329389
25412640
30788475
14457129
15943388
34298759
3558543
22534652
39785177
16060669
29241415
-306132
38099300
9911101
3329492
11954517
18958608
36269385
42933563
42839044
19470252
43522070
39123727
14921755
32540556
34146226
35851755
34896372
20408009
27381869
4669900
982712
30559993
27912799
15454726
42732447
43363317
8962599
24655195
21878715
30392415
37817232
29581690
11067148
27349494
19146251
31144523
32731133
25496954
18949611
38825788
37924048
40109669
9402155
32164956
31653716
8170921
41017251
25020188
38193041
8620107
2391737
9441623
16362410
-553860
25562214
43505590
27862726
13349627
20168395
35767870
24342555
1428186
14187546
35317636
794101
17741588
5379478
3423222
36915097
17068645
5931535
22529444
28801860
34381022
4063891
34484464
8576478
36971151
38870873
-493585
36212783
30433408
7312194
4269614
35286077
900380
8876256
43071942
31718236
32418074
41117222
2419532
6612781
27071958
3564142
14519101
34356626
40776413
31251577
13922351
18407044
24804227
16277543
5988627
35017382
19757176
33947856
35620050
43405084
2207101
10704175
34801446
30339627
621535
29222218
11658341
27919866
25761532
31460435
13529212
8852925
19450286
13655340
17953707
19659242
9496161
31123721
20820707
17227918
19861865
42110412
22075021
12791418
1824018
16506922
-900284
3092979
29092874
4960787
42920632
10721457
26284919
24113363
19142380
16375848
39505030
31141874
12759258
3273281
19222655
40712516
36483284
17457270
27582121
24673951
777814
26608332
5263897
13476124
30310870
43348099
-385514
28251302
41268191
26164262
30033694
26900811
34910721
4859902
43447573
18321526
38676543
37010400
41043985
30851851
27497914
36380950
5867731
28080407
3059139
12678104
37951966
23895523
24292797
16472993
43461535
25044839
10143227
33252441
22976284
34004298
32257623
6677779
-530742
19513157
34434695
27738605
9033923
578713
16985273
17653553
35080756
785320
20820953
35497782
40592928
14390275
27751259
29308073
35023834
42740668
970339
23204886
37027327
32092254
12785820
20518362
32815345
43393512
23133611
38424658
1464873
13146904
2679808
7587602
20397247
15429451
15499350
9199671
24200998
1826226
25483737
22738255
23839604
7597835
5376031
17562813
3853231
40602603
20499039
18955042
31166934
18018202
10599238
17657860
19277863
-562995
26720257
2900592
22373183
5654850
2252475
33005432
-359813
43260378
19472169
7570623
10557126
41779861
39494070
13379651
2860635
20422071
6229324
5808557
8059541
2463916
33721014
28226489
28158467
13241524
1235045
39541084
33671396
5570313
35834634
20385847
16714599
34121907
30499783
7276828
11723753
4310821
24540126
19705523
37052439
26009130
27366779
-175082
23177414
339907
12288954
8693074
19335963
41841241
791793
2082186
18669391
13758716
20647890
3041114
31069202
16508854
19471135
8068762
17410191
31014601
9204448
23271877
40659252
16034266
656544
34978886
13508620
6314631
24110307
4458980
13842508
10253249
20027474
17488271
38519068
27151408
10635941
6678264
40568974
16039994
34209443
-410202
25989464
-647088
12538321
8581192
21240737
33012445
5118668
2431106
1624057
15225172
29172158
41883528
40024721
22429661
25592629
5372572
22319422
34909817
20679585
9315675
7814622
42120757
33887443
26564547
7468234
37475689
8025565
28644386
28543005
2123896
34535693
5958604
35413787
24117689
3449508
28185624
6152653
27498507
8652624
11497029
31610164
4721723
27950320
3291469
32147258
25836516
5233985
39513743
3222728
16179862
27078642
17679522
33489825
21199814
22249165
30607165
31073910
3915352
17951043
33843269
17194473
-815746
22790288
25597750
3241347
21669146
-318838
18707474
29928525
13883182
2112722
28270590
14310062
22769170
16623244
22009269
25530942
15552121
32550760
32235104
4777984
1312331
40023262
22649651
20527282
28579547
41345045
12678840
4085367
29577048
31472011
26300614
31730520
36459640
14498206
11068985
39423815
24420616
17427127
20093903
13768191
11298940
7093114
36234377
25149034
17169861
42594199
31486121
20937969
6826604
3599946
283386
30564898
-760071
17031642
22593786
11399151
8969025
43005529
13010253
21662064
20665764
17956110
20641504
3473895
40618242
25497430
33735389
28368695
40733185
8909412
25836465
11014642
28138600
5577136
29293037
24516016
12116937
24874337
5771963
5008978
36534633
32720366
15350109
16252665
24228868
11107878
24890751
6067165
6993885
1850577
1263925
514946
8798296
15284470
37240428
42613682
3124481
38241573
11211183
26938983
9025064
8242402
37907582
31815876
30174310
28612116
15780709
23478548
27536880
11252936
15065432
3586079
26627212
40569866
26644196
2763992
34324991
29067976
17394973
27393713
35747461
32281369
25831767
26769252
29265667
14820591
14445125
13213897
18545188
11147467
38263937
11025751
40598204
21808536
20578996
30054110
28835615
5890409
6503746
34336696
4477257
20839753
3945716
2097878
18337232
12351983
39753083
2377863
26756465
42468057
36321992
11793208
5282874
24323554
8888935
42103757
4388138
36738292
5583670
9501119
40586578
21948480
40535840
13204794
32403054
6622583
29922162
21066954
15474645
10461550
13708690
12328097
19477709
3148375
2596546
35885132
6987318
14468142
17043968
22489477
27681188
9059410
25687721
36397055
12784928
1842041
-687602
29145076
854285
535671
38555038
16588268
32976660
8473445
37017521
10971166
30861508
6793010
3126423
15106851
30968508
28302201
27395608
31390636
41589868
32655677
27512103
17241533
42998865
16216738
20069265
4225522
9457147
2653622
19121985
40875676
23613571
590117
