4336023
7197561
30682150
40700132
42641610
8705572
1158310
9535739
4558403
8831365
5391712
35306887
40002771
25821964
38544116
9534498
11000459
19452431
40811951
42593910
2168740
873779
12405881
568380
24677792
40018575
42575642
10951695
21060463
19222658
9632941
26132683
33602228
20970544
26442386
5943997
12637266
32509806
15901531
37722763
25374659
42007204
38222139
19233680
2210535
18878645
11323366
41124946
-504651
27341248
16058529
5720396
27467432
907936
15062324
216451
8602919
6934289
3491723
2001147
19738001
35331265
236018
38572518
3702159
42562035
36308382
28512433
9727805
43177138
568708
39997224
21080615
33631121
40500364
25360077
-342478
27913882
32034588
-419177
19261942
11262293
1617396
41633105
21343169
10006627
8972935
5805971
33176016
43018688
12314687
11593205
43323580
3208864
33204886
19849938
11939338
16153592
14380697
1394989
4325073
32501499
15094851
23494089
16516657
24685823
42247418
38394562
5628332
23930075
43289305
3507868
34736737
27487936
10167675
13726201
41236058
14290618
6850548
10984167
2544232
16515036
31372749
8119298
42251862
11608438
59555
15050190
22331799
11204881
12146491
39703406
7241793
5918320
5749644
42574104
37085120
33961557
32547675
8557666
16162471
21373461
5863018
27579743
21879450
3223781
27091537
33312154
25883175
28373248
1888080
10020331
5496793
30655900
2450394
26239686
23269982
21593000
34975104
143122
21220498
37626405
36361156
12460676
11920167
26379659
28787760
849945
6377278
17911961
26282439
6910127
536687
18599534
20430532
42602300
14704423
10008754
10001971
6764018
-61331
24068555
31168627
7685467
22077931
13327896
-442452
807660
32663519
22763405
14888589
-885520
23306245
8314120
3305472
8696728
34314670
17257044
31413341
17274814
14505572
29793155
31960638
38724423
23183894
22434065
8338815
41937539
23194083
29015500
10568637
9447236
41603921
38578416
29314819
3579739
10747566
4431008
37643306
1475305
17567950
39708252
18829033
886925
13206699
43184366
11091273
37490166
40380081
10195918
-957011
657031
7001542
18655920
33059914
10517150
25194857
5414696
13344056
2345038
31022589
30389644
31673901
9048392
10079649
38841938
564313
42044649
5999526
10960679
19757052
20393218
40626650
11479748
16584846
24863203
1556119
2004307
20643052
9041762
20744302
4501343
19303652
11864255
40262798
21017993
31421119
22761761
11975660
23102693
5565245
24448902
32360194
27213580
30889491
23237169
5769798
37290380
7653128
1355170
22157770
1568309
40357164
42685962
39471862
27991079
9001928
20533108
8483826
17839158
30590574
4884832
14211954
37544327
27291636
8739050
3204566
7423955
17172425
7514449
11525925
7450149
16972616
7462822
35732871
41342069
13404276
18338674
18179881
9743038
13499824
26492642
20188980
2196675
20563933
29156559
42687353
-637045
43199916
6442119
32489970
6212986
6264173
31317554
35128218
8145221
7144668
40157944
16654519
26692520
26069644
3676981
-487935
35447684
27092421
26475514
15666295
3850453
27894171
42726631
25524256
4670565
2602692
9862848
17400202
19057884
21905143
38930560
34675992
23349662
23637668
34775770
3843927
26703687
20960892
22558570
23926739
22657779
42865326
13439144
28270736
19227925
18572185
31430818
20484943
4929347
14387312
15852512
32319542
11566412
6078959
40183622
33623341
37590926
39361924
2986796
5835727
9494090
28998689
3444025
39112804
25983363
26853107
19278097
28788918
12951864
8064011
27353901
42584338
2941220
32600935
22669148
27694692
41162681
11182079
36319737
11067536
16313556
-713720
29834918
25617852
2401368
11471933
2869645
3144225
22909619
33836950
18061838
38571772
33897218
38834325
33386586
6279447
25762414
16928686
-922733
13940919
16061396
27533635
2189241
38802639
38391207
3035161
36430613
15217831
25829553
15769215
35333812
19228782
6394069
43131365
30659431
29807703
31248557
30359087
2506637
38525067
31690141
19887225
427601
23210407
9313257
31138509
38531058
24351080
12767381
9520173
11664003
42147046
6853972
39334446
39342433
30227616
35645155
42141616
31026983
37372619
25908899
41939090
23159849
3571688
18030308
2347412
3939234
16444031
35246651
32578360
5377694
8421224
33373557
37193211
1735469
19138227
27063038
23427174
6257152
15214539
36746942
1589706
6737333
42066873
17156851
30823676
27622031
36101181
25890308
36589306
4059051
4953948
15368178
19080366
30877160
22023545
-544899
40280033
23555230
42560350
1695100
26256617
32548091
3353600
41076943
7853943
18306577
12955309
18315058
20618402
38536233
16991670
21137105
23295205
32540565
18667457
37176073
37267130
11895757
39658213
4313130
28752725
42900147
34317594
37647043
27606475
29799381
38312611
14576665
28722099
306057
31999476
31442108
24889654
4459872
24754364
2491563
18850709
13250409
15729369
14928393
37570428
34989473
5395579
-947110
35030076
6266996
13361097
6805926
34266229
26612120
19773168
19042347
41084439
16734064
12308985
8545183
43060008
33364306
42985889
33871919
12656990
18546599
28987677
38527080
20187342
33911869
22370931
17662135
3484358
25352740
25196825
26675870
39465182
1604407
4250686
32159772
39264813
33280174
32311956
3634839
16212891
19400775
10267524
31912425
30322841
40567527
36348212
63013
20027932
34315169
3423452
5773707
11727417
15153211
24694195
11290692
10244650
26957037
29306032
42885944
8089140
34845280
20990703
19409634
30524174
18585726
14442784
16864211
13960918
14614857
38746607
9249748
869149
30291254
6936397
13082576
21824718
15381920
28961535
4468958
-583391
3907185
35085809
1275965
3699113
14367241
22615221
18946752
2283256
5589038
31593015
23580897
12859059
28690244
32969183
19310988
934163
29655159
1318068
33515024
7808963
34439667
33788104
37455594
12916017
21069531
12654518
5094007
32468522
18355237
31520808
11119650
38338058
8251661
31022496
18864423
37860931
28056274
41382906
14445035
10221628
3153503
22366554
3220411
8378111
6334879
15075740
14475868
2213546
14073690
13792385
7247703
36588614
42147323
36573874
16186808
33570393
25841750
15281372
2120990
37998590
38934766
9037402
15287437
16645842
-991188
17302839
24065158
42192426
36920803
20089987
36739825
25454933
23643683
41985830
33887645
30638255
21912054
21947915
16100692
1779335
4182533
32158950
32965246
37862575
23104397
40036567
26287281
24310188
24678964
22029651
41731017
13013513
8908176
36815949
15303142
12329923
2755750
23318957
22580269
31253062
316941
28441479
22678450
12415824
23437595
22118764
19178377
41173488
35055661
26373592
18832335
16773594
30789927
15208188
16005985
31412626
27006365
28400554
13924506
8877460
818519
25146070
39309553
11562831
9620439
5654830
39425261
4294414
23683847
11797426
-929075
21494332
-802240
19499493
1897843
5534610
3504172
878413
32081749
3617216
20847366
233466
-219187
-245664
32030447
18562909
9254239
23361442
6797137
10221920
19411124
9577243
10530592
43206175
2184332
37570114
24244024
36117345
42766458
7141974
13980486
5655707
15157868
35762651
8349062
40746406
24800136
1736613
21778914
8720993
6639213
40157101
26348231
1734561
41183346
35507123
30402584
-856876
40758007
5027110
27009897
33466758
11770246
14018607
38609865
37141214
16250614
21322463
19858991
25860278
13714325
29783419
12078861
22860774
4540399
1313483
5623318
2572746
11518830
8960669
8424344
31395363
40656966
21193823
33419430
19783897
7487053
14338487
26245360
43436456
12996324
32504560
18361764
42497345
31447640
19396650
18331969
40703801
33450284
32366327
3240509
338185
31904615
20335283
17088098
37971543
7428589
1878234
32882384
38985950
23845057
7490843
19550494
15308511
27899771
17666856
5134214
41735927
24718894
18766818
34474454
33732183
22324975
17365119
3034387
22739893
32719636
31487441
39747242
37211979
23383279
7458372
21283852
26467358
-420501
22583319
22942745
13230607
29516712
18516057
19561490
16895077
16370082
8203202
3757763
23548070
28018073
14428496
24569922
20353027
17425977
34387449
-372181
41814900
20076666
12807762
2590855
41292762
39122448
4707502
35468888
16715167
12725454
33277488
40843949
8765432
8267874
5352080
20510446
10526146
33494229
23668561
34210402
25461864
32330188
31032793
5731474
4410091
30269031
26881082
27606266
14359259
12617177
20030505
25174160
27961436
14306433
24902468
18575690
6447044
32131902
12504051
1263819
5435331
34731077
3127836
15288118
12538492
31910542
38451441
-118572
2872512
32012067
29485049
20502334
3085079
34426552
32756546
22184683
42824245
24013461
27623972
2897941
35894908
38602403
32735146
25115965
31271111
28445385
12317608
16301526
41854552
26638359
30613160
20042095
5370010
-510742
1952993
34970025
3529867
27367795
25995081
31253678
29404786
4421384
40945434
10193397
41349018
28043904
8799646
18014573
38684564
10941892
37330266
12928856
7456827
19947234
39340954
42433731
19984466
17400334
13554613
37469056
28910735
5255746
37970144
31785859
24858601
9646672
8747320
-389154
3884469
34338938
40636303
22601122
8741044
25193913
28686909
35876752
4660575
33331847
5364505
1585742
40401452
29178579
19735841
19265984
38074129
22211685
3580098
22583641
12277843
10992899
15769817
1612853
39711159
2498664
-483046
26025537
7417901
6044600
10058322
18640037
-951456
32125777
17521324
29983343
4357827
27840912
2701278
17510852
14109846
18115176
13393122
28441227
13892482
37156861
27071527
16921990
22928027
12339834
17942233
25394549
14837107
33879602
12860254
5304980
43249771
33251043
7337285
2763216
21091658
28771776
19181767
39408903
35691422
11748193
13976981
33096257
24736178
30937520
15311408
15153450
30487957
32213724
16786410
-726017
20781025
22443439
11912628
32519344
23924911
34017179
18878395
16949214
37877712
40558359
25158580
29892891
32856651
16649387
7390964
26850823
20022395
17366438
29536142
17190119
6649428
38805310
16804616
33388983
28645444
28329935
13726303
38979168
39460223
21736549
7531597
19168890
40431090
16081341
15638422
36516365
36840676
250913
40671787
46444
25415721
28702803
34774654
11745108
28769503
3293437
35385452
39667801
2997353
1587024
43336351
5376550
6067042
7527062
24713087
19237148
6233867
12406810
37645062
22146398
13897776
41428284
26504536
38520566
17180534
25038774
33643976
14595866
929398
43313416
35898855
2591303
36267172
22091318
14510775
540022
39353184
22246648
7960663
5285346
33555391
32995885
-855730
32618807
24641225
41989298
29180053
39343917
13347542
13998499
6397266
36381641
13425731
33307449
26689788
17658107
23607946
35422361
38407290
20494832
32646211
3586337
26435599
30830337
20851951
7328875
25535431
10612292
37013269
23638031
12070648
23402071
30694499
5520881
14978814
35836127
34008248
13836125
41454747
189873
3240957
40125275
5817581
1219712
1443378
31517143
15986790
6414459
39273881
24123512
40950276
16444969
20857594
6171303
14222799
19068405
10802661
21726593
28441968
10296462
22366366
6076699
8568340
4249586
17323256
37474296
3080874
7509333
33319527
-557186
4308244
14158142
31217559
27911408
28565949
30197246
31194538
36383134
14865908
36437446
3154828
32854912
7722490
36974184
22891484
28021091
42539339
16176008
24299820
38015397
6942521
14022148
34254231
7216646
7767305
24362882
10959948
40139923
20974498
16715644
3775976
1995445
33718610
38318912
14449618
20931301
25715512
19927241
11078045
37840286
25087550
30784721
14313747
13527974
22498447
15739954
21897289
30628766
3906712
8221015
5623811
14651967
39989359
39066006
3945802
2106748
5758123
12964014
9925617
11638953
-959414
9675769
17871842
26089537
9219587
12457227
28150952
26127533
19596013
28155967
28678702
4098867
32129240
41412443
20617589
20303493
42181843
22473117
1248214
18031400
3615589
8966768
30347530
7614544
6537291
22718003
33087244
1248745
-806401
11406090
18454177
36988432
28405323
17893243
5695590
22444014
8765736
136741
41856873
3743629
40434358
7311884
39685286
346479
22213190
29320903
30033629
15430328
28254277
29592081
12465063
17228487
8238335
42838469
11188921
40439263
10240107
42568601
12741032
7253444
341545
23641028
24025710
29808524
26281072
6564901
6476543
4112016
37109751
37267611
26525540
6351328
19772702
1170370
9397190
39606238
12188510
22662212
27413577
576379
6449770
24601717
42324418
19849284
1060307
5423965
9232345
28182717
6568179
43465436
31589612
42858505
30792344
643626
43062021
23020734
41278942
23733962
14423773
23946976
2598241
39992930
17554085
9258891
31683979
12596511
134173
27428915
5254951
24093994
-401338
18600230
18983161
21579946
38343285
22118765
14432869
6240518
22541512
37357446
21193290
33108040
14412880
36180368
34162753
42574295
30937776
34537058
28616159
29379618
28254094
42767256
17441237
18152146
21022293
715201
11224456
22738373
20780969
6587964
23210567
10285848
2822836
23488192
23464386
2983465
24562980
7599954
17697643
37273333
6278834
14286769
37600825
27180420
34101561
36142539
3312249
15725616
7547829
30090975
22902781
27716343
21906667
30633478
649801
42766797
10168182
36772639
37601131
1506391
12859140
7202291
42667518
3631465
36320066
1190668
1469921
20726879
6067601
5013111
8071976
43517373
41004250
42520016
19779929
34176654
3133345
5094495
30419015
17424480
19458452
5257023
1498120
2003836
19671458
30025190
28027690
-881656
9563291
17685180
29375827
29525191
40284338
39479150
18387273
26359364
30635999
2977923
2516457
3971634
24573483
13155493
-562376
30487524
27758477
37042597
3951928
9292034
4955758
15549565
42047155
27804855
39037569
18896708
19535436
19905881
-789984
378956
21212071
10123373
20456754
35900128
24380544
41653489
17644215
1573388
30251699
2762891
-349664
13985488
9880271
25138359
370841
6106259
27271414
30674576
33691782
24179780
33215423
38841861
11613336
35506622
23304274
41067887
33988522
28371647
14105771
9024498
35263943
1052154
14419435
5995345
43226401
3834442
15265234
42449506
25505764
42167871
4258518
25722723
32812917
7227423
37729531
-802431
348716
33348913
12520286
18599605
18625596
35904449
5611285
30172614
12090551
8649955
25325649
19235789
15298242
39541955
43447166
21019858
32355435
1288535
22425688
9453399
36404488
26889078
32548578
29981326
13180821
468002
37042737
11364107
35627050
29203698
33053738
4991511
32293179
22490196
9776483
32099960
15798581
23058225
22936267
22527462
27563166
16059903
18379538
42691088
11170351
40567672
43525256
22852396
26175249
12273309
21389152
30343117
35860663
16122687
-376575
39678006
-254798
32781592
33344350
1691312
40636287
15815198
22109430
5225307
24390796
17546683
14384468
33611235
41156466
17856130
2999881
5126116
18815745
24740396
20508703
-124798
42610180
21981451
39485581
16204706
20033889
18617135
2441542
185641
37285356
30711731
6164674
33401728
7462785
35378683
29556754
35458966
37772650
33061188
3289169
19748878
20796958
15650664
20883120
13657539
32075392
2225964
37907328
745707
3787284
3213289
2157834
671009
6709578
35256583
35545688
36688986
35336232
31251933
7952452
42622554
31358049
23013211
31307721
37571221
31809516
8672316
18825999
3224995
4875534
35908563
6707588
13689549
36303975
35299169
24848547
41375242
37593425
-700767
15973604
26270505
2150854
38989528
38146869
41977257
3700378
39556927
-819224
2651480
16040213
17249499
27369795
37759033
-244531
25182677
32335115
23750332
2637795
16015442
35561181
18081743
3749624
18824937
21705081
15388819
33558263
10988713
4965610
4050768
1062079
28869248
27900634
34422728
23767189
39517336
25103946
37002025
22113408
3114240
1625721
7119050
28113754
18463744
23356446
26282960
14103888
29195374
30376110
36888703
39288426
30179436
4342036
36917463
1514679
-117848
18276239
29012188
10052959
34920179
31845147
35032103
26502929
10405524
5593406
28478068
31975682
43456522
41898770
12009491
14592353
14002125
12238718
37556991
15187389
22429017
19741301
13718682
25936994
12050900
3547299
14238858
20966887
30612051
27141909
21624061
33800753
7981986
32032000
-33775
41707745
30629911
-953746
40744183
15232365
41084253
22499489
10955215
27170869
27473445
-354355
18023938
41186732
-14749
25542746
1435578
38960232
5082652
477936
43370878
31363895
43201151
3535813
-546941
7606628
33949312
7406033
29948881
-961351
5221387
22475937
20968858
42665886
38743147
12524908
30344259
35124377
18309394
34878397
10069113
27709592
7452863
20652962
31966621
2392289
37147095
36260969
9283932
18389181
31728788
36191635
-977520
-298570
22271800
9714262
41292305
23051816
6667196
1243668
13075340
6080418
22048812
11754808
6204347
828719
31193113
5108732
24941891
10155535
8174426
39033593
17726056
3685450
34023116
19022141
23316878
10232889
27366312
26084801
28049987
41727363
23287437
42066106
16890474
41262872
7542866
8188484
42999875
34859753
25528755
1569889
13170073
2689277
21619842
1978237
28627069
33793062
11944044
30252187
35035432
33659148
21123266
16134095
20012843
38220743
23051381
33731409
23476320
28963498
27953307
7724844
37706534
10105118
37734933
17724075
36297393
26778483
15732679
23375218
10307509
30023469
35035285
5718262
27721473
34254522
13641404
3368466
6298667
28143544
27022565
16664904
34794772
16466783
7409490
1470903
480398
4785102
4257786
40608718
12959672
29257073
21510542
10143420
12517374
9227340
29297635
11240876
19835272
10521768
5055662
36290658
38368696
1045044
25260989
38533868
-270480
15251133
5429749
27338356
25461200
4024495
28957046
35856509
16956126
25241807
16421341
40615811
36257005
9782708
27886552
7606184
16404315
28998472
26325232
43268872
18423501
41075822
21901163
27268609
24578990
12430677
9124896
37979839
4081980
9773551
40189735
39505588
8525580
38732807
34835102
10064423
11392045
17544408
12899103
10604203
23410321
5564615
35645007
15076920
5212666
18900950
31961615
31060719
10206402
21900714
36255584
26264565
29829968
41172513
42170863
7341295
5196105
26374036
3774264
19581038
42626327
