38652450
10623423
17517793
2407926
13504328
9546056
9065098
37810227
3653841
41548024
22876037
17729181
7806710
32396225
1934408
7753069
26505308
18890844
31380370
26771700
3876733
25912795
11589371
12708283
38252396
19399573
34960746
42344886
11746452
1071229
27424130
26344572
40968013
20211055
35545465
11281100
38812538
251997
27613524
24830658
35722105
27132080
35139400
23893292
15700887
21323944
14454750
3922976
2481884
28332827
24849005
13575250
10669405
4159439
39351043
18288213
42410868
11179858
39050867
11879469
171391
6963198
10451155
39000947
22771497
27899895
37133828
31528388
17853275
4606666
10872320
3581564
31289228
36404294
39074262
28134741
30769888
33478665
2904379
17250285
408033
34021609
41665535
33056434
42695151
35954485
11797774
9889878
17148479
22804371
8345612
42082408
13708699
2225752
36406519
34730582
27311112
27129477
22771104
14330713
4139668
28321846
34753583
-372188
36028914
38110192
4244128
2693453
13637502
25692474
28844037
34253933
8063927
6412037
28507891
42817913
30295500
41060019
522828
36820001
29770544
896190
31063621
7216156
42595274
18778597
32299493
4690717
34364470
33464064
30820152
4437526
34893367
20496619
32581656
31364955
41024884
38711271
27498962
10802039
41049492
22878347
27775136
20628813
28220184
42888780
14660371
29880400
40438748
39488045
33575654
14708458
33663984
19728950
18332332
10347086
-492185
26457020
222946
11585270
21555093
455158
10264681
7741594
19133232
29070250
24361993
25320743
15167281
23689088
33401377
-756557
35694776
21026070
40784594
20079334
9736626
34853241
3182216
812327
13802207
19077002
40369621
41514544
35549496
6116948
35494511
24203163
8664995
34849205
42334003
37509631
11315343
5678848
21521968
12902778
8499251
42995532
28397611
30956739
21062572
3511277
25344088
166393
29250018
5314838
2300841
15388561
31432342
3437847
28428888
23087191
30745506
-952500
6288297
13458524
862205
20704878
30606358
25742915
20148145
15716926
41289286
18430604
27691016
15796286
12812265
1062771
12410970
5486597
11066565
15777880
37680661
4270758
12810446
24134741
25321771
7119528
7765527
28283944
21831406
41731274
2989670
13898910
36249141
26431061
30611621
30443115
41002450
24402028
9788627
32327975
42513519
40602971
41191309
6474309
2738156
1839384
33005989
28786829
42718780
26897878
33894722
41796329
6030684
25408424
38235927
39468701
34419295
26565453
36995606
11704412
21316031
15076431
33510211
7129336
10590909
8260698
11677054
14961895
19207899
36132758
8996918
38828092
33948952
30229456
21898902
5180870
37782781
36009920
43389603
35740157
22890267
2810737
2273481
1878285
33167181
29530039
28548688
2238901
35022877
41283142
24645076
24141368
17490242
15393781
19663037
36099488
11694565
20800937
27929846
29321969
26567815
8272051
20704756
41159
31588411
10831444
18535139
26464860
14449790
27478084
43521693
6564029
6698682
13612653
37716763
39345159
24351734
40966720
30393723
4493177
10599847
35129751
28813305
26439858
376290
28703295
2840530
27806560
32963508
23755392
24067624
29520772
-189573
35740190
11187895
2224377
38621206
15256643
17632888
43488392
26164482
35298643
1541010
18114703
30772642
32449538
26536943
26254445
31944999
22246315
39706909
2491640
19033272
6423326
36425876
6328935
6390423
29226596
40293353
3646572
41291196
13649779
6375320
18776191
16646360
12858799
6127548
22977221
5836104
15103902
3401795
38688757
33722012
8139768
43243666
3751237
-867711
21306803
2648751
35356039
8181066
4846378
11077593
16137316
21596517
-179815
28930974
32521038
26981157
25791303
5919049
17756138
40156544
12184544
35371733
43041924
37721079
17553953
40690625
25555103
29737866
8980415
31449410
19754504
4233595
9753656
27885418
5818601
25062505
28492822
15336087
6318782
16018484
1726190
1915081
17743077
24725102
27502022
36041788
33335068
16698203
43257099
13419969
14885056
156410
13497831
31307650
29010256
31749801
4268924
6074427
16537077
5522480
16945475
25700531
-564421
33879499
14969852
3076612
22114468
40099189
19096500
35562502
25160782
40384880
24671342
34467215
17095779
14901733
19167786
18849386
39776126
5186679
16388503
19661475
38060433
33311446
1445099
17586315
17495361
9134040
31055214
26722606
43361583
29584151
24266058
1286362
8369097
24274467
27669766
21274209
3217639
353686
7410890
31658036
16150455
32237444
15142483
41229311
43433053
4862437
35893174
29206664
14120116
713979
39507190
15736429
14445265
21874202
28235211
27771329
1798352
15001875
35540628
29419219
7328520
5030494
30671089
9759183
19611398
11413703
15780836
36829951
29606686
-427627
14105267
14233233
13703130
-121617
38054812
4586827
3384689
30600113
14009781
19493222
17886015
33461654
2486464
31006522
4957773
40651999
18906581
12281259
944397
23301819
11847851
837886
26412896
4098557
10226079
16499666
32610837
42243391
28666619
22268976
29358502
20598274
10548736
1364004
38672134
20443897
24889360
12947206
37223498
39749221
20584884
2867589
35375045
18994138
4434508
39695750
38356734
37446920
33322997
38819427
39376487
6410298
31369200
34501703
36929467
12623609
39948886
27405287
33507739
9118675
27540674
33297311
3727586
6861277
21455167
1003157
38857091
2131960
27373736
17301885
12045932
36631107
31523914
18548561
10640627
28912189
-313476
13969441
7379698
12083272
17936136
26111120
726982
17972318
36000152
39255262
4163506
35622104
8261634
1991423
14740478
6146626
13053559
18724837
16620027
24134969
38295737
17860778
42236423
34590789
5475695
43023819
-261206
22058168
26273197
27939131
23249515
708454
28611461
14739962
28265411
22106664
31214381
16772927
13499305
41831843
29148546
9610523
7979889
43521159
40626410
1077573
1057474
-20315
33163384
9477883
13591322
11945843
16645031
8364229
37786662
40666459
7677290
41284928
40818794
24862802
14585407
6251822
-116677
12241254
9160652
20364121
4370680
4197140
19633013
42383935
11387268
29130427
18102368
16772980
6390105
42634170
20144587
42595582
22038860
19363292
8617580
21015412
4383320
21545598
16021395
1838832
6196989
22007689
37313165
29437472
1109827
18947423
38773768
33489635
9750993
-120927
29361184
1755194
30267658
16203105
10139061
9412813
40007941
40786926
40900277
18195345
27388097
40876067
38670944
37389284
1057487
12519229
41920828
27100150
20633545
34992652
8393226
23548534
18844302
24358433
18105854
29068289
26986338
28401354
2538108
40196672
11441656
26054934
28344004
38292113
7397914
22195120
33383617
34810607
2115287
-563472
5236114
14157956
42679553
10347834
39199628
167123
10719250
22531700
7179868
1222784
34010700
20080189
15874851
13392984
23556506
41367074
4407303
38525214
6451428
30890790
25480241
34390000
845503
34385363
5170712
39712306
39415746
36802201
16207081
18720255
14510252
25997460
11319837
9527393
5471537
18533353
23370639
10670984
33091961
39768479
19079634
4665963
5115751
42073854
1611593
38619553
18776650
22787229
33825030
34125053
9594330
1622656
16259365
14414428
5058872
15151290
19224485
38314546
10225748
20587671
13672040
22235995
9859378
18805210
42512125
32948989
12042148
23414681
22145887
21140443
22216084
21371156
22154116
-321212
4964518
34634565
12647747
7428854
41475399
40453089
30376222
25444448
36413842
35512798
10340435
14137912
37678171
24836895
40309750
17472608
21607235
4678817
12682290
5232367
39961898
18173229
39270622
27216916
6180630
18591726
1856067
27638038
17262156
4578694
33345388
7410656
40743899
11128602
31141390
25458219
19874092
2703020
17876145
4357224
35333644
34059024
18603764
8022032
27778712
19366691
39339313
20169113
41789047
37015723
26825289
26752018
5360245
20116536
32194761
25991335
3905932
11266023
38049533
5209284
9146561
8418880
35777466
41134840
7409231
27678150
5018102
34081567
34128219
41644076
21328773
1184874
31170902
7510658
35296003
30749018
2320707
21536617
38958492
-815689
9376285
11014742
14012150
37382626
19797185
32145758
6160551
24798342
28918070
37763686
15107127
30795106
27440982
31186356
12363738
40097
18052854
34308728
6535331
42444329
6450487
42452411
3568573
2550387
13822105
18562607
24703914
3375699
13881180
36901053
-343572
1346502
11813263
9539615
36628152
-652850
2171421
3416113
457245
10873035
40469636
16101926
19445471
31653920
19236015
37819196
16582500
39484834
14996734
41741733
35627334
5131024
36048838
18238049
40825324
11210529
11294142
5043694
26323909
13144537
37450522
32605167
10690855
8302020
21507756
5566252
620222
9444204
35381855
5121986
34971824
41366410
1388650
21477976
18985663
16637006
24392367
34977241
40540965
26848772
21650799
43163683
27303431
23964838
41315267
34354160
8528239
770409
20234644
1553162
40113164
11339382
19904649
15066226
5556827
14600205
32362729
5407649
33127319
36664176
39357203
40712050
16689013
12073622
7903534
16904675
7931389
24635609
26198107
30739960
13293234
41785879
29958164
32039746
26592528
24533663
40678704
42691220
-889854
24502500
5892839
36005874
3549531
265884
30700164
26272843
26772098
34869489
24849710
20033142
33670222
31701145
38153932
12883772
18704648
7313243
22902741
9291423
36075617
37175543
23068911
10633717
41442835
9997528
8990357
28471059
40972098
2174783
35737853
24195057
6685687
7480425
5369832
22088906
30373936
21860107
37106205
27567577
19993326
35295868
19011645
38627193
12044929
36616618
23707948
13701659
43472613
16133929
28159631
29523633
18755649
2357300
18090326
32020101
7299105
24873595
33895520
1514097
19033071
4048213
19807311
8874029
7593633
32942370
12276815
29416211
28602852
4466215
42209453
41526451
27469577
16482970
4703405
32680065
40257826
25780312
37570418
25272980
13671176
39210654
25940982
25631625
38971907
18057059
25676640
20043515
24171300
39159961
6949779
6924578
10205447
18524436
2205616
40819596
40150566
41448570
18903793
40530704
40139242
6530694
25884894
42705990
14468510
36697222
39021308
10321918
20794795
4889503
13781677
27485983
19551091
27321776
14245828
12967460
16086882
28729398
17476461
25030956
34417610
10214021
11344211
5726451
30829889
27490510
14949144
1485326
-190267
32701525
2570800
34438919
31447855
29834023
43485389
34340864
37546251
39560172
37791761
10023664
39562634
-989271
5656513
19145869
41700234
41091865
31833644
25371481
8276152
20222594
17212068
13751492
34531433
-687204
14328688
24130168
42619985
26004630
7073423
39851365
28701384
-606011
33162171
18335927
16596777
10452352
41662407
6980987
14125739
33862564
29291927
3422609
33801889
30531607
15919063
27422589
9532341
1963601
4784903
21159633
30069706
20164622
13622389
1216532
32831369
36181986
24435797
16691218
11878322
24670533
30606342
2266621
20139554
32978745
4619386
9874311
14051932
43381358
36599499
33385616
22230286
15204411
14619823
11185713
27583840
32838782
29252096
39069310
12203152
1116604
31111217
29372515
13266925
7578724
7364922
15165420
7893480
36748550
1456176
15792733
26107532
24596477
42869285
17628943
486469
6546671
29581186
41391565
14586436
35109642
35973199
33103049
3360859
8928374
1493238
35160349
36902291
4866660
20284447
3824583
35025908
30479157
21160666
30102224
8445692
34504479
7110636
12093137
15941993
34508410
35689297
26669734
29776989
31025830
30441677
41070582
16408840
421190
40479467
11810502
17371431
4322820
6009828
39985968
3205502
1257403
12838491
28926258
40278454
41076871
22669985
6631820
8964022
32242351
21909952
14041247
40237752
33105823
20803290
41938739
15417842
24506617
40446146
36868990
33885103
8217382
18975514
14748193
565085
14846524
12905030
38211729
3071719
38268759
13094314
31576878
5084167
10618478
9729230
1352475
3983294
21581535
10608847
32947726
33215408
6861559
20650979
36290053
18755337
16097564
13950605
40256726
18551662
16953104
3551081
21400988
36285910
19681896
15609628
7640685
24461105
26376916
28816639
-240929
465264
21904276
14403572
21619664
21301600
21646785
-884906
5030900
28214554
31949254
37755561
20732571
29791416
2090490
11146619
1272360
34460988
17758034
37595847
20300306
2121458
16464884
17973670
11261066
23644310
6855848
22116830
20288246
38362371
40908057
39861993
30555237
16117201
19700339
14610775
38112249
11891363
12149410
36577773
19318500
5688671
37257999
43454471
31741490
32343790
34449844
4490092
23649839
824068
-513951
15847544
24581761
36934647
21398650
5746950
34691333
19281039
28409033
42973506
12862715
28984933
3578156
34688201
25512744
22186448
12944636
38037171
24506313
33373940
26462906
22684974
22473691
34233137
17198120
17594012
18422118
3652184
16319537
22273018
4398277
20659029
15171809
11056424
6554033
12888703
27152010
15682538
35805562
4164019
25937456
38057514
43052976
32093741
19431300
31676860
39173808
41772997
5315177
23310291
11051627
15873182
36610372
17194386
24633718
11211889
43364976
23270790
39665962
21918853
21278550
16166443
24309713
38606478
24245488
39511966
6018469
37641904
36564265
4105649
5523616
7435429
5883354
29802062
32248528
38238099
5698021
20547006
12538553
6086230
2357392
41080948
32551943
10088304
7261230
25569151
29348858
40671092
18663788
2948472
7153475
23159251
14808226
10397922
27707346
25802659
9963976
17774333
37559207
20246641
35595238
19456609
29981011
15417989
79454
36460990
26155513
5957111
40809103
6087200
33813164
6323377
23465620
-770991
39974696
36890256
42148310
34525004
19731005
5413985
36700637
16753572
7831977
15936399
33460072
20069980
34811893
23440736
9438649
12123308
39456619
-746826
2912992
9396535
19364207
6259064
19448377
31369299
41437984
16591171
33414917
22285858
33721557
21064571
-802108
12694032
12096030
6180111
33219587
16821683
23464693
34975844
40198992
17173182
4832986
42319064
16320482
1411774
32062122
11525194
9488624
37402198
41941487
28149483
24767658
25385125
-392644
1381725
19023559
755846
11073320
2589925
33233190
22561733
-701402
8333276
16296122
23728477
40355733
30524904
30854973
20775805
27436377
25081868
492782
17923941
24849374
25493731
3311643
13495760
19304190
37115889
7144608
13279506
-939774
31569433
5574977
28780214
12437464
4344864
35025795
19617439
24149906
29653977
19743579
3326049
37256133
6437806
6728035
39371063
29569730
22446359
2252766
10047405
43448186
24157274
23053815
19391228
3919123
2123782
40713156
33088176
37205399
26545991
12471044
43419235
37011548
5992561
23416671
1469317
29386855
17834109
16335747
3375124
36456093
5576577
4435307
41944748
42907380
16578171
16271404
535288
19211430
23452724
1001276
27657778
18490865
38490007
8411898
10472818
41026026
2312112
38636583
5787634
8256064
12865058
5985316
34092916
3433798
4754218
13147992
40748462
9794852
17316804
40996501
23563094
7961511
37431034
2732586
24586004
6045329
-805409
6560074
33995391
28901293
681264
41308238
376163
7882997
1510398
35053416
31756259
7232796
31760164
11115710
36112295
35097261
7405347
7791300
39574236
4093822
1142735
35985704
635978
42174367
7365158
19891106
-950982
6041254
21977908
33020851
11664552
20039731
15202097
43199635
33370016
13268305
33418186
41184153
41186631
28741645
36829939
19397131
15124708
35455486
13070011
36491624
19115690
30365918
14888519
5969290
25123624
5311219
29716057
11756829
38952030
21509607
16351973
38345137
17133670
33670482
17583589
21312803
16963480
33191801
2667401
8489399
40778665
40703961
38521252
10250871
9081850
269145
19497669
33762632
31510437
18389960
13797572
34927840
12359429
9144217
13602018
1187442
9249117
16214284
3729951
32562718
14008331
36331651
42946952
804714
9610376
4610900
31362357
10760141
3829622
19776408
35397684
10900362
4249944
16460468
31289908
31416630
43478358
18372665
4202698
12063754
24176995
41171800
9953737
22395421
35424363
11460018
27132558
42084813
32056572
2060750
11633407
1756844
38269404
690723
21927897
42785045
41107370
37051962
28523962
9954190
4673834
39240979
1599372
8181971
27151989
8462873
1446253
15764094
28510694
15715179
5221867
39749221
7771925
21527140
16298369
43531809
41866431
27871372
19901231
2163820
-423346
15522359
35452429
-359337
30840982
5599826
35203272
2193007
1122352
25029490
14510146
25983701
1059297
16658826
3783680
10797543
10860345
10799105
24705530
10161509
6790968
38867742
40784709
36490357
15690883
11481973
16030170
4528558
37540453
25708212
29770746
28744326
21899269
22544455
40609015
36125557
25932595
31097494
35635531
9493698
28157718
23431956
6058287
23764724
16424334
34127038
5450964
13169306
20404762
-132286
3928739
21183467
5867234
12266777
12198802
10901578
15186485
25023120
-465792
38869286
18715878
42687210
23136897
14642876
5268442
27119688
10140033
4739011
42229477
9432420
42009740
40140921
278528
29127002
32526272
42114048
780406
41567099
35064481
27842072
25548261
40143685
4538574
19296116
17501134
36771158
35195709
40604914
39037511
24056792
21857691
1682017
9968331
26000000
41222474
40665773
16077325
25827189
7188810
2607122
28165880
5090627
3952985
10478684
9771956
28864993
9602377
42499088
36589304
31000610
23978398
34319401
38820878
11594438
9451925
12123292
25056636
40986080
17584339
29001697
19385050
35566357
38233454
32163349
32138097
18852399
35296410
25434668
3359515
42913951
5851664
19573448
37738846
2772210
42286093
20807964
3797363
38680257
5626529
33467786
6826722
19231391
15669010
36498070
31808907
16657055
3391168
28037952
22639525
42148307
7062146
42668813
17659726
21460168
22701623
30015298
33121056
20002187
30176965
23359519
40173209
39121419
9792705
27230056
43392082
29472734
9361119
19870569
18163027
34461549
7747111
3582177
8717920
35056030
18995118
11423928
42856607
39328566
41765898
32123750
42530136
41135490
18967616
31113948
1554584
26635052
24851255
42347367
16612438
26647736
5798891
22276271
18608596
10510821
18498639
6739985
43089993
7780235
22850753
15244774
1350864
1659038
12079266
41541675
43285849
10356880
31972757
32456489
14505985
