34014903
15528106
21894756
17361611
29792238
42595968
42282435
8114578
27452043
37226296
20038557
20857503
26141142
22197903
30642445
5575625
40877859
23481581
36784259
36372453
5931781
29638846
7423760
38266009
29235478
25629556
-53959
16251382
40027842
25902543
13378863
31729849
12343657
2584212
38056139
7031291
21121006
8400371
5345577
3695397
28930696
13684693
-811688
23844670
30097424
8672671
7534143
11324317
14340794
33751929
34370621
28706322
36702623
10284215
43080431
41964240
7681761
22073717
3509633
38030047
8051744
27028900
24588671
5008367
38636335
6503200
819934
5692269
18802689
29457715
27983463
19762273
21327756
9306674
2183844
32044107
4753286
32591088
41339002
25463179
12882797
33236836
12899654
-263381
40420317
42284929
39550608
17322957
21187256
2369124
-405990
8880542
15984673
21997659
-955904
8934326
29535391
10170920
39941750
42150838
30557018
24929543
30367212
3905543
21726093
18426694
-448651
33511914
1671515
21915571
4264518
30084299
1683650
29469997
36787025
7331260
13923756
13266491
23504882
35445536
32567301
31945637
-702228
11984124
38736803
38123547
16382562
14780698
41503706
4277966
43457218
5288046
23398377
36946898
3897782
22628639
31665993
32190713
28680367
14571606
5630241
4022881
15823554
34378275
19212108
22741210
7334407
31090879
17744828
19906377
35794388
17984191
11127660
28577221
20234870
5902445
37602299
17406660
43109873
10740972
33752492
36127151
27782519
43153193
7385906
36986978
19910310
31196919
16571358
23467254
9670748
4893296
29466148
-773548
17359416
28692106
25357468
15071452
5026440
18282203
29332712
42322485
16890878
43201854
7583695
-846690
24639426
37335097
26516564
30514682
39170241
17592747
13601920
8267125
3124989
32264470
3926058
38316971
37257183
36322021
27996387
11265068
8719569
23547141
4998713
38044406
22462469
38735026
35863929
32606798
15388438
2913881
32035089
38495934
3937334
25214563
31982138
1583702
43332109
37783487
33471952
28083333
29964180
22070201
10246167
5920616
29700700
5790896
24965066
9031412
28087732
29965297
34262691
16658677
10143592
7406244
19280718
26759080
-786411
38177879
6768927
1433592
41017239
23804183
4968432
34342740
25978846
30745129
30979959
7839378
8056382
25711805
26496521
19860624
28860513
4807113
32717294
17921735
12743677
22249357
17124988
43127109
6013920
24102260
26964198
28741900
2404756
15044266
37981086
8004580
13884567
5521833
1776002
34287578
33284848
41741566
40512545
14847293
28053170
7175683
2794155
27378869
31348704
11904928
38192657
35207186
29265166
24939879
33263992
38187900
19770738
30830598
32776755
37899056
6058461
32790566
14805399
3595074
16925834
36532354
14913040
12128028
11759165
24410347
32297213
41082018
1672757
33447614
26195171
17905616
31419772
6720426
25748447
26857330
25048633
38073762
30976310
34280529
10302152
13727815
4908489
32197808
21222539
17401399
10937768
18321385
23622168
12442649
8524645
41083095
24762615
24861497
38929054
9356003
35683406
24466604
11022379
18916559
33409079
39819798
23371682
13436500
23342204
12475967
18366883
13067733
37066648
25225636
40973141
20949963
12285733
28296686
27229808
5191024
15369661
35873783
38091634
30096625
9415986
38404362
33408018
32046640
37894279
26867313
20424803
29800459
35388714
2589915
18719981
19228287
30476079
11299359
15838320
21207672
40919839
20603906
36246507
42815612
20291847
40971173
4144702
18749467
19123991
13825417
34229761
7215389
28487759
6603898
20777630
36537350
28780087
3701895
36198130
13742783
10886065
11490810
30904403
3481349
43290622
-323981
16893806
12810618
35296127
33797722
21010241
23444175
37754715
10272504
16136165
32542218
23909979
22264427
11629363
34934652
37804135
12912480
1909772
27853321
12368845
31571467
427635
41654090
12954839
1278348
36387074
22714717
15255472
28928222
7211970
31125208
33995993
11559097
40275937
8021152
23363244
17189813
20013387
11542161
15385513
26392664
42142098
26680060
43278030
10689596
4150600
34435331
21519100
41035293
1023334
4987286
42770913
26264804
23351182
29938213
9568807
42401214
42289922
23101542
14095626
22920107
6486448
34014687
42246397
21231068
7508541
9790709
36049292
6117266
15479621
17119682
8287451
38578318
24873315
15344633
-225053
10899320
40590881
24630640
33210702
41815941
37444213
10739066
24261720
25746890
40699187
33303716
25352996
31686725
14561734
34870098
-884663
25705540
26736151
32368991
8946484
8570249
7167234
41283190
38859457
1349448
6053845
12972369
22953785
42064977
28778575
42655308
14663402
24580339
10437993
20997896
18448251
5883650
33007984
26529079
27579447
9909881
2621103
11744122
7381609
1360214
37998193
29998343
26064181
18588873
8358611
23041546
8704256
1401933
40573769
40761138
3320437
1300863
42964367
12285222
18440892
37052785
43238721
42301189
27793178
18294326
782746
37009650
25174155
2139107
32698280
26029291
26982627
10610180
7101785
33266732
7675679
39857321
15742699
11303157
38794123
9117507
2720796
993527
39387135
12395259
-951862
12892355
9766377
5530099
8466103
35828099
12981076
1841875
37919551
17616290
30908713
32286931
40115202
1298466
21946176
7806115
39920041
26712278
39106650
25860529
6568986
7081262
23855829
39589079
9679913
38797403
14055817
39061072
26611723
24345038
29322664
22786033
38685533
38977393
2074129
7120644
9262015
40464632
41992970
24973366
23456294
36396274
41752866
5958040
23334952
35691197
22919184
2100171
29296352
31188371
8021922
35085327
43529499
27309523
8329392
39727980
25444265
3908447
22872603
3690460
36331128
30362577
7461376
20366244
1353483
34674474
28167277
41272309
39866460
31743274
43113163
28614461
30761074
12857944
2131175
-670141
32023526
3628711
10820108
30466680
4882101
35263496
29770670
38839959
21738645
35445027
33717457
19346659
22946982
10317527
7539415
-996660
40783132
7521996
26254351
19116116
38319998
30007061
15982241
10448474
11012976
34121
9456667
27206222
14512525
42956616
29419109
22427627
38950990
28750776
446931
20857317
42404333
10356837
28730285
36183419
7742446
20528157
32439268
649604
-705782
31228946
26024823
35505878
15380873
17571653
40633373
20788044
36784297
39377563
8959334
36170147
11372841
30415302
32951846
20433847
32558385
1113914
16529717
3376739
38664759
14583180
25536440
14333425
7207404
7052612
35790499
5180092
36291556
39107163
41903021
10740233
4523375
33820364
21292527
27295519
17121946
3111685
38046375
18965954
7942951
16718619
33363788
16336205
22898164
472483
37950936
12594078
31806218
12130131
40951465
38116120
27830442
25854876
11789464
8539578
4741082
1464166
5108547
26250342
24573656
36435063
36109104
13970817
4593864
19769614
6087446
16835835
31731602
30027656
34321165
29299685
35446730
935952
29537884
11671326
1849256
37373495
31668984
18094999
10280431
37399648
20667398
7572158
10625202
28588516
12818479
10910690
8619696
39104207
148203
14093849
39158997
1616699
32151466
31779200
13656555
22459180
28396049
12449933
19422048
17358638
-605573
31589448
16182466
11582817
11133766
22992268
20099037
36452844
30256445
32158156
25432992
35184385
-431795
36980333
18050979
42959498
36284086
17034267
35864094
2964115
34928483
-241806
4711111
14406204
5511664
5745565
19290460
7443972
4109840
1592817
11358028
38424382
42775379
908227
22417194
4058555
16262293
41608181
35033451
30459260
13113830
7745278
1309315
17862327
5240877
8191123
30261402
22168746
29761952
43451168
20695822
20899796
3665224
34917055
4817616
13635476
5335533
35987788
26886733
2780975
15379923
19633135
29041034
30927027
31390118
26333875
43427837
42169492
3745368
29331859
27650587
32682960
41063839
1694981
26627785
5733634
10290883
606708
39472169
31876060
36304246
31001959
4064058
24818947
40719090
37872473
28528137
10606875
29223067
29108334
35949472
24958390
30778934
9980694
40126079
17576130
2748283
14175472
43290599
10882680
41287058
14463377
27768551
32224127
42108966
23381431
37792738
20964122
40721289
862654
14339094
41669332
4570129
37118317
37839508
36051701
32199910
5351548
3268641
36427428
27477359
11046906
9059017
27097771
35581360
30636319
27532890
19762584
37407755
41384894
17153708
7688465
13335763
21776100
4768675
17167019
8983228
22430288
10031204
30490042
23075295
11104685
33895422
13133864
25465978
21955652
36657498
16128650
-358595
33908946
22591825
18766910
40538287
12377142
22632527
5491782
9492032
23002005
40645185
15363801
30072873
19091654
10703228
37422322
38469217
2979259
7383412
41632813
41883540
2278191
17043238
25538634
9185329
26400057
7937017
6418325
22904103
16127573
23006839
8661393
19371616
22014492
3958208
23218554
40103752
37316012
662547
15769614
26655740
42657887
17282034
4004331
22585898
21080091
6768979
6185670
7433206
5584910
15322404
16551630
37769378
13593379
18006041
20604536
10573982
4634551
30123133
19887315
9198453
32243364
16847015
38177942
2095927
-37457
1625663
32817420
14100135
31992650
6951641
1367770
13872993
42034068
29847422
27392333
7785105
31481862
6634023
36211022
2668781
1438850
13179601
8106130
43061288
33074164
26670418
-672453
22788332
40313849
29162128
12216639
33892006
28913940
19082394
34905578
32329841
26362555
28139162
2899056
36105655
22975327
18102006
2945782
34839055
25173304
12373241
31817801
43462473
14807415
7626417
6379308
8326055
29766146
27321436
42070949
37364702
42783928
4087536
4724722
10240125
15317629
17389390
6739678
14733427
43348596
21717442
33897231
25837526
3191313
39433091
15904748
10718064
21151546
34342361
8266826
22618980
24820662
30487948
9173684
2566421
21834457
43397997
31589154
34596434
22440917
19504702
10191916
510306
35996105
19564946
456836
1708296
10352716
27061599
28443200
41163976
36997055
19801595
35961217
-136616
571152
-878560
17295638
17444032
29485107
40644786
32794538
39616650
24911078
11625778
16958636
6812895
33397608
584595
1677547
30329329
7117312
33294890
20521960
35817296
23165048
-757320
32206508
39355506
12365366
27341340
23176619
2433685
16755827
3318800
6322673
-92060
29052228
4091910
35380413
29364800
14286658
23828025
13962581
6302527
2303064
3180525
2091197
22345771
19496559
1280385
39807018
22333690
32660189
19464360
36609261
-138074
40055728
22867620
38338717
6019017
28332400
35324317
21679320
16181698
40941671
23188167
15293044
5044867
35017567
42047228
2067475
13717224
18602362
11532620
3733288
974902
12758389
665471
39245144
41938685
23440019
42701078
35871302
4089073
17731290
1422527
17047163
13204582
15302894
22478213
16323254
1989683
12707157
41917140
26417520
31056446
42063858
5679302
6988893
14324198
12795676
33075272
35881144
36942276
785918
39924956
13452738
27918946
41391519
10080670
4716094
1563984
22832413
21246659
6934453
5524354
41302499
27170730
11103390
31190153
38956459
28734853
35871435
32598704
5198806
13036211
640875
-858686
-76610
2774941
24216107
9337231
38614806
27626501
22333977
25207720
13080730
2543940
21707552
10222411
19929346
18961138
15604984
42529931
26671205
30316130
37584735
11651416
1814199
24499030
35397972
16745054
43328934
12063329
40258351
22840748
35080954
21049013
38373740
31093302
12789096
22812967
40870452
38331519
33422233
32312745
1975835
20772413
8576813
36473284
6134634
30965907
13792751
8634545
14358215
37912406
42915989
21162269
30735819
26024100
19359188
4860948
4865050
42294524
28273070
12468596
17533751
25532848
35711165
4245165
11842071
1584784
16330558
1928082
38053998
40489229
25339773
20610998
15534167
43335079
29031805
4133080
26937989
20897687
1369947
22084796
22074371
30026274
43382503
22247549
13219808
43042571
32750346
38688452
21479316
18838521
1482888
1365755
11836627
30285951
32704518
15522369
27941685
21415642
5188422
35218328
2465375
27613971
3586800
36825556
18909523
17297076
11567269
482489
2218443
7371198
41467654
12857265
18392205
31306971
28985685
16549954
2832909
35354200
13147258
37803350
42470964
17152744
18897190
14206358
3147754
8624277
149487
32046966
13241108
26570472
10481192
720265
39798491
19952300
23910589
29335690
34114119
26430465
30986731
34810061
9828347
40814031
2338265
2313620
1097679
36901946
36425977
8623722
32544479
43274113
19200920
2104124
31786828
27753385
10620144
18071144
31688823
14255342
35354872
38398069
12872070
29634325
26896095
14788377
33376182
513905
38120155
19136681
13100518
15939717
11381695
8466847
28170545
18536402
16605088
34026798
-188863
30862546
34508349
29850241
30898664
275284
35053758
16712746
25036395
23481682
19970008
17345102
38008071
10786249
31676024
22770490
6539847
2856332
10222507
26418641
35560059
35896903
7099297
3352475
6421931
4264548
11235499
42025908
19873766
12047225
15368508
17064596
3995438
5950505
6224345
10945
6013836
42929544
27002186
31238981
1543076
1390831
5428662
15372039
19321934
38770491
40609551
34014062
17683033
43131789
42483811
9678735
1010529
3482615
8404322
5078057
22141986
13264324
42260423
34365248
11097180
35598700
25190439
22124000
4888581
22829945
22571112
10626835
22600605
40474615
26597502
-50623
20991546
30021166
28305124
36111939
23062293
7527711
41153426
23118543
9997956
29798869
37418695
28262584
11625093
11825202
9708109
37978220
3003479
22980530
29979398
22533100
22118949
3580860
8603728
3285608
24223943
13385501
34209782
9230516
28625269
40047849
4742648
27210828
35644303
28405155
17695497
21805054
5309092
1878869
21258345
18531730
27231568
23164016
506131
42158820
25126256
6946370
19382972
7866004
28833853
22098324
38617819
34879702
31578673
12107058
38034678
7492131
16917236
31568194
9843481
21196011
15021221
34925417
20609542
23891201
7886872
37238597
20670196
21920524
789673
35110222
27398301
40147343
16389976
-292579
26090886
12698068
25194852
1592670
29710389
30876295
31750272
36597109
40309651
8808113
22958564
9499791
28745870
34041978
19418542
2424129
5390828
31035236
31798179
26333483
30025752
25699484
25504449
19283092
22980741
17210448
38760519
24271823
13466426
16064444
9777487
7813796
6479768
18213775
41662494
41970981
1029736
949035
15235630
24590189
-163939
27107190
4396420
41657616
11261540
25120430
23703887
37376326
38943384
10532130
38930138
28572244
34516308
7858994
30061141
12750980
12927045
23008096
20854743
14862403
10207339
16099465
8438869
18592683
22000900
-475953
-150400
41683431
40395126
5506790
21099147
14079991
11365862
4783469
8681998
6664068
7567743
37684264
18897502
6139769
233453
29821804
41345760
27507679
31602231
4690219
11139511
24722259
20720508
32581949
42083014
32859276
-194213
20123470
16586121
21121068
19315982
3517805
12240160
17849131
30149002
3572962
10561683
33817004
3611221
25984312
20816195
18664703
12056807
6442236
16040071
21988710
33365658
20171284
21785780
38007642
38885337
19669093
8988016
-513872
29042303
18182416
41745676
35273268
9065543
41413134
18032021
14396519
37568363
17407090
13427427
9372758
42622520
23379330
36525575
29180150
41615681
23754880
14548630
8840190
26008274
7731201
7400428
31085630
7964432
36309408
8056472
6550736
19444408
21628065
23367458
21372078
1488984
27406169
15501037
13071274
32842421
26278163
22405234
31128132
32320099
19596931
31882182
2092824
25569572
1912200
4806988
43497119
34722660
10027009
31587855
36657600
22210001
1836291
25219709
32750264
3761585
38937685
39171438
13746358
1251225
38378606
13051457
40350319
42311980
7831407
17804492
19038759
9769917
17348475
34043934
14443496
28337355
-238035
32470109
30391057
9396236
22740040
42259743
16264916
30327479
16249155
36735196
11418360
30773676
4063017
33601660
1794369
38760414
3879062
8912438
40372730
32534767
2488258
32542750
25635740
236884
42819086
29450068
7571442
27845103
22410967
10797295
15319031
13142992
39929171
-344868
21291256
36038604
34753195
23043676
23419602
12872274
-426590
3807660
20389937
17337388
38440521
40993010
10952513
17987581
21226206
17564659
4903717
3811799
14658745
37403646
4646428
36125688
-631531
30676157
22832166
15083540
37379987
19235232
8703058
-273230
4741100
14244634
6480105
20347370
42572015
-660337
22100835
41508912
34869876
31024624
5058048
39750724
32246566
14406795
10511982
40813716
34723843
30526185
9159875
34062916
29744223
25407442
23161083
-680965
40239764
41062545
11362460
2937085
21015288
8185246
40836672
21116728
14659881
28750007
32128678
19858062
6849232
13502266
42954219
25692813
25383529
12163773
22157303
34055275
38047502
9958282
20604150
36664443
34042438
36828269
38795179
9416010
19720102
3213525
40782234
43445330
32759370
28292993
31310593
15008447
24643130
26030479
20980385
11645423
31311891
11097032
12447444
41496276
1706780
10707647
28771159
24927036
12019025
-413533
20845926
17099198
-828611
4699864
22372426
15106960
41379136
23075207
-845863
16720516
42275523
27988619
7970428
6967620
38453881
32646682
4294177
22886961
40917547
20438967
31298807
34387741
41917307
33527973
34962392
24134689
14273639
42746110
31428850
16272629
41635330
8010312
14530940
14386827
7212755
11647862
31157346
8841161
20116750
33547908
33112665
37349877
15826910
18768251
29517576
4602810
11169280
1029184
4815628
4297595
9448194
24600119
21793479
10786327
29669963
579822
29359875
1468305
12413258
13119090
23505207
31682713
17215721
18741702
39608685
24439139
2500918
13855391
11919588
7561609
38888045
18661670
8875447
2639655
23052584
40809876
33194578
994066
26130546
27257084
8980228
5090842
30528510
42870802
32153374
18739189
36333424
21043512
18055813
36257650
32742276
18569182
28075748
15693771
-733527
41885563
1542254
21778900
41299642
6526307
24087696
13227145
28781598
19912695
9137362
8344650
31173619
43085769
28777850
14835061
10616080
34898955
6043189
15158745
22611285
13369465
10453783
5196513
17169268
32503054
29573927
19061361
-241175
37471288
34366132
34115769
17759586
998240
18451140
14703191
18392019
39073221
6764471
37200170
36198368
26692810
28144569
7749307
35127250
26979886
32547647
4020691
17240054
40749913
29255189
22145083
12460061
4418982
3498092
18716051
-663474
30863209
42287167
20465574
305454
36603115
21284532
21316384
2562797
30142925
21977126
7150058
28866869
8903263
32999454
2528819
6890244
29383334
24540185
250034
11839929
11275630
14767895
2479142
-441202
20331575
15724378
16576436
29680608
23773339
2657622
20327979
33644343
11498055
11667169
6667131
22698228
20602135
5981875
13388074
3473987
24412879
36206407
29588719
14822032
27004877
11375750
38378648
33514788
42490850
7983527
4614721
24698288
13916150
17485279
32522636
24929974
2766928
34670912
22012150
13563856
10668948
21691965
32789531
7423240
16415617
11597005
37158555
23704749
18278043
13703099
40029428
24225109
1932748
33783634
14917728
14261619
6882761
26761750
31378823
14384704
2478270
-309178
40597810
31242381
34817243
11824910
9578700
36258139
7123841
3418624
20224743
17463962
10926762
38395668
21256819
26757987
36510595
40777168
-824993
21368356
15644953
4148338
21327559
15037139
19417087
21140462
89882
28376964
32120836
32107783
5751243
3511133
9259280
29313953
6136583
10485752
8523716
132189
5146505
40462777
9631817
35942959
39257501
6420951
31003479
1453544
6093185
33058246
18960212
6996223
27107530
40552942
32831184
20857672
15889929
5904335
32850181
20663278
19271120
41459228
27936329
25470936
8927693
41108724
35125311
17703717
34054849
19305338
5645074
19674180
36896411
29335985
34995009
3483083
-692759
19887544
27848760
21267269
28110070
17289568
17671
27840232
23133038
10212044
252428
5374717
34591532
28659740
22300405
8261450
34335502
20402155
36845359
40136253
40040977
24777344
-870845
11780167
-917998
37547308
17138355
9116915
15012212
22841560
37558479
36934868
27293075
2499669
33448872
3964225
34547520
42608894
1349369
8588309
21308304
31562351
4901243
38163228
21848528
6077373
420761
23969113
5982563
36933986
24250611
20984777
14699647
25993085
33626200
318889
17744995
12958490
1808591
17100604
14445379
38299388
18961092
12828278
2218269
13029621
22761281
38671403
28869724
-366195
42624415
43120549
21811416
1656690
25835602
22526637
29229375
4997188
26733389
34004860
2188383
36666567
21547224
26333190
31314866
9434157
28988983
24561872
27617136
38742117
33103956
16913585
19173194
8053319
18955066
25899696
8723720
3496251
4715960
10563460
33811712
15335272
31627852
7473041
30569378
12825271
26994780
12532798
-840821
20209212
885981
37922846
17625739
7124790
9962660
4571493
36299222
30921615
2715922
2842692
5179939
42447876
26120206
1440000
16499903
14135267
35215701
3911604
38811619
36580397
21807410
9225246
18960431
4677393
40583934
29121315
19806021
39191435
382239
7879031
16970041
28573771
17172507
1218005
27203641
23841701
36911866
21673273
30722111
3717642
12820437
13647471
30292153
36912899
14640915
1887119
5602280
15239006
9202032
33156302
27106851
24081725
28025837
34179233
31726139
42296320
23268178
3579253
9672304
41322369
20922780
35943632
20688873
12408037
32356180
29736996
1620876
17131308
1797121
26219477
10255159
18974131
9959401
4283233
3634874
39596456
43514289
19885459
-220973
18303049
30980679
23125950
16184807
32325272
36347681
23284780
23602861
40496367
16196896
3874953
16876518
27163561
36235506
26795258
6692497
-747785
25919466
26991418
18060126
33896344
31048013
8713218
24906652
19599951
6879527
28365159
19016682
39312074
31104379
12075273
12762421
6078239
16044004
38761257
1796574
32246019
30640321
14930221
23647620
43228089
17735700
10263933
36335839
29071178
18273651
38386679
26638573
7948069
26277015
21479979
28758027
23924264
32994599
39551587
34655549
22060983
23483654
38810912
38077712
28133380
25546057
38763742
36492897
42190251
18138014
37299729
43417406
34322953
30581885
976408
10892589
24759287
1248669
4286171
12171067
4116531
17528142
17348616
18586122
16906600
1445428
34772573
16299712
42342679
35175914
36520997
38264679
16761875
35377131
27731159
13802952
40500124
9039613
16690741
10711742
24380425
22566786
8412741
7058545
30153476
18251550
9554286
35682677
9609896
42851890
38685450
34231486
20036020
2837489
40500352
12382574
22775435
3195726
30105562
18458093
2411865
38736964
14275
8648614
26984844
30455112
27531278
5452101
41252799
30887354
12970204
3022222
10552327
18485630
17919841
28992018
36986167
29464340
24568430
29411348
25983681
41978331
38384610
28531476
1635853
2651207
2810198
15633621
7479362
22710962
43413305
19939413
39368308
27501445
14395271
33576878
41594609
37395495
26008473
27087539
20274628
4323335
31524166
30494235
4985851
39530660
14854605
24002899
10146538
18544504
41672684
40785350
26930831
31787221
-567958
17115242
33543713
3611681
34431634
8212029
1238711
9324045
40219020
13991506
27301569
7765066
8710231
21014217
9896772
33374059
35613173
1982863
37239097
976469
19217427
7262560
18875201
23682658
29184760
16298790
43411611
2775763
10093548
4315517
25959763
9487099
5425629
28918999
29643260
1136280
7431981
17767117
42959867
12673950
22771052
10902773
2700994
37847265
16495571
28037666
36069423
35410269
33174055
33891116
14131222
5843877
22014980
17385127
5660176
21190574
28592322
4380718
10166205
14958385
21970786
9175132
4087610
21395381
21080946
43351274
5447295
13358866
24268209
29224575
13519482
31164414
-276983
13277189
16734840
3966290
4109879
25426571
33864131
17906398
29294310
1036147
31019779
831424
32550899
21279047
21366299
37913471
34317691
8237719
40213397
30142292
16579507
25055521
11450705
20467456
19415415
12470523
18065345
10754584
5310257
19281906
22000002
8699108
41064149
13538592
633461
23956852
16813867
12875165
8084108
40873235
9663068
28409514
38051181
19479979
37306680
41193037
41237789
32684051
9659910
33704613
16884562
42543364
1917064
26367200
25916394
19213071
32342770
14193179
39354262
38415934
41572302
32649283
2979036
35119516
24251771
23259245
38975949
14448724
7462914
10190463
28887042
10577469
31772283
20861721
24852407
24602797
26683234
21009388
41163408
2758171
12876019
23498648
1324286
21593271
14749442
649884
39368616
35555636
3013638
35761090
13783264
15823510
2062894
34604452
3373326
26546244
16762412
41456794
9969320
41008592
34987322
3982438
2455325
41508956
34083856
17830047
19200238
40494209
17840922
3613074
6653560
5666839
8657720
29777690
34448019
37498488
24030707
8948676
23567984
11419491
40560809
39023862
19839985
8464643
37534029
39745608
16061802
38383029
18634264
13667515
15935107
1108546
1401981
4515955
33645370
25190767
4318881
30540045
7567683
-132718
40392248
33490633
29112235
28440652
17428099
21781309
17119705
4902568
21724206
30797844
18942150
22281006
30651647
21042156
16311342
10334342
28313635
-194411
42639015
29410740
17991279
12907944
23759542
29112615
11051288
1260610
40146067
27461753
21885134
17483852
21010373
43139326
18376395
38951134
39907478
7170780
14509479
21950215
38792383
42614789
32630625
-311576
32592996
33526061
38142778
34431306
30611992
31475176
24782696
4224270
32102356
77310
20411197
22155993
29922267
22215890
8204019
39451214
24272903
21972645
34790604
26845848
16431128
18224932
24067811
24287586
4528091
8776221
11474614
40866881
3863910
33566981
21244854
38480125
21295050
-201761
9651643
41737776
19953860
24283594
14348276
28599333
28077844
23595
2872767
13091520
37004971
4230270
38207681
23783084
12812036
12676338
38051002
14206627
5049179
12528028
2630354
20853641
14426557
33126285
40621139
8718042
33431646
13638236
14312473
24100472
37519842
41545969
9619650
17409425
30810458
26898322
35905325
4304362
5310090
475882
25734875
5491418
6426158
21717737
22290729
1220274
-959704
6174420
6192228
11015890
32847391
4575045
2839121
40668034
32457704
27397618
9477663
40240979
40730610
21038581
5748085
38576133
9567238
28488242
31317619
43334284
40795362
8707012
22508783
15109496
5129368
-820967
22899925
33455532
36179624
2464574
132961
2821621
38633377
31868684
26500457
30180507
39821642
538328
3382927
30683747
18411969
21064920
23646307
40005532
30777613
11177201
15156654
30559571
5324793
24094939
5123009
42348432
1979735
26353074
22461703
34669411
843095
37760761
20049110
9712865
25660123
39933584
10361938
26597465
26164967
2632188
18287628
42028172
8718717
1249894
5782566
24307491
5670084
11857623
29751625
14995373
43422811
13651262
23003305
-782906
37290282
29032150
26544163
41462957
15823323
37892498
19671402
8877241
39133392
20814450
36183933
32956252
37655283
26153249
34189885
28505581
28070245
32177471
16834713
35092547
38268658
41381390
10759529
42805338
2424468
5206048
9186536
43082400
43299827
25607685
22539072
3689148
9649844
12282182
42377446
34508554
31573288
41613950
26685750
12199701
31847169
2414842
28495505
17185032
18758888
40068054
26893457
18573979
13849061
10410309
35600233
26533072
737186
9500811
31070024
14742092
31410554
24494571
41160341
6690181
4003452
43529208
5435306
6865117
8575351
27212195
22202318
19326394
40482396
23860160
22422637
9476946
18946408
13564656
42645901
21502216
11387383
1501922
42911656
13129575
221557
8626203
29465589
19563413
18098515
6484460
28514692
16739639
35953006
40754020
1177333
36564886
30474397
39521400
30798522
-92623
14207357
9254097
25882786
22191062
8655575
16800916
10510078
26844197
29860924
38439395
35786466
39784749
41628089
5666341
35035621
38192677
21349894
21875276
38910364
38898974
42777130
42360785
19182615
319101
33170361
32290968
11290445
37686638
12674988
35755286
17959711
13100831
37160874
41483935
16172505
7366693
22031389
10403611
42684374
25056609
32115431
42566249
42304209
8756254
24864105
39023057
38318306
37834817
8995577
29836653
10724663
6831390
-870802
692365
20271842
4179406
23091594
37612397
41460573
-563999
41646075
9090623
37107470
26467381
24414511
40657918
40753657
40758033
37300248
4088170
19417847
38325897
5774994
12663413
16356650
36766146
9690468
41838846
-497866
24609104
22805336
24761247
38308543
20358566
31022177
41818947
37166261
14624820
39232932
40774427
7166993
11133163
4944083
19107797
38184288
39004822
11931032
-920253
33623408
26494202
25009190
41186270
12301157
41846279
42448857
11192970
39434997
36802257
14926657
21706535
15084820
15226130
37997752
15626457
4630805
-416533
18654884
7062168
-877357
21861566
21184964
37302314
40340104
42842552
29225751
39229820
995312
34299391
-28482
24830216
30660884
29377458
28633576
13722856
14869083
19856107
22069742
11900280
3213794
19642984
42777572
11406717
29997424
758702
25653409
17353849
14759706
29160903
40571019
14366161
14468543
28452141
20082264
5436605
22220336
40529445
16090962
22866096
12199582
7200610
18267259
26286289
-771077
23973138
19210199
25870080
30142141
30193538
40242208
15995021
15741557
16644480
18860689
16830059
21831817
41848546
22729180
36771040
34355958
11195491
20417078
20100233
4962963
9814534
28374687
7738193
42836398
42705958
21432143
6995871
24609264
38669694
8771114
8105625
17379618
8029276
5599481
16218268
20621436
284572
10673797
7315400
42430679
37347029
37928325
5097088
15738936
24442403
11808221
15503111
26619058
21319079
40638740
9841573
11833460
39153286
19203166
6505197
30027486
688720
39899917
39406201
4507307
36226492
26383556
10235929
37153593
2122394
15287037
5992942
43404977
13254306
20999271
42077700
18120170
11741959
26548260
36342242
7951514
29575538
9271001
11448268
568238
20699288
34065415
40665429
27958748
34197485
41040927
9891519
1120617
26527965
18162257
17942115
25830000
31924121
5727802
12807935
25432022
7732427
25297841
42479857
1113524
1616339
23669775
23967795
15617879
27270830
8727754
7175314
35649405
10743878
27690904
7280444
14459358
1434332
17683605
4251413
4153283
16683686
20752837
30545255
5018103
829380
21065832
36815455
22503847
14153732
7294052
37072290
6131719
30932755
1971462
32194436
2801835
25582980
28552819
16869511
38369386
24784410
-498524
24045070
12405589
32123450
2625357
26068423
38436870
25840352
26541430
21655612
30529592
34602382
10132009
2329639
11314806
24350407
3065289
7343350
25070505
-930535
23822307
25342572
12102605
16757910
40928059
13517940
41920354
32701861
16425597
10761413
10107694
40508134
35322495
18088318
42217276
35390435
-300079
14102713
283167
35784477
17962526
6473161
18345820
17802533
34983433
21139814
18856992
19970525
20289874
29330918
23393051
31964937
12412216
16265776
27706141
32024048
25093785
37362603
9852814
3543677
13317465
25584136
28734810
15997954
3469305
39368153
41122979
27608768
7031423
8097688
20424245
5698432
27424503
40151701
35565124
28103499
3700798
20108715
9273537
36362628
34869290
30469141
37736470
19010510
33395719
7045027
30367692
388832
-976322
21224385
40573436
2963558
4231905
11513980
39470691
24515489
19176264
3284194
38358896
7384287
7599110
18243292
8972492
36176238
6549342
5883499
4432746
4549088
30172909
-333890
42944495
32637226
24703724
-315566
37134048
19697116
20941998
20601906
23691571
27995872
39474640
4991090
34769260
40673995
27805391
35464784
4695893
7057770
26631154
5909664
30257279
19078676
2420199
7608001
4250101
31456098
11175962
21252261
42693992
33571376
6774605
22103258
37245844
9192913
7885988
36518434
18010872
43358694
29092349
18414324
18717879
25404118
21226524
28411480
39972258
-710548
10087670
36008369
30765351
11513336
39818294
31502098
43391746
38893068
2724191
19654166
20950325
7076457
33568307
19010067
34038743
26924443
31855198
12566607
8762511
10232037
28901073
41448751
37308793
33630048
40694056
11263479
11851207
16176622
19529462
33307882
5891065
4574108
25795712
39975848
23220480
4948566
7083410
16084944
3238104
41291148
12971828
2789596
15044065
8537390
17221006
24888405
395316
8206522
38912276
16803070
25810201
15744274
28049279
1301709
15967328
18483104
40689285
3213706
6261994
33997877
24524140
16134668
6930768
18361856
19312374
29003437
42055550
39638648
21278888
24703564
7980452
19785400
41236907
32025514
24137765
8799486
20099693
21759866
12080681
35150059
33978123
18832170
20609766
9835785
31486954
34739249
41157290
27932627
43302002
-924416
8870077
33459536
27098287
30958025
13317430
31590763
31203041
26569541
6823242
38198154
2284469
4336368
11078712
-575100
22851077
32203576
37692676
20712323
38128227
24846376
10534888
30253153
40848222
25829791
36139257
39257902
25296386
-811814
15431417
9590290
30330630
12472589
5496660
33110036
36182168
32074378
7207602
25982230
6075888
30821355
41089765
13283661
26535930
39262748
5540651
21854319
2955871
6991359
15123011
21120703
4316940
41423974
37672603
23740758
41485691
8442549
21218903
38381317
7906843
13717872
23510779
28890233
21636413
25359321
22884560
26478516
40211837
15991931
9578750
9061785
20499626
15305259
34953804
20424217
43088152
1113449
39749469
18032582
7106897
-439446
15468506
7915591
9311876
37086332
32164093
40487405
7715257
15397343
37005164
1800286
42687901
26402690
33026148
9642404
40048515
39508514
29066383
14170597
37424983
14094490
40310286
22764310
15308751
37002849
24361711
2780443
2907991
2004697
25622868
22990154
2949855
31945348
5099002
22064892
22469940
201196
236527
22676167
3766247
39109849
41093646
6333291
29734998
9460521
26465807
5551181
34869672
916914
34275391
36716816
36457994
14834533
16389119
3130090
39869865
12340389
11784285
167892
19470010
4680776
19995409
1304247
8217628
-278189
16726948
676069
38729840
525114
27767455
2225327
25800045
3306721
22799903
19359582
34304702
5872195
24656885
13461718
33355039
25785010
37361516
-251176
14739737
37169785
1167413
38478839
5042393
33842157
15394551
38742897
13998921
34374695
11489375
17888929
40032779
16797680
30227335
4179470
40303626
12699738
10959885
27210629
17139389
6650187
30308185
43098509
25091974
33852392
32139965
28457471
13096822
12328834
17973536
20791021
25000963
26266221
34448187
35830644
13141253
7221622
16235447
35497705
15905720
321894
28789634
8526606
41179097
2174572
39110511
15726216
19840513
29191932
26151361
33629136
3358892
36672895
42316171
4008076
2933489
36212158
2207760
23344038
13246699
28454101
40668396
8539503
17191424
14883068
16878376
23422180
3972357
24050217
1642346
37235020
5168590
12821725
22682586
27686002
2017398
42116925
19914632
31466660
43524407
16601359
12405766
19876246
10554241
7832179
7261580
14668756
35837554
40692839
31132802
25650661
27261205
20744847
19145432
20180542
-638955
7285695
2524589
5738257
27150006
6416693
37182413
31951325
20951218
42949146
20553441
25225105
13149439
14345187
41625776
14017627
18589224
26238927
5088786
24131993
42223235
32577701
42071550
15097263
30395967
10931264
7762713
5896033
37531837
24812701
15917182
42903025
18039560
1739918
22351844
10294831
1781737
29474360
17061122
37703386
28736073
30820910
42545007
17648260
9124107
39075789
42809930
33755968
6811197
30133467
25757119
28966290
36063781
16636091
10477307
11574093
23994193
17926922
20218127
9496919
15195582
1159337
36244579
10426997
7511273
25716374
6589846
31847230
9381633
4682233
4407030
20689087
11311774
12144872
26684498
38181563
42610685
1160948
6197677
13158993
14845391
17131696
16990877
32948485
21298316
2172000
4236849
16754506
1339157
23301059
43226709
15837648
14299774
42323293
5899934
42806540
1032890
12646406
35676078
25724380
25337953
33100672
25193698
6420632
11538644
17696800
3118291
26580602
28302309
22433583
4717571
35136906
6691666
19834209
20834858
23627887
22548420
22146542
37703617
33636672
28405794
4042535
39686711
11387540
6785365
11385205
30719469
6261196
11082635
39027736
26144284
13607897
9887534
18785839
32439250
42994226
12038475
32437330
21932043
8943106
12330176
32014510
30264869
10206599
2800738
37044643
16545904
33905846
23758357
42228760
22016331
5211707
31489193
17311817
42774270
25155604
17429129
11230627
-637496
30990916
22777755
14481544
69195
36842828
36639639
30055975
26404329
19014212
43152641
18352893
27180084
33112858
30232594
4388999
40693357
20348346
42741927
8425079
33726251
7885176
41585002
35941125
12906457
10539683
30283622
-700016
28529310
23965588
24344422
11308156
33167733
19080790
26781818
24747413
28170698
7190155
32367493
20456454
30429379
10757369
34525102
19186849
2626092
38437110
15176017
2160759
40194917
2533907
25173869
9956755
33275153
28380329
30320470
648622
9525473
16858130
1316999
740366
5633439
9781192
33471366
18394660
14774336
5634290
21902580
33159648
38998732
6314157
22065344
41363672
10486276
8074103
15274985
33344210
38702369
35887607
16790099
16433590
8797800
172682
14090802
26923262
13342464
35453226
10406205
38353066
42190603
194620
39188728
31317912
17175769
33229528
25265509
26990200
13034530
11814641
39434300
39962468
23328292
39518301
34807475
42029982
1337328
30600715
93450
38885827
28246718
24820693
37693436
24460420
12667323
25368366
31758293
36080768
25689973
28787049
22485342
34934566
24840410
9039114
4757304
18393664
26285610
19801746
10002256
13717489
27429925
12856591
15211270
9929519
30964036
3061399
32222815
26661924
1548221
19424255
8863537
38340610
911420
38450344
-898231
6663743
31337098
24860119
22899077
-931063
20458584
9627732
8632559
24560654
30610191
34627687
8568328
24206187
-302616
1963121
2189117
5566801
31789187
27464823
17876872
855803
17663362
2629485
11622505
13134522
28539502
34579058
2064006
25413081
19187208
23107250
34601258
21507525
10194650
40823867
2101522
20900255
35349787
29385130
7901349
31359479
19062874
25669818
7235939
20218295
21835513
4631668
15000634
23209044
21482563
10494702
22678889
40168478
42591841
34160065
34918685
29586233
28194777
16057727
8502220
3119954
38637069
10180481
74299
23209906
6513341
16119838
7216251
1002496
36247635
39255770
17885422
26751042
24322085
35955712
40426537
2143158
34772210
-180224
4279708
42509115
33156004
2087435
13003953
29331730
34915360
10970242
15865380
34200951
16270035
4423597
6773499
15303522
15299268
31633339
8320433
37555904
19101028
9958421
12762554
9630409
9016608
19281261
32068001
2206419
14586950
23746575
3055366
149021
13425486
30360333
10945534
38602250
42263076
28550698
13377789
623490
36225026
5520295
1192027
29976642
-355008
15185322
23374085
24512616
13608190
1355091
12969493
34005972
40075685
11165365
5005927
29841290
10672354
6270468
17216769
8504922
25770505
21263394
2608555
6831872
11551276
21241378
2717805
1169914
21411925
37797147
2535663
10328712
15957951
13606890
27314527
23731174
12797638
636242
29497508
23465039
1961111
35845704
10190197
20760036
3559079
25203785
4243896
38773631
39379743
3652141
26732515
27544305
5952894
29397406
40417826
20797467
42639943
3799173
19613643
42279530
24763530
31741117
23862500
34028354
12711846
24127587
41198113
15828148
3219452
3590703
2124820
29208814
36934366
19795039
2344215
9326504
12451624
3194157
15659163
32365183
21925563
42605807
14081584
31022403
43395012
10842579
11778254
16493399
33102069
7893690
7971796
34187328
37923393
14481436
36164499
15613233
14905926
34803828
15450015
19853280
9748012
26526396
21343344
1047952
36327398
18464060
40243779
37788473
1935998
24227808
1530047
19799398
32025889
10571753
39807418
11283421
27016993
33733271
38017181
5147871
10708816
35516753
31509904
20918635
39317438
14855505
28873902
-949617
38413193
27174514
33089011
38256975
10571739
12250409
24138871
9432527
18431635
19287501
24353395
18165428
4001070
26595479
38436186
15408130
10940805
27264418
11557641
457862
26524191
10012639
3298829
33853988
21649455
30455289
2674991
6676330
27174044
7719030
24177279
41925387
35447772
21950829
4343034
13735004
5750061
21675313
21034447
8537654
20222063
8183467
14832500
82270
9789945
38740789
296057
586962
30984366
24916429
15026022
2933371
41621051
32369763
35733189
2738219
10174683
37442700
14767012
35980822
11116630
5403280
16946289
4780901
1752231
33475319
23401059
35958791
6546531
39113892
2044214
35988834
24928843
24143036
7685645
19945237
9382949
21318625
15542930
18215561
37842854
28152353
38016860
43328249
28468838
13096410
36016912
38684314
22627789
29716059
35721787
18390655
23043113
12081654
6016557
22091440
37977978
40650704
6550129
2755977
14446111
34131232
31497694
15005827
2041895
20391497
19740280
-292902
27740132
26965348
10041980
36546220
35165306
15605739
29580029
42522529
31376324
14407972
3393045
42240607
6820909
20678716
22469154
7579791
28966351
16068459
32224721
42031610
34725887
43298464
23642687
32642478
40366044
33919037
30137830
41093333
33719108
14028847
26942818
16853237
1492406
21792117
1219836
35179100
19951672
7419717
8366767
29460835
17165462
36466613
39869643
14249734
2546445
27309703
16208032
15412403
23506412
43286770
39546911
10053806
5640318
18361122
13206440
31801579
34239108
31375425
20347353
10513913
2202774
24211337
2120991
11746726
38400487
223399
24843730
27103182
17449297
38468758
39008939
24244405
22443714
19884161
36192684
23710267
-980557
38042867
38811223
21382252
20225437
27770356
-460258
23262420
14940038
30767053
40907904
28847312
37522044
12089087
26421614
13034263
5547481
720649
16480398
9333825
35387916
19528883
22708960
8810746
12255680
-265162
22495003
15731667
33329509
42120913
22376538
26386040
29016598
3677590
41983792
32167300
14517201
30885479
18693276
4556056
25473869
35103424
10404627
9886935
1139594
6676801
6117406
39788578
34767539
36772766
14540528
38378767
24911740
5317851
29465138
5241012
41579839
43465075
8817237
19389365
24419870
4982398
20499602
20660839
36578820
11467290
39123901
36713515
-677459
36835741
1400252
19929062
23709189
21061849
26505505
9973785
6586411
34009507
32301575
10130554
43175631
43113219
40522525
18599517
28214446
15747745
32410725
30119555
35883836
27301831
13359258
36268028
39616360
12808437
33706145
34026282
20421420
36364580
-461483
37550214
27863220
32677997
31832304
25083602
17466676
30883577
36779666
30116729
35694067
2633188
34100847
32295173
41865129
34789541
2231829
1449691
10490545
27145792
12240705
10009542
26095822
41351898
1754624
11624539
10140681
5706065
6960542
24841577
38777093
32827639
-379278
7077200
30202001
27157608
33140213
6781986
28019929
22756544
11062898
6558829
28308490
19869632
37100008
38024919
21561593
12428419
17029541
27287928
23269597
41312873
9890825
26067169
26671922
26511922
18331133
5295390
36690532
31005375
1185892
14932722
31846022
42990330
21297186
23609336
6210583
614719
21710528
12164405
43260946
36315032
2736709
41891452
4690959
16355103
23725447
42656823
14853613
37792923
29678272
3070728
-520485
42302406
28996625
5595072
16549759
23802929
6318476
13417608
9959986
28591273
37131432
18759770
20088304
12683207
16210758
34676621
215351
120496
38731546
-842335
19244005
22897156
28294619
7155662
20146698
14092907
35551877
10183018
35736159
15537404
25455969
1088197
22284485
16533048
9634351
24675967
7837291
29271711
7383398
30478288
32743868
42439197
30640233
4041343
20253856
32135909
2561664
14244452
-404839
10202607
35307251
38581825
7729190
2792283
25599612
36195619
6446315
21866021
21979682
40846034
13228596
22618531
31903149
24917222
37030778
2980589
23543375
30798666
15073552
12921465
23572533
8040016
3759940
41213240
34863359
33587313
178631
23077340
33094480
20586759
37564001
40002303
1644748
19996862
18277924
16163697
26533596
41145058
34629818
7945193
17925679
32841297
16482925
29747201
29765399
35819556
24192057
35417585
33843476
22965115
22724499
15210983
12280869
34562269
27748094
14650646
9761353
10834625
7502955
42001701
36913088
24652140
14210121
31909563
41994456
17681142
13446138
12004764
14910315
36774067
14581760
15109006
30717439
26616774
32405029
4755263
37990504
26274901
19512513
21064904
6105943
18641320
33664165
30607991
1635167
18943492
41508678
8292182
19424125
33169876
10742241
11255624
37028325
21969688
18783707
2662459
19740772
35239455
25587033
32789409
20652095
9162657
35145358
26018288
27836542
24180197
1601284
22474776
22715818
31236116
20961973
4075828
27359008
33337982
7688846
13436282
2033713
4800893
42604743
9986320
24470100
5849316
32632795
37359271
14565473
16268002
32160588
20133475
32507756
27685193
308934
16535825
-400122
23311525
12589322
42766831
-15433
20097605
11207873
4474591
26953301
15342787
33367903
21957350
18629445
8355088
32648568
28021464
17226444
37971312
8929781
38126974
42662113
31372534
8649816
16366460
5239612
18256880
5160914
8144803
11037995
42024450
27595611
32418052
30288775
42031313
20940482
20934775
11133788
39200355
7143016
458162
26196188
16960612
22019415
16939993
40766198
4234008
16424679
40048735
38289507
9187770
27514071
39070237
17381509
16939163
40279541
33047618
17830475
25442069
32892508
3105313
20051611
4050195
42926166
14337989
25716450
24246975
22756204
2124619
25531626
3207796
13813972
1375175
25398208
36908788
18110781
12088499
39488415
15320718
25536619
25154540
13956941
41103171
33276747
16529617
14697711
22368780
23865907
38688521
4470530
12010617
-584186
16601487
21764276
10823783
18728795
32901787
9389146
16540046
37030319
17245313
13807180
8991384
40191618
2046160
38134888
5453147
20910361
14632119
12735238
23034492
16829412
11059908
24185808
41197551
38342884
27886217
26572883
33543374
29991396
38055856
1142490
41407986
21706688
39309994
36573508
8760039
34036617
41533958
20786974
19115140
41063785
20664606
26125823
29510402
18081676
3891679
22416700
625786
17334833
-758218
35985837
4912965
642477
9155603
24838346
10568361
35017646
28721663
19048508
1185540
39890889
23681122
5490996
3791779
25174208
35119267
11767897
13913600
13695190
6725170
13468230
4312267
1089815
1987809
24080206
42947438
33861881
34950341
891953
12689400
3185156
10791909
9926019
25031726
40416445
1709746
36358246
31647330
27294207
4288949
41013479
2868766
10451449
1051931
8186326
-833220
19621631
28935056
7313182
15716724
27609665
20021765
7909788
13374641
42538619
36146730
19715531
34543918
2886299
39018497
3868413
31877414
25562644
40148015
17146458
29970337
4578258
29824778
29480229
22579931
41524678
27738663
29424868
30559774
29679075
39525870
13114721
33583802
40799413
32107873
40241349
11738403
14541178
33736108
42184201
33907374
28757525
-853104
34787265
-256789
16765120
12618271
35101968
17394655
6765965
31740638
3912718
14893543
40466180
10079229
42785142
10937186
41511891
20263762
10279919
19767997
21261782
13249779
36669400
33289998
35234093
14161759
29057229
26953592
18482338
30525000
8553014
37896695
5441283
34814255
29588787
29961335
26794509
38069655
42338148
12714035
21736084
37713278
491393
10118997
25913255
16914471
7756343
30511227
38252968
35894861
6822
39983242
11364930
16023650
42311842
41799465
750796
10956710
36316330
23839430
4839577
35244269
6112375
23862098
775521
4675223
25679735
22926277
33738737
41744082
22566099
40110372
24707983
13717296
19376081
20693626
-934963
29116121
14933856
5682096
22475103
6261730
25476484
27322864
9131781
20346232
18382648
37771860
37235537
36961724
35591382
33387522
15449488
38515004
31570126
8844712
37345874
7778211
32465756
28553529
43114106
7113100
40592381
30399936
2860811
13857731
5274902
4761109
4249871
26630143
25326958
7801608
37840718
36026249
40203515
21608905
26849523
28561880
32551963
15322315
8558919
22345257
41461221
9900779
5774136
30161792
28388010
19418788
34455477
43419281
32649602
27326205
6479724
3950711
31420675
20350808
34855636
10938641
21982046
16301198
35935724
41917318
3732216
36464986
39789692
35433616
19940316
34631461
34348548
41580059
39379083
31601969
28893086
37880858
4516370
42055402
26947706
-45979
20400351
12592520
-779458
32795497
17579036
26226678
28897973
29943854
43435800
9607867
33040013
31287556
12987665
42398623
16700851
55931
27074267
10897628
2059129
-383930
38756199
28520700
40477240
33087215
30764209
26628453
21681128
26481057
23888097
7535093
27708835
29114804
4794143
42834170
17045595
24322482
28547206
22327545
19613645
25338729
30760215
3247875
8375475
37111534
21552114
4160475
16069336
10106547
14641919
8496515
40686925
1131461
17557781
11457121
8044891
22575266
-399483
4221881
41924437
42909967
32504913
5704948
9450909
43509406
37328584
28115602
28027500
16923860
20334925
25496057
14614415
942957
24671173
6283338
17851548
16274918
12956125
33056914
4693110
403760
9030458
30643707
4739773
34922300
37488921
17527678
29568669
296621
33600553
14330562
5819450
15801482
18424507
12841957
16496969
32713504
18582730
14314346
15990137
42825931
11017961
7103114
28734969
21044556
38609194
12803529
-162986
20616515
33832701
30831649
7403112
9596945
11523095
30531387
6079259
30898299
16798441
22404669
9317840
34731286
36647524
24672850
17197372
38624294
38554894
35129439
10570441
12354970
30454692
20005378
10764943
30669251
950989
7688394
3329051
18283327
10699997
42599693
38634113
32988432
11280183
32268073
41537321
9340440
32043905
4072544
20781914
17127043
7336668
37360655
25376566
31954450
26250730
1159093
10274805
5635914
20707226
38403033
11097733
19916828
689013
8767953
5641663
35227110
20486717
19162079
23913023
-590020
23348618
33238500
38776813
23771430
40931950
20698887
19921211
2282474
27691396
8269423
25848620
31468894
26622053
27302793
21403706
43069796
38893243
11052576
5628259
32895701
8823479
19774959
2625919
33017745
13493770
26269948
2818335
37766534
32894499
38295622
5717710
2290181
43090711
8078612
34701476
19702393
23599947
43524540
33352313
23197801
29732703
37113506
22388914
10414212
2277631
31111433
5946850
39945364
38364068
16086154
22393739
29269954
24065074
35718665
28687114
42055355
1200290
33102896
4195277
25156951
22542037
10475182
25849033
11982086
6773925
14047502
5952089
34616069
6667155
10293232
9539868
6278354
12039696
21816005
41723445
-228204
28661064
13235782
38036119
15494304
41706337
25114517
10514491
26575432
41799440
28837633
29029819
14457879
31104332
35665686
26115477
28951645
13362719
7896781
23171732
3875969
43462451
27746412
3105953
262649
4078203
10244571
1392036
30325042
3354480
29656327
42640594
23155744
5098729
4741462
41554468
10573417
39912251
42013439
28472944
39054581
14202455
11485551
7623889
30184920
15800942
8765154
20261523
14647357
22730497
40661889
3706454
32503227
37532907
526455
39029473
7460279
12263409
3719152
10518815
19898663
26919069
25097398
26940573
6859716
35794132
37252516
13060480
22555252
43165296
36079796
17151741
15165768
36915212
24876089
37106608
5073804
23421738
40790506
11095838
21736489
1722729
19057990
32288217
21076327
12971840
21019790
26362639
5939069
40250056
34209873
15318584
26037011
41848321
23256991
23719665
19705910
20126352
18071357
6342737
7471339
10210720
34370353
39352349
42806307
31560858
18151749
23089461
19809284
34760103
5196099
33931803
15828911
14406351
41155405
13771648
38481669
27165651
10882008
22381497
13804262
14315706
2850672
37923661
16207015
17480526
23733722
25087275
12066063
29046876
36777356
5544411
37287305
41367713
20392124
6282134
14705693
10018625
4461718
42818067
36149040
38341925
37234454
17578721
17669396
29847470
7058586
12155482
30010697
41387487
40060690
29496536
8095144
18898374
17105450
3964280
38759528
16569769
3184053
2476573
21142623
36253523
43120918
33586060
5807699
32308646
37186593
1449728
19002694
37853780
37976906
40710844
5972560
25144822
21826804
11277556
38482978
1989265
32023260
9787446
1041499
29128946
9384594
18666525
25003600
33795204
3902838
31692419
21043506
30031689
13333041
43507876
41475902
27706722
28352419
4127989
25609448
9985107
5124223
27851642
16610988
35392579
24557283
41173607
6648407
25976944
40003229
7381366
27931956
29980890
33359484
41566707
20117060
21994883
2893809
13628314
3642833
2846633
1773719
17600957
27794974
36392852
9880228
10106232
23478055
35146501
8762448
34567017
40616860
15758365
42551361
21049357
19866729
18699622
36981528
14837781
4686465
20240789
634169
42343188
933174
5169702
34651565
26759040
27561532
28424672
36612771
3767240
13635481
9046352
3330382
20730503
11534533
25782154
27377847
6974958
31188522
21122680
32933337
21660328
24633162
26580168
20272062
25730650
21976060
17451873
27580223
40435374
1877011
33871998
9678855
41247856
2999205
37022854
33234453
42742311
23442743
12414896
31797994
6652453
3360628
20333338
15967107
30981700
11957779
26310499
29592648
12550703
3817649
20033892
21401435
20329640
40543245
4077047
39076286
31051553
33130179
1572781
40147223
12868993
13331733
-693233
42410874
13712379
15598383
27362410
3477513
19769742
25536394
1087779
27804263
7425674
22906948
13391824
20750408
-73640
20800922
38691441
26650941
25831146
38314052
6697163
39001459
35921398
35619423
24527507
33589075
5743415
28834188
39145398
31817437
6871770
23165648
30702972
36701230
29687941
2412532
41401871
-345229
34454316
2880479
27673167
4778508
12481017
17623608
7564880
18075639
28010473
34580458
7986591
36585073
16162647
42905259
8259241
26162682
30383575
31286878
7150414
15234029
12409741
37039539
5498388
22095174
24686094
13078060
37560133
42924616
-791997
38358734
16594090
16104338
11069305
23636601
33325787
33101728
13852088
3334919
21902017
41303254
6198027
20980013
22276462
39130046
26331497
-832317
15847648
11615752
33981378
29321813
15616329
26886786
29396409
41924117
15324585
2602802
26974538
31419787
6076428
40319176
11694493
38523328
41341002
34462904
15349823
33534483
23832664
5918704
38525217
16263893
1448063
18949859
9373865
2433858
4205571
41226991
11459083
3572780
42283771
31503792
39925290
2048281
24103754
16252761
29626171
21026688
43491189
42697138
25155967
41795515
11962285
26614228
2378702
36054841
7541845
1361509
17772925
39819557
23366525
17815545
38745232
11532268
42608522
7151849
34354598
34788949
12922975
24735067
26277676
21171435
30046652
32993165
24729523
32667783
10685949
14308884
4600793
28359097
28464211
30901256
33531327
39329054
36210051
-696903
29413256
5076678
10523318
12072735
212247
10708609
5949588
16734807
27137886
42634862
34665051
38749149
28907789
37618143
38244484
10673935
2240996
11351424
1019622
14784233
35166353
5381406
34681898
35804126
13955477
5119747
41220134
3857785
-465793
23381253
19379836
40682580
40671938
23042061
6242713
31324921
41071998
139806
26119881
32196615
2673984
16947801
26746727
25545168
40865322
37386034
20899916
30282315
40356428
33804587
40813065
10848970
11557011
41278056
20735384
27307733
13530633
15668314
37043197
42759690
14774610
34579746
20997609
37369753
1265996
33736882
2497313
5746624
4857718
23942868
3108498
18991017
27379049
14589446
41177192
42429278
17191849
13904668
4925459
20433733
15962911
4996889
21246099
14078138
31397757
10416282
13508457
26501449
29801667
7528691
2288199
16175651
4585014
26003424
43187136
30635626
796635
26529692
19618985
32223595
39603042
18792952
33869088
26357960
29067445
22784675
20353260
15652407
29438881
22064603
2704235
22529158
85759
1835881
18840152
40884277
34893820
9434261
31621999
10409454
42189830
1501212
12876634
3339175
11749434
9129336
18424084
29490281
21894537
8032631
21547802
34673389
16962317
26896843
19640332
12273389
39746428
38691732
26981965
5457643
19150966
40625335
12034998
3893266
7558153
3050299
31132608
24331272
33654636
8042005
18318214
4237476
17606896
960828
13666705
28809477
6965317
18737979
30021197
27729212
9627660
683848
3334903
27877659
33634897
22468885
40529810
26853213
19567168
9947664
39618226
26756543
42346840
1211793
40205345
26042963
39287994
16405649
-441077
20177832
39816857
13460720
28618975
-249834
8677518
22865406
-24268
39795827
21349233
26516920
24748361
22663918
29609806
26733460
31743286
-954712
36492715
41317647
26618992
19790889
594137
1145628
15598303
1906364
4195983
37241194
14925868
9556415
16038
9613127
29914190
29613441
16475493
14451882
14050956
516038
14376647
43269855
15320376
4871283
29228823
4287640
-814193
37489504
32782839
29999965
13642660
22940950
27376852
12188951
6171213
19215022
17810625
34571948
43004789
38333638
18544768
12665274
19478479
23916112
32954130
5537672
-215273
10977795
14570656
30191694
27332022
21624507
28451287
24562631
3935711
14381565
5127085
-884068
8333846
-327320
30631307
23447677
3036130
25605907
22873363
26934481
29825244
10171000
35521164
10854926
41962508
13162068
19277645
9760268
12942437
10006414
26643662
18624595
29185218
-190748
28236089
43371731
28612739
40563866
42084320
33637832
2969868
27084389
37116908
24847249
36247346
43012470
41281649
12225069
26388336
4449102
15855044
38148794
3474034
43308842
24228055
12311425
27486337
1321616
28788869
43361055
15626012
26458913
24942793
4652198
3174545
22747639
41052631
25275900
14294406
734612
15602132
35646029
6643680
29682147
27812767
16472736
6293058
25041215
27932465
39580781
7904413
15869597
20109392
11611262
17347105
16580397
42535423
26251279
9310899
14747155
32684790
38961698
30992036
7848894
25899837
33706946
19749412
34594292
9531166
-714951
35221271
35676076
26355072
7220234
1625523
29091653
38369205
437387
39692451
20216704
2044687
21708263
24508893
42500761
-383646
22800760
21383660
40385232
18959833
159593
1788642
4205481
8518527
40310607
11858617
24639410
13818694
23516268
1485733
16751281
5056180
24995937
8079883
10264035
27276395
23410353
13041273
12473763
23828535
3024572
29931957
1498646
20021436
14359116
26146321
20029767
30194430
43460098
14913510
18067912
35357270
37930779
42759782
22174071
17945916
28274163
12272905
11780128
23729397
37420461
708301
17448565
23762600
33256945
26741459
10148296
11609699
24737067
32880650
41919927
42914800
29707826
31268040
21064809
34156832
28117855
38937951
11231939
13342160
34152668
7646001
41761041
8549867
7629179
-333164
11740149
36740728
33742041
38818165
14249806
30088623
920493
4791767
40997099
8055540
36594562
9878207
17340594
16018595
21626948
9638806
19862426
3700431
648164
28613909
16353852
23048594
33298797
9017914
26186934
42979033
42777733
22956623
10672888
26873113
5457900
41531499
28537823
16400076
14906901
5273414
7685927
23923927
21863317
17333766
3372786
27416484
13440424
40679836
41330104
2190134
17635117
35880890
1524006
2037164
34436921
15158923
37856320
32402161
358380
3219723
38702290
-525253
6258033
14536400
31439257
37521225
6235237
30754341
19608476
26004468
14095473
31230119
-992899
6790207
22672886
8538588
12248187
4280451
35261709
24579545
19830977
23423396
5236840
32449018
31888869
4470215
20057225
24003389
-930908
13005375
38808462
31805524
38809498
7268298
7065169
22190912
25847972
17368821
12932955
31485710
4702125
3959005
-312602
38877610
21799055
789758
17916940
5961562
1202330
15761654
2170906
13915268
36359024
24764322
17995629
31346850
38723520
20258385
20380567
32497348
13282002
-696906
7107945
7519045
30487731
953121
4716240
909943
5614531
31657845
17683834
25950773
9881261
18406096
28596835
7099849
35331741
9447848
34860472
11279660
13821292
40887449
29300931
7147196
8388166
33517573
31960659
8907704
8577174
39514855
16849865
14248080
19901808
22832507
245727
19372019
42904519
32934893
42250187
23490517
1183310
35010778
39500465
7248022
23904303
28897308
1118010
6105863
21724659
6317887
27054730
39514688
19550463
2001136
30900037
35950171
19223360
22438557
7068367
11323113
17035185
10780142
43400954
17662078
38833459
25894854
40485222
5118702
12084043
8943786
16229075
39557545
28811334
34608597
41762781
32966962
10064768
32033899
11757157
9414475
23954640
9097206
41284861
38548186
-883223
27044580
27185761
-281664
17381673
40462893
4918056
5340466
32017644
21413356
21981058
10438677
25617460
34326084
35711831
28607562
34542479
41153700
5637352
8289531
7868852
13299118
37207642
29127586
14363241
13897779
5053324
34532596
33455807
15169539
3694794
6655804
7084780
15959545
39894557
28804728
1642190
14985385
20882971
16926531
-948063
21393423
9656688
30996026
6090641
-634689
18236449
15782385
27911741
5366061
17620939
32820747
18011155
21540147
43126894
41355170
692801
8145528
4174906
38682869
40838409
26581167
25210174
12163470
11185165
26781526
22463820
15170556
21107152
15495033
41132255
23878250
21657906
34922654
18538089
1238886
25385831
6535177
906579
10085965
2233952
929887
20838664
30908075
8255432
40920926
28283727
30626178
2208103
1287977
33821645
4005262
5121389
17844778
9930047
40395329
21240575
10892648
3337227
36349914
42408590
10480236
1995755
1853908
31809993
17986392
9302538
40398221
26027332
35349220
25213098
21221938
7947118
41105355
10398846
25490605
12922909
42614509
20952941
4601701
6819781
17045185
43288116
30340884
7970006
18518563
28977142
33525192
3510004
37658378
18348785
23690850
23756682
7527410
29524733
14191315
29681390
17665717
40488218
32443239
8104512
22430132
21338990
22934463
32020808
15308970
15048132
793745
6443212
28234006
31651164
15350025
25838169
19561306
27317869
37218170
9630552
41423320
10955957
25954180
33712629
9102693
37719749
16137353
6279161
11895537
277331
15880880
27751230
25145227
12235777
17610575
3874933
5638873
4456179
20264922
42066987
17965838
30093638
27670540
4142027
26422704
19248528
15190118
3888324
31562536
25756305
2074184
18857252
41400465
3622580
3844010
5686961
21852681
26865764
26967649
24750993
1617896
11657680
13987764
31711680
-735207
289503
17279529
36494745
16641863
20805032
32583566
9780458
8697582
15789299
37496103
10208417
28242214
18187026
17744210
28626999
18163894
36266157
17115521
15304230
23379030
9519412
9061107
32006394
20783286
36918958
25124928
41584302
3264635
31513956
33707464
24004951
39065574
31852730
17414377
-69246
11465964
6199583
25059348
41103139
2793536
3619890
18984908
40211820
4817169
16152208
34379550
31911781
43060594
6217586
23332354
18669578
8795166
34133294
28729799
42456384
2395598
5943177
3515602
29533788
42217080
30020631
27190558
10675165
20238153
20310651
16535481
15166070
34357528
24374698
1367155
27658292
36753229
31075919
17700717
15642729
39731026
1011501
24439084
30772120
38419368
-802811
667957
24070680
5663648
12196614
24336995
22573427
12081838
26867298
43418187
8068001
39823099
30308422
32575574
19992922
12814177
42818888
13015434
28391236
4486093
14355623
1881423
5850693
21769798
15835004
10975652
30381864
8308432
20343207
31259452
19871001
9848425
38049731
10211676
23871818
10173870
68259
36147009
40837198
7440173
39747793
26926795
31637748
33781115
37356808
20836056
24454179
14704165
3722446
42868500
17989261
23009388
19985046
18436870
43278437
2565637
25852504
35818110
36688246
4626027
40164625
12736420
12662902
41891927
18990337
26314625
3945983
9658933
25293093
21291106
22959657
6847006
17793090
30385232
15445710
30933386
1621965
27711166
43086455
20966447
26399416
42723742
14398211
12590858
23367232
20997885
27922615
29393216
18864538
5690965
14360776
19156034
28019411
34617324
1643974
39094339
19843758
42115389
40631330
11001168
21394176
23154262
28062348
7188018
4895250
39371100
1000028
1706086
23581632
37445994
24023658
13282931
3162899
13791368
4641047
39668444
27595011
-977189
30543437
16958031
24435262
8120348
20481941
42373212
39370499
19068057
24756593
28886724
6755050
2579620
35621167
37241432
29175401
7402401
30266942
26632662
10868549
3481213
8095125
41999221
12413519
13668067
39859236
-790991
40140479
3062048
7931580
35746892
20824777
11096127
1334526
13562873
18135479
41983301
31437517
29626356
6936517
30239386
28371962
17251998
8619204
3826310
33112411
4437689
13226554
26174811
43138072
15656296
11174633
29782537
8427619
36151831
35316650
16687060
11469741
25383063
35916000
22672019
31616726
15623252
14573899
8058513
23428615
-726897
18684953
4032749
28101822
32700248
31986156
2751320
-720016
20430213
31370746
9632360
14066553
4115101
40915358
25449847
20159451
43288157
40739597
7874276
35791962
6594316
42379278
2390626
4520624
31028785
13200162
18072133
30571140
7622620
9143890
19822938
3636935
15561421
24536996
23748342
6567025
27447507
11798938
9386001
22680032
10279841
11802044
11478231
5515830
25993281
33660534
2869793
38891881
27804277
30575782
33676160
22786791
8577541
13366654
6548289
36051701
14409108
23402829
6628531
25311596
23189762
11834815
35594592
15371592
31024048
23398007
4242156
22666939
40451491
16368974
40755895
12219125
25185693
20824878
40469808
7131542
15537943
29535422
26981105
29979012
6149750
17745549
42882489
43121558
14422097
35377226
38382562
22881626
34062458
30952743
15501836
15661263
27341503
30912232
40499883
27640066
35641085
23066750
9181884
31922216
29965599
20049922
32541366
29724712
22705630
35298929
31382124
24906313
37611724
6947814
9946515
43007176
27375273
30794416
23482386
33398802
42546483
19501743
20192625
10554461
18247741
35121595
39295579
7767509
9065871
17432668
17267842
35378322
-738730
4966013
-302762
42126183
23584483
3202968
11243776
16696187
23038178
6877173
36190396
18270758
42976915
42150847
38072196
35282468
41460445
31259023
38336681
29241973
42183728
17585802
11930190
17667227
12957783
15231425
13816452
40637820
5032752
43462849
39132295
35253702
2681396
15944731
22600746
27308167
2813281
39546747
15032348
19258748
7227599
29826333
4914168
18870618
18671649
27679129
41002707
21069857
35422920
32480905
11156437
42259117
28235744
10615896
42017665
24082596
3286847
39391469
32624769
27155607
33872652
42457841
4559838
34797262
11377225
17839317
10629717
30494072
25241566
26407397
21049197
26565984
10766133
21781222
26436397
30085916
40608091
34218216
23383723
20661417
25533927
36037723
16517253
24038461
6014407
21429224
18519522
12738501
33618244
33111842
42396334
10243500
14111795
350527
7440619
35357032
-486263
5109827
14555636
33027678
12192991
23114874
12094407
8391909
13034469
36920121
38039216
17445900
38131180
30679704
19989655
26456794
39347421
13953908
15950637
17473598
25345709
39796894
40485087
9550714
3380278
35045599
25769651
32071902
25640862
33207805
343062
8867998
9594850
25935848
22586782
30284068
6572523
40982927
1576974
37255838
20777599
7651236
33863957
32025404
36887012
39946506
41735595
3293266
-82649
33429906
3011438
-18584
22784326
2655857
9025008
2418339
42832097
28277271
2355438
5269338
23586930
33879103
41569033
36544086
32304016
27206074
8886315
24903156
13244778
27978724
26343782
38452749
24888335
39935624
2398750
1706385
30969338
9858733
37715826
2967006
4869528
1520805
40049464
17232845
3495448
42913299
32516746
457149
34083593
26355999
6144686
26866850
13826210
7814611
39591934
13181502
147393
42323937
2200524
9534306
39323282
31242498
25922324
19527064
38078787
15685098
38987870
29878833
31004096
6987897
4841045
40052182
19140847
20248939
25521810
23392895
-182091
28675294
15464795
16005641
41859820
21676324
15977762
29382530
35582407
14810338
15599913
8077659
1768236
15583002
41819976
15713687
-472493
20203250
41804880
20190696
9733360
33493439
40082663
32414964
15884873
15822608
141993
22017550
25829113
17344763
41868694
38228672
17411314
4411974
29720651
22777978
4416213
26184243
13025408
28750313
13454257
37603051
6105539
17524766
7168896
30179274
-428530
16876875
31779222
30894972
10760788
15482689
25032802
12470685
34112588
4290232
20548197
14349592
1630682
5032973
11341245
29025300
1352166
16628588
33075983
41735170
34897938
25874016
30302364
15622610
40057027
-901112
26948296
33239294
11049904
4764943
25542037
19776205
-394468
-885878
1783099
9782721
5593089
18088828
34664304
8978514
27595254
28600884
31022464
43279105
17564086
27753295
32993859
28509947
23679300
37139852
10470892
23947761
22272537
19755147
15008752
36413634
36369140
6998766
12412196
39624660
31913470
9159358
31727975
1771697
18899596
10712453
17527726
30065856
4183086
35591962
24285525
9439665
40100955
21692317
7219585
13730183
27669204
7349205
18488791
12285094
17614660
19551718
10742832
38514211
32965440
19312114
7143847
33554676
518998
29438845
35247093
4847840
24316338
8706600
15666463
17919861
5786692
26647958
32662635
25009008
2508603
26331102
12333668
23000738
43037179
5398587
28665755
30498570
39988704
34381049
25673711
19089386
25283137
17591564
19038574
19909480
10598507
39004670
25082839
40295009
849697
29001842
20935484
27607341
9059200
43117364
17751132
24557879
22536759
-664825
43141372
43211019
11538123
36974186
34950045
23821918
6373392
16139187
5679008
17090368
33289981
25734931
27401585
26783387
20807077
30599560
14822678
30644897
7025321
39478089
16697575
7697460
18228236
5077930
25541715
25867168
24328970
9568306
30876375
25148930
35517656
25865430
4076001
17603452
32421799
39893289
36881535
19388842
36382778
41030998
29132146
4543496
6661841
14838938
26001548
2542476
29262917
1641954
32027285
40794510
20750231
26761080
41106541
19574015
778666
25354766
7907996
13631455
21512002
17452805
12234559
19502479
37319706
29764016
25319706
37068294
27348681
9706714
4572274
38727135
12634382
12802776
38301129
43046132
13098868
39510661
30947663
29452710
38219981
22494908
30550393
37468293
17886697
19519796
40338866
20258547
28487224
3417913
35374310
4091484
33325367
9104200
19994418
1511598
19621994
21586508
3116493
19395200
11728309
29912889
38877374
29760285
5657684
17133453
31720295
34402110
8562133
2223649
11922945
23002003
33242515
4734051
8203325
32009770
37458080
41658609
8718845
5140694
1070371
25635725
38586283
42270795
25304289
42693629
33689402
5152576
38540450
9560557
22862515
34325331
32056979
43452921
40776689
42968656
10709071
16058182
8461078
12510910
29609051
11298075
22830799
20146902
31452195
38760079
12297959
24191445
9838947
16978145
-34823
40329518
14597384
13504847
20548310
24022405
20818131
23899452
37236701
39758377
7000249
6776608
29321439
15969648
17230557
35044851
6611318
16185561
25383382
27620326
8690155
31437843
18725264
19807314
35343994
26523063
24702091
35908715
31973660
2416107
7785535
25768376
23721832
8165433
39184625
43073808
20106617
-348573
28811253
36280469
26752282
41947845
21119232
18824044
18904124
4695072
1299377
23397337
30688991
30793915
4800286
4092896
31217820
13828407
7074718
6701157
7016764
31921301
32320359
39931229
4341145
836659
4336366
36617742
259290
12361020
22326012
36880079
36891322
15501459
27217677
10022381
38560134
5837749
11542513
3402166
16004989
36321726
10285683
1089770
17933170
10229851
15159454
30107999
21028334
6624005
21074579
5688769
36563059
21016773
28631273
41974785
39336660
9693256
40081794
567891
22365692
36151249
-4947
29312603
3972620
7916496
39384939
14001193
26704373
35872153
31738390
42123340
1089766
39594974
22027288
14987777
22057972
12615549
6630259
35402719
29889185
20805314
42146599
6470623
25352375
16804654
17296878
12644381
20115259
38528342
31679194
7641687
-320132
20934857
10810646
26187606
16084181
7042915
9820360
26938288
37615570
13973665
43400044
29775555
40502556
21056667
40998292
4435366
32098255
6138496
39202944
41991680
621963
29735643
36684199
3052132
41146845
25062270
4422316
32865389
12742622
15178160
21065069
41230361
40366090
42536753
14953336
25332922
-638783
18602907
37623850
30283778
24133275
19174026
36535504
15806778
35480784
16014337
38611619
23864951
33793946
10943054
2094889
33586163
7511958
28206721
30731777
-948523
13836173
3252205
21840044
15913619
16594298
41299581
43230515
9209241
43211677
16524889
5634499
21181427
4828215
463551
14627109
25367940
24717331
30053119
31922127
144021
35483070
14294924
12430064
13778602
21734173
36963808
2718718
19170626
947989
3507643
39356458
1631934
26162291
30863482
