38194766
35256138
37067341
5670724
10061107
1336048
17679094
43144904
-460028
27701814
28657460
21674428
33576917
86205
24928106
13299807
26995484
6335750
24275142
42657571
30576306
34092925
11431454
-653960
10882018
27155180
10592351
31244756
27251967
15300708
7138271
26989521
15651583
1317818
23886199
24971965
15837914
38851750
-621962
25337071
704794
8151600
18613316
15188826
21329650
23443886
35666005
41310371
34227581
898884
16337245
38831868
36085369
19319937
4679970
20787232
3731839
23585569
7113010
-89315
1714843
2465998
43527637
28036579
16295945
3197275
5006211
37256632
22295267
23430394
-140025
26039639
162756
38648113
17216143
13853898
26715498
24957449
33743049
42271936
1860174
14874798
38180004
37904907
3635937
2989816
19033593
7922758
21501303
26780701
958043
4629333
6371591
32235009
37361513
3593544
30609781
19764038
29317757
27974447
14894553
15668318
-463754
42978274
39882771
34026661
24049816
19274468
26401026
21067350
10749939
20830896
31951494
39359687
30819023
5522543
40921712
19352609
2626534
43255682
8973674
13229565
5963122
42352782
33864419
14663022
37643919
36071901
31143362
41243827
30160721
9277805
12037898
23766358
28445791
40421882
32908853
41913178
16417042
31005078
1673230
34349370
30748250
35291359
4847414
13807477
7742651
32267544
30237121
37541710
21339545
12596197
11976531
29112431
29983092
5899137
34194442
21607709
18647605
5932116
15855521
4138258
42304027
37132312
4701792
603743
-19272
35674754
8781947
30516341
-495957
10738337
3866644
37942299
14895304
25142795
14444773
30177224
30689941
23631192
12087722
27442295
31586868
37770506
34266434
20070237
9223403
19090210
5058521
39861717
40536921
10152088
22318780
24821083
43138227
27690097
17040823
8278251
10800250
2474933
14438787
28273450
39803153
30735211
26485473
40594893
27318938
22224390
37381930
9204213
-7023
21184519
13952059
1148379
35863848
14035116
38357263
3713704
10273552
10611812
10842423
3486668
35899315
42326762
14793780
9105026
2620346
3444501
27156983
29875499
3068452
16696088
22371283
7894786
24827646
19787726
10922630
5027034
17640521
1332375
6862316
38303261
33857507
25843075
4390837
697676
38885619
3119211
30196082
10041396
13848332
13758077
11964899
38950105
41511169
3785808
14422189
37130010
4954389
29212759
7431252
42584575
8503144
36960773
40626252
-885941
10820717
10175203
26895093
22857108
21693865
38972673
9593666
34998490
12906278
24742066
36382681
20560242
23941411
8076060
24137533
10049428
4238570
28277904
4011717
3461985
17739194
18121005
32001101
25411390
26131077
32555897
28760879
10896914
6624384
9362733
41068290
23126255
17221786
2328610
28213259
16830955
30412727
13779470
6638220
7962068
5935971
27684477
9451672
27842096
15807622
1392496
19069798
30715678
34167291
31500782
-105512
20975133
37942077
29852218
27348238
-941902
5529643
17036131
13814283
37374830
38345819
19235444
1856869
7558955
25522174
40638170
30267698
38426861
32110164
18825697
5788634
19593436
41900771
-829288
43188200
-245902
33304423
34767755
23945827
19029999
32252087
24621840
15318503
39595853
38341111
27426143
21640245
20611994
36069246
31698598
28049361
11808992
35892992
18940242
9082093
4431049
4286789
39758978
5331671
33759144
31884295
2966692
41358509
37189562
29192204
19259619
19824630
22905931
126635
27170456
16248567
22066855
39288883
31544464
24503750
7012898
6908212
42649192
19508791
25333272
27957098
6511470
43232726
173633
34573712
1302968
42483535
38510272
2652414
314093
39946858
22350625
8860910
35301849
11961364
17658400
8091505
8536459
12502555
9912705
8428032
42615539
26891918
12967375
-420074
35732385
591071
6352649
29108705
19497647
16785842
13599814
7167479
17460292
34477077
37907714
648307
11616938
9231216
9811206
33619945
16671020
7839517
22869612
4967325
2475321
6485097
18361451
42100228
-379209
7018215
5662387
20910169
6747915
42467811
22579410
15535468
41042507
7743076
25634208
18358393
9389539
23664199
36383647
2258368
31384073
4199312
4873907
24808490
21187818
4136304
18404396
-37543
19401947
26142159
4138840
18512806
12189697
23147003
41489164
42711190
2705711
17005793
7847027
9551777
24803267
14347111
23765199
33375175
22514901
-792778
12439274
33849318
12011759
42169967
35031683
4453215
38263740
11121936
43201050
15571256
37648172
40996184
40837920
14547534
5898886
4237830
40818178
9284628
9062598
2549741
33101543
32837277
37439907
34769249
37582987
41450310
12851960
35357318
40425904
2256295
38652730
29804214
38424708
27310417
32067369
23725200
11933601
7930068
17196022
30984555
25549264
31087178
42143953
33826966
28165043
33472243
22302794
3170290
4310989
1061465
11775152
28872970
42294676
6241841
4517101
26053602
35789018
22677283
2651441
10414891
16385248
20914495
33310195
19367467
41012047
37055281
9308449
7357789
43305532
26271903
37827265
27506045
14071545
18010891
16129322
34272144
40773494
31174438
4557205
16116496
26166570
24485711
38564310
39006232
1938846
29562589
1088140
6225761
41691988
8845580
20034183
17608684
10573407
11937775
33786484
27918573
3736721
36824187
18793641
21713663
27760796
41492218
478021
17315447
21901506
14168039
18454570
5857888
28468836
18036900
22330018
4091126
23552169
4644266
13236907
22416672
32262494
36491457
38529645
21864758
30045978
3668021
10010070
5016324
9655736
35154030
9343851
20344113
27314402
1334797
39634054
40957435
4591631
22672286
329580
9598314
17734074
22209456
27803276
22214274
14159225
30031763
30318448
21441782
38877823
25129378
11695481
16319036
33088667
43448602
42418983
-887590
5636890
39339257
30740734
19603043
13203823
16012422
20020425
28340262
35529284
60398
6047088
24612808
17707957
40645807
32859068
31999916
41943337
19489950
16791774
18995247
7019344
463330
16167816
37268224
649054
1290174
35384513
24091643
24897056
9402175
6071454
33236209
41884971
35559562
27010711
9216394
12104256
39032717
13902058
16344061
40795232
34922691
19160557
16683584
348881
28107091
6387101
4795891
6677838
7092701
22418235
37595497
40152418
2138265
15247496
38510733
17349330
28458312
3714313
30313627
10470598
11375189
6324394
7862304
35914054
37198334
9431209
-540436
37870403
12013406
-766265
16717662
18329945
13861688
25779655
15481973
5342076
20565500
14839263
221336
28500868
33544440
35212116
15211711
29529754
10584151
32247407
3711240
27798386
6643561
36637104
43421503
17187868
36370288
33256219
13245778
21831057
34749570
14689330
23339739
9151387
1175363
11598030
15106398
4809210
26213822
736852
20893929
24443160
4841862
39409396
33515413
27225424
30507332
27373287
24309909
17634353
37173360
13047761
22599563
36196919
5048172
16200723
3953327
33523375
1859894
1359535
42600676
8030653
21282016
21188583
22001021
35709063
41190541
42426292
22387849
11390265
1613859
38816989
12093887
13989914
27051611
10348324
6083619
841912
37426489
8540924
40884829
20656130
10592452
20419842
22411111
16733667
33715183
17725797
23333623
29881320
35548963
26148902
30577613
154612
11856992
11781507
7864251
34264889
25196452
19451718
15612560
25492171
36644443
33440192
4895125
5273378
19815133
2334493
9351204
7111851
27110653
34653656
39568161
35606634
3412878
22908287
-863166
37674050
3849896
14132119
1016432
8614059
12647475
15628803
28051157
22167115
13745801
19186801
16441259
9462145
16857090
33604270
17227766
36547569
31505302
4505865
37258053
18344167
-108762
22900729
-355218
12215423
552712
8459497
21220046
5901204
9274907
37245007
7063752
10656070
10174020
35305737
2178419
41407012
14963594
12742162
15044899
15420440
2631494
7394898
4004062
24570847
1745796
22722396
41735494
10621092
17286421
2776906
29072257
19252185
37109182
13828332
-518776
12413614
11320753
13629595
35028288
21201312
300935
366733
3468446
13924250
5300539
33606836
19317990
21209794
36691438
41969954
16558786
34985287
20695113
42081626
8193766
9336331
30397100
22626780
403672
180381
13530150
33596812
20771775
15073585
17790052
28935683
37171559
11287040
30122430
24970663
32987242
40063338
10820999
25603797
13913860
30152068
40055348
35747070
3262519
10887146
13833554
9086909
36635814
37798252
690572
30350989
1071883
30117969
1273944
41337573
5667667
36682711
3042109
6533567
29309840
14405837
24951664
32130648
11378787
27457260
14698575
13013393
21131584
30084146
32931676
10833318
37684762
39357842
40322653
951465
24576385
36656161
34175826
33591001
42238494
39019041
41182959
41597105
41010706
32814420
7557882
19903270
14968433
35079955
29517325
33514880
31368582
18203205
15721066
12687576
5630327
13437363
30121246
31554878
-325048
2303538
15173940
11486143
18176849
38352711
42894947
10622514
2579576
2554055
42848196
26582591
33707147
31416923
32290974
31473040
4813680
16217705
1333686
532230
28173403
42027127
-251248
40332368
10286725
12399906
18470173
24617976
38673106
38874815
42886958
27692023
4799091
39184625
14000480
28266015
17370003
2925512
17283804
21167582
5750127
22126874
22671677
39701912
12754686
27763185
41915555
14888993
40075018
37902616
15815012
20807587
32000401
36172073
34631166
18635063
26924747
10261834
28852744
21798772
428037
42749491
41274847
29743955
25237276
41014870
17688500
35027626
35005339
2523978
32848636
238199
10609267
36641447
42232051
35333000
34715151
12489623
42934677
34228082
2266621
37080138
32977701
4424817
5112271
10305959
36416891
35401693
126575
32045895
1692432
11666948
29665915
17391323
2961884
21447676
33717217
19782510
33860961
4596100
7480194
21426039
37820900
2856815
29479829
32993968
38578292
13313134
3393952
15619050
836643
39988048
42943130
37278458
24491875
2482371
28866034
19224767
1261318
23795341
25220804
27196476
9484647
5769096
36514457
33037439
13969625
27598298
18849674
18051589
42962335
17539631
32890177
13988169
31181245
35856639
27973721
19226576
19529736
17886573
5562265
17697194
32183113
38808055
9502570
32289724
35045557
32439791
8227038
38079082
23006359
16755752
4282680
37991787
35014915
23896915
39148280
1538696
20945291
19992664
14818855
16960826
18209292
18300574
10298327
19429785
24254213
18328221
8273233
19954727
4700210
19075120
29988894
36416871
33468112
11813313
41377914
10592806
41428366
41744969
33472771
19752670
23598817
10175047
39119236
7893344
27972517
18631002
43389044
8142500
13704880
31924259
39706336
41576998
1610682
23839269
30147060
34123669
5143626
30877025
795189
40298576
41342298
15451518
10181890
32002182
17053882
3225206
1820924
41979503
34116487
388530
36697699
24830941
42073867
30133899
38380439
11670708
26819411
34338146
3674360
20275882
155483
12297904
40050922
33397133
35619606
22502120
1820201
33952634
18335653
32529953
24657277
9042222
10520360
5828451
8120454
22265205
25596711
-726886
34948714
36336692
1554390
18458819
8778970
14570186
31556572
9685452
8151973
4883939
31311963
17012694
19237833
8149740
3878906
20781343
41728890
41649661
4583517
13387132
5541918
34220012
37651349
36804239
1620073
22990863
25198826
3395083
12666450
42478385
11935850
24224748
-45719
14572115
460748
35843575
27925633
7435937
28897538
28157293
40068470
13560358
19844878
3861755
36537744
34042183
40380823
22216783
10966904
40115528
-324965
3812324
35685977
40462586
38260268
37547263
17643732
34441532
34613500
6095021
34928791
37376800
35445340
3803397
24855671
3159222
2469124
20815991
42325719
7531959
32540430
12788950
893744
18036287
18817836
3476171
1527966
40416840
43096025
35490473
38503065
41063419
-4708
33280584
27935422
25187447
17599094
38387483
29462464
6311429
6182643
6496524
40212747
25241293
41441853
26990012
8145996
11296043
11058616
20171798
31381373
24282234
35553247
39446406
21542739
38462577
37959060
25656820
14009198
9192962
35076314
18024054
5032483
39080336
32472883
27456934
10623533
28727491
11307077
35647924
18562908
29975992
18850113
28150938
40121856
3451756
5826582
28251029
40214904
36738257
31642617
39985053
29325355
3573957
484967
9759035
21344163
24180333
37147676
36758874
30450502
35593525
14111375
1896791
23258842
38482198
27991787
32321444
7988615
3109681
13527657
41189098
6263048
-139547
13065794
43385404
13820057
40273836
37958403
28442862
10731052
17846383
27341947
31972655
34965629
6271320
22245885
15508992
25954533
7634001
7049818
30967152
42395633
19521230
8496593
38949951
2674018
12609202
11608827
6368508
7538554
42375137
25108274
19020469
33485206
5001327
43410246
10017026
18992341
30228165
31825473
34821680
4701700
32086042
19805750
38478507
19570840
28803195
11894518
25471854
32170107
12913588
4730612
19982601
40287581
29516838
11222292
14217095
5495215
16402456
12028836
23741561
15630860
32872354
10173889
35823919
13878779
38531948
8731265
37588533
27045782
18090391
33077418
39239093
40805547
9861928
22923410
38714920
4483327
5040023
29696266
27084802
26879925
22816680
18019707
5200393
7811645
15312652
20905930
35958835
29571992
10532672
33165745
11277926
29245753
10078184
1011409
30967232
-962953
23128770
43480595
16736890
29563137
13004759
43111785
5762416
34274092
19894471
20954515
23212956
13017574
23475349
37039050
3260184
7176780
3123189
15709676
30659330
201695
8575140
14347917
29671740
19972370
30187741
40901707
21938932
31912901
18907581
20108670
33946700
5748200
14437123
21901293
4996462
3143377
-876019
14334119
2414832
37992218
16298096
9284303
10111307
38947941
40728338
28912719
2871945
15304118
25611410
27333665
40635942
-189469
17175117
19688988
13781198
43190943
19602244
11748321
11021909
5603312
213215
26370829
33910309
38333108
207336
1096425
40224135
31521882
9696766
8815221
19483274
24563331
9360141
17298512
41578071
18292419
5715003
9080577
21785614
1946148
11117316
21471822
1075103
37237955
35178403
42517892
13288364
1095339
25844342
8828177
24057678
34788679
3584100
4051537
7915433
40083243
16099990
38869354
29178896
36357306
8245374
35058628
12710682
362414
21422533
36212354
22079177
1815301
25028302
29872584
8037556
2005568
41373464
9972090
36242004
4764178
21482435
432085
7066092
454250
17346323
27393729
21952510
27976243
29306358
9952176
22257299
27213832
669300
10849025
25072980
43437306
38474533
30197662
31074351
14517658
2982618
37602226
6402621
5594734
15380053
36376501
25866210
29944286
35767545
33361086
43265189
25078399
3457840
27074168
23368382
22376185
33758669
16606
4173043
23944124
19861481
27616706
30983486
27302859
6452293
40611383
35322803
13445217
36867426
28958585
11539237
42686807
24309154
42801122
34038106
3779869
15850644
14158852
4067866
28201805
2490729
12097353
9217954
9772970
20686021
41003676
29392536
5162510
33257455
39301138
33946115
33864837
12962853
17464311
24990039
31584752
22018352
12498103
37422396
8766021
2544202
25481154
37345091
22917189
9877422
41035160
30573048
5627806
31806473
10182832
38339505
40227249
8229543
42930396
1049068
-394389
34522244
7989229
33872259
15972631
9533202
4055652
6863308
7327835
14302864
10386114
14616193
19428709
10809169
26625831
42034883
19495664
12359384
27922138
18084433
38508090
7474343
25731106
9829849
4873337
20653771
-649039
35081947
31356232
678442
41933118
23986401
43264612
637178
38614085
10577418
6672720
29177136
33352343
19107118
38478202
2740868
27966670
8678814
38164262
29294180
296183
39253022
17401328
38248633
100314
6982852
21803993
19984868
28505521
18768771
3100084
14884746
1220560
38716951
3195558
8387781
15418606
28693446
28135549
22465967
9358935
30621983
10276888
24449222
16697855
19916381
3874367
14435759
2556979
12116085
25551090
35746667
37348235
9602081
39595393
20895172
40685644
36994872
40715934
16421238
41962285
22114805
23284399
14965593
13148572
41550363
20552730
33601157
26297416
3539595
3165407
21757952
36897621
13256572
17829467
40874402
23779470
41268810
41842842
22149318
25954781
26608088
1793915
28590674
17072117
13664843
575339
38723879
36585234
-177387
19014240
30541345
37836890
21376139
41729878
40329735
7588609
10301819
24325815
38645915
27362826
15412712
6710256
7838964
31444494
31647897
11699907
40088632
32803346
16568434
38214001
37751494
-806556
1635747
1739227
2155833
12614006
25613111
34050958
13967256
11604343
9325991
2306736
31360002
21276060
3669792
9840942
20762283
19451091
7612713
31892188
25122647
16521257
26212743
26228288
14971009
29027151
38290613
30512264
25831387
40857982
14602390
21007460
30024664
17891012
37558694
16780671
20590213
10313591
25439825
37171825
31174334
25328524
13917586
17919156
32742913
39628518
41144613
28898767
30903679
22604670
36671994
12441710
6672150
29041846
9531518
26257415
42155432
26035061
36288611
41220371
39783967
39734112
14930797
19326665
8066794
30782091
7404518
2472625
43496980
4264470
24654944
27400249
27161038
4259382
11837000
17507946
12385885
19162642
-442176
13566389
38592251
38823798
40204934
37707483
15473436
12817798
24801832
8767723
41786818
35636517
27107220
1725589
29730235
35903792
5702557
40940940
23749505
311215
26612314
1149172
27060882
42400229
41648288
20293166
25928827
2658188
21265236
31141236
4365537
4954761
30750886
36808682
3390986
29284979
43404014
16476976
19526397
2214028
5532368
7816742
23439364
35938268
10746908
4451003
20515051
9675499
7829039
4585074
11894394
36662277
21357205
6650301
5037047
-585587
16494253
9252306
30516662
6697700
34784744
39547309
19324433
22452708
42777985
8718019
25208070
6535239
6669870
13797147
23100642
6712095
36249356
25415962
38899447
2386510
39305951
1400246
42046462
20830500
4030632
22170217
18227268
769532
33026535
39390884
29553856
32163730
15965165
15554525
39536402
16830788
20045773
36855116
22182446
30757697
12140049
11010175
37177135
39174802
9703718
4859322
36698788
29511857
14689461
22500847
16309051
8832775
-497950
11165760
28279756
31293
24670456
29867244
13713702
32244115
31095710
23076893
41942124
15362058
11280672
14384289
29266154
7516735
36313309
22271000
14129990
25696730
3808454
7759654
16226609
17664560
17104637
536305
23926470
36730261
43060774
10164428
8586954
22049354
24766589
25183660
31348181
-631081
2702725
12666870
23436462
32277270
30946815
8976917
34563938
32983960
20323261
33640329
37327650
9286925
35810871
43254442
-600389
19573993
32686275
37006435
27750591
37095532
25449903
33506027
38987700
20570414
28290117
-609850
3579570
8922842
8000341
33611939
497090
8460123
10683377
33627991
15901614
2122573
759895
17128917
2610279
20034420
43270025
4783592
24013210
8100322
41115204
36584966
39002026
25596495
12527109
6133406
-222146
32644320
9619400
27197161
17929583
35535666
36450950
10631606
8116927
1778041
8427724
42755174
23348935
1750715
41048926
2247182
23855501
39988048
6862219
2555320
5693847
17890458
41842453
23887770
27654533
36487135
13107709
839891
24818114
5975093
42679010
41867712
16377914
6448590
36094349
15444189
585240
6604122
23784427
39485743
9525504
29923418
20334733
11632067
14973070
5568833
36174000
40531952
11971541
19752993
23320832
12330808
23870894
31564994
39141783
39537614
28879651
2023407
29391426
13451237
-157302
39447132
37905915
35186719
11848763
906178
37877769
-395493
15324460
35526499
6958037
32075387
41560947
11783210
20092243
1705824
40579364
32568274
3287699
29767663
192871
42160169
26305652
3059566
20074479
11399889
26188839
41763923
2504616
14920566
10206091
17429260
17615891
3988288
1557500
20633597
22531012
9732827
30398148
7946517
32436468
20985081
22689620
37540215
18704888
28929022
1428159
29472448
9064146
42518053
3032564
-301435
12520281
25188601
14193699
2232415
12228435
10043994
3253390
867675
43006550
20649710
-870592
36318766
31400802
2503107
192201
2790145
8364568
43232110
10057389
39715286
25731590
11956244
23939073
9669548
20123268
22134846
14308640
26431969
397193
7608094
7006684
40466493
3706680
16766016
35620662
248321
9025906
25416653
17870195
18684418
23576257
1167590
28703370
36711759
38528383
33089463
26170056
473337
21540010
35080020
8133445
9587683
18040160
7602027
3715828
5160267
9142052
36772751
20752226
26080444
17487380
13875067
5506971
33551446
32097429
33307837
33123394
33066037
7582733
14747002
4290611
3487210
33953299
35620205
3930960
39435590
31529455
28921793
19413640
11937808
9120782
33860375
42449543
10734455
13762619
470293
25638619
37740003
2814468
-494347
29800135
1925990
36433846
12405115
20063853
21502171
25044465
30284585
12827760
25897746
15126523
38036795
39238003
22678688
32636535
23988727
33193829
2132541
-271447
29263514
-2120
17196605
10337790
14963494
19743033
14247821
18989314
21984582
19376319
36240005
23962992
501710
43405986
10842485
38155528
4137977
13976305
18680014
12789999
30218905
31885537
38133022
33525807
38983846
36694752
16181610
6974393
27369452
37077825
12823859
39155953
24859292
31713906
36720662
15246910
14143211
4276750
27202
-918214
43358482
7290002
18890066
17572671
7418040
27686253
29788393
647549
15231096
15555241
39606889
26193332
36021608
40819309
41552201
8060514
11361177
27344131
6551171
42634915
4091882
28168116
30393131
38829257
23265978
37098818
4535732
20966208
11607031
42903872
19700026
29498631
16572153
10301333
6453170
40518836
17766874
33557327
16843307
-135576
2025055
12670245
10063836
36608069
19321467
16742082
21999542
5172479
36900576
23668064
8830084
15121025
7854094
23294310
42836495
18215061
459780
6490581
13387399
23692450
29542668
19074542
6430560
9269584
12230462
13321446
37940607
42187734
40047041
3619086
10906879
31940686
36589292
30731561
4048054
11966285
34027085
36807232
6876702
38866476
40364102
31416984
8204173
36799890
9892953
21220484
22706529
41522875
15037300
43329335
4328216
5971127
32350166
15061592
15909593
15765292
14691177
36452170
32891418
14261007
24641204
42465696
33917755
25214822
14363167
20825425
4789166
3666720
9979880
10223674
21174958
8492226
39503104
27564310
11027726
19475059
14439731
8421531
15636038
31365995
20832510
26100014
7019824
42195904
4417968
21251742
13381717
11750020
29735093
23069419
33060565
36928666
38493254
33451455
11319264
9369934
21253244
1293932
1793068
34370939
22924183
10062799
15221267
36178823
2901320
39794551
18265400
35292444
-552513
34255994
2131577
27436860
2098005
20758825
35876497
4245672
13831197
14270912
13356691
-413434
13534374
29690595
7428130
840173
28815211
41621943
20070667
7800054
30494149
4666663
38154889
37276186
18921570
35216133
41193179
30913131
22595857
3548923
16548786
20800528
14211028
2104880
3562245
2644163
22255803
3655271
10619077
5338074
31325047
27772671
2873108
3402440
35185823
5879516
4910022
33244035
14543847
283222
603868
4750820
560229
22867297
30441065
38592519
28583523
13105534
42181948
25453952
43239125
12278874
39051351
32365268
6931573
9302367
12696564
10223383
9472294
17966823
28144932
39232108
-460637
35324389
32614536
22218479
39043070
9916957
3689771
21491314
31897163
39463372
17703020
22629909
25668196
7890272
26982303
21965293
21093230
4732394
623920
27338688
36988054
13294726
25468007
4281679
40757451
28420241
8436684
32588855
14568490
1562402
5581970
28653991
38365509
23538309
6867346
8132578
28213324
3847205
19346347
17098821
29813393
25316357
35946043
25219181
32050326
17548959
853580
213957
11415476
17102676
7796799
7672506
31967903
40059915
39227261
36732996
43153203
18459931
23328616
14325384
2857005
15310960
10046581
41536706
20474021
7994126
31268353
14432865
16721611
23932012
21018042
774434
-615427
22012027
20948413
16802200
6812500
36983459
11525058
34880802
8089216
-458940
4437746
6494171
12342954
40351255
2528546
1383168
17728661
1151052
28140841
39765246
2987879
32450816
15475078
609190
7162369
18170689
38053224
21914117
15236110
36305019
19370390
13177540
3808921
112772
12982085
9560358
33303580
6358270
15895436
18670342
35095246
-972047
5561441
27796303
12372378
13708708
13970222
4039144
37237103
11282487
32935888
18471747
39026156
20040127
5945962
33526036
28637316
41613224
39251446
40562528
20045325
16390441
22758440
34917136
2238866
8251137
27941877
11004181
18174799
33804116
24682235
28785903
41764709
26737554
23763398
31614629
5359265
39982701
30185127
7050484
9696293
43279726
20422146
15700625
40816094
28667614
14815647
29927555
18172158
42603736
7972130
9275476
10594230
38016321
39396293
7968877
9406284
25254752
21800594
41767153
28361816
18281780
40275742
38642654
32036036
5586589
30155529
29281624
24020472
9854037
14361286
10177320
8801359
30281876
13741798
34477932
30811507
41293904
27033309
824934
10214450
12965796
19812231
30902487
5265958
7125030
3190491
13368438
1898572
27943380
26978438
29157027
24823487
18614796
21449342
28734632
5588099
3865378
19891454
33434549
16913335
28519854
13873983
41135529
14221061
14643304
4710981
11852490
11436690
26657217
3036956
42253291
24030926
6777299
26747554
31243611
13090860
28093659
26062255
13895949
14426701
14354691
37023231
4025995
11528063
29945296
21816606
-675367
937031
31801538
24896029
20894636
23841844
40792494
36542759
23834608
15562173
37870510
42369100
17572311
33856445
-81486
17443121
2655081
3637456
4863067
27995342
29415162
24927073
28893685
12618493
22125536
42862088
28069830
9770721
24977975
27759728
16578254
13310342
17858082
18209316
-600662
35733677
6130996
17720482
30441269
11765740
3393329
26265496
34863938
35365214
16504275
30903585
23675040
17267581
23899545
15708986
35378137
29302092
15494915
40460584
27666155
13805675
37861305
27446342
41993099
29741878
39419382
14722020
38325462
39131367
11960242
28617122
26998557
33432794
31445269
27968895
32199999
21686368
35705270
38896510
28321079
15817019
20122031
34203938
6605372
29711112
23536838
21746277
12146555
41650482
2031128
43531650
41214676
38534432
30142011
24946248
42579367
27667695
13998235
4394423
3601386
31961567
31205643
41461651
18818038
6259651
31611965
37740468
23991602
3853867
5235143
34298862
32062798
28280333
15179591
2956933
38977391
34441685
9214329
37795322
16479429
30182860
37915442
20698784
23827839
36728618
20301760
200973
3559331
15343282
30113348
35331337
5836924
26828188
6077810
35503413
24628300
36958856
35216027
24588748
16494874
18367324
11961517
31382092
37435700
21316030
36968955
14087174
34072144
8763572
18848377
28003916
15790943
34079134
13645412
517848
30532521
34333462
38922221
23909910
17331127
42500351
32638819
15201783
18266010
17182048
1297263
42434567
34606921
12042627
13676400
15032660
27261937
35654864
32697142
38351908
11271942
18494306
41669740
27382451
5997940
23199508
30023021
39372205
8360057
33007589
5435343
18411065
43342792
12922761
11184328
2120755
26063677
6013014
5040016
11164230
14873954
3668075
27874908
28875823
16289442
12755830
41318067
21053687
-948634
39960224
3304593
-578102
14167933
34129305
7858278
42445713
41690123
1186163
24545942
24730776
15789578
9239611
1278397
2203588
26408366
22981431
11844386
8674789
21634582
27959981
31715512
18809931
42766643
11649012
17311521
34791422
24030355
35486835
17904149
26659669
23720617
16209675
4769738
33534285
31296686
22403538
19393201
15995367
36871667
213596
5106986
7292761
33157902
19052902
29810748
25356200
24581321
27383133
13440257
16113146
16017607
3770065
10940529
26968979
27818612
29757366
19943496
40659921
18940942
33737403
28539812
5162496
35007548
-538964
14493114
-942104
40051371
21243751
7594777
21908438
27988243
23551009
6366292
21981182
6598047
28549045
10685341
36258354
9085510
22456499
19408517
39812028
11747209
1112777
11495589
13321360
42074725
18626355
23876849
41765239
7942244
27653568
38628316
33438136
41245315
30684904
9283746
9018413
42990147
-614114
23789584
29284374
34691157
7891482
41708364
4756781
2615432
21144058
3330828
38841771
28506260
22184703
41009303
40346953
28014006
38843659
8240488
37155673
23414050
36423991
36956553
528312
34599843
6337448
8985925
19132597
20229098
15438994
43054457
18362944
39120884
35351530
38889923
30759396
8695504
4814786
38422592
30227660
36010213
11828387
28625661
4635763
23398683
37432116
28223803
5058127
23616768
3916771
6586831
5980803
23459567
17795679
31565418
29614756
29535478
11319587
20834278
19826239
35402268
-583817
40515591
40676758
29373831
32929561
13175740
32601558
34486447
9086409
36511775
30647155
3436827
7044314
3754686
8503853
33667292
27939336
4148067
28200923
5656809
35360666
19092674
14942854
2076540
28532581
1741020
8030379
5559950
35597689
1151071
21130717
1981840
34766865
13268431
35153560
8319206
23030443
33887422
10475683
27125023
25700504
38477783
26947663
39000927
8797977
5974716
35267053
41640328
40623600
17508337
-203466
14862072
8728805
433678
15386170
40208893
15830312
36242807
27954672
38199776
26067157
22370772
17284690
34759924
35028370
13250064
21159072
38877416
26817943
17368900
36061132
15449271
9168564
30205909
14271711
30209388
26190126
862557
24876924
14467142
13833306
13073474
8999684
37502525
1086527
40329012
43222655
14292136
41049828
11351321
42089972
1884884
17212366
28785279
21877758
24051860
38805042
9747506
25601946
14910677
19444406
38301025
38091872
14389235
10101040
17565039
6107643
5802212
25904599
4928233
23942593
17711079
4187214
36108741
33152979
36170807
900224
37069542
18354436
36411328
9534042
24903293
17264880
35212315
10870556
4857932
6291640
35971654
10864129
42985951
23481037
29085948
35630577
18195787
8362014
10661371
30894539
14976423
41074482
419371
38573694
41121453
9415216
12809292
14148853
33108025
13913118
13272016
25033454
13233804
32939508
35526028
24332804
26668799
18217302
14453247
31278434
19338178
11376783
37272665
40573342
13370459
7585605
4228212
5190235
2679501
24935559
26528321
33797822
15473053
16158977
17078403
5743049
30720317
27016473
20248800
9519898
27871284
38104921
30442940
34510225
32783356
21487570
37747969
21551372
5317698
778334
3957498
39165478
10380209
14294416
-819344
22400991
28209889
32705221
10002246
20621228
16992607
40998873
3955283
-934288
18582634
22063603
34152149
14198636
21830862
40476705
4331423
16460535
21606620
43244739
18046543
33230858
27987689
28866936
27070688
43166125
18362923
14349084
6290402
24974650
34720679
10000871
23326058
22440533
3567634
42553993
12729507
31060040
14043020
3560462
21460383
34540637
7111216
16469720
23277807
36205184
5929518
16788049
16536834
23620756
37998182
25676438
36555872
5988141
23357683
8594188
1435603
40303741
5784053
6098777
15702022
37062628
39508557
37157506
9701527
2509981
14409419
7314487
21272993
606118
20512366
32881645
3637219
20486153
41402236
31613811
1465763
27453194
17702226
14645868
5986891
25616748
11551973
20860647
32224486
9685094
25410181
13998328
24916406
30659337
5655783
37931900
28737350
27665212
13884595
-784555
35648415
1367275
37949299
37104692
30197508
28018293
23066676
37366675
27780869
3371989
31379628
25246891
39739365
36377142
36492294
33317419
17218148
5946002
23244012
26214699
3831424
11507573
26154106
11587919
37683108
10088846
18686547
37875560
9283501
4408449
18084719
11385919
3458730
24592100
29893957
32354367
18769612
12903727
2772860
41549530
18013191
28069303
26644459
24949382
15409963
31102325
18889933
14069407
-349632
37361394
5428230
12356911
19148566
29558691
31612995
31217073
22343225
14343745
19478943
24803984
37258600
1422217
14862867
12799282
19732337
21319157
33455800
5907982
32833704
13753584
10055386
28114045
37065068
21843914
11016178
23204443
7694950
21974146
37553368
8415433
11674756
39750940
-602302
31959893
1323664
39919743
18258208
28081214
10622833
23029859
5999015
26640722
19528432
27409739
2824024
37341063
1949829
38435078
32763557
14949877
2851596
27606909
39876270
32935186
3449620
39436716
12440287
12757391
3841475
30894352
7876066
4961029
38306149
25275142
41227226
18434749
24235170
36269527
15242264
4381103
8232547
30022634
37853033
34899554
2496692
9022908
3683392
27351138
11037192
19914104
23029970
5033608
36150693
10649636
4776377
11638204
29274972
11691370
34039142
21202735
18356815
10716568
7548380
6046789
-956500
5326132
39415703
37416813
34657606
42610803
33778249
14921848
27733911
881332
7747775
37031279
-744685
709289
27157194
10442955
22308219
5059708
331936
12200524
38928467
24546028
11551678
20066790
39714187
33473952
24235738
14942273
7636888
41199777
33117926
99380
6533114
14230758
33220088
37022512
8487091
1520212
39536554
14190436
37898716
34713818
42551521
16654777
26486003
1022040
20877741
27957411
37809560
17251791
27691218
545682
18998124
4573249
14494233
26162837
10919404
39417323
5181851
4970476
8571814
37408952
40921590
11290735
35097131
31509069
29303600
-530417
29051872
8155937
36858392
37066160
5429720
19647203
28439209
39533729
24718347
28792536
29061693
29128700
24718564
2170931
-493132
28901878
29032117
39241597
27529945
25819538
7084454
1709154
20813288
26792588
1775348
22872947
5878112
27999029
12873798
58290
35819675
23538775
22107441
42311204
8127707
2813159
298660
42059589
22027185
14155929
2277188
11712522
8690402
291630
6958016
3010344
17484002
8531184
15585235
946064
40472897
1639345
38148792
12146441
13305672
5548570
29189820
2657282
5169742
17725667
5829178
35463194
36168555
8216823
39326888
28878814
21996441
28059702
18673354
33916426
24268914
35559897
7641391
39739701
18608475
7645499
10258878
27985973
9477203
11966480
14444380
350738
12569137
-865916
6728779
10276873
2925304
37442889
4402661
28366225
625538
5107320
3870306
10666221
6858301
39162539
42952007
15888376
12508680
1099589
17622821
4245593
7693588
20639449
16925737
-320917
-82284
35180221
2760467
18502786
27889707
13557613
-921421
32028552
25730976
167495
6880835
41965841
26168485
15823541
8151995
22993045
36970728
7802525
26266171
28460428
17657097
31401070
32784972
38245308
38923307
4188526
20378535
18406354
28276211
33824543
38296905
26735995
4219938
41858190
12330297
38849717
12626326
33580892
37114703
39974844
37761062
30842770
5134535
21300490
1529229
-547576
30167324
16875003
39496475
31412885
21549414
3353528
1783573
42052887
10394471
37362553
3940534
26638287
3960502
52939
10338456
2569086
20738559
7256589
10001701
41259105
36266872
8136571
29837896
26377868
28835909
42812660
33469363
2268540
22927109
43355352
41950455
32904929
41116369
34714714
18286668
502498
43114579
836270
35532925
24613380
42477294
24952551
28433852
11487858
41340085
20718279
180526
-357299
18163151
33103421
41609708
23379690
18211307
2128201
25624710
29666020
4331273
29353234
22054719
15823282
20961352
22095223
807486
35523185
7155269
19605050
17077078
22625492
15710889
5813006
27426661
22539687
20247179
15900557
592189
30954544
23422054
14208526
32271608
13427392
11824538
38019814
9195343
6534754
29393023
1855836
35764913
20493135
39883987
30228746
38071975
11648719
2546063
43191964
23627757
38852381
37075053
17706764
33216906
27325081
42391473
22298249
26713453
25637495
16357609
24222283
39834519
1827215
30900607
40344761
31560657
39820462
7627874
12274776
19012815
41110062
5129482
-996612
42852167
20877680
26982097
21766867
39172674
37504321
1856326
26957788
19755330
26201533
35390220
24866608
20594626
30748518
12966270
8992613
10004819
39829371
13791831
-156931
31849722
29834391
26405425
7076038
2404219
32975930
19205395
40344453
19292180
39615201
35810399
24499638
42742338
15335370
30659218
7997587
35435076
32123642
34227182
26244486
26756329
14249310
41186794
20755142
2470148
37541379
17873871
43332435
1624687
32874952
7129793
39379994
23765136
3486211
13068823
23951711
40664893
7268425
30477965
19059397
30428049
4004908
17156962
26263916
7536634
9204871
11574211
7772500
6369545
36297448
37512930
24574247
30309006
17275480
30247610
4704770
29726394
4330031
9192267
34195804
10492094
34747624
81376
20650208
12900220
38235555
39927922
23830459
15823225
8408974
11230656
28450817
36187644
12363147
15996936
40262870
38597323
42526719
3139034
5502636
24071077
38183977
24058336
9427875
7330796
12198290
12613621
32278103
23771480
1316305
8669206
36357816
35011000
293520
15671745
6757282
17451364
34435249
6601914
37297726
18087845
42694026
32528884
20176163
22445638
11973153
12680639
41811464
27161906
23005435
9530053
33925808
18834361
1492447
20031910
16868946
30040442
31737092
13063188
18445110
11254120
387290
27975281
13647935
32451798
10811772
12661262
23898456
6888134
13731389
36076310
11188584
-826020
4095634
19098994
9020493
22361180
15188460
21032385
4506134
14187843
21470708
22110730
26286824
4190106
34831959
11978658
34316492
3024972
20962982
35574029
13807872
25008014
16231601
27706837
25180163
28050222
4990092
-682221
1858939
29950192
3795046
8343019
14909525
15199896
29350989
35590431
-905460
23696938
6693719
19224341
30419439
11062479
29986122
24320630
23741100
11160171
18164636
961373
8141317
15237164
29529845
37212039
20056489
4772804
21278492
28392504
41339175
3988155
28542699
5259504
19994093
38537586
1679162
17161895
13859906
30537967
28513010
43269212
32560340
40080757
36155462
17223911
20942574
8047664
7534577
8196418
12960076
13533287
28892631
31260402
42535917
15472592
35554622
12169027
20661465
5827672
28509282
9257186
38114942
2771492
20908361
36453548
37964005
31261940
29298205
10572329
29341519
28854154
37008719
20849011
12624791
36054959
39794852
14262237
1615084
25295574
7687554
42577860
12396272
21155295
24624010
19121007
41975468
6265741
21014201
31578209
14746528
1687025
6558877
4711889
3723460
864011
25839718
13605082
42837213
36644659
35300465
35083814
7192484
2392994
32286181
9067234
23835386
10068422
10750963
5994273
27581223
26058239
20323667
19485272
11557676
29224861
674256
-631824
35290733
5384113
34118124
9901393
15037247
3663565
1429228
42793845
31647286
34932567
43112120
4337190
20619784
42923792
11773114
32287615
33180817
15903982
24887493
42284383
3034998
15123342
33119236
41999843
20370222
37323667
12661943
4134024
39214911
15128899
34205649
2174973
25122588
25080002
25451398
17369074
-744159
32409901
36044283
12850096
42278113
26616394
15890025
3774745
22984305
10653860
25532211
32483286
37847494
28856065
30609629
34461993
17495804
11857813
9449210
3279519
915771
21847551
26425543
39555411
30224664
39922227
2860184
24941605
13506297
29141757
41637883
31019499
7385510
36870297
6735680
1577507
31437682
37131059
7318236
5358997
12900332
13874584
-76494
11499410
18051427
36824114
35667978
18099528
4903607
29991282
29356887
1561824
15400735
15109951
11918223
14958994
-237209
28153617
37495307
12697054
8135646
7616815
23462572
35408891
36139458
21361624
10880883
6670488
14401382
23577326
42743458
39495184
19597270
16364817
42270853
4717278
-214248
29810349
14219738
16896044
9683462
9424554
39915542
36484247
43386939
15720879
11802560
20162313
21914535
23791506
-808860
40474008
40233949
3905211
41115444
8352788
32126411
7575431
37689171
33324573
31324284
20421358
1395427
24103135
16907767
16109421
41221670
29935303
10069848
23792216
33961120
29316994
31487973
20874085
36944316
6753307
10809978
39336256
25815212
4388237
7923970
1594201
27921555
38565684
26382070
7633892
17442738
17294314
32252478
19459923
17668121
30588414
25722088
-939048
38288830
3116070
7086743
32584740
16313457
8510847
12008394
37517297
34348696
27757913
31380489
15306202
11007994
5361372
31261410
2619491
42878728
14311414
8160966
8979516
12636127
43344525
42225449
13583381
7660351
3788928
6638691
43308420
2258229
620452
24214355
32713910
30284821
432190
12267795
22117159
5596261
27649171
11628441
34408967
36246689
21721600
42974126
24244937
32027190
34768313
510075
-896584
8852028
19151443
394722
25456395
3207974
21039599
27155384
19861765
30048176
30378286
16087585
8164068
5106067
37068151
17192396
36609324
42084264
20410949
26375963
37046383
4116291
13745320
14631811
35490040
24492512
24585618
1103660
33109561
7138108
1499910
22834503
6404374
6420109
41818041
33359098
3222493
2601500
18959727
9374739
6245174
18038332
42483277
29974376
27943475
34647209
36543960
15020239
35107
27627285
40566888
42065584
4623702
35792598
40993371
24845064
25500504
12769798
29975197
11701720
28509813
2603288
12620309
41542043
19097490
12159129
22026236
-556443
28777862
8644858
36446446
33689771
4512124
9254182
18781205
19499681
24248657
31765966
3420594
10477289
3409710
18924148
10892606
42861937
223949
14239548
25794046
36827539
16058108
24452979
11336145
1730292
32893902
21130168
36799996
16626773
17765006
17394441
5525535
40728559
18480037
3681091
24277319
14758351
39287492
16883716
2178950
40765844
25056423
39654735
38707482
23151453
29816531
38482645
23553649
22910607
37858103
20822485
41802417
6068731
8395294
15145457
23490723
2635379
2450676
1316231
28809930
17812034
31759813
7477374
7457872
32597461
39590498
38773414
20136740
21011553
18409227
35363244
24190262
41761903
16639472
31211050
11380675
13559693
37384068
6206798
10062978
31576306
3004946
13410364
38287768
21707970
18153675
11729694
43225087
42175577
25885049
42155297
2179981
5194508
13628552
12313554
42523491
36744032
1409981
39094478
31598299
14134079
41262880
32593257
36601774
5472333
11998251
38472688
22619902
24494198
12642389
37772809
40130103
41804372
32289231
17477098
8190513
5361098
-226333
6313285
40106557
34343565
19190058
9201867
9642980
27161119
18363749
37876396
29355387
26395520
10937317
14953582
40102714
23572401
28649718
21903081
42340929
33477533
19011386
41738095
4101947
6653916
14890329
9567807
29647908
9315863
31128439
24019905
18778861
41631990
26841203
7526240
29636100
39303782
35200971
27704289
15099235
35621927
29476110
4720712
28838554
40601663
23061992
6075149
39783763
42011563
18006028
-674798
42447578
42841533
40448011
34995782
28154364
16623890
6780705
21387796
38559311
24555638
15973288
26886547
36517221
13635919
23792274
42513138
13083474
8232343
714646
9278021
35018443
19029310
30105082
8142403
23623365
5338179
7631566
23320726
11238879
6604626
10592390
43245398
3976240
28900148
39424915
37169262
27219176
27972714
35788593
1093364
2281953
10716800
37106327
19706697
8022020
38477207
37801256
8856701
39559963
19702232
19484768
10637195
6990632
40368290
475394
18285640
38502942
23694356
29274185
31595428
33897344
38145277
12426253
6230289
11104135
14339828
21286853
11616052
4383944
11183692
24854989
13031308
4725802
20613523
36429037
3645607
37802589
-934946
10491367
33594801
12029977
527594
31148770
20294791
35887625
36111979
1312938
16148049
39622740
3263764
-6822
24383113
27724258
28227567
11433496
40412189
5501505
20610451
30985626
9241074
42571560
22677821
3334386
35587467
21134791
39239138
40294592
161170
10576529
37825258
33451881
5604490
31646996
25502723
10766018
26076411
12620174
9018445
18650153
10913443
39264760
18569920
9638459
29153099
37869458
34887046
40052106
8200201
31601960
25296649
39764601
41924684
41042988
3848979
21918975
22905159
4712683
37283723
35843096
30332308
40182200
35865138
5506630
-148309
21741845
38172625
3036962
38039700
36547993
36842751
31241680
27209912
5294305
6199680
34977337
6633943
9333662
19387261
42393407
9894498
30767454
30781364
9179794
2090689
3845250
19928936
1308973
28071984
36147710
20255257
41785099
8533841
3896863
29771484
31186234
29747940
20527293
33270657
29219660
2650943
35534589
12017878
41764547
2425383
39458257
22054291
31607782
7517826
29355339
16797713
6489171
12816364
20437653
30127852
36273932
30293997
18640920
19098341
17696986
11505214
9490206
19540308
9639382
19515005
22771062
17498215
28478030
6901354
31948544
34520580
18587591
18968808
33149184
23072686
18933975
32562711
39002578
42514237
36120477
11045170
30403313
38781269
22639074
28067779
28672947
39751128
1662609
42548733
9872334
2480400
22060915
8447114
41361981
40474566
26163374
6897066
33874172
24627932
43197430
4317880
20838618
29449439
36633193
34885314
41659281
17925883
40362471
15475488
14522390
25849013
24611995
13053992
34997537
37267669
28528391
10484364
4938186
6821426
2847305
22866996
29127727
10009059
26954739
31593177
38622959
35285215
5538168
26733310
17871342
37883499
26389931
21906228
4447725
27570300
-56237
6166301
702559
1251284
22809369
7209356
5538126
20636545
11849867
26845116
29545972
1529782
26863639
16372624
4116347
17304410
28484929
15703440
39306040
43272120
11247081
26934582
33518184
13127202
19884261
28859880
31467496
36335159
-558437
24719046
12195743
4723297
32807344
36149226
1230090
35738150
30596100
8036635
15278710
36120987
6180561
30752273
2196596
2010341
43033431
5147236
21994759
1708875
14254314
28956083
28879012
36359807
28703505
6631315
5740825
24918437
15130273
9546634
10993209
27514268
11092104
39249783
20945764
18134722
500737
15427785
4088394
11054541
30971024
-710220
19316774
39229433
-784444
8542739
10813505
31775419
12882766
13229964
774230
18307619
26153049
33438956
2462093
36837206
33447713
22016705
29352
-816492
38951067
41632681
19433409
35604350
33930976
18031750
25983215
18947199
41138172
29042705
8875501
1242319
34308943
42075091
7855589
19403992
38826841
13633891
39068292
29870030
31952330
21067251
4202798
36873880
26403765
42139883
41660668
18791906
39299619
14082486
36919840
11972805
1588876
16221499
14030902
42591759
14708845
25593134
29445521
-884228
41344576
30519606
19132388
26152060
4168947
38829918
43062834
41848132
4807293
3275913
5350878
-46196
39871419
14707927
20199273
14929378
72815
12950848
32040755
30234843
4526981
33240368
1337238
36278943
10456699
13749066
23032517
38407351
1847504
42427189
3315350
35430210
20304943
42003938
14928882
29155718
24912716
9962060
10658955
-611970
279600
3323584
32037038
33350998
40033477
6258528
18287908
3201222
34239834
15636984
28957944
28069559
21653908
24154531
14427672
22471005
5417344
31582496
25818098
34048830
26309668
32291486
39062355
4448329
38988144
2367519
1411299
142750
14070443
15807125
13077257
9336891
32914271
35388130
18582410
22429849
15525824
27499322
9765813
6353917
15956226
1423649
37656682
38416157
114518
38925813
4318192
41058686
15536982
11166892
34658996
8872908
25476439
5522554
41179052
22815862
37980425
39903765
-677675
37098581
12241062
3771265
30747833
30853733
14086473
12071582
16303076
35339784
5236428
11524172
31920781
20208091
14900711
27385593
21312708
9799893
38600425
909703
15141774
21093904
9665134
14996050
26446987
27258788
29564809
19430590
18603872
27887471
2838981
43373648
35393235
34068277
25331901
9817196
42577529
8009629
40883898
43350444
40307547
16046933
3704081
41475536
6347317
39257056
33002121
26569490
13993390
10416869
5692253
250858
28989750
32077618
13543002
26187292
8371726
3657451
24554693
119878
20792657
9629374
15530087
42760710
14426762
5552479
11444069
35718451
9529450
2468228
39929524
15729941
11778894
4707983
7492453
-15281
17821555
7296206
27829536
18078036
15489439
3621395
41718824
23447067
13842431
2102983
25331082
6449439
15242167
12838343
9494545
39857588
42799849
31468359
31570614
34249674
22012952
18753770
109777
35122479
40431916
40073175
4963029
30913969
27102365
28151803
21116174
40923921
30033566
31684627
21597897
15195810
27502413
2153216
4799740
6454250
3023975
30200204
28537359
18958683
9187604
39975294
32399086
-373315
34525664
19170030
39578066
16331988
40976418
31530041
41689376
6582460
7034796
34366877
14171662
41179559
6366501
29693899
37989164
35011947
36465343
2160741
37629402
12050949
8483979
29101960
3411597
8409751
28307086
16272342
26875098
13013259
35089547
34073654
42156022
21593614
24447895
34584226
43381258
43482949
14006626
28353086
31863575
41516921
12422578
15615824
11956391
35368272
20010617
37176691
24673235
25007407
40651487
28593576
28102740
33132429
42627718
36642923
29821280
34782203
5335300
6856217
28429911
-551357
38667862
18840350
21015557
29504222
11086970
8620551
21964580
8793204
40996056
12816380
31107547
20834012
16029111
31762676
14135005
11682747
23154849
7542801
40995480
4838344
29116785
20808642
4581015
6451577
22898832
10645090
29135366
32233911
7123816
23474809
3228382
1790950
39446201
20473488
42259819
6284964
10725212
15123434
30297859
43023580
10244053
12519749
-571771
14657514
1888105
26282105
42222370
39717012
34197906
39924644
78468
41278253
37343545
33370276
13893076
41671544
17544889
21377469
42521782
6835820
25342688
2234155
39143093
19421939
10403130
37554058
21660804
29681910
40835574
405087
25872917
24908012
35281837
22163779
3869484
38536536
9392343
3628030
41476813
25184900
5593550
28412422
30854304
8596870
12083584
16692341
36911755
5563895
15423643
31754479
34341549
26222346
34402210
17746732
20734453
24481648
8187911
40134978
235877
22450165
36009851
38668142
33379871
18987854
39421874
19289858
7384264
43092594
5189098
34777243
2665176
14691751
21872020
18714529
22925043
11010451
5912129
1754246
15953661
41124856
20697181
33769885
39426284
22993192
2753341
21314430
16834092
19009093
10707652
34151283
3390093
41954687
2514993
35994484
25255279
26434499
35303777
10054143
21190810
1676434
3694280
3417169
26084989
4192383
26300536
14215011
33136950
41197655
8221739
10158816
21067042
35903516
26696336
19970191
38681430
12417978
4139329
19085640
10458855
21563049
10070287
34557017
760429
34130880
29315275
23413655
19317177
26602300
26956068
10498544
25589449
32582395
25267066
11487621
8912559
33367265
6812992
39600746
2738502
21855485
17921576
326171
10026563
9356725
18405629
31049255
-750076
38090357
3737440
22439974
10428182
27872640
18374080
34859980
23238408
20652325
32316662
32465255
6335370
5541640
21683946
37485581
9206114
15688945
43070122
36296073
38310182
38152255
29964100
40674795
4810026
38114351
27227561
15658704
3826220
5054751
16132911
5437797
25204725
16928207
-106171
7195121
8862313
35081958
22445312
19565274
27707295
15315557
41283334
30078679
11016854
42248911
41405189
38365455
26890094
23209752
33331473
5143391
5241189
24735452
1106982
13342467
36288845
18495090
35538960
19815834
24017464
23146136
37344845
21601954
14491205
36630492
3290735
33630017
5925432
23966884
19961920
40564728
22799064
35217387
15430696
7552377
375398
12270206
14321550
3376941
22918657
41214286
29504691
252768
21289454
29782137
21182657
961550
36595608
17336073
13304036
16098873
40393286
7731144
41393743
33053797
40978652
5967637
1408024
37133355
34132181
20538088
21974643
37162016
16522738
18633145
16553498
5081787
38200257
39173513
26439341
26044575
41956030
10100693
4897672
3401387
26929387
31383201
14792433
39749306
633006
38066912
31737048
24263936
6429487
35570152
39697222
7564318
20890773
6626378
33305671
41413391
32724936
35306664
8554790
1383354
14303311
6966486
33895599
2079292
23889235
2669348
833326
32037468
41377776
18618124
30066605
39875597
7382431
4992107
16478764
3390219
20090014
7903843
41295082
39542662
16181475
31781916
21726296
18564633
19699125
15645060
36785346
39922977
17715280
7741337
8202042
2793108
26551672
10075367
21109253
38250612
36059952
504447
42674167
21607115
23841962
10730584
509268
27563931
26346072
671634
10051512
2486464
15560489
43066709
38124604
8196921
34385144
42392139
4522432
4769516
20113734
28628310
42147431
8498511
33169793
24854858
38487834
2462721
11429086
38126563
36252080
22068739
1185442
6255764
23534511
5926602
24487141
8870139
8585331
1997531
20879913
12750269
2160556
36595244
6624505
24639633
8394852
35411281
40633869
37137851
22969106
2089288
24068600
4400045
38564320
18970252
26106905
2335805
9992410
4244318
-384595
16262498
6080262
11489957
25641205
26644721
35402199
11618398
23936533
5089147
55388
15121916
17368005
1323901
13237070
18379515
31802560
13088420
6411331
16316517
8906385
21686944
33455717
38350223
39446224
16013678
23980821
3286203
34472339
41201953
20149453
14003552
5461893
31853258
15995576
12337617
13815364
6412257
24889812
1220138
2447166
28276340
19720092
37009724
9733675
28474318
9806013
34940038
5125508
35510151
43307188
1218395
473913
22819378
9258796
39783763
29175530
42542498
29174299
40878234
5250078
28344507
4769327
37768160
35689890
19424482
-244350
1338572
9787534
9883426
9982925
33856833
22516240
32036282
38965194
8976958
9784866
4274411
19796599
17736355
8044299
5997773
25317364
15873414
28999071
15921282
15904765
21025978
43145087
35017719
3452982
35185963
16613738
29887131
18407704
4356079
12578406
10215136
40218467
38237489
713237
27583896
14845791
31441889
37115644
47187
37878811
42084975
12904161
36227617
19949938
27229094
27712124
35238935
14852467
3860529
9469098
19732708
39890258
1674765
14437245
27904389
-83184
7821439
22575007
8535306
34509808
7863608
33191572
16508122
18798200
22024590
22663416
5510531
35540704
6248841
31117274
39407128
42248346
13213189
16866535
34671511
1069273
30775837
25089569
17258973
37872892
42304413
4801540
10238612
23532941
16768507
29690126
41219859
26232102
13927134
7435059
8829865
1765135
19134704
5063901
31334344
16305197
30021284
3026594
39241937
31118756
29745618
37742179
11126679
4222460
17093437
25398914
40028210
14038490
20876832
18065613
5963841
1989728
34012910
2039626
41943346
29587682
35491417
25690433
32638260
1495510
12438029
25804462
21988657
31268457
31585482
4353393
-219332
42183501
12273462
130610
40506926
29701465
30738922
8711358
35809187
29045518
1210847
16494719
5781281
8203079
2057028
33866068
40436704
34076648
42615500
5431211
12959522
23934296
12333701
7034547
35572175
33462680
5474408
32534384
5211843
26312677
10035364
7865889
14717306
366322
43482116
19683072
39266653
28110786
12041545
15698385
6690179
28584159
16152434
33119466
6493053
40382770
42533684
8884785
23912661
34486928
12888787
12515896
37817244
3469538
12349723
21049787
1576868
32771520
30157914
1256138
7266634
34162103
36862567
18368236
8296212
19034576
33259032
15698897
38202407
13050489
10444862
21074809
19701271
41185821
11014523
5283198
14316564
26147735
35792372
7255948
32105157
40719394
725201
17176532
38932313
39057074
22232055
32549720
37279669
19107204
-852516
35419051
8986341
19746069
2048423
42844028
13141539
34208210
40419471
38341182
31601342
8662186
-481426
13652855
32428204
23431720
8250793
5939743
18286207
8503245
35047557
19827010
27511064
770777
36625589
13063199
1830797
22895452
8602696
5542761
35167100
30527470
11182734
10474934
5773003
25172173
2807454
16207247
41273913
17945166
25456950
23210653
22219225
33937064
4220234
5535348
9007255
23722949
28249041
108087
7987793
34785900
25853092
8279583
29835447
7165798
32409966
36730809
2708051
40699815
14883982
31909489
3140589
22359575
34244305
-644142
38142634
26236417
14683792
33917834
25798891
37596968
17695362
19116440
38530004
23684958
37735968
11420495
37001783
33784773
11222532
41107425
7885999
35344317
29870444
4067027
40766891
30946548
35559586
7193018
34241380
3453510
9238933
34966220
7623701
8575103
12064279
9410442
30421000
26869389
41706707
10780599
14205414
37355492
4415483
38026181
37495903
17501864
9061049
34825554
10218596
20334691
23618606
24210750
43148222
35484961
14600921
-139905
2808976
18244777
16129232
10860870
34441198
35730746
18484406
31106262
28211895
19985748
8015001
38645645
9386400
31308051
11218551
40101044
24573960
42326593
2021747
9032766
22948656
28670240
23278690
11305167
39379462
30848235
5267783
27941006
24833947
13352733
36258265
41723339
18445775
29960194
28339343
1912359
3451176
2401746
24453011
25309487
2560084
1525099
38162138
29056924
33666445
42971850
21615752
30173926
34587648
26077925
42170735
16240453
39324958
18153715
15028843
28331413
38442645
41131749
20627164
31639212
21595501
20927722
40517305
-527322
5370226
43065552
27731757
13737871
8391896
14637713
11082148
42578336
26012826
23729111
15202202
7922922
5784716
22462947
10574403
5828866
39862210
15442872
10858948
14217672
31009499
9104713
2584418
31100174
42790602
12623126
32458261
14300118
36951558
10776252
14171915
15591246
30471493
26580739
40090975
32777669
34659967
13609108
13894359
26801905
28705243
33716347
37024172
32641991
33333306
11241863
-227683
5655464
12764413
8964214
25151702
42667266
37961505
24657056
22928696
19419340
2977322
13755443
27059982
25499345
5556746
2325154
19344814
13108182
10663146
28586248
7378336
5819695
3435442
11505972
35428220
32590210
33632989
22577318
24903856
40169034
-280587
14386888
18590474
42680035
19466983
30908497
39558685
5177258
22389054
10807124
43033034
4626603
22604505
33457172
28889685
22845097
29125605
26141688
12054949
11655461
22838702
23011551
6155510
9012725
7082530
16245676
24788161
37798206
31812279
3075926
14046341
30082026
4300133
15778339
1393234
15646878
699586
27230484
5028272
17710760
18897809
11106737
24208619
25980179
35106143
15683159
21818794
21905867
5592568
4446250
17502210
18337027
5877380
14949733
291396
25644665
15300391
27439256
5060024
31588091
12459471
5720119
7147475
3164867
26063692
15375694
18185736
16632107
12123969
29030881
27694382
9339242
6385874
27194022
21144804
22676517
39530335
16961523
10313669
26249978
34931931
3562868
1166071
27207497
34997276
2869723
23064490
18165267
16326876
10924933
8411712
26769054
25373361
3115530
25502265
42176440
36151722
7676786
40773868
38617173
40411129
21809197
2742132
16496406
6362733
28252729
12754597
26090386
38770805
24550941
4135411
33753544
8971913
11519644
42947310
4230589
33146378
15634057
37419718
24236833
41577362
5917683
16425448
42434572
30994125
27943145
35541819
31082258
28631127
30655540
35190245
14100361
21787142
381616
6357272
41149193
35057671
19881296
38336974
14630716
32419202
15592706
31608301
5129512
40319777
34651070
-216300
11603992
34160061
23202478
42015140
38700313
21114496
40928257
15410836
17257532
4496562
32778082
7556609
9426605
42555532
5527959
24023519
19472152
38984543
11060504
13021004
28460974
28568111
40803106
3786375
6370869
33263664
15771339
26554079
43094939
33682427
15925128
7193853
23240093
9912119
25441383
15170606
10317892
9410271
12796361
39570145
35599819
40444338
19816592
2478791
25600262
2736700
26501987
23245857
19903840
16118619
24650904
3502724
43136359
25137315
17201902
25181854
3248393
1014070
24557288
23461339
22728341
37346442
29361868
32602370
41427071
20715618
14019070
17281333
30036087
26237354
31663396
5163408
41393558
41351204
17934880
42861693
5406507
18431290
38869527
19874055
42946822
18621117
16485029
19972393
20687312
-611778
37995498
40008427
31206536
21142008
11280545
36912119
27216523
4833488
39958103
29996048
41517017
41441887
15427545
5563653
1947354
14041003
27816840
42744611
4672738
16983851
29329560
16096586
16701181
998970
24696323
22721708
31800054
185582
24895498
18446849
31451733
33194897
16804622
23683989
21982487
20267705
42227906
23506028
42945060
445386
7062301
21545661
863169
28368530
27053963
25717276
41615175
37908215
42770315
8926768
2131789
21230390
41828556
5366787
8691272
27522605
35934088
1653257
37246482
24638002
7688278
14763749
11856415
18021428
2979720
9415784
22286636
22311796
2080556
9781807
24425480
9871255
26448954
21594451
5450335
30985697
16603851
4578392
32166422
38650915
3005979
13194126
15768575
30760506
9229639
18647604
38409376
4983813
13954302
5162847
43262482
39896412
3571419
422603
35202458
1844359
33582505
6825230
32216512
35662052
26565542
23625052
39344050
42275182
21146324
42674256
9232523
13398029
631258
2731174
42215899
13312438
5226222
18916054
32326091
15644298
4551748
4431896
29790278
39084991
9175600
10896478
26664347
41117494
27997237
11095483
9983280
16794835
33130136
10698907
35950623
3871156
30060724
24978693
8841938
26258940
25208591
28755837
10572931
16757604
10126311
7874611
32929350
7595699
8489681
2996772
3446040
35022521
34715770
11327059
18224148
18798123
9072023
3505229
42368167
24372383
18457661
25668048
19062528
41940717
7761617
3877151
25850331
42916186
648273
42056795
22736195
17911596
40745850
28487843
79564
13316834
26446817
32530959
9786577
19273224
29617811
23594135
19119896
3226141
22962217
14113614
16681052
15250790
16863198
20849434
8574850
22441158
31836947
26694572
20733845
31870825
42119618
21360409
10001492
4272087
6642107
16865301
40410911
36430737
454512
34222352
20070946
32615327
24898220
26570253
39312842
5717894
11713125
14437098
26650922
18911926
17497683
13716593
29595709
7770704
21911250
42759963
9135102
24620147
3384719
41056807
85469
39832051
5888708
19908188
31882371
26683372
2343337
43041319
27311409
2055958
29292736
28548238
3742012
12764852
30398117
33648265
9680555
26469932
2335310
4426323
4773458
7264672
20971893
11464354
25382018
37579304
30790436
26187725
-309097
19469216
29198560
14055267
914158
35626652
32657763
5880096
13997742
34186245
27410510
31804532
29860431
4327613
32015523
16502478
1983204
8689929
22721378
42959334
32930144
27010518
12437270
1145846
13587087
15146654
17939171
31903150
4632455
24119737
16447562
4409679
35768939
17411076
691142
30353714
38906616
40589955
3412450
35608753
256379
41220101
14925389
32198994
9342070
27531503
27716592
8513402
9794842
20388923
3569016
20201677
18711313
35667681
7247346
28467302
11048425
10051799
29612555
34288450
22575183
1313751
20433418
39212958
16564762
25763152
7587121
33624048
-165375
37005478
3286539
25522424
19105627
31896649
20597124
20837572
7812191
35013040
28772094
27598127
2945267
41909126
35723016
40707595
-37647
15254603
41013185
34836652
13240207
35331788
37519527
29452407
7984698
26472200
30857703
5506211
1251128
7152041
38525389
1570419
2897207
26063156
34024185
40218918
5035293
21952203
34654232
19347354
31093244
7916423
12092371
42843314
11618677
16734727
25078923
6073506
26651351
926635
41638389
20089963
6890639
18101795
22502944
7348298
31682724
26942986
8718817
32747926
27339606
34888496
19419981
23384483
42151871
25447028
14671839
5336102
6994416
18276328
1821242
2977300
20403790
13389863
6082074
37058725
41594436
14758506
7266721
38439489
1601784
42309264
38384599
16602643
2881019
32621727
-336936
5048818
39299570
13091311
31681673
16454932
13521857
7660412
38390728
35142649
13964061
28982686
1058494
32601000
21440663
20335433
17779294
7867198
13686309
1963939
24458108
19178328
19917384
38307498
11070520
37642330
30626017
33369119
4083659
30744896
37511797
19110583
13256275
1181849
34686158
3392270
4775068
12742121
43036624
25263453
41710590
16889613
35863412
39092378
28847744
2995649
14991062
38188298
31970711
41200127
29328267
21634923
10025789
20088679
1903031
21970106
28178607
545916
13989776
29849434
23605309
24746650
36815852
39185759
16279678
33304357
4236907
2823947
35875677
7499298
14421920
4622045
35535400
6575155
25510870
2163404
32546426
35201923
14254211
21190781
38524731
33596092
3244957
40041645
40613991
4368538
28130029
36828849
30037543
18109194
37363539
41473881
28319878
24052283
472088
1967634
18174829
35080517
43290260
30223565
43215973
26142435
43210442
38690079
29009886
20106344
25880366
39556309
15917282
36352534
15431579
971390
31521165
34623877
34856861
5031189
4486203
42518729
10169140
35398091
25025436
2886544
5346910
37411240
28206003
11848763
31423942
36455586
24271143
2193005
7885255
36861119
-694530
13478044
20877282
6280548
10011732
11153293
16862636
11939126
5525047
20016518
31485526
28207329
25443118
3239309
998813
12013157
1686971
29854681
42435298
11484334
10340404
16321569
43360462
10105547
29657063
9116541
21525108
19316531
39413371
28935747
21472559
20542679
25318694
35829586
24708392
39308217
4853635
28174319
34855143
29256484
37128660
15810362
25432173
19955320
16511702
7221033
40043363
40612650
38752210
42494195
17428059
19368579
6072522
32181370
20030408
7272503
-655459
16572905
14424133
4143657
37174011
33312610
9572326
24923102
1825243
33591261
32159976
17587298
1728596
38345630
7542979
36255592
32537505
6213884
40291853
22551676
29280379
17194794
26992679
13267266
-934048
22582632
1259790
35113932
17543753
4375137
15398817
5900273
18533829
28438344
41604430
42012016
28621043
7009392
39997524
13323063
5884665
6298108
35371920
33264584
15691540
7885197
20609704
30744703
41099748
14875882
23043181
18825096
15292626
34956878
6635817
3387653
9327900
9694449
29257743
10431021
15661080
35047386
19616308
34930109
-487931
1600420
1540778
25937129
25117170
31436265
20977701
20156821
13736894
19219616
1464749
39171316
26684676
41394574
7316833
30500542
5252335
18894227
2477379
15527447
28705708
10839874
26300340
2467860
31407737
14135578
25754410
15639897
30521556
37132649
5683220
17123877
6396366
7902837
9744041
9549922
3177961
3735188
19363483
26113701
36907513
-972974
8569750
16259287
13308125
2697654
29968919
28059888
28597852
26503278
26071917
3636811
29798404
22443189
32827724
29430706
36195532
26740653
42037922
31773518
24530685
36468150
33234909
32914714
42213048
22747506
11619388
19205770
4695852
43366023
37137582
18042147
34201256
31232027
27457125
23633953
27433182
38126780
40923854
38371352
25520985
10651588
40038507
26596484
32637098
40058171
38723990
11215798
27879156
2438090
21293496
32716626
38007685
11111820
12347657
34605855
7572336
23789903
29717456
32299510
587588
42008911
40127815
29975107
33320628
28542740
43011979
9242322
4756149
13887115
36514611
6236928
28456135
16257302
12909939
9365484
8547309
8420449
11493914
22318565
5512355
33244545
38496665
41655864
29017768
29470976
5691712
28851665
21023692
-504047
12834442
37679430
2984525
18983737
30999138
525305
16414122
27803682
13213876
1908751
18966208
22356811
-790184
26001460
15868503
34774983
3692720
12850322
8191902
38707586
37890223
7591816
21569710
3650590
21896193
33071355
30738137
16366559
16187482
4027628
24003644
34642098
38260714
14682295
3744296
22999239
20012613
3022090
21035830
30404572
10069428
27460407
21689494
41397311
2495102
968159
42453865
21697504
33949336
19200888
185792
21386241
13441216
26721599
11809252
28904663
12501501
15481164
31823568
7810797
40770695
11546811
39719582
30578232
31731244
34148045
17118794
2931756
1186510
-755469
26973635
35934229
34571346
19107830
34155189
20937357
29906826
2446027
2402473
25433045
31266063
3234104
-771376
5624459
10783199
7183655
8172591
13902610
29305939
17593678
40526794
15639424
33386851
31231440
13289699
34671345
36441732
16471943
15929797
42424726
4038931
25685190
34140502
29118950
17089402
13390690
22297303
12369767
37507044
14918471
21383868
42261778
20774882
33881337
8933296
14010544
19471744
36579220
31543506
4691248
29291904
37218722
26260965
20548086
23181913
5806173
24770507
-711004
1970495
32805805
19962861
34265698
2357566
30438568
38773628
42810854
31444946
37837681
17357886
15351234
3053112
-803645
41580685
40992745
548692
-478878
5832586
19657702
3530428
26136144
17133053
13175519
21542704
3333483
8823692
2284143
39330912
21059416
12305542
42759272
1038967
38433700
30693672
20125715
43259992
41420976
3786759
36388175
36206057
1704253
25907935
5230144
21289994
24723441
34077073
24578783
36861007
24148539
13478404
3190832
22974481
1891510
25878898
32415946
24632119
11710397
26089306
41954099
7447088
13024993
6672569
383753
32865012
7065108
27179872
36579009
42237437
12443371
22445675
17472046
15210493
36534200
-433437
17677782
35543831
40916467
37342825
7005150
4500615
14853908
-850995
27645896
-827995
6166302
17597955
40419262
34383293
22907121
22785249
35317653
12380485
3532269
37813736
36352370
19922193
22950435
28100361
29103658
27525831
17246
29521060
37028072
2305085
30866035
34322557
32247072
28906
998466
21399924
34641394
10483061
12192152
3508585
35323108
-317932
41374521
17863982
24006142
37573035
27161044
18454012
7324155
12258765
36270702
15137334
26151153
38719545
4097961
25105992
507143
5617593
19869805
28682494
41408373
5624534
39033906
10769484
10303446
6862319
15482756
343664
41978659
41027941
30815540
6825307
9831520
13388163
34494957
1234520
43059397
1386615
37871735
24733498
41138539
29908136
22580614
23495856
35390268
6055152
14241622
28071098
7199350
9732692
19420965
41819923
5092375
6149452
39537926
4520851
20797301
40716546
33392403
14224052
28467328
22476096
8383175
42280536
19914762
32371248
5610722
38030833
31617166
7640003
25161057
33587978
23732895
25660402
8375810
618934
2113205
33220197
9883215
22373181
11133460
37631963
23727471
3721485
39883646
28281315
5840254
5479881
9455236
11463687
3138246
42043912
29729764
7026407
26443037
11361698
15625786
30794756
26175664
5523847
40753376
30513228
29828132
1935256
4539789
10983901
16965473
34600981
16888079
29704765
11529764
289962
35052543
1762938
41119392
34641373
25269208
42537115
18335857
1857238
42458339
3058479
13999232
26733035
32699346
30510568
22038277
21868392
3044668
40183197
4670556
24549615
4663080
785027
31163232
5706164
31851054
5580269
40362945
2324762
21726612
9381197
22687383
16232851
13659558
2379373
23567835
36778961
40551847
43275969
469423
25342052
30077107
21223264
1185992
22715185
31883486
24047860
36457297
15980473
17806789
33691147
40119397
12262805
20444994
888004
535516
34707778
3533179
41574033
21507629
6413690
26815112
26532971
35241380
13064413
28199173
7003459
2395444
39850907
39560461
1386427
11725096
36259241
6443523
35188525
23942000
39927433
29611974
42034663
17346884
4863583
14251489
41452417
7624436
8085969
12190967
26206729
28514973
13429820
32748547
9816296
15411408
-404285
28510305
26418728
2421419
390272
16893795
38534639
41477224
15907091
36723843
31305746
38023882
23739861
17957997
63914
30428497
11828462
766106
8543565
11414836
22615014
25612224
419703
31385442
19210631
5510844
29998515
7451633
7446296
284646
40643580
9339678
37592557
20626724
12013783
28929489
12750634
25018217
25826872
1397545
34203560
8938815
5345970
20789341
34736242
26730233
40783273
10090149
8964206
18008896
13719419
12998349
16456969
23576760
5556773
6082278
12082431
4061758
34074407
7975680
38843310
34864616
22670390
1395110
32555226
2479494
26019542
5856265
22264788
30190669
7552597
-327382
3692755
20401092
-637607
40829405
3911306
34750649
42252286
17125449
18304899
6461152
5260161
24885699
1961455
20456847
14526887
40702245
27526990
25169791
26288
26884836
34930799
615570
27657519
10222083
23621982
32550556
42862841
33766297
8876030
8163465
635292
43110873
23295620
35324717
33839083
12780363
31132954
32149504
16117051
34771053
8141907
28386389
10850607
24853683
28240588
-210847
32293298
28534730
43335282
24889622
36059880
27955849
38491554
35697326
7558673
28020179
10394404
5284224
9148193
20201201
35650933
3646205
32659338
40712262
16248904
26133549
41188118
32613074
28989998
22568891
24082771
39738348
36437801
29661702
21457495
23528970
28869429
25009792
28742784
23282556
43085907
26147879
476964
28433750
40717816
42475823
5115240
25990883
22024503
19992461
27752332
12776542
41896107
21762673
23735825
9700579
32596508
30912432
43406488
31374274
33503116
31985778
34418863
33402143
42391349
18936018
36597327
9764940
7954389
7091362
34871552
36706711
11093510
22148655
35107314
7824340
37641462
31203723
23008066
12568059
21431303
5137318
41513764
17410902
8378875
43257278
27987239
31728964
38818860
42662081
25269747
38070232
40312180
41776395
12166368
18946124
16377228
8407868
34048578
-495439
37275052
5328538
40087736
33365494
30507513
31675818
25765404
39183411
101879
