32806354
26051880
5584013
26363923
37762078
11696631
14215443
37655654
33879726
42038344
25044269
23233950
40104454
11970372
35341778
34232142
17372089
37493335
12866698
3619283
42801780
12993280
7400813
4999942
17142894
10732002
28909356
11362978
11627361
1503623
21579652
9050228
277363
43270193
31361297
5567665
21299314
16682630
33735362
38639027
32552117
25069580
18846092
12026989
40019015
36356708
35560146
26359202
32637534
12275154
24825837
20828605
1351484
1512949
35751874
15659626
16586617
41302468
40559128
19336236
42314443
31151025
21285079
42109686
42621621
14465525
8151280
34528097
34588353
29179149
41354455
267303
11772400
-84625
34027620
-407964
33788441
9412938
23722064
2324865
20445705
18802998
36131791
7082628
23221977
17686476
27399366
24890633
21076231
16374185
35985157
14412950
37411937
27822171
12565904
36525869
15551152
36607000
13553776
5209628
35757303
1516526
5985978
36264138
1023239
19961416
11596965
20565803
41521641
40614293
6534170
10212267
16899999
39230828
41143052
42818203
38704603
-661906
9227767
38166963
15070609
25825248
17291398
20781274
12204520
24515036
6351302
31482199
25729643
42541183
7752084
13186831
28647036
38226185
31993276
33982256
27058300
35297622
6086984
18112988
22284593
26715023
32476217
6490397
23670455
24909902
19634028
9477061
7952021
21315608
25827693
28978763
42551683
308653
38329053
36100393
9095130
28685982
3185117
22711882
29660223
30438057
32273688
648265
22168511
12633747
20282106
12105599
20342714
7791767
40853955
24549534
15581818
1844524
20482892
11130743
-432919
24537518
29895649
15380690
23038447
22016739
1812433
22043544
42671366
12249454
22596266
16025693
12137071
19644507
20090266
12556887
26209891
8287812
651425
22025022
9687829
30342926
37830169
4924196
19123140
23913363
32863187
31439989
26181932
13261204
3600057
3054680
20836706
27587760
40225574
1636427
23205776
41053404
341516
29544981
9862881
42898857
14357404
20496497
37306920
42305979
13963447
30253968
30949166
11823661
25316901
21565431
17287828
5466846
24655160
20954980
16944994
15239800
23367893
-908989
41070395
12388094
36353040
22719070
8364148
14792690
19177513
40966673
34380278
27318409
15633117
20816250
8005516
17837693
16631838
8115228
39051050
5280886
27958490
17301233
12989951
33984223
42439735
31026389
39956719
25193736
13570547
4142634
6363716
6402284
43319687
4591852
38226484
17590896
41879884
31889272
33211560
32928894
20328598
26499308
43080340
15221839
38848427
30803242
22189622
22744068
30369343
38114827
21012978
24225874
15309572
38443077
4379596
7847516
41965086
19745001
38504030
34821655
41859158
33162130
15697783
39888099
20936893
43265018
17399921
11332535
19821040
40747627
35351045
15688336
17006800
15686549
11267226
23477403
24882250
8442257
7423200
38142929
22888147
35561377
17866484
39065531
33990463
1972755
11279842
28718881
7698318
4995126
27652267
30208212
37430244
2886822
22608904
42247432
5386330
17934239
5208646
17133577
35923556
12908221
39734434
19930481
37348468
-797220
15451978
16287181
40336051
27374610
5638053
39021209
22721327
9716008
16600160
3508429
6264988
24533010
35289332
29763376
19135789
17605737
13749209
36539551
33012655
-115099
22293806
877281
23760938
15233237
19007723
38962084
43367925
5495829
1779444
14412822
28314040
20931099
19306908
23642667
37107683
5408585
38287300
30600530
15120776
11684837
15081307
19003178
29708587
42326098
25549043
1245480
5440073
18734805
23798534
21078748
319533
41635418
6702169
37532630
9544453
26403016
30357616
6878395
14132724
26084681
25219949
3742504
8081441
39839701
26372345
24333690
19928091
6709359
27582089
6282163
31668
5042128
7837728
10729755
3217267
7772286
29718174
40016346
39734891
5845608
15535973
27919285
-813195
11021555
17108215
20170932
1251756
9381615
10719567
5502907
23285145
19683199
6549163
23558669
40966529
27916595
20387037
41317815
24822040
20406316
-845612
7075156
9117629
35891634
37212693
4509935
28635228
14166798
25951525
24992045
32918708
30782096
10702481
6514247
7007230
18458519
30264477
38300006
-813840
8538472
29519452
20629573
28216882
20253984
537364
270955
11567762
17140548
21823752
7475595
41357143
32952657
37456928
39542025
5681782
1160231
29783334
39233706
42801628
42404726
25189898
13766489
19692877
20471931
5422715
34442306
7214304
1612904
24738802
2183946
23002903
11545285
14804982
33212467
27677819
20061681
-753019
30087919
25999543
7586837
37565869
5468897
16830741
34979366
32106832
-492490
12199807
20578489
19673047
-745889
3404385
30613951
5138393
40751953
33756411
13617801
23521448
5701817
13794940
4991564
34858646
22887872
-577111
8949626
18894660
-873875
38925776
14964775
2712069
38911097
20372693
1447279
22412997
43367021
17590756
15255945
15492144
19040717
7068158
29880523
2063849
30614206
33360573
21444695
22580772
26349618
33015288
22236080
34647201
30040776
10948331
9443076
19771763
14082710
29793682
39605160
5297966
30648873
28532807
32690746
35597209
1760829
-605005
3314395
25761054
18152891
30344479
17571058
31750979
24940578
-710559
42675066
6797405
4496655
1919456
24465012
9309807
38964455
31125566
15668953
11356030
13598809
22174026
3366824
23781798
12853824
11890095
13738920
27058356
1591987
20225469
12062798
28977972
35320005
36344491
4426742
15048592
16673980
24997099
31701080
37006937
10375173
2387692
12646611
24601989
41778483
656217
744421
2378210
6402927
25351166
12408480
2931333
43275834
9565360
8283867
19861673
33093585
22556246
18490276
31133767
2650384
25383551
36667699
27623291
31323435
28779202
35057420
26074394
3271001
21306616
19386729
14877620
21154020
38656852
2064584
2857391
30368178
7398515
4957374
1552882
1110365
6821557
11908443
13251224
18377885
4029082
23288877
12448892
43531623
23042598
21023075
6624118
43426184
9062269
4747258
13953945
17558363
42263794
41433465
36420639
9027417
3223799
36667165
26005185
26418862
23852410
22573054
13784145
8341088
5849572
7748949
14814046
5516354
10129878
39792349
29807732
18029611
33978701
3110987
3835208
8308758
21085112
24453260
2539917
33000081
7208519
9137228
2334634
39540959
8995625
18655324
16667549
7219755
28490919
35198707
8618931
15459054
31032637
39527696
5770653
7248405
8508828
28108826
29293701
42481638
2642312
11883788
42969793
1813705
11779627
2702322
31199043
12451462
39969123
13116726
36065163
30063751
42734616
13134659
12622648
35578507
35372471
12338974
9233061
21343377
41890612
3588136
15386702
29049856
18175037
43455886
-732246
36189830
11644814
42293191
3356724
627393
7989346
40939233
29259077
4041800
10495113
18582141
7794956
39157775
20108447
41081550
30078282
23392577
32568974
31831846
22794765
3725319
15798566
28804127
23346514
6573774
14524629
30335794
32217929
24305819
40158925
24318497
27089541
10425961
16168069
1853692
21541681
2677811
22532147
9554852
10153997
31258414
10567272
7690335
3011139
9081233
6512990
5784640
-687295
41152202
20349375
11206082
590497
20020024
9124008
16903732
-862480
1683690
21438498
27100415
16485085
38823752
26474541
9548378
194716
39319050
992255
13176275
26344591
1992671
22130037
28656222
16655043
25259491
23618202
33635657
40638340
42103112
22080457
3528832
26692697
4793662
36754692
5866050
7213944
17258860
3494217
1010407
31318032
26706660
30087740
4104364
24804256
26882892
6036718
7701789
29409236
41586221
16766630
22650710
4343432
40945952
10459969
34506824
36563728
34631972
26937867
4293767
2326199
39076066
22026509
24120772
31473843
16537609
25922821
23068328
10849887
38172591
26618775
26002645
38432083
18411679
9954162
2731928
285067
1708077
14814314
8486646
25782474
7653921
24360470
35774588
13822000
34695765
14219935
14322806
37798159
33219343
18409762
34905638
23252005
12695396
4777835
20138862
23681433
2272763
38514024
28389266
17419454
40261757
23235676
19933734
35574169
23078230
20163614
-819813
15596974
28134096
10157103
15067793
-69430
6636003
13216562
39599896
37141436
18360000
41310958
1122551
9123018
20048851
30819448
35185399
33393829
9903856
12055397
31026539
11514503
42945049
36582897
42034453
34353217
8007662
17075455
3865149
42177485
13091708
36728543
7036644
22729841
18663772
7784656
25934952
31948395
29692347
42111593
30560375
1161519
14878618
27880496
14654099
4142191
24397734
10622089
745335
42384718
5347319
26211995
22049884
32904443
24547489
9550518
26750396
27823852
18634524
16942870
25013862
12066789
19900444
2719393
27243197
21767077
25747788
27041843
37567522
33430213
34797820
30122344
41709465
14368005
21130216
22385257
27266870
19209329
853856
16757180
1378217
40427595
16891530
16130665
37988650
27653010
33605131
36649529
31452674
24301314
13734219
7278701
3393745
1727636
9831512
404686
35610904
-406451
34477036
37129607
16482898
41417248
15942212
27175836
13227631
10263008
33098079
39841079
32148492
20381858
22512258
20237066
33435026
11234275
31389578
28678272
38251361
43493074
25757598
32615139
36268447
18408822
31050183
34858516
22357876
19056492
21610424
27379461
36252329
27375201
27325339
17718669
1767370
16724725
24573781
41866963
948462
3538996
7322437
27032679
31003128
15671790
30559225
222547
12163845
6873386
16821976
32081796
3010233
25898602
15597588
21077526
34655309
34969130
27049398
34795088
14340883
36990151
25434254
218714
11428388
19752660
9478817
34761784
16597980
35897170
26526682
33789594
33843568
6959321
21441104
30760185
12172615
9960171
29084527
21889257
27111761
30694302
30946232
20061570
24118551
20866446
33336243
17813621
25659654
31319608
18054188
41984861
24365896
6427457
20301011
30456583
24570881
36507120
19798079
20244497
39249679
24763693
26971001
29871581
36420256
21787775
23449612
31132371
13296632
30832997
43211033
40813892
37724707
31193377
9695708
7124400
41720212
31222046
18126896
19682499
3472233
41241108
43299405
15265878
25416443
35248428
30431142
27817330
13431147
42217382
10932032
39705157
25485008
23392409
27029684
23790353
24218492
21748700
16213445
31452566
7803640
1260363
10616359
16216629
30744858
15684997
9990217
25898685
341134
600559
30659487
5355458
27189471
39454474
42124542
19134481
5691899
20623324
145093
14424733
39473892
4143143
40612813
31617104
4323748
38483934
6245475
17060625
4739203
12667939
21497396
14135571
42428108
5269993
10266955
23377024
41513128
26310941
9799913
27364802
8124080
42474978
19975127
12806864
30774171
33214133
36342652
6341021
22782111
29407723
40440176
20530769
31234638
6222368
16960214
3338968
41176235
21281861
38340344
34374291
5045065
42151705
17206171
34477766
29144709
27749493
33434384
37215756
23378597
32399069
8202199
18673260
7240809
30348923
37495932
35290034
26175549
2256700
37913686
29093486
33759186
28993905
36275522
35272934
24833418
42941268
2289415
38264364
25883695
5056404
38772694
5545296
4014382
29575147
18034975
12655399
38811982
40520823
16480680
1417446
1308472
3961738
32033216
3998690
31308471
40513491
23430112
38798789
13650638
16706460
13161878
10565793
17432905
19585328
39990072
41535806
16880296
31691525
36037842
9993881
2120183
20208871
1418635
14024934
43052162
38160204
19268318
38702518
12430986
6264112
12931581
6178799
25892859
15171585
16199051
24372050
26642745
18516942
4731042
29797633
10292870
11277904
22752072
-792248
2713614
37780769
9669977
43434510
8642965
29322758
41508385
12358494
35758392
15529462
24379693
40107165
15396448
25386457
32833320
9661180
20362104
40923526
28982091
18374623
3762265
21346608
23982648
37733001
34185739
11636692
35323722
1731290
10583953
41997129
29520852
21534061
20608415
19558966
3034611
29370526
6682126
4566211
37206310
4868707
32133238
8323578
32440606
15770615
11672223
6976206
33062631
720823
4299347
1378049
29623790
30633265
26269299
9586793
13595608
6219357
3213744
10349783
26982783
28928445
24264532
20579174
28896802
26106283
40046835
37679669
28513970
19194997
9505751
19866145
19982561
20034294
38131814
30166895
22778061
39016432
12208028
36123226
17334514
18635941
41487944
28663079
28455430
-615386
1500173
38591327
5487989
41632557
6811314
11287575
28305958
26394849
17500786
26960755
-997998
37278983
39325986
41105406
34423743
-257508
18650956
18819183
25230060
8110638
22802030
27444418
18522874
-360732
16515836
888781
13813895
27806635
12366196
26155223
34026729
34709453
32736934
7088646
22455129
16866804
31420501
10684338
35915370
16300898
22266678
42859630
41908133
1986500
3700807
22759373
37778283
29768631
8387376
18504698
26321390
12023109
41929086
16438535
33716722
-495828
36328589
-760460
4339332
4608828
9446414
13732152
36060135
43168748
3417084
7848285
13231592
19653520
22718838
5230117
17161250
26879901
33643625
14222451
7233232
42419499
35220480
30898964
34038821
32420363
28843105
29836354
14756680
16281461
38957856
28365241
33801082
1946494
617922
3204233
-14194
12460491
5564273
11469233
19247666
22036463
21391443
31014185
31749027
22788369
7902646
35735902
16647520
10725116
31247372
43382867
40552230
21504140
23013691
22255396
17634998
23258460
38866006
16185542
7777120
34484562
6165640
378982
10651167
28782774
34254205
2674768
34518930
8221425
28968109
26411065
6204579
1803011
33342521
21930868
29522037
2286374
14799719
33524215
14873094
41888563
28728668
25883527
23132330
39889720
-49115
11698261
20331821
23756379
22787416
34679551
38405350
20286354
13394849
13561756
21251948
5363063
31051643
16557597
33303442
19905467
24391445
11196030
13567023
26101711
42134676
28366166
29909393
18866261
30649720
20348222
1207813
2592463
39771151
4022838
39629841
38547452
976238
12935872
36252452
21881326
12688767
28257841
13431230
-225274
19913096
16459330
15627501
27306403
18909245
13816224
28965750
32639932
6304032
12637840
3450530
21817566
5333704
41260178
487230
37103662
33283310
20110792
870725
-243095
10370335
14160560
18894802
11010479
14839552
41248240
43236245
40605851
4030969
-625405
28724690
10357465
6738620
8773138
2577136
20408127
264930
-730549
12009597
35839481
37297242
41370763
31497720
37323562
39391862
33193925
26626161
26935487
28107097
7580184
32853297
12662367
35263459
27199434
35101066
11438459
40340304
35327407
25770041
4212859
14225757
6107471
10010950
11790848
-745939
5345871
5492239
12568618
27213915
37941482
8447132
38022147
16487438
-739555
12079100
18246157
3131249
30180245
41381909
35544561
28920771
32442536
15270611
24998558
26558267
21417889
18689559
1546699
43312125
21907119
28815632
7450601
18297811
25631822
-319280
6904936
-670652
18954670
18615277
26362588
27196697
-572327
29947166
14429320
42200464
1916495
3631275
18587051
32104504
27965267
9865077
38777288
2776954
30227431
40544178
7770545
11341953
3065932
20926416
28724022
16682873
40338128
34942503
3900520
3207796
10936277
18413659
11446048
41084972
32290527
39389973
31466619
26186904
148093
1657539
34120667
26899317
5927677
5142255
10952122
41673907
17566785
34691642
24902012
29098035
32515632
29660434
20152367
17872752
9218816
8297365
35386752
36336595
40367749
3973121
6848812
26320893
23381392
7413702
18678724
40040619
9144739
25869788
41653894
38671771
1420550
18831442
17079358
11148412
5441146
35510241
15214485
3271810
26532139
40778850
1370018
7980473
26705842
20693464
21121096
1144207
22120149
5548297
35142857
14804853
-617593
767405
2707197
42483252
-42585
23631944
-261923
5912887
10039034
27693882
1616390
42153261
21802644
18097010
7796761
11777927
1893443
30520320
29040978
41817276
3368093
17201583
7867999
22823922
18314200
7373828
27297695
25005759
8490192
27259464
30233533
1355420
4957687
37795022
739443
35198937
39622335
40307848
30050627
-88697
42113202
27901463
37912334
26401535
38282495
28679635
30381090
24873094
7123915
38926696
5045108
19124854
43009047
3893358
2885891
4281212
6874365
31571931
41874783
6836739
27663741
15662097
23129240
20589815
31578938
4746416
21507446
-693914
34196389
10432279
23470325
15112248
34062911
-738039
846197
29176381
1395461
-533186
24429400
25688580
20731197
39336848
31427417
31894654
20898785
32677495
24671543
7529561
34217110
38002053
26594911
19947501
31129292
13758232
7013805
35246097
39822387
31940203
17303516
42634686
21814876
26752088
6420319
26877240
7865966
229316
40017469
22688618
42110246
35999821
970335
36262558
10129793
6101191
-72412
41390877
19548558
442322
103262
30173968
10074138
195413
35686671
3356646
17376753
26059807
43427558
27200087
22733236
19470036
22689744
29163963
32798774
-915531
18016214
4403428
2716846
34372536
21187810
31832802
34745303
19315479
21513226
13764960
22897933
31486424
39478735
29672359
23022770
35977520
19027551
28532411
24210276
28411472
42858993
20520466
41922142
30221737
5426434
25068797
17059517
19094783
40559086
36069675
9672358
29206116
5916721
18702741
20878861
17306231
41104566
25974590
38930238
37942589
6510995
27874775
-454622
13312175
28373693
1833502
3913994
29196827
34868812
41090783
15448533
21637443
38644660
21037594
37702666
4955144
38875406
33399505
22679497
40966024
32268617
28744913
21532002
19583629
41031575
32309469
39907576
23030562
29069725
9618702
35305140
33518385
-75340
39062370
23337
5301944
19322347
26502912
14522299
8806104
22066531
42361461
17917989
7170457
22218346
19928177
15390258
33859193
41537023
10289949
8693936
6514116
13644992
22954262
27721651
42026
28747082
39575317
22156006
-168007
9019754
3649881
37792986
11591019
5289885
27600026
41470644
8359743
626048
5764840
10403397
32263979
18508121
41460894
22087640
16433870
7982087
24625797
5118002
7856828
26866049
4278296
33949668
31429656
34158734
32738599
38669825
23249313
15004780
42489184
39373602
2596840
3380793
35864723
2719220
36033277
25349630
28275053
39368494
26947559
33326828
9343175
18419595
8821726
21284664
11035593
42335775
8485771
8088082
31532388
27407911
25955349
1699474
30568121
6759512
26402965
2559939
28188630
17244849
22863338
19749138
23685770
42360934
33724971
13021300
1602031
41957694
27729505
42450220
21859698
22447621
13602790
5450107
36965339
36890873
37328234
43377356
37844979
42241589
35865271
30473362
37356009
21596607
17795364
35881703
26995687
36533944
37127993
41811468
910679
14659239
4189862
32180727
40500734
15021268
1230393
19596753
36485385
-80105
21937774
4356333
12790464
23161113
7132002
7363254
34854695
15960196
40877246
27839963
16885729
19049629
3265172
216564
24798406
19335980
26724294
1795244
11356531
1812290
8994237
30947102
42816520
16639887
40509293
8473067
4451328
37955518
2044853
20583521
24832598
41661942
-218422
1506186
3086924
22579928
3672643
4613600
15283883
9656316
19679214
13965129
15189020
14398572
38146570
18171579
33942386
32796956
8296216
33654894
9077741
40816762
42574978
40358627
33674939
15823660
21877973
24177493
17159109
39492883
34794374
11162987
627066
24479927
14852648
42673078
27245681
19779317
2667515
13392423
21576406
33317744
38175474
10851379
42861253
42531356
42252246
15429374
3649038
42185020
34160312
18144434
-744061
35527413
29125159
11585707
43470337
18753335
10445691
41155861
2010712
41399210
35682903
5821357
40832821
24774290
37197557
23652328
16178966
39485295
8190128
5681727
16303806
560414
13244823
3103295
13548608
14309125
26721218
10560602
25959050
33815960
5343368
15846731
39982368
20971748
8567153
8091975
32716908
42025553
36291401
9936598
22121861
5182968
29260388
26011118
955687
41955969
6625224
23052862
12468347
5524864
21918959
4469015
7084633
6919501
8533586
27515888
12558572
11630325
21146867
41269093
30457980
18945346
3503144
31925460
11793185
1439584
3453741
14445512
30183061
32046338
36641432
12099346
29950447
1472370
42461991
40909044
1999511
27031646
6604890
24241366
17298878
23032658
18207515
37739630
18274988
14447936
18302500
2901903
18210958
35401708
26556250
33327533
11640455
22268776
41293500
30309034
39133211
1330084
18987828
29783460
9609352
40932513
39611283
32364241
6360198
19676614
-112083
31037415
15615208
11946417
41696509
-844861
27651
15664938
23791287
17188898
6317939
12425545
14641297
21122049
9516965
7843210
7061889
33652603
29653498
35545431
34678853
16847156
38752411
25667262
8882747
35211787
19606801
28232758
42989370
21463175
6033158
43494094
6364699
30749336
17963970
12548524
15661522
31034678
5684447
28760519
26882768
24617608
43344606
28179535
32475946
26664189
36878687
8163933
40231277
2366538
34997482
41003053
31402702
13840565
35347791
41957904
30716767
31423738
39922736
35202253
36035140
15391104
16492993
11100678
11136181
9770348
28640029
29864329
3051101
5396496
27205032
25511765
18252792
20270180
9893205
40820271
32758883
2241906
39661580
18555592
21491204
33559530
36581941
9572499
6723904
40703957
13638600
26275990
8808824
22553288
30385431
41971095
592184
26477000
26914582
20638008
20808532
10448979
5647130
23796305
42871222
4580225
43358909
1985220
2362094
30545907
43420265
14345556
19942157
10507837
3866799
3034560
3162387
4405180
42549733
42224429
13869050
13210553
-216238
36848123
41039236
43360889
41748627
11635905
1117866
12399533
1513472
29617724
7517917
17836771
2599352
17995458
17442266
20009650
3834115
16902620
7501028
26022987
27221115
38352219
43232563
38781788
31922555
6777945
21944501
22464537
12139134
34004210
7072474
41651066
32083251
-856536
13773449
41865823
23516298
31871725
18064754
16610738
30892577
39122402
-458900
37496495
31189277
1735027
10119774
40503258
23495586
39234863
17537463
24101172
43016039
7721893
38111463
27476020
37291032
22313385
33439441
14178506
24363991
11322921
39463831
9940117
18239379
7880491
41026203
9385406
25210367
33577342
15631038
20249820
8812413
42678601
19171151
22885169
26617671
15016329
21675623
27446139
27985279
12047037
42217539
41949185
28402263
26497718
9958349
5496030
14291760
24373448
41861508
29780550
27112603
37455298
40852752
20262225
27280351
25921892
23763646
6168578
10555326
-428121
32949011
35051100
10907657
10877682
-688111
28415241
10707784
2156093
34034135
37735967
23467194
28546180
10694265
24804713
33195181
16955699
30384566
27719043
34731057
43104650
5305466
-271497
31249611
21954093
39624645
42078398
36755084
-899968
20834375
14172845
36488037
36442287
6258093
3873487
34207449
38250047
24411755
12855736
42078564
32738811
38598632
18856057
22695750
18428425
10805372
5536773
30384928
26459444
6346301
17283704
5689492
2757493
6662307
6629137
3006802
1083303
29086056
30724701
21029427
31418446
38762332
27739731
8537313
36137228
35863039
33431730
43033788
37591942
26613221
17534145
32513311
33592670
9002929
24058673
35203593
31439751
31090513
-611230
15753296
26627107
15998223
20954214
29623186
6194272
10779432
31951250
33616228
2491300
20093166
24318082
4507857
2536627
17787553
39390387
28411718
41267156
39011971
5556900
22864351
26612506
4413677
29811284
28809451
12645565
36789419
19972364
18660875
22285139
25009142
10012675
21984634
3570796
6251288
21713715
1617253
21283382
4492147
38723005
14307256
1819307
6491553
35815156
3882215
18359641
17343590
31480721
16403670
2816011
21244198
10917966
18403189
39149384
29768421
18047094
38724765
37403214
9673459
24868948
34283088
24123420
8448042
13251810
18982115
11407257
23160025
171293
14453210
-852622
35076774
13799204
5716795
19441345
30031158
29936814
22294407
22821703
27460602
25011584
42868715
9093990
33019734
19257183
10681643
33113211
11754433
35374782
37098620
17147904
14677488
3749941
24920512
28965232
1813855
35087751
29109960
28691880
12337471
31327509
25782209
11985104
1797644
37309846
33900362
24681972
25994175
40403800
40288029
43281120
21140110
8469000
9300460
41336804
18480909
40423187
42465428
39156599
38621409
11814801
4330248
93457
9416670
15601958
16096614
13798864
11119951
22988480
23791238
11716550
30311307
39280840
23798343
35527731
30688410
21820070
13716496
31657779
10803619
30475377
32847563
36821662
1150813
29170903
24127335
20337312
34101244
35452863
33047094
34357054
27749812
37494539
34904488
28375084
3961380
2731256
26836397
15245699
43030370
20373062
538959
36527576
36115109
586485
39250693
18315088
16698047
42020643
40095397
18393211
-893184
37480112
6192758
7699936
6763953
723480
31366190
2981633
9753659
37335740
37706940
9342006
21922563
21321925
10091427
9306563
11878051
9012620
30548230
10209645
28433634
8445637
30709121
3710301
13982823
1483467
29583623
1609572
6020880
15627026
35382075
35205114
14051142
2148015
20500605
19013808
25395586
37292958
18844270
7887580
10239484
16528209
42017296
41785776
5104619
1100726
2855897
39781085
2721335
23059558
30457330
29276117
33086476
31498128
32652159
21811490
29960215
18586182
18091789
25509796
22200743
31460856
28465194
2399208
5613555
13363642
37339593
34923632
16784187
27668847
4757068
5694415
1027124
5729764
24401102
3288537
2377128
36168140
9310607
2886321
6747102
37174925
35389314
24199403
29650836
16588887
-559525
38709812
40057635
26429083
3682778
16619140
10927652
52594
-565625
19768476
38114546
34602484
24499858
5239320
19696214
31629642
12057612
21377472
33692495
18829702
22504981
8852484
3333695
11687910
38601583
41524577
31706364
19898854
34549604
26426530
22991349
32091448
35757941
3904154
5405038
4627545
41392946
35795465
313939
41458785
4393941
21231070
1887797
31066550
21996235
36494375
13913201
30560100
21789915
26539988
-827222
19712407
1333818
24871795
38173704
4055647
14636526
15765309
25189570
1426234
13690497
10800121
37871274
12738768
39632914
7161526
13499305
38768045
16378806
19253543
38126520
10771356
12432598
43319069
2984080
1724536
38293821
22474568
17847408
29367916
6432344
16570017
15002812
23115698
-793545
15040388
27815487
4040948
7346586
5083157
34227120
-366173
17966461
17167590
1205150
9709728
-427446
30613122
1311426
11792882
26558292
28837141
23468604
-869232
3817773
11249861
5223252
25337532
4419031
-251925
11921047
15936732
22847287
29280500
20596703
11597515
27759834
23402597
15742423
10503882
10521624
21820875
33331824
33043771
29423334
21030508
11999649
38527989
11758456
41793024
39867276
27411139
42094997
24811692
24921538
38153660
2354474
38582247
35496316
13258133
40064427
11591478
13901256
40376879
20823081
25330812
38571003
12694556
19738071
22253603
20754998
35011864
30850848
34004136
1893450
8977096
-474785
40842710
9419357
-970658
41351366
28399339
5245824
4212552
-565884
34942037
325633
22311539
18805152
28928256
35740758
12048657
1105005
17058489
34404742
16814488
23325464
11682828
-361391
7547224
7951004
3276124
27372150
4788350
24415878
36052078
11255110
30860873
22185879
43096109
19503866
-682402
37154676
28192870
19128763
25103730
24988967
28487418
38375920
39007622
7843824
11194423
-181625
20751279
35979684
11403266
30439031
11935050
17274056
5508374
14532861
27103164
18730260
6367980
38397774
29958642
40674595
1689258
32402338
7280541
24664609
13002146
37627324
3330421
15760918
13015631
12084163
35663374
15297292
28217787
5360695
19472872
13190789
17336481
19293234
1051155
24470444
36880502
16833457
22784752
12130099
12012232
32319388
23975042
8524781
1678422
17722052
23156448
14695820
32564053
35349939
37971796
1107213
38049219
965400
19179825
3924232
42986800
28788752
8497967
14577240
17144008
29677294
9462748
34648946
11422829
23116190
31715849
32936040
26255498
-840264
18766716
35616812
37623252
8583962
29138420
35905886
25049850
29109520
8582150
36913099
16680935
27829276
23949930
41252638
9751783
39859744
26474437
22864067
40712673
27484602
15889649
30616307
42115780
31239742
4194793
5260984
19899495
22780855
36982746
20254684
19028221
31963438
24484653
28627306
8300136
38324167
40442186
5983506
10680219
5195967
30633816
2261035
12626150
15858548
28851730
17211101
19526327
28673110
19315123
3755760
22777262
22137921
26017851
36178229
40122325
25141139
8632335
16481082
33701873
8563450
13693767
7318
14058020
36289640
20617747
20462183
23452712
9390325
34525281
21742105
32579263
22751037
37657736
4628311
31364736
4393372
16981344
21677146
31978785
30348981
38216331
15335768
15885199
11534799
13008065
16497791
18715564
22383214
19797465
7973237
25117153
7258987
5924379
19193348
23537437
26683859
1022274
34372548
17737664
43074939
9768783
36360655
14947852
899128
35676152
10654714
35044428
42525681
12337512
41545186
21238317
20832537
15830862
22108866
18765873
15493732
-967027
28843491
30086650
34639371
36329761
4868510
20152045
7447963
12984348
15314435
31530845
29182895
10067371
19058747
-819399
36623810
32791785
17495391
24151710
14904767
7720490
29644697
2265916
12500284
9664775
28740902
9058279
26116000
32698986
4428522
4445023
30947067
15227749
18603427
14718232
15885363
33751343
18880434
28863949
19530833
30204030
27238593
16564014
42450482
17574972
31522685
34713376
13500990
24823997
39342912
38971971
33874355
13750052
24806609
39297127
10385034
42106245
20390968
20438196
21475969
28742568
25764290
21274647
12269389
8398309
16571341
33985988
12976522
19439236
1418341
2917878
20034948
21657182
12044528
7294329
38275701
31453806
42439015
38563115
39846450
4840045
36891777
29138658
41826634
9391857
27930546
35842903
11811879
-83227
42939749
15935785
27624607
30255769
4266145
11627177
3651564
29395856
15940977
35622473
35702403
9707935
16580622
10348265
31480434
21625409
38341752
43522642
38319625
39318998
39382972
3600565
30549339
34519295
13731581
4849228
11751213
15798774
40675574
2371879
32594863
23930864
23443049
33789543
16092084
41863381
5924136
19487111
10288565
15538476
34059356
27951221
4222337
43223292
24698855
14083469
21880825
24201072
27371254
13080897
23676454
37571698
29162062
8481279
15560928
24017038
28085821
37021846
12128095
5781817
30400411
39905480
28908217
15484204
30643637
15721910
37643914
42059032
28890717
20009094
39039190
12021191
24355577
24104908
33810510
31359354
3824950
30523205
34818775
17783975
35222404
19203677
37126839
20066758
9092311
19743925
6620024
28705925
16676776
5372114
9617643
14255181
40464349
29716053
9020827
14056925
24522220
4666034
36091308
39859821
39696861
5624278
20538046
10337187
31995694
28140732
18906751
6566943
1820476
27721724
27960567
28590363
17594513
34519114
38174933
24593375
7264275
29704018
35641994
31546366
42115565
10456762
35848638
30990952
5731522
3582166
21404969
32086805
30931067
23586929
10874151
23340355
10073968
5949081
3986870
19762165
-379110
6273622
4734802
22776629
42419944
23187002
2418769
35153791
21198552
31996715
3630377
13990478
18447858
22534054
27578569
35636206
5536241
4821236
37684775
5846690
10979801
42729083
10217243
7318419
19720983
38804370
21091862
34178900
28462568
31574446
16554261
37680852
29236973
6989432
17433472
37621773
6896076
22005675
34005554
2705607
14334445
12198953
683160
26921587
4348333
26579696
24040784
14891285
19951863
15654095
42639857
41410461
21885915
2305347
28279576
4242760
10861064
15840819
27184582
22918983
34518142
22069951
32113360
7410745
24064793
27423905
32362274
28764002
19656644
17088023
25567073
40704885
863289
35168241
233857
26920326
4818498
42866397
5971212
11587892
29216828
11436485
41801125
12888123
13154136
20029286
28028241
33444995
16518542
23319532
3745172
14821547
11867191
36912891
39963976
26014041
20591220
20100699
29128878
22738306
42501349
29905994
7092465
21220882
2464876
39385912
33185079
5911995
19177542
25518105
20445712
29416475
1126153
29210113
5257167
36599870
36662103
15066009
4908797
8288968
35744546
-468186
26512495
11569923
26686613
40137256
18427003
26332988
9722998
-517251
9540963
6570801
2573017
27807401
30246771
33382735
5379422
20120507
38772649
25038435
27859036
25069593
6132515
22955728
7040478
1072024
10764906
17137529
30741953
43301717
6757200
19546938
13693811
22175373
31772462
7232266
8181880
41524885
8337514
11370148
13500396
11292418
37302789
33517999
34947384
27429421
25756967
33210927
8939961
42884812
7357561
3510251
27951806
12056996
17837454
27686049
20908765
23770218
16796022
20979783
24258092
37816230
35872412
26651022
38912552
26454437
19197790
26891076
12143257
9237201
16750363
31291575
20912734
42243085
94855
41137973
17964961
-893280
39610141
5031562
14409689
8500574
21552716
-49284
39352871
30588229
24261121
30380625
19101358
9098484
6199828
39306331
27052491
35922306
15344959
4202309
26407743
2720205
133447
40679812
39474263
33008364
40654229
39798498
36114312
23200231
-11947
1867918
527180
9182770
20368303
36496280
24256579
2441389
22750155
5020664
31452448
19456700
20556714
21199678
7621271
24617187
7052615
25089743
39322751
16929397
33889922
33740278
41540580
40661003
25023550
37250672
26620777
5693199
13532388
23702833
38725390
3480299
34081642
10228551
35152674
5100956
19341764
9730022
14657917
40244361
40765003
42959959
37758012
34350728
22580950
30580807
36174421
-340288
41666096
1992744
42883079
5457037
36835941
24775347
277171
19055833
17728378
8636307
26552516
31295689
35859825
8505701
23023813
12205774
31009580
20939026
22302190
7674276
18561675
290359
18402668
-317463
12662609
32360932
40584973
30355251
6886821
11967348
12328484
17697356
7111810
31265196
20711278
36733994
3605852
38671925
40869968
29609440
39578675
40809018
8284527
115539
3575927
37115190
42505639
37161424
13983245
26197605
15399700
3288841
3334401
34122373
29920441
12267704
33853624
27224044
32611200
38786460
7033804
21327969
28912550
14740250
4014282
25533928
7155869
543885
16223211
41926418
13476394
18198346
33691900
28488297
22477567
26718768
3548298
18774096
24379760
27973065
25063052
7781204
20954716
24871897
8949834
27404764
26615521
9319965
2076423
40585377
37063243
20115294
24326008
39524955
26640470
16154612
12128220
25653178
29097163
2365925
33556179
6678549
37078327
36430304
20374451
31985517
40919106
23415776
21433463
408502
10868803
35007011
23454171
6741118
7160904
3892709
34071042
14916891
7310340
20217486
37311963
10017096
7095630
1928576
9550895
855033
41423711
22982614
38877617
36743047
9566041
6558233
7006479
36329673
976195
7965911
41953453
5260136
20372450
34409206
5133066
42524001
22587951
31141442
26614682
17999980
10123525
16036188
15587397
17457214
26511604
24367058
1804799
7716206
25364718
38433143
1757966
1930608
20745540
5525361
13159029
2676236
13001549
3745462
40902206
38425519
3857232
13907229
40909993
2757887
39775012
10909446
32570433
30856152
43442235
8916505
30985259
980089
11565182
18646840
4116673
2081695
8677179
11130553
10660961
10265286
25171930
23296390
28295985
13116360
550782
27483271
40549056
6422577
16505997
20974891
27415942
7824438
21243660
15453898
28057418
18211631
17785993
16550493
26067522
5742966
6549973
23654157
42607983
34474668
31765766
27896502
34562880
20770857
2820630
28239590
30017907
4917260
2298768
20599174
40761441
40504267
16057626
25215996
6685368
31708050
34495811
7110397
33429567
-529680
14390492
25844698
35927059
28193698
39656234
33131228
26989524
13408134
-126137
11585104
35970420
13504492
-413587
4731094
39690665
34695677
3852904
26705793
19967729
971396
16508349
42852404
27627067
26122590
8773718
13999770
1526179
35401794
14029119
36503938
4168204
7889967
14234957
1079814
2601761
18804926
9107392
43350662
1710493
11738161
17508329
10763380
36408442
17765504
6374146
15281057
2961466
18094371
20402925
5861279
14974164
38196049
31973684
25135759
30897498
21551943
5974170
25289815
1767587
5558382
34975027
688480
35245924
12361052
21943707
42567664
1644833
30562029
31601052
28205393
1677533
-867755
14314331
35909046
22294885
33390160
42123455
39436646
30146110
19378868
14491622
11143976
14901329
14462595
30265890
32579193
18738243
7833363
34888041
34819762
16728900
5866621
8606199
36537700
40683555
9664729
4403968
2740681
2142642
28921107
33336143
8882570
27909709
6198168
21369184
11876453
43152809
3232636
10168112
13196104
22276038
16181629
26564465
31422520
9229081
1678503
3810950
39446811
31653363
16308975
32976345
38766728
23337457
14927270
9038591
15023080
15688750
8823341
4377225
12868843
6226570
23610797
34161652
32454138
32301725
12506560
41800262
13366695
24190448
22521346
3969428
26786762
24892177
37917377
13085149
28380387
15558578
40128079
31995547
12627712
33878246
5375541
35797073
22812926
38183519
22021221
8344270
756436
35346130
31725725
34948331
28127355
33587220
32602967
3275927
3550803
11945005
27388558
14117085
12619194
30585552
23816922
10849080
3556139
-26204
28749461
30608697
7670062
25325908
18226265
12164351
-444645
34338095
3522823
13182594
6735631
41147708
11029390
137135
35445009
17889380
39525970
42250357
13441441
1820094
6116306
35496292
33698239
28301255
12971710
39143035
18020697
13198259
1116337
37336729
3400099
29170347
34282801
30741867
26934710
31491044
43170079
31621517
20868557
9148644
32987816
3575378
31519320
4776682
37023143
29707755
6847082
30914102
19284440
38292344
23059404
28147484
26281781
591610
21668581
14911773
30387811
11530041
15680562
7990972
42864695
9117931
8983117
18444904
39419258
41899242
2923271
37026355
31234906
5851012
6073793
10954448
29086205
25015778
5302497
9141849
25687648
24877854
22560109
12563782
23763363
35580925
22763360
37909510
33254810
7424905
36689390
27594189
14066268
1264912
1849675
6587751
19933658
25519628
11102615
42831447
20263721
33391136
8532818
28595039
26993220
27682321
35214297
27353708
19006687
15980404
37526043
21424548
4236032
4942378
18773118
8507487
28842048
4480239
22301613
37000381
25111612
38556914
19289449
2770878
10452330
32021364
23271425
34357508
27234650
32491874
19152790
23913836
27466589
11133752
30666364
41668525
14443382
26220951
14556534
2698049
6731041
42644741
32207842
19723343
19756398
8421527
8938664
-159985
-331035
7565754
22129678
40564863
24159739
5355544
18355513
16862701
9302060
23765711
12622469
27056863
19263193
16541348
12058644
29111773
36496326
42480677
19928173
41110627
25264561
9823700
30246832
20118991
38869896
-329773
36846379
19229744
23953791
21681225
35473266
6241395
21557849
41889324
18447454
657483
36802309
39526716
43430086
534418
24395009
20482760
14563189
35404192
8205301
35330427
37897554
39035740
42889471
1461436
43477866
17693228
28558493
12086486
42853701
18460637
8587172
2937181
26820549
21038409
33867041
13247419
2884259
10422367
21875005
42846810
6281324
36225930
18121563
13926983
15339942
33381329
1832198
8656163
18674162
27586337
27720426
30393591
-230515
15509695
12294185
33925130
2041487
753621
20613001
19922584
9383791
16726246
28435632
23481794
21955824
26927537
36421950
15238582
32929893
6723466
24351468
-364446
12710314
5291252
23058716
29283641
36197503
35586305
9625214
4006451
33383041
28067091
39569854
23254210
35665428
29775892
4744609
-229879
30857327
41697369
21607929
26410025
7828277
24916992
40148821
40545676
25326413
39979227
27381004
3324559
38651755
3084242
11872878
11769357
24039262
-604475
19885126
15731610
12700385
31950174
29950486
21292215
14441222
14589810
20449932
31628241
15838996
25284889
23100229
22697834
5050429
4740173
5581630
11328164
41423358
18288591
7169078
11835934
9602679
21334338
4304575
7587691
29556610
23564345
30262920
11275673
31713261
17040751
9248187
42090935
43325248
13694963
7463208
26085225
-827383
23201362
17635930
5947496
-205094
9073898
28839244
14019788
26033594
27922287
13414691
23348352
42383970
19151738
14893398
38628551
10484756
1571651
4085989
29298607
17850353
1562722
3345327
25792432
16473956
5374998
37832044
29282119
24574151
39667464
2862507
5771632
34134224
20424065
21036104
27064251
17102174
15711475
4711378
27720186
19785401
30750663
25937547
27977460
1065902
5373254
40516919
619334
36756182
27440901
20331438
24402951
40818366
21712534
17796586
25978153
14055333
26863818
40465316
14101294
-287526
23390721
10304996
35952849
25726612
17478099
40580409
40041542
943989
30681510
18288870
22990896
25463993
41849917
8651178
27458204
40341644
12166291
25480267
42084009
29932547
32889002
22944902
15931758
34000954
13649047
12425776
12288458
14196199
15628117
27210659
14564750
2058481
41029948
33757882
34475914
18708855
36345024
37891697
3114770
752113
8028371
33215216
38784449
11140639
1410602
27188654
34875311
17553443
16369751
42672329
35734649
5025375
3444626
42032995
35436088
11672069
27762132
8440534
33184321
21085793
35495531
19216179
11128547
38481563
15273190
13151819
3892837
14551979
3974740
42294386
16886166
23311688
26548318
3807951
31556088
26845797
997227
5846578
17951328
38293757
14307607
38079675
6275838
18292279
36884654
14542102
14389741
5581626
21162164
23387652
1548655
12992010
20816663
14847560
9125615
8331841
33400796
21966456
18245699
19003665
28210036
18127963
11813031
17364608
17436908
34046801
27014281
34217598
10265596
-708522
9677756
31666618
29779532
23180355
27561586
10281323
18625799
8572338
39831050
576165
741147
39240507
31670962
30181255
16661711
231253
128299
4365487
30943318
21744140
4521792
26897530
9528783
27882686
15456059
36680776
19692728
-821288
20604538
3879206
7872968
12646239
41348035
35134829
12723803
12798957
33129914
10947572
31543851
41792622
26845512
24044035
18950048
17663334
21039718
24608358
462018
35854947
28470262
25238597
10251266
34881866
27716498
31524835
41175368
13640419
3704135
35219909
18694851
14406066
37891995
32784722
12294024
14707186
10390394
13063247
22885073
17401102
38261783
9962725
4304293
9856826
41814845
25505801
21374686
28005919
7295549
967738
30732972
4588095
201908
3538317
37509318
1273629
20889842
17991427
29467831
26250876
14432608
24513797
18028691
2921888
41222472
42366139
24047467
24637404
18764655
37081970
12122535
30201703
42431180
39745876
20940934
26019213
12988512
28730189
8110634
26587543
30748166
5578933
11671246
2438385
13552156
41716324
9288735
33281745
35110932
3980245
10010213
951600
8447453
9252116
37528657
35028696
31075537
13184889
39295814
32719400
35509866
1803125
21744243
17518526
40596467
25386416
12390691
4508268
18569467
19636231
10297095
10406480
9330088
11010506
2106456
7057153
6506137
12611801
41102470
20317634
6339636
31633699
9056432
23777946
6569285
2820829
25516703
39942312
5474648
41502380
30078497
3097239
12700716
7218546
22700708
2248249
40836513
11693543
1419480
33694971
18832095
20149667
27116963
20943175
12304914
4034573
39949018
39669785
14210108
11625564
13802068
1315129
2625364
32671237
9787465
29297813
26504202
16840000
17593377
40094628
17397000
36979761
15249433
3469082
20500681
9468722
22579645
24449921
29447891
6471386
2343944
24228622
35389876
2507759
23645677
7453719
18431868
41576710
32558342
34170569
12688454
22129682
42520703
9259495
37551191
24459843
11234824
17532801
35285786
30775879
38965899
17752143
21780608
2392600
27123456
42165577
17124168
36259886
36995781
35417372
18147384
22572488
25068573
89645
27594553
25798564
27949771
97076
6198026
32014598
35700113
13710625
11648433
26544549
20228124
36095559
23791807
41685424
9948799
30338743
36527507
28592897
8827629
14275424
8670223
19023847
28033013
26272593
33992055
40021882
26214894
18662877
10039580
1180111
12513455
41690266
21759659
25313098
24294168
42987697
9829600
23434277
33914847
6264831
8185427
16166939
39190293
24250059
18090109
4900177
18188009
31122120
40110449
26638396
15799608
12101088
7299392
28397830
10679270
1776690
14206357
43404450
-324151
36054480
26124886
25041166
32996380
18586507
17404179
38455564
4874432
16539990
10092564
10630826
4403417
28431300
29361189
27844645
38703272
3394458
7899930
4290330
36618089
17604067
14552326
4281935
43091213
23174427
6548572
31633034
34653926
28851738
4435157
33196528
-26634
-979380
19669855
-195070
37971293
37868791
27482459
41263338
10178171
36255295
8494618
2536544
14806874
11123161
36077892
-67095
29348668
182692
21056376
30328113
39800568
17727063
12090576
42417594
11300203
8975269
14484304
10748571
11831426
34238448
23282779
24815103
9648284
6095363
34855876
718472
16020015
17763872
797027
16047081
21253741
19122078
10249142
24178263
11406960
11890507
25592722
12648065
1072923
15443115
18550025
9681462
30626718
24301475
40203799
32635161
4235663
1620682
21099118
20077490
16257042
17429191
4322856
9823718
24901241
20924087
33980597
16605722
7760375
24697982
19283093
19635089
6625358
16878181
33787590
11840527
12075107
19733386
4875411
30634319
25799923
13220301
36784108
42673689
23447463
10212013
9069192
5147251
1687635
26735682
28061447
25549574
30389128
1064927
36310689
29228884
29730345
33595895
32861199
18104853
29719999
37596043
2389890
27741857
27159371
12440704
14344904
4182904
10890980
25576715
41347773
18488152
25667658
38032894
2911295
36994739
38759330
13696050
17600016
37630165
15833619
29277731
14742352
39628883
34380252
12547102
11681296
11242441
34228509
19745919
2038922
20708569
3799871
1245365
14287060
40952790
5729035
6410681
35176998
33123679
32849558
30908289
23098212
29926688
21104859
27175884
39849067
2930187
-217177
14214607
16004481
29501613
6314239
18157341
27060571
15158655
12955686
24850200
26582233
13571938
13974747
5642762
36703741
35024659
23346549
28414542
21945170
32653380
16255953
18861208
23585883
33742634
36648382
6873121
2248228
27408182
571159
11921302
27865113
37458728
10584405
33585591
22358413
27419288
28449129
7137789
35235225
31825031
24353779
10458836
10881391
15995117
21342840
35166211
1257760
17872280
40146478
4773718
8795793
8610004
29804738
658388
40219761
34068802
28170330
32328865
8596464
22252258
6497800
-551915
11779428
16450959
40253175
16790657
9639860
25797818
18903749
4631706
34742472
40106061
5252853
97738
34564278
42900812
29050903
18134960
1994244
29885750
36927977
42827953
33743932
38922056
41843511
11493001
18957145
23163392
22281408
31916678
4708499
22594932
16511408
34169043
31102700
628563
39881573
30726738
34629504
14274469
33318148
18838583
13177634
7069519
19987634
9882479
42610320
22284900
11687850
5496189
14965733
1582259
32167896
19829671
7430596
3365684
11797366
16567033
38220276
7506625
27836527
12593030
42493344
14507601
38929887
4961180
8273118
4086761
20513994
21303478
8056009
25432370
4415096
1911783
9960307
-357933
8432107
14511922
34883738
30578237
28089234
31817927
18439595
41329726
12631459
43407722
40228825
3506368
18189406
32287472
17670765
34383903
25913969
667297
37514500
21837101
34114134
35369437
3638839
5152855
21254569
11981523
39477301
22679054
30427852
18066601
1622406
12394213
38806193
30404336
1593695
9717042
39433474
6280750
694694
29888185
42414885
2138707
-965714
22035722
-642994
42054008
22651824
16737357
34208524
17988779
24172051
20529811
36679751
29282128
26314803
29533145
8540571
27306680
36278520
26672303
37751347
857475
5689589
24145929
32395660
23158409
40069577
591601
26564101
38060312
21137726
20553902
34649506
-807115
13444713
42388204
-401563
28787293
-693634
40994270
33987014
24506151
4760184
34888023
21972538
18212679
24823026
14669680
27065186
42868788
24556012
12681612
22615500
6463078
29926418
29112067
34030622
15872873
-605670
2540163
28652987
39253322
3527695
23858844
41369791
39564384
25578408
9199491
21820320
1409176
22457171
28556634
5844455
4206803
26628599
31098793
19588123
9486916
20170204
17754889
34850413
15218362
33853198
36297792
15033438
19979300
1665869
-181613
18572520
43028743
22116743
35157774
13200082
17138098
26312689
26466903
282203
6062037
31227550
20824360
29593845
758360
18819017
17641714
21984487
26248255
1749888
19647812
36144566
5509881
33813048
33512943
13818081
3943065
29427055
29136817
38371224
41426297
11429318
39407962
34700038
36313878
29737469
41652956
10765837
-119945
-577331
17323488
11081795
5464458
12723122
-387677
5653135
16134064
5860421
43458131
33210789
2693122
35452467
9172059
27306419
15958999
17540169
38126128
10892905
8798828
8177462
41552547
17471943
14507684
10603941
1858236
7028065
9077441
475279
22951287
27583076
8481018
11439753
27705003
6821590
32534846
27920612
7000558
5665329
21071931
6454933
34941995
24877555
887460
37236288
10596495
38695613
4772955
3191481
1137821
19168588
3786566
23547050
9403259
27667251
42354272
5145919
18833489
30317394
20189240
18984661
12215516
-557735
42689744
18161282
3902162
11306607
19380104
17205531
30343351
22875756
39023142
27163378
18671770
20325887
33774805
23546357
11425810
33281830
17346308
42954780
13249060
8385295
23537972
10591596
16805776
36751740
22710479
34886733
1930864
16874892
33835194
7337728
33420059
17450636
19665824
19959497
40360797
27425704
20720024
41495999
26723640
31603963
38229693
40705100
33794366
25724170
14949512
15366133
783881
3586752
20313584
21975375
39373481
32560856
8669884
30965966
28802009
2764767
10557780
36805992
43400353
12249116
2051536
30432571
23216575
26708276
42794259
7633228
40819114
33907707
20337442
29102314
1358812
16130838
3331010
12904765
39915983
26303582
20633820
39601595
17655813
13982894
5569325
5951161
30088019
31073859
27105088
31301814
633291
16837529
12579929
4382686
11243738
7726265
6158873
11609316
33473511
16549021
15822628
13874315
39314628
13655006
42957467
13724622
1879363
734209
11087022
321848
22817295
31715380
37242775
32220764
895101
9128252
-506645
35538184
27468250
33391694
35366071
6992499
11625162
1934606
17526611
8848284
30853562
14342166
26648050
13126325
10347620
10733239
39779657
6101602
33695072
26717525
17213937
32318833
1744683
13745731
17589041
10892625
19696583
39245876
287447
13040941
42761138
2443230
35298706
35765958
7024767
13365070
24263192
18464669
30540188
17624836
5931472
41932371
2334836
35962760
5835742
21800490
17645332
27414186
21873944
37105231
32332999
23683291
14282207
18196798
10407388
35571554
37982622
3125307
7702731
30375555
23259340
13969529
3347290
34038640
16172560
15328467
19997670
10022041
11301956
26845395
38079998
37980121
19472172
38850923
39264563
26840467
1206309
39275498
28208930
26521425
6425814
15295957
42318919
18603888
13484156
3081803
8955818
41856330
43003152
43452868
15028149
8804171
38932918
24156586
33521984
17303803
42033
31246501
23577903
36701060
31307420
34521415
7412395
19093704
19631176
1758497
12866104
32741270
8848208
58289
43418244
21176517
14047157
19946257
36541632
36711316
11145735
11135633
34214184
6018843
26573877
34840330
29218024
23002217
-773441
5841662
11236479
38476848
33979218
17289352
39169683
10393969
33763710
2880377
26369054
24152764
42081360
3854657
37279348
31720711
32119484
6563461
12465707
36910349
5630973
33517313
11428042
31677221
21422121
31499051
16527461
19588080
32890867
25617251
9880452
40620878
37256560
5037819
35585617
7875722
19265876
42047981
3437763
41975420
12543182
10854775
13551206
36319798
7136160
28449519
4920348
16853677
31580097
13184506
35659789
31179628
28110640
34780230
27337627
23719496
1077368
30236959
5575501
22162314
18008965
10316534
-611036
22212659
38125509
35026786
19996963
36445903
26039029
7020983
32918650
7828533
179665
9181556
38372734
4047843
41023177
8300476
26553856
27348983
4995234
36553609
17367311
6130478
22983831
35963166
18458936
40691319
4394374
13884970
10112106
38699092
-628430
116174
4734056
31360841
6630352
24078950
28052178
299998
-61079
24341260
28328765
28870975
7009410
16436912
41721983
1561085
27523076
21637759
36161915
4169694
22683912
24595974
34953192
40218989
39202272
25763867
12746439
9652660
22499010
34892290
20829864
-403480
25628889
30878988
34915138
30009528
31341503
15830241
40716200
26734497
9194864
5666366
37276977
35648108
10703388
2076615
3867098
12938528
1876039
239999
37300104
30824004
24503395
16356264
29518286
39634498
4046752
15067265
34894108
28593705
17242249
4055212
17172654
33615486
35256923
2149929
18705343
15907652
12412738
6710599
27605206
5592079
13937644
14425713
25142914
5344672
1043317
15482451
12187478
26556803
8695117
20974506
21013707
22871913
17863214
14099232
9618303
5797198
23837377
34580702
471409
14097734
2420710
24986946
38271904
31389348
27356324
17782997
13106170
34760725
38436470
35546780
11392943
40694328
20686695
6277432
9693912
37689089
33808618
26316060
41980758
23224528
32634853
21515669
41755791
4620599
16918770
5362835
30844220
17298467
14369754
39296926
2703488
1157014
32396111
38532038
21814458
42866800
18190864
24423872
9368863
26607563
40805414
41887508
33246597
29103780
6796890
14330385
8151819
20934957
22173471
30733509
26627861
40204405
34635029
29511586
30818558
21467167
34002642
26718497
3804469
6421020
6669523
25850250
10398947
35739728
22994140
30291940
39257697
37364356
4011787
423675
22567327
24585829
37234243
9459313
31778711
32642182
4434394
695776
29745069
14673661
9260485
24926691
1481819
19954351
38676782
31778335
9731129
12713277
12644510
-100598
22187788
35002518
39582768
16029589
37622764
9472846
15007757
24998240
16303837
23245208
35614138
8861189
34535094
37609456
39254336
30412069
7285265
25667591
27626707
29800284
18274439
26904967
23588905
27143662
13738835
36494167
35958688
36052956
29336492
22809915
17973323
23698673
11995267
43151063
38129002
21131161
26985467
12964247
4197757
29730651
36310234
18769724
42702511
41288525
30664186
25406797
306062
11707812
40879140
17738299
32354849
217789
8987755
36581308
37511579
11107598
35263506
19218440
4382654
28521888
-808498
26403913
22168051
31324332
39701699
38853099
38082009
38948054
15365161
18830576
19848209
946797
23860391
16315957
4352521
33710265
335857
27440002
33257508
23662739
-991292
12780344
23344821
30837686
188389
21495756
23469569
12107242
10159285
15085397
4675946
5405822
21242446
33839355
28401772
39910574
33361455
20003515
20766350
19141515
38778150
26230506
13851385
30696833
18497487
606825
39955399
22824000
36786962
24497169
34162880
6269211
14558180
27367491
8321396
27684256
564948
22140244
38923902
36687655
18583728
2757255
20557435
29889727
35185204
16180884
9955786
41955487
13145438
12474635
11629539
42625031
40548318
3341699
289936
17910629
30499463
27218201
28773266
32144511
12251941
1820860
38049430
30127812
12727557
11956616
32716899
33797362
19638622
34289692
21007089
39465397
4857920
31159803
2799061
19830642
17506203
31414042
25407010
29111358
28366193
4115668
34748784
8228190
42197505
41022008
18346359
37247017
9548970
3319198
3533052
9839814
36523000
13326613
26474489
-266730
18431362
-240119
6775656
23466825
27712282
3006802
-266109
38905210
29303502
13467022
27573154
23552450
6100831
23935889
35078803
4017788
2259279
18925851
23573425
12586498
27911984
36946276
42819934
19651697
18398207
28456066
42731264
12653030
9366961
26086556
23013661
26259766
8124866
1649822
10565556
16064115
5869964
24203046
7092376
36571248
3881506
69651
35736033
8815849
25895139
34209711
23452330
1613658
15494200
-904774
40782749
18637580
29243571
39187765
13529682
3279575
20814771
19407620
27280362
11129075
29022561
17242602
22113936
19707000
30530002
36540647
27768717
2174037
25701116
30548151
8361037
15664927
18256987
3798492
2305801
4161330
5409650
5058975
40781861
3483890
10660057
10056577
36977260
17923919
22752204
22082908
16613183
7953889
19053778
23132438
7278995
26014084
5533367
28112937
-405472
24139785
35874947
11681484
5967998
38382273
38346839
22237654
20891701
36884673
19636519
772727
6514801
40901968
36014355
21197760
41445746
38276239
32764746
37456822
-897172
26179677
20469801
42378395
8557796
4689826
4534441
35465377
37577320
533300
12842505
6986567
21182435
20347772
22286910
10227274
12117059
4566054
2987470
43196020
41188437
6804334
14531339
20998687
25607900
17831656
39766415
19629292
5561416
9153380
8057323
37864445
11086545
5629336
-489731
-289990
29280479
35896250
40206115
36452339
37543097
21994984
27308811
43226633
11096637
35346352
18820573
41265590
20136352
18796250
24773701
29295322
11918634
3815911
17535128
34935127
3578394
5279272
5702235
42126806
43209640
34143484
2298435
20536337
24672393
2436104
35712062
6112780
1950016
16328962
21349445
10864299
7518765
11678768
8349889
41872233
33058866
36425355
12825542
7759845
32139158
8109819
39043775
29793628
20339817
36532233
15990938
28801924
39830036
19542603
17133347
35624809
23578324
32784113
18768682
3754982
8281936
31290865
25104637
19430956
22052107
28229059
41149259
5618253
10268980
29832992
23575588
3478347
28903965
4005170
27744858
7005491
32811015
14518574
6553344
42270862
16280040
-472542
33996316
29192834
25588229
10857806
27215999
34322588
11402924
28507980
27930791
22027508
3621478
10932575
38725789
31274039
29241338
37399042
40993856
40486857
29716570
4954939
23560983
41963128
40687814
31383962
31245812
-948445
37737111
12207868
2338490
34956891
2742787
21356341
10306412
41316296
18122873
34399084
3157513
16518084
19926744
20848455
34530938
40869850
7609499
31175498
27975169
22378829
2114859
4120111
32108900
19889977
23711425
22965061
29540459
38288622
16019756
22775182
37381508
17854618
10590185
34590242
18434537
26315695
34196408
29768429
43507690
42837688
5742249
28647473
11918525
20793264
17395027
31153463
20872732
-746315
40910584
39891853
10664698
11170276
1342432
27998987
16596487
5446300
9163599
17265274
19419596
-154999
1634255
43493377
43378577
37467490
31213379
29024677
8066693
11024313
14950925
16621871
25917155
13074416
42599108
29399030
31274237
5467745
5785780
8089311
25375901
38992889
18681297
10179318
28851043
27694874
2773583
36231246
3740306
6404900
21352327
9054027
32570474
11362822
40107328
13565609
24225101
31004576
24893146
42353782
34004653
32125009
30751825
34544648
21455904
34769963
20793591
7837199
8274430
273303
19072177
101802
2955969
4606722
15723012
32269804
33412171
26760347
1971519
32869931
30730925
38185255
20934394
41115780
18037464
38047253
42266506
13779824
13629781
29074334
22528113
935203
13838570
1458079
14119766
34402913
14215476
26199772
14855178
40267543
6432317
6413690
39069627
23322235
43419822
30049990
25960848
12538881
1279868
14502976
24446523
41542247
14920954
24530748
40683660
22166878
23988737
-659936
8721110
15664785
37462880
35542506
30159320
19961574
38393979
8073087
31720868
11645208
11909354
21196022
17589041
17406514
16565582
19250173
-856401
28024744
5740559
8659020
5806270
29874338
27074423
-797773
15607029
38046131
3611975
20364133
31105265
26713788
14200855
30756939
25214925
15335301
37838893
39202540
16531520
18568282
32996711
32108939
28557403
21995741
26246344
547339
41347750
25644877
5219116
29491297
12896295
20435389
32345562
29556608
8482072
1346095
34504704
23979873
23052221
8636411
11310083
12838139
35896957
24627926
4259214
38095939
8443057
17440045
6586521
19650281
15114310
3663675
39997484
24946333
38558068
15055974
19665134
4644843
38403693
25099890
10330722
23676967
3180735
3233176
21701030
2218982
43295379
5327102
21468284
35726515
37746956
29484086
22010013
41900575
36215355
8317811
6629868
11101665
32972231
17756238
-140396
8932358
28729513
7689692
34060852
19051905
2168980
23429885
31384277
29039539
5322976
41235995
41093502
26840586
1292048
38991715
21633035
22011346
8212292
15658930
21007869
269507
25705174
7389051
1601129
10713367
30152392
34128147
3832815
37332268
565820
28668309
29028024
7967695
20807859
1211378
30027417
10330860
11068923
41233522
28931031
32291456
5535595
38274486
39752389
9737831
21218473
16517280
28023042
2793190
6664170
42841277
5356608
3682279
7975457
43313343
12073521
20995340
30251716
13023612
32978648
15688170
38369334
3149072
33019464
26493062
33077506
23176251
6754161
42906816
16692107
14298520
42664919
29379700
40950789
20233909
12917930
36873754
7094008
23741204
5666067
15447691
22971835
20394009
7148008
17742187
38797425
27091561
861577
13641968
11883836
22331689
-496538
28391062
22043847
28808763
-376340
5576880
13819496
14799760
40553156
8900952
20381893
434708
40565352
27664639
-741543
2462765
15297709
1223989
27616532
36739025
32097598
-308386
39863833
22568212
-928445
26520277
12306439
25107735
39375316
6354923
21927417
14963929
6749061
21351548
42295058
36680896
24321133
17443022
5444823
35692935
10319334
30613140
18603697
37126531
41661658
11190731
4054940
37903634
34496002
1246586
7283937
5458257
17670551
39181544
36367030
32997725
34059998
6980826
35293254
21983450
9270908
1037041
8556257
20177993
36952369
37258746
15928471
23927826
5830940
39845837
8426731
16338294
16370190
2693400
10954312
4034460
33967362
35128168
14009074
8824167
43295854
41186680
22594518
29638604
23357211
6864848
25895887
16770977
4465367
18616219
38986181
31146150
22983368
34837123
33519868
43062256
1383124
27549368
35234624
1384335
25330476
33164276
27295290
26912790
18171808
16133469
34398426
26423684
21687894
25004880
26871899
39594371
-337624
22015960
42752050
22358886
9093076
21359222
24872232
2687601
15923563
-148159
27752446
2503382
9764252
33321002
12248836
13211756
35838873
36631702
13535382
21853985
37548045
37143125
20211766
7487579
37227014
8911080
35722854
2751342
40963112
25292003
28936601
34184546
27521210
29553229
33638671
37339715
26484106
24252313
35703522
17019264
31132464
38600724
33917610
24663899
36032467
18030879
8405827
37592316
-117165
38056850
33808678
43406469
27976725
26092371
22181328
1061192
12914006
31992811
27812550
29178947
42602402
25283826
39188305
37814012
6442673
36786707
34481125
7146467
20082770
2462618
11758267
22688171
33943964
32452572
15866055
25167345
26184500
-514328
22896747
31576618
36666917
29786668
33704871
38361680
21360185
21394871
3246113
4879922
19587399
25079399
43008356
1137446
34161118
35439986
34135892
22043779
39151349
14152905
2218539
25605383
29260680
7522660
11384095
40940882
10649944
3022801
35417648
16081673
19294770
8431842
10631284
37102207
40436373
12616944
29700989
9555207
24731346
15905355
9663309
31456043
34997471
4052889
8168460
15736055
2436951
39948652
18354931
26241507
27041174
4717897
3712018
22396207
23701501
8944908
9812412
41535129
16166669
13583905
43128123
39551600
10160824
15916541
29219882
8883019
10722838
3732162
34937888
17720065
23110005
22775528
12219728
14581750
41937312
2580054
34297353
3297935
10899128
25064879
32249551
32087931
4023398
37761574
14861563
8800629
26680098
35369647
15349310
30608619
22528956
31570109
4108948
3688593
9416244
41123218
11889206
35567101
22717141
32025005
21828880
36372302
23154752
13707490
22463850
21371368
40660845
15848939
29384547
38094964
33545555
35736000
2857554
38723928
8387990
2639648
16466179
5700350
36106601
21475538
11452214
1864357
6800982
19298025
-345935
37914277
5650505
10443567
17363634
16135885
28233934
6466250
43233655
10242052
20497414
15566023
29284941
38340815
21833955
5517951
22239561
22527832
4681051
-486351
25913619
11522596
29234949
27341170
5295008
19796426
1846893
39837974
38791381
21312104
19761420
1431660
30562261
23290236
39220563
29415198
31805361
7836215
8023356
15892819
25452936
18269877
28479278
43441807
17740639
12442933
15947172
712549
43529074
15912856
31745827
16451571
17605981
24934840
14599135
35481810
43469738
12393034
10719666
34127353
5842193
19046644
41715634
36027141
14119202
14105688
32581525
24421723
5957000
15777064
9051318
16631172
29946121
31139796
4467643
33597151
28998083
27824965
41279257
6427019
25422133
-907545
5336976
36239943
18401006
23755730
7161838
13899791
26330244
9634521
5178768
16902086
5547816
32497434
38143190
22412849
29399265
23438135
5365562
41311497
21017193
-684361
4126822
37059743
15377201
16069849
36691111
20452421
31202995
1196887
23014097
16012396
2283010
34660919
5259203
1571196
31101451
26048147
24445888
9372816
26820008
24380730
35454769
30142860
25518214
1743705
38706868
34331338
15691297
11176008
37970283
18812082
21072457
16114918
9537835
16382534
-636513
32821535
18509085
25413447
34477637
25582038
35950821
14420402
11435554
38311787
33540241
34311708
2833959
10683376
24439826
14150922
21748080
27464976
33220975
22494746
29853140
19045958
13828297
17896110
22978833
12516956
39342288
35715902
34641058
7594270
33701647
39705534
38100632
23654952
1432144
24411294
21974336
5040316
38901656
33264150
6951584
4752415
11906211
21901049
24037611
16041076
31753162
36993813
5430976
24161069
25339671
41028293
33904502
35992023
16294454
11012578
14526763
27249000
25246195
1249137
21837338
40659159
30894274
21484498
6740505
25275007
-411740
9017864
7548653
14969029
13395887
42884878
27652301
24549965
8665491
28497832
40311227
19706197
42792168
24696471
17118386
9158709
35731860
27917344
25863448
27957226
22894698
29443455
28267729
-797944
8219408
12657611
37577314
10002888
7253242
23609968
25095747
31484818
34785679
32509037
17055011
42489483
22605449
38768609
14558026
33956412
30064103
21898069
34605568
3347397
16205743
2217627
23510809
1339751
21837061
41733049
32450942
29442736
6192299
223554
19086846
41980672
18742940
4542306
42971653
18204424
42783175
10189022
34826723
24043404
19935715
6666316
32306998
926355
22472095
34582031
29186204
20537921
33279193
35913294
24630336
33559109
13639166
-792569
33345450
40209812
31895028
38357290
22908291
4804148
31900715
42141728
11120077
39408089
40045096
14103880
2969028
24121626
20931209
31582034
29965416
5350385
42926027
24503528
5772018
30355160
19227985
36339168
19459794
-893642
40790067
16383900
3535975
6359279
18472920
17869825
27358949
12455879
3980376
24358696
4573422
21668818
7290188
26028035
15049650
11330064
25203680
238960
30151104
43364422
7038693
14253663
34303168
6344545
23651320
4216765
13583341
16408206
2579561
26068709
2461112
23758284
10133482
31435301
9861331
16117818
15587856
42150534
35331344
40254485
16019831
30041765
27906451
18402911
-776328
21675929
17887944
32346832
16665296
27633432
24795027
2676905
29349417
35865753
-126370
35497157
31402303
25318268
7430403
18360615
19202670
41738479
35414125
21627620
37924010
10079180
7561667
35559346
12399169
14292715
41856369
21753780
38794449
35406753
37669710
21642097
19336278
42841348
12766917
16285587
39501715
14439623
15652977
8714111
2361569
39462947
2533307
13016535
40464981
31076435
6925319
7222049
29814049
35592546
17333389
33564383
30561872
8298144
33136801
31706631
41771443
31416635
17835003
1246058
19802112
18268311
4556042
30110574
16913450
30436014
27248615
1746728
32542792
28855773
19605190
42471570
13495464
35908267
26058269
20735970
36578791
32568047
9122735
28568999
5731273
14605307
32680812
22601079
509352
39153261
2221278
11843371
14317000
40996938
35805478
10900386
11185703
4920982
26046046
5991315
15572647
24161392
15771482
3529281
40805056
18920806
26555468
13946858
26227780
39230959
38027146
8023098
18806545
32426517
10053742
30267133
21176446
22536493
19624193
42700096
6219923
21948572
19142876
-425986
35111967
42668152
7091225
37883166
30061610
10130930
-704897
40112735
21915283
12056121
27402327
23707852
26329865
2040035
38381969
32589462
2055349
39745773
29864399
4920972
6138613
27355045
12977784
5645783
33750695
12868609
36956829
32073630
38615134
28105604
12018134
8178791
40125780
1428533
14274068
11044355
6882249
32887759
25600196
33467459
10361820
22164921
24677142
26566786
37499343
7606226
38210789
1194655
28601400
41304942
21023223
1039725
38516941
38702526
14272685
21182925
8256154
13049922
21105069
11300722
32285488
30683831
41947927
21957127
9877122
7949803
11245814
38101394
8986246
29352487
14983361
16856588
37222361
27767155
36802505
2477065
23572540
11593141
36309861
-585333
24386986
22940103
32558598
40356461
18168548
13475369
9483932
4847234
26227230
36290079
32201839
28782042
39440661
8802645
20200346
1379662
3081751
18726761
-112279
9327987
30583184
1151443
24059403
33640709
27595292
25122744
35084453
40961965
26858543
32459347
26046688
3150577
22464742
8883110
25650739
3538200
37026571
16530916
-415371
42151296
36991765
28031049
1031171
15472250
23049311
16273267
21180778
30055663
29741431
23070553
23237728
6501906
25093303
2672366
37154132
20932585
3306981
18678656
13716995
14502025
12633169
11475512
24881728
12278849
10205861
3191715
17834855
43096572
30860219
43272256
34201879
18555732
17407147
39327280
21473163
40091665
11464585
20045384
3007682
38395764
50900
25620549
41205489
5703890
-75973
4742011
15052805
7122500
37237113
6307339
15242823
6011775
18725096
18371712
28733543
33977445
38452142
9298299
39500425
4305406
35665579
7393272
28400750
35917345
13099717
7245826
7483772
15080844
41038850
11538433
27711697
28008204
10224499
36759230
17556730
34624921
14396422
472378
14172484
17413310
-167195
36584538
7587772
21705951
17380509
9939172
2381986
9761267
1642188
27245556
7905137
31873098
35957806
20550984
22156510
6577591
5681791
3482572
28835833
42235687
17666903
5873600
24610514
8512142
18234462
31567631
40064283
20557381
36688326
4799058
165517
40160589
25263094
37213961
21362832
22741931
5619854
9758664
23937913
38880832
39004591
26291269
32161695
29552489
13863445
4185256
14027191
42547252
36265769
28291746
10814677
21209977
3658165
6896062
36274404
31451108
36658428
12054012
12574685
31755443
27673431
28158685
40935289
43445679
3863128
22522613
31222223
31523586
-7523
7604921
37211476
30022721
27003810
3564006
43213170
17725369
26567206
43382366
12239322
27839565
40780115
18238383
26895464
38237737
27412933
34097545
23475752
28227763
27631984
4029704
39839611
43088081
14199915
-201570
4155098
-674670
25768893
29180478
1468775
42330679
12432706
31419333
40116662
39734523
17606284
5170025
31837739
37350982
25959334
42369434
33558848
39125727
32375548
12478809
11082852
42836062
38003192
19655438
4559846
32066649
33889820
13845288
12002888
41445550
3517527
23501333
11955803
37297758
26658845
4546655
21909115
39786538
23927629
18782216
11377183
41623565
37302790
16047925
9168867
35474855
27144131
21177113
18254119
38844222
23116359
36782345
11752752
40905715
2869932
18392857
24420145
43182866
36529827
36571035
37163804
35763744
5378303
23446053
40601732
130126
2093209
28683352
11654285
11040917
36208665
34229245
36712343
30899993
40335462
19627839
19446885
12249770
23212878
5585067
31414714
17131322
10940940
5395266
38170614
-526590
11257999
34492946
16090847
25919991
3268993
40732223
33720491
41491516
27356649
19237393
37960574
41581042
14573141
-690849
16938109
40415213
5386079
30873052
28253829
27933413
15069093
38099331
23977042
25387141
35829384
14373563
37087318
16605768
30793879
27874482
21918063
36817527
25775744
21641873
3579442
10796941
6941653
11184396
40844796
43000921
42343354
8014351
-611487
5063357
19966005
22676260
32404612
41227520
29134133
-292277
23464896
19054766
43108186
29427659
20321012
29036796
41494583
2857271
17385940
21690457
10853359
8157492
25012905
43108409
35057006
21382508
32580835
26922692
3031785
40552348
611688
35136050
1624919
40827626
10883673
12505254
12677648
3875229
6325551
31220878
30467919
20147494
19076703
14561210
18176943
37586661
10622125
24622849
8705462
21185010
15103181
14522790
30625633
7365226
18927672
35014554
27143375
16523034
33076139
15125156
3985884
-551271
40884974
8408742
22695562
19317720
42187811
21117377
42084314
34340344
3662604
39791320
15318302
30398792
33578334
16845811
6455938
16207585
25165820
24698502
14206537
28939258
19564003
21011809
21925540
13798632
22196748
39824845
6454824
22318408
36757112
23558462
26718404
23280293
20820015
17186035
7518895
9187337
12812624
30679002
23905763
21606091
37452510
34386690
