29472600
41260873
35251257
19348658
34556715
6253501
37634599
26030048
5087123
20821607
7444175
9143206
20672811
25815227
1789282
16632844
41647752
496572
5989017
37183124
37681752
18839352
34521491
15308169
30379226
9014389
35868474
14282257
37099537
10415197
3579926
17939064
26938721
-26090
6362791
11430560
42682725
28714289
42954036
8169017
28326405
12540953
1135668
35098209
3547677
19666793
41321999
15784759
21937227
33240403
19592353
33589834
37273269
35052055
22857090
7132477
2527000
35513690
11147594
4217878
3375100
33395557
34202423
14823648
18618550
26177381
28679190
32599517
17832078
26411843
39878158
13451377
19199517
19846060
123898
18233815
9648756
6903358
24799673
17260316
6840122
13293105
29464553
2722254
25834766
13742514
25932025
20131462
19249692
22224765
39288605
13945191
40904868
40549748
878776
6688105
31453895
370294
2966554
20703489
39613396
34080945
23467910
16692348
23767045
26945674
12416898
320092
34629140
14729190
18373400
41331713
41042633
37651007
18772336
18510210
8479070
11148549
41458074
11644698
43072220
2719320
42131196
12526336
17429451
32846126
7143974
33898165
4927493
14882655
38332834
18309229
36889067
16274980
4920612
28167028
24292305
35991450
21253568
36881279
29834639
26011512
1765662
43389599
22282871
40168432
39133540
1519267
41168433
10831680
14156883
1775537
33893073
7043104
18565245
41883022
11579217
20404178
23717564
5455400
36760457
2440507
21123987
17088818
23083666
12540728
18812495
5153954
23727962
13605017
10634089
10127663
27042940
17583875
2999712
17549806
30403195
40215886
27124636
34283835
15328579
20657780
30711507
37246623
40984750
13928059
36258620
17429209
36581805
39844622
33445643
32603846
22732744
1894447
20748777
37846405
-758600
3701521
36284652
26058666
34030317
36523546
11524914
22389782
21991171
-232251
6750919
10962549
38056224
15691890
40975976
18979391
10499639
16861717
35834164
38904307
11458886
21897990
35269259
5525585
27609834
14100894
25531419
11197785
11596653
16946195
16308842
29130024
36630207
5703196
13078008
19031454
11351455
26667200
4094886
20440555
11824585
19815145
4893184
8073101
27474956
3616141
2643977
23668816
33056056
38242185
6429933
17681479
21552183
6433273
22192430
17458103
40433306
38317233
-84899
30157703
29893830
4271607
7149650
23106572
27570899
29411720
493957
15238446
12757773
41234053
10929668
28766990
2268039
36332273
30553996
8939815
8096262
40118121
29398278
97908
28572645
29173124
26328980
31376487
6429767
1387454
15228568
5082660
22233765
27607991
35543758
34533562
10276633
38170138
10600469
41256870
29437791
36558927
4960887
42995643
42660333
35408659
5860520
11594182
34840946
39760825
12639376
38455215
24178156
37021001
2416920
37506819
4343160
33625165
25836785
30684184
11309826
21323169
10828899
10721509
12591866
1485519
40491508
15575235
7057706
24787252
20978551
10652961
33921336
26417193
11085111
8714609
40441806
1071835
11925848
25642393
30518282
42179157
40414748
16502276
5510958
24508879
8728938
22279090
41292437
8684167
23464414
42220861
5861579
9256700
5525162
22353279
4571525
4411252
33812303
30543065
42791446
36687753
31208906
38334962
29732536
36141703
30468715
15440203
12558033
8597562
40691243
29630254
38571840
9583650
10142290
22667459
-892317
19890774
39683868
27106628
5742416
16894972
987852
38998975
2659976
5934828
16493234
7548920
31877207
33573941
18251842
22586452
32263084
41911652
23206897
12164455
25093
34685792
3055151
16539353
23533040
30967838
7029256
31558650
7996321
4629895
30961426
3758435
30565060
25971854
16114839
14801513
30113410
4567623
35637019
27012921
16086134
17750516
12006997
27616
19785045
12703090
7828877
12132552
32676019
31554131
15592607
17336595
33944599
35737327
18501429
18776203
39461238
24212772
10469123
27549228
12799856
16082831
42314796
33482613
38676297
16705395
23180289
4527952
19129664
17142537
23433177
10998557
36870960
11893440
38462761
2300612
8682940
27933553
33843548
11962191
8540778
4063145
22814296
20044189
32289185
55905
30671378
24115155
19119494
34789153
962771
24794870
1373602
9717526
23335584
41543449
25844084
19339053
21048082
30466934
6429025
20817540
24087213
34900880
3918234
7024352
2204270
11556639
39335748
34471919
11176261
24424943
33641501
42018784
3175485
41794426
22313466
30820175
23928925
43230512
21783528
41483667
14617726
5295420
21044915
29505517
7106388
-309008
15586597
693641
34848473
14176788
32446603
27539703
9935852
24961001
25998493
37166568
36384818
37776097
27162563
38545938
39100397
40563074
26991
2267657
25326716
33967116
7299317
311783
23035411
4983592
23841856
37460184
24665159
-639603
6464115
17718959
7131524
28467970
30528072
23751481
28665498
6498271
36177683
12244863
16294597
19338287
40683197
343685
14458317
17139973
19111305
7005241
34821981
34890129
15303999
9186912
24574013
28323135
26957247
36704021
34656290
13565991
15277205
8160452
24708270
11428716
22596112
41098973
7806964
39325320
29261897
33304167
34981661
38077000
25908035
13666728
29164690
12267638
25224233
27485447
30421760
37368769
6580095
36592444
31594937
8307589
28558148
24098077
2746129
26300332
32377521
35046433
10643479
8901116
-213578
4524959
26480545
4810139
23029421
37988840
208995
35909359
26486321
29898115
33844860
35969878
11258430
8553318
28566948
18358112
13372575
716726
38693595
8107621
37695298
43012757
28863671
38870988
24156011
33535459
27514643
1171906
17976806
1938235
26069900
18493307
4035918
27953364
22476323
15267002
1633682
42316215
36164787
18059809
41221912
22167271
19337624
2958018
28228377
25551015
28274364
2933015
33635847
13901065
13977250
22602841
30424046
33193276
-927738
16328654
8244412
24077759
28747175
33833465
40557602
28898619
24142767
27715694
14100419
31396877
28934359
359031
984469
24010720
15225894
28662089
33343798
2997387
29903765
37740363
8422215
1877785
38399574
323149
38610694
21826626
1180154
30372449
33536691
6504722
33793858
37602081
26676867
13507020
9174985
11615955
3878093
29609857
9398599
5098348
31428099
1401236
13693326
999931
41882606
31712141
29546856
21652682
4301613
23286176
16173548
11119640
36374043
12660243
36111600
30452876
24696986
5719210
33025102
9577016
31658192
23731941
4135367
33772094
11185118
3362497
33084168
943316
31856464
8850636
8511279
34263376
38194298
40845076
21949026
4289038
13166320
37276750
25430058
19307637
349769
28498625
23180371
17856782
2064172
5334941
6448533
11397763
5366046
3795923
30770108
32238547
34787127
7383681
43110367
31823255
7141464
22142
31891852
33997337
25717798
16313629
14852239
20767400
29353353
41622385
11862472
17927596
5948406
8834434
42840842
40699523
11618432
11348819
28939653
22673580
11266215
22918164
19749124
17268682
17280038
39018175
33346328
41531338
28228590
37012951
30503847
40044548
1283175
29465878
16010348
3501308
40212508
27124900
-318424
10503376
38796107
21135794
18002864
15218814
24601281
20647585
23078521
14063952
6659817
13792629
20131289
15462924
40863483
10666709
28026349
30085249
23833951
39029687
2067816
20656592
32448312
20344303
43338793
34720137
12202665
11183437
30117793
24356514
10837823
40901238
37772404
14342995
30974343
16395492
22164424
8678081
43116484
-992285
13106118
42214896
11824960
26931077
19695178
30045224
9508087
30581986
1076695
1260780
21024151
14680402
9315957
37779232
11889300
30364507
23519658
19743774
34055479
8851238
28851115
26807003
12490379
22661732
4935882
-473631
11169911
19501251
28788990
14891969
33923234
14489596
31494778
3676480
20921353
5196076
42558398
10219548
19004457
22955046
40168345
23298054
26075099
35586831
21255927
16960135
8741785
22107990
31854509
7431648
23943946
32437663
39275327
26616189
34838891
37711392
34462095
2530441
9329543
508446
20254340
23362984
30016238
16370283
38730004
941726
4751394
12170539
27377417
8513588
487353
147871
26643533
41135399
19551292
30697916
40448219
17332737
10903643
21228838
17288260
31577294
21846542
16937271
14439279
39899542
23645601
27209966
2696853
8718405
5115349
28300162
44740
26878610
15058564
4697374
10828800
24160366
39962630
4447213
24182143
39261841
42148424
10581858
24491353
31026219
36906448
16170475
23282257
38073722
1913718
30823957
1796211
8605241
25451455
1186274
27472278
8216146
33261153
15352579
8353856
20958210
42412455
29883202
36875151
6580177
20074550
34890525
23274649
34768857
41505905
31027228
19610539
31646717
22002039
18665097
19750881
398761
13028180
33917722
6586503
1822548
39823765
379521
-253891
40215263
15294568
32350098
15590563
42504265
20363700
3636467
22678011
2837701
26612479
10374725
23028201
9743974
7404885
30314545
19269606
27454891
17715396
40627107
15758300
24756057
5867394
28772848
36806923
33781581
39087050
6128915
17439394
-175902
4679058
31214197
36013145
27155734
6273404
36672315
42111482
5421483
32794797
12175526
18880981
41033061
24115133
13228948
26123535
32247508
7014391
18196390
16457616
6646573
120794
18825074
41460587
9553609
1990473
40151999
3926240
15005489
1124675
31436569
38790908
2391536
15562634
28567519
31749572
10041419
32560388
12741141
41144477
37176431
29292777
33564496
11473988
6311729
40177769
29388033
12376435
22387236
9754983
1608252
24521889
1717630
-584215
3273738
35017427
27874581
-819702
2009555
12123892
8599012
30426585
10901138
9071574
22047155
7949214
14913754
-712881
890913
12351456
2411820
6905075
37447347
20680608
7337324
38542267
13067312
2181671
11127535
212041
21229352
8858554
11466795
41817356
10436913
22007400
29464753
42117750
34665390
994442
3133241
17777511
2751082
33794121
22335381
10003655
11507833
28105674
21472805
42010762
11060314
35797700
26455443
36882026
26824569
7579764
32716059
13309892
27556712
35291590
26153507
1946580
15785979
2552756
37691749
4174782
19401410
6070017
40744895
30926476
6658035
7984869
30283855
25126770
41023351
8522007
9231967
2039028
40073958
21846229
13095370
-943905
21166503
21453253
6686272
23522524
1117639
21023816
23475421
5174704
39674871
23911366
9845816
26210863
3495794
17733546
30992231
12349536
25783441
19381595
29345586
2816918
17733036
16988400
30165768
14638198
32333488
15924522
30159240
12488896
20976792
42325594
15001643
3737800
29851628
22866695
33638187
708627
919053
854092
29358741
27671396
31546171
14261058
28460394
1268012
3308173
20553615
28630703
25438508
10276206
24073254
33356150
30456997
38269439
33438823
9428879
12398462
18747839
41910562
20156768
42732592
23119736
21771651
30606220
5221529
10394622
1729188
31295712
24816058
38166419
1050813
10848601
42553448
11716056
17227538
23539889
8035108
41588776
33655578
41779533
32853793
12409040
26708424
28808414
28240660
35336725
22429296
15502584
11636315
30361874
29246830
17163410
34545968
32422486
14752216
32877684
43188705
25965208
28698814
7344292
29249646
15072366
33536352
29643016
32638950
31878163
-853831
28678234
14747838
6651178
4014023
40520487
43102392
26880108
589607
29603238
25948140
30234229
1177265
38224616
1022826
19753341
22814720
9769601
28325301
28548885
5682340
-766446
21861425
2306498
20356496
26915196
36845848
8137261
31977636
39365784
24576362
8585531
22754518
6315199
11724173
10289087
114061
35348577
19206454
23030293
17655661
14806012
13802289
-270365
6615297
42643401
41932986
11767950
21048638
2600029
23755122
28620274
8343150
42782128
11504991
40088588
33671882
3652257
42294430
4270913
42647773
8421180
1299316
5232078
37291853
15037573
41701749
20463554
30442181
17070262
-691246
8784851
2691780
9799834
8025256
2898839
23427842
21346899
39608103
32540474
26235829
2981844
21347725
38671539
33782063
2023757
27022462
16449533
26858388
18201935
3158019
3254371
8969493
39160494
14494639
40420142
37963978
8407763
40447982
19828402
30941491
40652681
6314612
42704091
33944442
38143318
37902038
35445176
28366442
43342881
20928384
35496964
20171338
6817494
7679973
24196315
8572714
30008551
16036445
37145228
2374305
38447367
22254369
39924795
42771133
31997078
21463792
5154285
42397032
41889492
11280866
40922634
36843294
1921927
30401522
-595076
35746930
43073731
3173732
19680567
11502622
2208409
-485559
39496492
-90553
34716457
28010666
7244407
19225229
12006439
25545421
21153880
27735921
7154463
9282090
16012733
41289100
25637529
5313654
24731881
2835735
835145
34280349
35159696
17843160
22030034
26171922
35050365
11025626
26890099
24745995
24534416
4442576
18263840
30377027
31135496
41603909
37113730
18837562
27092157
40714077
17673252
38871196
34822613
40115399
22871906
33628681
30300003
25182032
14422806
21797736
31223028
31056699
14048999
59143
17465331
26392247
1839985
1718934
24422188
20268506
39954788
-469446
34578973
343290
35582227
41153667
18891372
6546356
41329209
34044531
21825416
14556619
36584329
30577733
6390752
1246927
32207261
35439270
26700050
6125781
15054278
9968338
988298
4906808
26093010
25160071
41140207
15545861
23986403
9591232
10470703
3470992
10231046
32365106
2583312
18786094
16292898
16241565
7689300
35203332
39036321
8030684
9780382
39892460
32462637
32652021
34765872
12940825
37730031
16634026
29234985
38010498
728226
8138500
15456566
34956597
16826874
30553047
41845404
40483735
24914118
17031877
41523382
31153912
34331818
14202355
20808118
2864021
3320799
-185617
8581646
5128751
5825305
40049958
3105759
26599592
5135279
19645102
8366461
14312152
1413019
25598451
4895023
24517627
35784755
41809432
4738345
27322995
40161290
38891005
6116315
27200485
10453457
20817307
40165308
31474584
13174473
42682670
9655610
33633325
25502135
19113434
424
6404246
26948888
6306296
27687820
33618442
19881207
37605633
34842483
28338181
32023064
14886405
42754261
28481932
13126461
8638652
38472841
1469219
24815340
33851792
36816190
21008075
41160384
40419568
36585111
42554935
6025360
43169455
8571596
25528121
41798039
27936385
39863997
20512630
7498262
24855598
262690
6889031
16673176
1139507
3669256
26401551
69275
29375062
7396055
16479332
4483067
19173811
27085543
35645752
35656520
38318172
20817565
7188087
18352125
1362516
-756435
25226607
23541234
40919012
30289532
35931124
12208564
32286428
38869182
39819417
494265
31996428
33262768
28499262
-124541
42251372
30815315
16060556
1191368
1705860
37631167
35480431
5905090
42030397
3564857
26644325
31345919
22632559
26376933
30295929
6857453
42054513
34894973
33063510
17814746
6201792
25371807
43079915
34574348
8292447
33516006
8510419
22314257
35210826
24444980
4744192
8919116
1609940
9872456
28630926
17647396
20283415
27818659
30905429
17659689
28819478
42975890
17912162
6145852
38753448
32824864
42676496
12134681
13883342
4304720
32432244
19425456
1441167
20351175
6570924
42019384
41711290
11030570
36885748
41658577
11320459
41574184
14404377
37892549
22674420
26838689
37613512
30342227
3247239
41264110
27705215
31041981
2787076
14261590
18724528
16426801
13970303
12445168
27296830
7065041
15742685
38895481
32203169
5376730
10809544
32181483
15876676
20595023
41172040
41810570
19130817
39887397
40613652
7210063
29913345
19496180
23535129
28993736
27394698
39330011
12938558
30542304
35621312
40435994
6977450
35437774
40506845
33498984
13069444
41749608
21580206
1578821
1164632
8121387
38653261
14991234
13706207
35419034
37549193
7538284
23038350
25932080
14599364
14688707
15177275
31645734
25950952
20993370
3728679
11598249
30053269
43285116
22254651
17038462
32517073
30193598
28825223
10591162
36720240
30291779
43067673
8449838
38466812
28239403
4971199
15616203
7076670
19746876
29347867
7845199
6265311
36715497
32020469
26870963
31925424
35590074
6923127
31396273
9507531
18777619
9571353
35343624
34653662
9492095
10328645
34542366
27412987
6634429
29386689
22281230
2119136
18571130
19921684
5323919
2754026
16523910
34258135
33283256
19032514
1814428
541482
43433969
4453817
16907037
25297778
28936213
6200581
5911112
24728857
3895906
39134171
15761042
14999646
17160112
8785217
29326549
9555548
11499483
3410910
-553727
39792719
21874784
20905441
13681322
17262560
26893477
-628199
21513941
10903680
16835847
31632499
7933770
-833052
9338986
925527
15842388
20743689
35999617
36928636
1775950
29492918
7026182
24001833
15252809
41475472
-673942
6562784
31184415
14514416
37862486
26825299
9078319
33589468
10027322
36863986
19930754
11987637
23674747
21443255
35987232
30346228
34172432
31130466
22467586
33663587
23294661
7014034
12305872
29908620
18806246
13482329
25780004
316468
40851461
28357105
28182332
38233260
33177330
24520787
43469058
39354718
42102419
20869292
20307158
34077075
13050308
1658038
18138595
1286721
32665268
38831863
27064983
9285820
23234273
22871476
25377682
33481518
28168865
39990703
5945139
13463348
18279551
25812829
29960320
8429886
19110749
36982639
40687606
7996002
22173102
12307526
28408421
25276079
28711031
14348549
6886082
29183347
12229163
23370314
1367136
4552775
5268380
15105413
16083027
39585552
2492954
13465849
19800970
40483783
34915513
30365092
25503978
9499744
14119292
28750360
15305409
1214409
4954318
27712837
16349869
40562000
29531892
27917457
10959119
35909212
19158509
14312012
31684617
2316335
9122493
19098420
41493734
27296305
27671793
38045737
11437533
35486973
39512637
21354751
22425411
40279504
3481869
35165408
-858528
30170350
33317650
32466671
20968556
15441852
25812894
20041398
30805287
30657973
33669566
30178194
19156745
35857396
27847543
23879834
43192097
29548994
33406741
19989260
30610368
31668530
28043772
35195910
18582159
12196056
22886610
12519890
19101036
16462332
37987117
20307491
2898070
39947617
6940944
7033685
20578513
6223728
8139957
11340258
18026129
10720241
-533601
15078192
28961787
-352864
38906261
29756749
6643764
41407866
12653194
27027372
11401874
24225266
42472399
20848925
4805573
9321899
37129175
18384094
-606890
1325725
28800708
17968929
24267423
1636934
24552837
32596072
22425730
42553341
41894488
9813141
573512
30569209
11909474
38716088
29240634
33484952
6828139
14068984
27899813
20419069
42039445
8065507
41916794
421298
37914239
10041087
16302568
5619427
347011
28209214
29001625
40842584
38255533
2752998
17829167
25997511
32585334
892846
24238036
43181982
26646965
22147140
2976102
21692031
38649774
40092741
7030416
8500860
9713096
37706782
36179066
17252751
12370687
22300238
12984371
32668950
41869343
30704703
34145410
24388972
13439120
38316543
18348807
26439274
126740
32499920
43369359
29937434
11965404
40067534
40003392
8816496
31888737
37419933
19169121
8203238
27726810
13654738
27510187
10531669
37667081
30269825
22974677
32175877
7535394
8357675
30197864
10723492
41422804
16777012
3737335
24177839
35901239
24449422
9415540
26491274
32417651
15573562
42472382
28424931
33367623
2231986
1985641
8472474
36225602
41690973
11026883
18457800
38886883
14121485
1266416
35974377
20856572
36078468
3151237
14540903
6968019
40377867
29885102
41492331
29803296
21721651
12060877
5767053
42983258
4685489
28298918
41957648
37788999
2265042
26744580
19890795
19436525
19941955
1371719
38388894
7547907
19844356
773023
27437360
25303520
3935726
25982477
17520995
16848001
17160034
7050746
28728547
11320361
4690100
9871637
42434708
26356356
14213187
20687969
33080282
28077138
13413302
12163537
20174032
10407406
19961117
5783592
3937747
24586267
13992871
2936894
35409581
28458661
6931496
1260997
37418131
17017802
1734063
1427337
10108890
974596
22389118
6077833
29459892
23266811
8424341
11731192
23926255
5545784
21769066
29896303
40983587
24063306
433576
15672623
32552331
39710104
18171896
34844693
11064226
3741164
23589463
3561225
-276417
18504746
39710733
23672143
17789647
15403317
19131107
8589171
11547445
-848348
25138956
19287794
12220808
41496303
42147553
35315301
15427185
5282501
17147213
24562059
38724583
9368639
35457919
4429452
27035910
14712536
138767
13150786
18274313
42613775
34382081
118932
42782362
11665198
23038290
38010602
30673540
15206711
24403139
33231339
9447075
41441880
13545696
-961984
27752654
32790470
34344125
6450179
36277352
12219056
33228365
9219417
29787182
32651150
4084115
32939778
18396484
8569732
17245442
29867653
13752564
35233218
24677587
-25844
42437782
24456834
28683775
9558764
2965019
41051381
40752953
40361358
10300414
9611880
13143993
31857690
13688111
5778235
17809157
17341383
19034258
2232155
612790
12697034
2962792
6699393
39583251
30582112
28128614
10653438
15481399
40307386
2163340
40987784
5274431
17283768
34719950
5626295
6015731
23142290
3197216
22804045
13125630
20837091
32885935
9433117
12581513
25705328
34893108
36163009
8678036
13461954
38110751
40306577
29592745
19893540
12323718
40091772
15221450
32093416
6269646
8779957
1627360
7247648
-725086
36520182
2227437
12737139
18286711
25534722
28047008
11025687
14946348
12462049
9318195
3284611
5911620
13691154
3252538
19688343
28755564
26625722
21415252
16480533
5540683
896377
7333166
21756038
3468675
36198054
22200782
6674951
6845584
41066902
13469210
-39272
811797
16780013
32082925
29386529
12307610
35849041
2943212
25994729
24474389
43266792
24595008
13460194
37291380
1151363
24117595
40275020
5231189
30331266
7129246
6658662
4948684
1278774
35882117
15250495
40813383
35831637
32705293
10323686
24655742
7067518
18664250
33524884
11697093
4762954
1906495
18506829
28594778
24170244
-766653
7682341
32332879
3984626
42600107
20508906
22266106
15779029
17048629
32968158
36998490
13411650
3179541
42027603
14027408
9228120
6321272
4785206
29624977
11845348
6283633
15386554
37653644
23891450
39569175
-15518
39967830
29045835
43483943
2288706
40532435
31505431
38703821
2172029
5105441
3217314
8796485
4265006
23155301
38625479
36322626
35101729
972889
23694917
35338223
24740307
4891960
2896231
41798248
9081474
35404858
-58201
14977125
29601924
17171884
13175683
34627396
11731827
-682115
2510700
27634295
12650178
16514247
5759334
15058639
8646095
42629625
1825201
17117992
23565062
15277475
39091256
5578553
34126227
35002279
2002981
5275700
10963961
-472035
3663999
27094292
3829164
11566416
36940336
11563745
27832506
16698891
39864343
5451010
30003710
38736189
17782986
39636440
39766211
42640576
3463313
7788549
22890914
3922884
42655354
14402650
20986666
9339580
28921160
34090691
26738657
42948958
25324113
27848635
26280607
35939178
31682227
20184555
-530142
24025646
40012401
18203429
31116251
25370631
39294165
14374714
22829280
37004569
13390553
41653813
1641438
7834324
22332028
15762983
12561964
14470658
-600615
13262483
380546
43260445
-560020
-296946
24772275
11666770
40448012
29006427
4110387
26856298
2346556
24085783
20116947
36422423
7267559
6725442
15255956
7765496
34163614
4985134
9770858
30375515
33720501
7267864
5967341
29930209
9617774
10720877
6785422
19087771
41717767
14008178
24828038
16970616
411727
32938130
973358
27400740
32349159
34640798
19115954
24865890
16233282
19543439
11905959
30103597
24076541
31689911
17127678
43430087
25670802
40521593
28234697
8417501
25422382
15378667
39209740
11606469
43110074
3556673
27686679
28906126
22444005
15566460
23656484
32253772
9300166
40287391
6292371
13457251
32874565
32461300
2413466
21040733
37283146
9855024
4680571
2047011
43087698
17521773
31053095
17212997
37458570
19111383
22850866
7834547
23122687
611823
27075390
27643285
43226338
43125855
35482692
39497046
19463368
43458865
13740136
34439068
33681227
20499543
12286973
-920221
26946303
26332685
6481026
24847371
8292425
43892
25793954
24755677
27383957
-724895
41994766
35285034
23165309
36160502
22451421
20973865
35598853
24220760
1255574
7848044
24438898
20284097
2813953
14676529
3756073
21992378
707846
20796551
11673460
7436234
21902919
-941748
2384755
36859231
29882814
29270728
41771546
29935337
26387400
29260549
18716498
34622366
24950149
41101698
6407437
39264780
6933498
18505845
27277591
33158550
23245690
20171019
-432405
27159841
43129458
32470776
33038197
17070131
725667
17046440
34368570
19518131
37341865
22632814
36834980
40632966
29242092
12794824
15604051
40758285
5944827
16497157
2280971
25846825
5135847
41562638
22610797
40408725
37078200
-680554
40617245
9079060
14077725
26836309
23866763
9913470
30555130
4234869
16748630
36693186
36978092
13253273
20632465
13419492
21151536
10790795
13404641
1390894
9917726
900124
32680893
13214367
5437234
28900837
38329317
32084888
41993549
30253858
23904273
1288239
19351119
19816358
39998213
27078037
36931185
33213837
33140735
17070631
8770924
21521631
17316462
14981103
28961570
11216128
32319176
43300570
1374697
6792289
24575907
2414073
24390899
35928495
39520498
11318175
2397430
22617299
24735268
16757250
25051359
31661900
-371430
14004950
19306899
5051129
28171870
2559132
40942499
33191278
391754
35307268
19943335
25673389
34360835
39675813
36782131
26509571
19715192
13890624
12704529
31394364
22279066
20448136
7483545
32647009
2615783
36021068
12802809
41505530
18233610
5844877
18916324
11566371
20665480
29567755
19138883
29986734
23643382
16042230
31309724
27076978
27784881
31615341
29305241
35947502
1954763
16303515
-809059
12750343
38546920
32918220
35153123
41427457
15530239
27400476
28559628
25182575
7499682
40077636
41997188
8874919
29830323
29704652
27001856
31671093
23989
1185905
14436169
20742408
14264748
25178300
40852997
39755271
28318771
25793685
26502877
12545010
39255632
13225049
456
8752631
8436694
-69566
268770
18411529
3940378
17080939
34585979
17312419
16057845
5606306
4862654
10060416
13286158
7240788
9065444
32989729
27077684
10627044
13716712
16382390
15010120
850168
20902907
27466088
24506251
19883519
30252780
7418892
14989824
19740762
3652737
13263348
41095669
22628853
39022822
11313967
40611687
40358607
8952844
26675447
3386774
43080136
9677009
34658153
25901853
12384282
32551182
17864487
5825712
37737970
20330195
23979829
3249419
26618822
14600940
34452930
38284836
24260057
20349785
18765659
23365657
16934985
32635072
28705052
18671774
31703848
14050197
31233347
42351624
30227149
40184238
22926622
2788322
-846157
13107460
43017634
25761175
22937905
17895649
9708552
7487533
39747143
24369603
1107673
29265114
24212058
7635795
34362606
37415554
13000950
24627867
37925544
21734527
7789405
23291431
18479217
30080401
20405619
25643350
29054924
37974349
9307919
28482106
25432071
22961548
41946938
40887310
13409044
27251515
9696812
36715638
39698805
43116939
34497009
6093136
29849403
18103341
43050798
6943623
32764720
13883390
22897623
22530320
-644649
36276870
26987764
16265388
13333895
19717385
33747467
36269156
15283409
30849080
14238787
16983794
38474775
22898425
19612544
31202366
32447063
2943997
33071062
34694298
19824614
39498602
37651872
15899790
33609202
14263189
18533820
36495682
5142457
26542965
27294522
-583082
41580151
13253226
7327497
37027995
23768188
25324960
30411713
40203605
10730776
17380061
31326635
25194173
1535848
628350
19272487
23884133
17569816
21159301
4009643
27238709
37881201
25381981
2828056
10011728
21944109
16748611
12950481
27615811
25457817
10196962
9959092
41879711
-156658
3244756
21053380
28144564
31625473
40717653
-112220
39216584
18202885
32232610
17378316
6811537
2233034
19481098
1947508
27434213
7745206
36904222
28772230
33755221
36021913
37102131
12193454
1935862
23701701
29456206
38076081
-586169
19045308
14681453
6972212
18364173
23654077
42074678
30917323
37438343
18103609
34308178
19671952
13525126
41850372
23942657
10078863
13636556
34894969
17210980
29017131
28461303
-737096
24653944
13961729
43206111
26279004
14197157
29633532
3975812
35538560
9748795
23683967
29097968
15317515
4180878
32089150
33813633
31512454
16354304
17383700
13085647
9541240
29823253
22666280
31430739
13572271
34203897
-485665
18136689
13569368
35587939
40790775
5686061
8679671
15523636
4063692
34087372
15558806
14191111
4013148
2511884
24319557
12200854
36597964
20497072
14223747
-196319
5423944
21849606
2285950
6050867
38644129
18864926
23395957
13840601
17976115
26759042
3711225
13784020
15889122
20765972
32439809
9261390
10166687
22708465
4461830
12913516
35730320
14697425
34761977
474434
42261835
1772284
38461142
4747905
38807444
5895257
40809619
14728883
34973933
33353133
18175715
21728365
3533344
9189412
21347822
38970424
-848247
13422369
26452652
20404864
20775612
43528675
6215823
7604261
25147996
-511316
6394317
10278055
7956536
5702397
40313255
33806822
17187273
35535263
34184783
30316238
21407434
2418988
42843118
13025805
42956861
20796174
14814317
6063322
14584170
23611659
33439968
19571483
16693339
13371938
5108408
28323643
20584318
26510679
7242644
23010964
14053581
10037242
36726076
43085618
30034735
9865494
42314608
39684968
33477832
36548139
12654211
11491803
29995042
9866167
33618807
17594944
15343721
26831236
294063
11693123
40601483
25293187
26195337
4929344
6818083
5988984
894080
33725743
29056808
7158216
14842033
20829595
36405368
31930472
41731393
30155435
42506581
18855558
-104137
20154670
34261536
22023939
12992027
12444324
10909386
40354308
-671523
23995060
23627486
3910322
39485409
37535249
29471038
10125893
26185903
2596640
9442334
16573174
14308431
13543445
16599739
22562029
6347874
19250094
32661886
42399381
25405998
23791204
23867144
38312265
16975081
33837824
28758992
22665542
5159953
35295657
30199529
-617016
27907769
30374499
9420157
42672629
16000980
3757857
40510676
9847011
26973149
16524885
14463213
16614778
32822394
17386959
3011500
31555801
40196435
2159971
12938448
33180096
28964933
23350095
6132816
422191
39537429
18259186
12550766
11191861
41953003
7702224
34782462
21153918
42473139
41024081
-140346
26046603
23543212
15872855
33846797
3971257
24983386
2174958
4619394
28161912
13212927
22256087
19448400
14003592
2752441
12586212
24191405
22357792
29504676
21014401
2683049
9820424
28499644
12719081
40100540
15286505
26023622
28028039
34878646
20048462
24241628
26057931
40111765
27664030
21081876
26799433
11422741
8938231
16174957
8022052
16161000
28741520
8695642
14983543
15266090
17114055
5280009
13251522
36925027
40272540
21770116
25337124
21879056
15527750
18249606
36498945
39473381
3950586
33904053
573309
21998769
32031316
25938250
7456294
27181831
36364638
22082310
20233124
-606456
17308814
18998518
6666063
10653788
4771617
8235181
26479380
19818096
15077135
29804464
30182161
9907054
14380080
17247907
30684538
18717816
24052688
6402544
35068154
1380448
7209982
22668958
23402819
30699300
38916228
109839
36503343
24678789
31514541
30606592
33685352
26931965
-373346
12753988
23230257
9570622
-472406
25116487
6166680
19707044
7812630
25807080
27892301
17761785
21222870
10693736
16080245
41434409
19765092
22743353
17763215
34515811
11929666
15655619
36527937
1402556
4929167
11898239
20695795
10864293
6269495
38764266
39711558
2403535
16107936
35952754
13665037
17228936
28091686
6707573
4015867
40445288
30251178
23093225
36379952
31756023
18960581
30646310
19482944
15077930
6298580
10187998
17814424
33207746
21171875
5192471
10396659
33458313
12095683
35093741
15520527
2738699
32607925
2192292
-709268
2419294
23652446
31446612
30777525
35300131
17812777
26868634
42555616
41204335
25305383
2743655
630233
31782761
7815669
30153357
22579226
20987072
18448898
24186786
35503737
9996104
16995840
21385178
-275926
28578326
25905080
17672180
7738300
4409444
19011993
11433736
33276110
7058735
16227926
8219781
30669964
5435793
1173185
26562936
20473986
42490875
8427868
10723708
22075520
43499011
16154873
6662821
4089523
31214094
41097613
11945079
32441277
32590542
39104067
24587327
34079691
4200482
20659081
37400825
24188934
15307373
13221073
17337948
1048442
43414819
41230453
36592947
7474398
22740409
28537837
17823550
30997257
35148828
20907506
4108553
19881483
33704790
37801844
17769785
10722437
1989241
24179093
35288329
36833757
29380318
6487589
29832635
18563857
36902354
36391006
447713
25178694
35117697
9596971
21325115
36813147
7297534
24602458
39339274
30162144
16309915
13382646
3270670
20562212
9850264
9272023
3031958
2197292
3752180
33518185
3009423
5338586
30228580
30400614
2890400
11068156
18241168
14231751
13162563
608397
28731059
680525
23444514
-139266
12505575
22882607
27835491
37542958
37658601
41120351
8079647
38233414
20711106
3551414
39707925
26204085
21989085
38804612
22412617
41341440
35856664
19258144
5474841
17968431
15369122
11820090
26777789
15765944
8968429
31488544
16901009
31123655
6994374
37317273
17185631
11652102
18813533
33906084
34823474
27407865
16974482
37274083
41528348
39829105
33577357
14243555
9667137
16362871
31319568
27901595
22803452
15810198
25826314
5116457
546082
19794464
11653065
29532607
16697752
22893817
32609552
24125153
25530930
34956711
43510526
23191989
35393773
19631850
9288443
18953694
25175890
3437542
12841618
30659736
124872
20772938
3597874
27069091
32530171
27195855
12085316
15849239
8329271
14198824
8794807
42179388
14992963
1748441
2230500
13439959
5236400
8122471
11967598
26660869
280382
37360889
23207348
32123024
35418399
36795269
41517826
23297578
10833760
16058343
33189129
12311602
9110974
18426116
2352624
6331283
-741708
41281573
14499032
32071488
27522138
30884687
36820631
11340450
5305037
38813491
306568
3949384
24847787
29948603
28864783
2510892
43167825
22882293
9897375
29642912
22822211
43319605
27691825
38390796
19638985
23176927
-756584
10433214
5576578
16212653
42956032
19723048
35629734
14292085
421472
5154658
27757589
2147959
1781819
12455085
5825009
22902584
42982184
34280824
15166112
33847672
38827846
3462111
29564015
15554626
15217749
15560524
17534481
25439704
29485014
37368944
7734280
28790194
3192450
22892835
25567318
39479023
4575055
2224440
34135936
37091714
9499164
34284297
20198540
39283214
19673533
39416430
25383566
37227822
11219983
34652782
21362983
42198014
12595741
23540228
26638565
41140826
6833696
42843957
27370212
33993039
6538728
23533470
16263688
16744399
28656617
34832410
41660718
22763666
17373181
15293697
4784218
5674719
29787
33522490
6130062
14825315
4192365
24143788
7126934
15584882
42564756
41661799
29675164
33043638
36873004
17338421
34851456
1607634
35983599
27268710
6813114
20543526
8821447
6459253
32372798
14846936
6211271
13617959
42885169
23233361
7941800
-709387
5989078
40530929
8584675
2490367
19266737
5977773
22219121
21387040
2184275
20802760
27995207
19776930
27609036
37224778
15171124
14702061
-18472
23684744
7317973
7359150
29069557
29293834
16871938
38217671
23540378
25637259
43168145
26633818
13037718
31643677
21591520
8429549
34027950
2616178
40907597
5357906
15534667
18222075
27867299
3262732
39446946
30281833
33931211
19912407
20874789
7270812
20915966
43104675
7837700
32613274
14068428
3457198
27087761
35629711
5660562
39217767
10572460
31138060
28649251
42315718
27190454
38785081
12857215
25789420
41222154
16981337
23297629
36883295
35662854
22826518
3774166
32678694
55906
12141215
13508010
17499566
41396633
22815638
24072762
27511200
7961682
14567742
10085322
29250409
15482593
21331710
16118012
31156229
11682546
24882881
5812539
453658
9339115
23157857
12588731
30844211
14372375
99191
19771501
9579403
36596925
41934092
36604527
6414944
4566961
25667168
29380978
39153663
31626630
41085049
4723062
33326988
23028275
455136
24324930
31958006
15656830
31793193
14644009
20708881
20609256
7013863
34019384
23151890
40789568
30110748
35254629
31054132
14969405
30194360
43033797
12998562
39677010
18444717
34842716
21044233
32037546
36187448
18177267
22069821
22444862
12295900
17428128
35263775
19703315
36031709
23895583
14367290
18002982
42199883
13617483
12209940
36456467
40225585
15044217
1531348
7653602
20860253
31058813
31901987
25429010
15184549
24954592
11573188
41942266
-803018
38468371
28393419
17063705
22473984
7966505
39509231
3003706
27322755
41299655
20338553
1466328
7157811
31721720
12022423
17497742
39528673
2083972
31435521
31673041
10136002
36320379
1550478
9057259
34719179
42285488
14217227
20907019
16142606
40871605
5836283
40227566
29595402
6520442
27827310
19686890
36280071
3006997
31070320
5759570
14369459
13971378
36565704
28411089
43523106
29718380
36434196
11702100
32278104
16349057
36525607
1451439
22984529
40045331
9925423
17925128
35753746
-517878
16190232
24031081
5366026
12162103
10702423
25395311
6652017
2423828
40823021
-378821
36190192
35310712
29511649
20826513
13513954
24724244
23094808
23974047
9332394
38722047
13360547
38066069
16349142
37318110
13003239
22396205
37803779
3080473
11572334
31035767
34062184
-788051
31478158
5443318
38916712
2946288
22492462
42467292
41931234
1952100
22391713
-262125
3224668
26828462
4649286
11100436
22020072
43049010
3407037
25318290
7434626
9282652
22651655
14060575
40041352
43081137
10597926
17007277
6535409
13993644
13834296
39521775
39819759
35934412
37177774
24080531
28295275
1094081
29169579
22259694
42155942
27008985
25320016
1030317
38835582
17773348
8335596
7508840
575509
28839976
39306553
38744805
16584608
4394714
2138542
34418631
32860663
33242280
127797
38394234
37083744
39071847
18809726
6053511
31857952
33205397
35533819
33937639
24106756
33238881
4919482
31510086
33617835
35626824
8250979
26072202
32396388
19237427
16851292
16121249
30446825
27848775
33978908
33747412
42560029
10246466
22821841
8414793
12807064
20336608
18515738
20546206
36987996
5514844
9455303
3577919
13509046
19210998
17459621
8062181
31303146
15119987
8079199
1028641
13801679
2689411
5268765
2796292
20056678
4381786
15176207
3877746
40815008
43431574
37468679
23593219
-656977
23627425
1892850
18260514
16597488
3346688
32864337
24202450
32252539
33351223
12668221
15257093
14677187
35366275
38826170
28156793
19363538
9922495
12828594
42039698
10716406
17908376
39792726
31807996
2718717
28735983
-510886
20261660
12727592
41117843
15584702
20897223
17924941
39044663
15965636
43221035
8281893
36039945
25597571
33677671
9747696
18921577
902022
-261125
37529729
26975481
16641802
35717149
38713638
30224590
8408716
20691157
11112714
39035059
2106609
3381600
18053938
30751755
27399945
21526083
3283464
10626395
5595568
6477962
12669053
21943060
24008920
33977702
33464878
28351214
30293720
5987257
-572426
43110040
32068337
2078334
16645642
3269200
20438277
42728314
23513825
21127840
25665444
17498502
26906427
27897017
7272135
22979237
19389890
39855520
40193544
36386885
28399331
41868462
6002867
8694676
27501517
23024297
382385
11267888
6240218
16879892
22808232
26539573
6363859
30488748
26941366
34491245
189199
26022821
37453948
30398220
10953193
9452174
5883185
15140716
8097438
29058540
5222549
5779737
29444580
165203
9139905
17316136
42649809
-983879
4734998
1887966
18512595
3797101
6757658
24802905
26878759
28998732
35038309
34629269
32925492
14430799
6656445
6684270
4164525
25839756
19149411
35389470
33962557
10821024
5832696
17655070
22656671
3926334
17743411
23663175
4074236
23848255
11788174
28406509
26338766
9515781
-42237
33396636
17629670
23208051
35962573
27001900
12833121
12310985
17875245
9529609
13554524
18910164
31227841
39104332
22978023
35801252
34898365
39733149
5926117
37301339
36693091
25011343
41320979
30648987
312471
40567674
20411080
31124661
19776412
16916772
1385047
37734392
40487998
32705288
22131207
24942613
39043598
4760827
12623153
6819519
3740793
6975184
-337957
29776954
28579377
11420871
2029696
35257229
28265061
36365867
20907223
38482545
22900044
18226022
29905477
40328722
33925783
13628400
28588987
15835152
28134100
18044550
5969537
4031663
9884751
43329007
9674247
22788396
14608774
35057641
24891152
3786465
35583228
22855464
13825806
13655443
13949598
21908370
38940016
31762306
29248706
20393397
14396539
18998844
10849682
2800661
42152807
3946997
38628514
35410422
21178329
22898631
25406239
32370422
17534805
40623967
27780861
709666
42171469
22934954
41073469
35895784
36074889
36493201
32546547
21491966
24569763
20859099
8842614
10867766
31745565
22201523
5598853
42663784
1727065
4580408
28317701
36470223
17134254
8144637
21553021
34966416
17549262
8154310
10234559
2652318
6436101
5969423
11129736
5842205
18365862
41427574
12906520
32154381
38172161
28797683
10091947
31820200
5373165
3920653
9304795
18948874
19719904
11353616
37756287
22120656
33635472
13471551
23014129
25261160
31346791
3077609
31616904
17159964
28665189
14363950
-638261
17084774
14301789
9658768
-884461
42985486
11952892
9545608
3354262
-894940
40873843
8377643
5966410
31900197
8088547
30847785
22692017
22740027
22038676
9666059
38725284
2250087
29832092
24518236
39046668
31376422
19797773
22821809
24400617
25433462
15939006
15888969
15154646
36066374
19935772
17481419
1584000
19877456
18871113
33608067
28972667
15871827
15537164
41206527
20378984
4351222
36601447
22870063
5507906
13845562
2420894
11864853
14418395
3070913
12942131
18429744
5360612
42896925
2977308
8434673
35188431
4456701
35305504
27435980
7591435
30978148
31034361
21188391
21149211
13979364
166961
29214946
38382547
9702750
-113149
37716870
12546216
41495204
36286454
25173689
38594159
26720509
34414844
19121343
2747339
16521498
9745096
34158124
12797369
25014936
5005032
23054318
19542035
16883214
25406966
37137529
15381385
11316732
37697992
15255501
27671701
18557256
16337253
35569343
29596286
1802377
22522643
34739842
9171820
22474320
31006849
14475602
24462171
41800093
28125301
19547127
23836321
26102678
37787271
39587804
10945107
29465301
37253017
21996784
12443142
38340990
18949599
22280423
43384185
753029
17933438
38120068
-648190
4086734
9551664
13481604
35232692
35562892
28581298
41794183
27078223
2493078
33728910
24687806
20982359
6869349
21729470
6951985
15318994
27093154
42844295
26843826
38822686
22685311
7214342
2118394
41592551
10968028
11394881
10489368
40187291
33808988
1395941
12922103
5439002
13940378
11170304
6635624
20739531
20119633
31548296
24623082
8015294
22185149
33805586
21807972
21700998
43437791
-947269
1378689
38803642
1009748
34347698
7573273
29264210
38200810
17438775
5441700
7256018
6629596
33464958
36082748
1606205
9933523
6757129
28457638
-285217
32102715
40890829
1898415
5331956
39123216
9335223
1172098
27382004
43100468
6457375
10980345
10166460
23190164
18623559
42984713
28542144
-833985
24697888
40001335
18412914
31250085
4066337
9795040
3244257
26491080
35600167
43256089
20757719
10363667
13160753
30737648
13247184
16641554
39389275
-766634
29834479
16178476
42365700
2402304
40729672
27768365
29278932
-617785
42782193
-124387
7508791
40221441
37664823
5984393
19480400
18815370
43142574
38894299
42180040
22214605
5444766
10634063
42433205
10470321
21103066
20659415
30883431
7132700
2239800
10475411
36393770
31627483
719905
2707733
1999366
10610935
7385888
2302544
846278
27030721
36176881
14368444
893323
12786880
340909
28773048
6116781
34617444
11794321
22845977
20776228
12923162
38257159
43240128
43450809
32456021
23411039
36287940
43379063
11561120
41210880
392374
12738442
19623735
23207883
1007528
15413416
21271139
9198187
2135467
14215276
33711835
695236
12859175
21176164
13572173
33357727
33530810
37313607
7821813
17311776
9737896
38507514
3659580
1453436
460624
32023185
35456474
31548501
36907434
39443856
34659694
39984783
29878063
8065877
4439712
40794553
25259244
16262504
1819675
14020620
26661466
31011284
21149208
581729
3591451
21022961
4434049
24010832
7367667
28944653
13706610
22874019
16557191
16969836
388594
20075329
24634209
26808524
32142706
33531945
21231601
29062763
37289805
35240990
16689663
16902808
21809356
43044265
23904604
25003706
16601085
35258436
23015421
15766649
8155743
10416813
15434166
36142216
3778880
10842352
17332009
37965147
17338115
37728511
14943425
8679546
17599793
11170126
25936460
18544431
10888899
6137410
17684811
28168038
11527647
33823436
5085195
15599165
-17942
23319662
26401108
21239900
2771054
7713007
20197323
4582949
22404641
20004871
16893471
17908089
25966044
30408285
26440635
10321616
34404140
41112345
18618478
37603311
38572979
16897914
8453230
31984831
17136421
32827285
30268904
30967149
8576813
33460425
20878105
3307481
9233373
26661461
31588505
37735971
2760681
34707158
8564346
10155821
41268626
29377330
4973361
29830778
25916765
9867407
8856331
37595161
12164050
24159367
11804646
20895608
30149750
4519988
4536730
2304500
33382044
18482633
17627093
40945215
42580535
24890854
36388693
3953803
43530016
7064190
13095922
29553297
33945162
7684999
8014973
-461458
23354505
3452868
40358933
17583001
9161661
26885358
9767862
-391841
42294852
41997954
24492095
37555630
27649262
40063900
12962633
25106154
21098745
23685870
295577
15001188
16723057
29929163
31631223
27992074
8983568
16604334
16319951
16553804
22565704
38028321
39089180
35381987
26140991
25617476
40254264
38237221
-773782
12055378
2636474
5129608
37860632
-245619
12219340
17275298
38634848
24246593
14855913
15896416
39055293
14660873
16175162
31494252
5215903
7147839
29622397
560247
42677932
12811408
6376573
6383704
27681581
12705859
479026
34445157
2002013
10417136
6274364
524455
9734470
29865045
798921
2323729
214681
27611367
8090111
34788890
37171362
13217538
25023889
33646825
37544474
13126737
26767926
11521922
21956824
43060652
7818986
5788855
42949435
12313457
11686163
14347616
6136432
28969373
42105765
30315888
34269154
27440766
8052848
42569964
15358764
42757402
35313158
24907265
22670515
21554768
41385338
32938518
3292514
23011855
25534571
26839932
1039071
32851269
26307439
24818783
40505301
11682238
21077048
11370418
29066110
8592601
39823888
33272237
29558551
13377640
39634695
10025138
5673818
6347005
6212982
9741437
6694788
18390655
42927268
22120920
31995417
15723843
35677846
20782858
19180023
19213929
24217995
29878770
6604517
15011691
38689504
4993111
7353339
16562927
3696854
11601894
9186456
19314560
27638480
32552154
403306
4726646
36934339
22922671
29827628
7534465
39842262
703399
26943774
4516529
10710695
38781551
32311911
31130417
15164901
37121089
-951759
17562324
37749197
26452655
12953421
21820864
22072756
10839726
17769011
21901423
31264909
4424676
15220151
7307015
8381551
3656292
28675810
35338481
33561884
6970976
23484543
24337214
42281632
5513617
21692062
3431243
42242002
21370310
20160479
11301325
19153548
40080738
9478672
15183062
5611383
32508840
18392100
12455720
25865695
7396191
4761570
18157718
1907091
8773478
36235844
1567425
7873497
32557726
23421473
42684695
8878146
3481323
8965032
4356217
27415443
18019310
15524194
32219445
26350109
10884656
5245008
11486036
2511944
32243581
6137874
13517570
14750061
19037233
1954398
21476541
17536352
41040378
12774574
7548387
2387415
39516841
2697325
38507499
34680148
41028172
8848171
23508999
11948580
27044435
18221048
11790177
18396814
26022057
24121060
42437188
36391222
26828682
31466410
13071627
17631753
31914923
8306987
42480421
23526205
40052910
22636738
10161105
12984707
26526842
27629757
33563540
29793383
26733830
19339275
20215807
40478419
17967638
18502421
8653211
39240200
13728693
16852473
14321024
37664665
16853736
32020694
14728828
28347606
11523622
37351901
9598227
42649483
-933286
18689301
4748046
28427064
13922066
37243574
407463
29871168
41550853
-812774
42088039
1709704
33254951
9670270
31549199
24532905
-481558
15430274
7322984
12706799
38343070
1375529
42910638
10623555
36371057
20386053
30553695
32446792
23938340
37314571
8410195
20675238
41177432
2244716
7237967
4952930
11943935
37717447
42760362
31756675
10010340
15342409
36326401
37887816
28387388
13611500
37642923
24317286
2235093
27519537
20845176
43525621
9238916
17828661
1077776
32613146
-196951
7846107
16556315
3887734
25850877
16664589
21601954
42343220
20465972
35443951
38462352
40492938
21615909
17557647
20611615
16494273
13711772
23941085
4272460
30135913
29743371
7791234
37715188
33309738
39769911
8114305
40520928
3364230
8311455
10297716
26718081
25900512
16937801
6728769
17061408
28225325
12081715
37806064
41434797
40646904
22799826
15190936
39877561
17887159
11116762
33145234
20901610
35843783
13428129
11040683
29663776
31273392
24330165
3400541
19554659
38663173
7162651
21621472
15688943
28188446
25187688
11422799
34584180
10917828
20132591
20890458
13789072
6692066
29747916
11107142
14613748
19957818
13539905
4739689
35702919
14938844
38940186
6269015
41705664
26665776
25811270
30588060
14650832
42115723
38569983
21682201
12195628
579114
6209395
34868295
18522707
33779346
41842157
28303417
18502289
20313143
15446298
2842352
14996923
33631030
1140885
2864745
16024431
7911854
17941530
38190701
32504778
10695374
37970185
33576139
25989180
26779264
42619122
1338321
16203535
8159505
13751452
19804482
20274361
34906886
20426811
41277840
39770937
32209192
18777782
40652059
30526674
2115068
19041283
13630391
10562209
9709499
2460342
6642823
40657560
19148692
40926132
14530955
5023440
19671526
29716022
1288271
17436534
26476048
30369238
37101726
34433567
43331705
5476708
27660667
34940041
12316873
16892177
18264228
717283
3158100
12619611
37274199
41026268
17415171
11058308
-214573
40083938
9557675
14717401
21587099
1202489
15925552
2302657
20570115
4889179
36158400
6330891
13875741
33582358
10126917
39242159
41547554
14687058
37641975
31433252
24713905
43491318
15196580
4726077
35352509
9228363
3238895
37330549
37558962
3342224
18692199
10358222
33737968
30147110
-590061
11204393
3337744
40853892
4751695
15866696
7041816
16118457
42767924
-213646
13613944
3131125
13509475
2579141
32447714
34135220
26942596
15300986
27168426
25673917
14009950
2912578
19118103
35875716
16993578
709428
4994529
39775342
36019765
36314796
6229649
10769113
33406151
17911032
41086375
31698444
18176261
42041816
14711524
17250031
480269
7904084
31830080
36122424
22718518
42032829
36906678
6352204
18080116
40714165
-790483
23477898
24589474
27034391
36587196
8843135
16087394
21841547
31594375
7323092
34558998
12867918
4666806
16072510
23394333
36042732
13334956
17788194
8909288
978826
27366346
28501258
32475915
34311912
31718462
24511504
-414463
31764074
42843315
11546280
37992309
18563420
15671487
38861470
36574352
25537918
24819037
7753722
32256262
18915001
5607362
21212381
12877849
37661207
5248755
35668252
-129745
19861276
194507
431709
18587418
344547
41671468
4196604
581155
27607000
696125
16607357
42401832
8785093
22494755
6237340
16780481
10267418
28961452
9229684
16307788
26048442
25726213
28785319
26496476
33791130
1664226
14363569
30931623
31909878
16676379
38897905
-18467
5108822
26028910
37376474
29163979
4846282
13494232
1027673
26942791
88305
30292054
33240472
21203529
13157284
21501940
4924340
34105327
-994545
11779989
30850994
10812824
27102413
4985760
40200345
32468955
356667
38630488
21523474
25350448
13087042
40930346
34222825
42634094
8125057
29371014
31990411
42921029
40368291
39490339
24859307
40580341
9167693
21987377
37614056
-992813
37398505
33805154
10550631
23459252
41558853
23480114
30716255
4398053
5778797
16977236
18191503
19591333
-86567
16683553
28502575
-592339
40803981
14212781
427985
37252106
22872364
25367970
10374029
21258625
14383054
22950519
32806131
7748012
30508189
25433687
29045080
17683269
27245608
40951012
1433967
8244249
34764078
41989489
12504944
29399573
2822707
20104406
3581449
38237884
15521224
34009971
22695055
18998514
43109378
8112811
17783261
16160634
37884889
19886950
21833813
2178776
-232530
38024784
-256041
3298585
35378144
8187928
4097312
16470449
6397105
34872203
39049446
-763589
11353129
17650757
30280618
15489918
2426096
42073809
34119256
12844819
4934656
790495
30406005
39009669
13002773
26957061
7635357
33987984
378564
12439462
26659396
36895043
23077642
3888596
36292753
13762320
18680787
11128775
26365423
24797497
4582274
25630842
34762433
12175072
8809324
-477808
17572962
25772841
42065465
29433456
17954328
14433868
10694962
10188838
20666556
23962747
10082623
30479848
33671553
26679063
6007127
26131214
17487720
35960877
-542732
32438660
19822125
22169247
25391071
10160473
23813970
19755864
3393014
43096746
18227740
21531979
28314510
16662364
35986101
14786734
11988142
29200974
11984798
28265343
33901926
21505890
-635690
1896689
20851074
8702083
35202771
1665429
18129797
25185361
10275172
21229755
27941212
11850713
41697096
38650054
28898478
40442378
5370781
1619609
34263546
726331
8951161
34574986
18161433
15023161
16669716
24992278
36854168
41836731
19834863
-543788
36549545
16703576
13033032
17792879
35566436
17883728
10606921
22203659
37336643
-368347
8140158
155551
12436864
8613517
7771961
42501788
3823971
32265764
1903601
39709357
42787
12213941
9766537
31262831
40687952
40376965
40395120
1840789
12421860
5662382
39938445
20183800
8070224
13039176
29544217
1227803
-26954
43215632
24281604
35497673
13588783
22265060
12556974
3975366
36791515
2928285
38882212
33900636
23865141
22918269
43124192
25419930
19041818
7126927
33700588
39923486
22458309
12060883
29443582
2145398
726440
2308553
8085736
3590080
38893561
36669478
8996664
18165084
20884145
28551115
7891788
16114523
15017751
11343255
31863515
38024930
29098560
33039663
41737061
5458314
25680425
6494781
5705691
12478585
10921758
35997394
25766789
-569420
37691237
-496884
1299553
5316695
34345148
10086331
38320573
9234831
35811168
3919373
27427763
10209034
18883627
16760620
37022759
28077089
327435
15019288
10689612
35432020
34148070
18578727
6361221
3277896
37548240
31670073
12571278
18856734
33910093
2896331
26917152
665020
728822
17618548
-677042
31086838
22972907
18687546
23481115
27083374
26946372
7322072
267830
38383158
12013806
10343624
30484007
31679822
299616
11551204
43507158
14550840
40927218
33206252
8051253
28211676
28025635
10518497
37870681
780989
7086080
29476601
12973069
25595682
11202707
8438693
20586588
13682639
12132527
18738829
12288845
26572369
35287106
15046516
7005839
19859666
33195578
30151975
30590400
26962532
42090507
8558512
17849607
29701949
255795
8658316
17380319
26565355
33990765
37170791
13939298
4911314
4936922
13471482
8087192
28415760
27116999
5482866
3213103
9589261
43024609
7072996
8584127
12042136
40725198
10555214
40955391
22183592
31439289
6454329
43099155
36901496
19985811
8352772
37105220
17146214
16525428
19324667
35634277
29914521
21760070
392223
33533290
29739697
26876479
27546534
8431230
-493597
24324938
16610277
29683368
18342865
22572556
24976013
6379634
39512193
18198155
8333902
42380048
6158871
28153008
43478964
27836159
23539099
19788768
25710646
35134022
13276631
30062762
14074682
11431482
5363422
4075860
20376601
16343683
6951399
17908199
13127505
8558004
28152487
36004327
6401566
1920290
43083890
34726650
41733355
41764434
5121979
8320833
34443200
24458981
32249052
3392013
10556567
36441224
37989476
16594669
16346651
33091092
2126153
19754422
28521105
29601738
10004545
10397705
407160
1737263
32774752
31033932
43379467
36934777
11335623
34337284
20712495
4204302
6273902
8538627
9344232
36154996
19848276
30131114
23864791
10373492
24346863
28260423
35141415
31531230
35781083
16758148
21665343
33399874
37111607
10522559
8877180
23412206
36838882
29531769
36353077
32658260
31102718
2804401
6498425
21024661
39904723
1813531
1024478
12331382
24455670
23528531
21269371
25640682
25542799
12080606
3789733
7896887
23529487
5764194
35147335
36336236
24962470
26965144
-123743
26147533
22754730
24173492
27571881
35981915
31849570
1878281
6995615
10757439
19434004
28469878
39618760
22812230
8295628
27623713
12468182
6864785
40729713
10294305
7732414
21836488
8120451
8590934
43202823
7904378
29659213
6124759
-542118
12081727
12897734
35886236
20324972
40602593
40493763
16333747
-721290
35108653
37590688
24480219
34461142
28454885
3310748
9825190
16274892
11856532
3483053
40535603
38828040
39710716
10210253
27244097
40345314
3092194
38685955
40805645
18128821
35333886
12015402
14107605
43466938
31119632
11404315
39343612
30063367
24710199
5105584
41794354
39381636
21392838
40802367
14975927
10803490
37058891
8342664
29550475
25543286
5732
12265777
3575510
16939492
14721804
2787873
7462095
-35328
32165929
34382732
35341673
23513165
9543816
16506626
-387954
17321891
15799864
23690544
16827252
15446632
35617130
553287
43384580
37501508
2918396
31451944
35362261
41680047
2801842
35932995
19228247
31121679
28186885
41885046
19401126
12791970
21805546
38888428
28434892
42811992
34432269
20993089
914518
18591506
22107942
35191880
26204143
29630972
15160003
20889313
30624514
24579473
25104639
19612061
41635862
11615567
2061423
19502658
10925769
18202109
-375365
15191347
30920079
24112423
38901036
21443434
13015866
21237924
24878296
21602776
7058330
14767632
8055482
4598828
22684415
19945413
2391407
36751937
22842956
28697761
2432786
20039020
24998988
15619453
16034958
18507710
29839184
27032517
8999224
39062288
9092815
23892809
34024516
40289417
10277124
36743823
17429926
6362320
258811
6059492
42561058
4725432
339600
19082313
15863375
34205981
42534974
31473781
3893719
15963942
9508365
36814039
23027011
40846354
39003205
2149917
18318290
25974488
17971972
16374392
31385125
35981498
32671357
30245522
19191958
37699731
27855
10496126
40833888
7732518
25166304
35831435
34160042
36354376
33741593
14872897
8437108
32835101
26295232
39583143
31341972
12035067
10522449
19828955
18380619
11853576
20295514
39740179
1314275
12164063
-254806
41777325
21804309
24337756
15777854
16218659
9888455
35986685
12214092
36896899
26437860
33846076
10505512
11708677
41537903
27483910
23152035
36655230
31210928
28794826
27879193
18278201
1968773
37927820
21837057
42488759
42356270
25868398
15322960
35882551
27336717
21507749
40852136
23905697
15891023
13717208
35263674
42926413
26125366
16607366
10540622
6604121
6228993
26681281
32879156
32977112
5488166
6457144
1673370
4163208
22357219
25950861
7661533
27830605
42339806
2093339
19690543
13022871
43136930
5379487
39167636
40812963
9140955
4392319
22947204
-367514
38520123
22576870
40981249
42347037
14968792
7284805
32381124
19074627
5703150
23010061
9500463
1018968
35953659
21652799
14764913
42659345
8006104
21366733
10240155
10302417
-704412
39229504
14830809
6301927
20839901
36980725
-794443
37016919
34899219
43510786
38774907
40837599
41000026
7380458
38923373
8450627
819622
22551916
38641980
14259164
42051285
30852233
14653167
38381983
26789858
574267
8205338
25461275
10007401
38758137
36530286
28616348
67498
38043306
4166348
41218714
39298634
39139152
11976502
28182568
8279264
28282145
29658802
24170357
11740143
563253
373784
2673517
32543332
38252634
28291642
26210993
7526015
24652203
32733466
6556376
37355596
26040600
-477964
33452725
18018225
31046290
184979
19042051
626416
7119596
5769036
5549147
27803197
15493313
9482799
2557929
9681896
36685238
15343601
19820446
11918328
11740755
31589475
35751896
14206467
9429512
20679798
40026575
8379996
36895476
30805751
31140338
36192435
35827062
30789974
24501419
38432629
10553663
3769661
6553764
35500985
3680989
33258945
7519631
9969702
22680774
16951943
43029987
15780057
24749958
42574792
6200423
37090007
555738
42055634
14191764
23508774
4262861
10165329
2725942
33962600
30173664
34583860
19192319
6173218
17683418
1476435
38091999
38117593
2315947
38306858
29048817
16204870
24116190
16783809
39593147
1413180
8378115
11899866
20785270
14520241
34567347
30909951
36460800
24244702
16879950
26048601
-809245
35532691
16272521
15663589
21671173
16741779
20827447
12490031
6454938
34333837
29558876
4354049
37284108
29012498
7239741
1676266
37575870
20635477
40713086
17082619
42054822
33417929
30014721
13542851
26801102
4709300
32513859
36487987
19166386
-690196
9141602
5010472
18513795
6850952
3802910
32012322
34959991
27859763
41361809
18479260
29143727
33349148
16007729
7611012
6011334
22054984
35639948
28534165
20033290
13502670
28694203
32432534
14851001
21331756
14691017
27814024
29632222
43522591
14292334
13702409
31687608
34063756
39739184
40631889
36702483
25019215
2336612
32471800
6507006
19145532
40961096
28825341
22779044
22586938
-860952
28475504
35727562
5602913
24845614
26972156
4752045
33389015
22138856
4598694
21496033
28178006
5092709
33175136
16631550
31623205
9981453
43021947
25629235
34934964
33431358
23353765
34090828
31848744
11024999
42844461
23660951
3444958
36959987
36996462
40263722
27460457
10740139
28945722
-223079
34591152
33936355
19565157
8184837
35713516
36768190
32857307
26381163
39963773
18502884
21354852
13513924
11214739
15254099
42602439
1459122
19796989
1962910
42658352
40974606
42386169
16756233
39889612
8351426
8762876
26049483
38497322
20815141
21420927
9082096
33533479
3494446
1830667
7764394
16419780
23779662
24317608
37292580
26330597
23888283
38855404
27465483
38833597
22570783
24192856
31684440
1416559
36868164
23412363
33939608
29182324
8176951
12616435
7683923
30750807
34442050
16955348
20697922
7873051
14145726
9440240
3306061
42604183
10787424
37313921
36617969
28295431
3224180
32227767
30541592
32502662
39300888
2194020
-847682
10863025
12631389
36091868
40637322
2820317
10178010
15218874
17629576
18512665
28687208
14985155
13243292
22328337
38054350
36315404
23026701
19842567
10716509
3705618
21090195
29795272
35898387
9065940
43423502
27164239
7687520
41090920
29707811
26003210
5833477
40068958
16931808
20465020
37414961
41772275
7520888
39065212
27162153
39517216
33256585
-212226
6218202
23208579
9896833
17124322
2592978
30908788
17281550
14344390
27307029
22330737
139331
31183916
4270723
15619517
33041171
36999869
38368042
4645943
-783544
42482510
41011697
22594210
25239742
32518040
33697074
11928633
42395799
17171404
368653
35313017
25387318
9461132
27969603
21504783
3605981
29353398
30707256
19472132
25831987
35426518
4288241
38389634
-209698
34867270
26597157
2504483
34636293
39588251
36987771
19457838
10294638
10037474
25644012
18753306
19173922
35981248
8194247
41053254
-150084
24768236
10877080
26561274
37032265
5885326
1674252
43155100
34222336
13488990
34728049
8211270
12185576
29105011
29563325
4149101
40952074
35480954
22723620
4612756
-68610
17354395
6110870
21811622
18333284
32140127
42466429
21357947
41966135
36241866
23193825
14493931
-933438
8983110
21628133
30310167
21383622
28265251
13599211
17010688
24829454
11813250
27309576
23180778
13715411
32262806
20430770
2254796
11562451
12934288
7680036
31179164
-932895
33061164
526233
42611506
13299472
37480531
41045323
19870471
5314935
19775647
41008315
28214365
25964796
36306225
25697643
17413389
3229024
17119156
26850088
4118743
36256851
37468384
22066317
24291711
37480252
38462067
41689090
3687248
3752302
21465643
5066184
4831294
22486068
34377548
8446796
34599844
23276812
12896718
28005987
35963759
696892
8973512
15239079
19301148
9444853
5265824
36783119
22620789
9666078
15502436
41596102
35703213
23523129
30155810
843632
21483472
30400735
33087368
23335939
29851973
17409351
23901881
29742839
9690025
30454872
7497919
5108514
42148743
9031074
8633926
36981399
30035161
23284076
43033290
1143471
29134270
30913999
3905025
20968087
10092021
23891620
24800156
33910465
37126455
3210268
27902592
36062479
31392887
22492411
37722486
41735746
17566188
12022180
41481785
31963655
4167316
6646831
28235284
-634989
151612
27897968
28568818
16261432
29737229
36236796
23356654
741892
19079183
32488521
15962089
27206180
36360793
31289843
13055952
41062235
6458436
8938679
30337011
42622074
14137192
20824882
31299027
15857177
3599886
11325785
35464286
38544771
14321901
29420619
6274322
3498940
12072542
21140916
21967383
41367500
795885
8469588
39580986
7370797
-415141
12068601
27690627
40773171
39376555
6346836
36641681
28357121
11084535
36494116
15458494
23465433
22846970
43376744
3817850
27899643
9626258
2825688
40306200
23582722
33605134
32890374
12753383
18960673
34300427
16220336
18574235
20234406
40291142
11004281
10102420
25122627
36931714
21855949
30108145
27863744
38518198
10844673
39414099
41212017
38998733
4567298
24694731
23524607
23784581
43271985
13658720
36170228
20843208
12756693
30847103
40910375
12951539
42615485
26410030
35012604
9124594
8755054
37237306
32501380
29719860
20211841
30002294
32499956
32121101
6300795
16394799
28417682
22564473
26043891
24722314
20329676
18296368
9311021
40215352
32836762
31613060
24513875
-283901
36829662
-693420
-280487
21219023
25583343
11389414
15486915
16827730
11181342
36701188
25834895
39357926
7888797
29426537
19939090
38210666
29879790
34721749
202775
15908139
-947303
39250612
2398541
22439892
36974238
32440451
34469459
43210007
27091489
32319568
15908869
4457488
29869550
8404705
16478830
24062116
35479725
6578654
30487232
26879213
40196858
34966067
12676713
42115222
38341003
6560480
42872569
39699425
40711847
-439711
11744164
37968276
35280599
293382
13639951
32523809
-914279
40492596
12473522
10936720
8658507
29265761
38498323
13530299
14428564
38571255
3374036
41468738
-527663
21259745
33029379
17313463
27253830
-443353
37022445
42181459
27613640
38769778
26596375
11945357
6167068
261255
24093588
25003932
4505821
27366829
32953010
33791031
10408935
2360791
25804794
35793851
634632
5616686
-214668
36930286
5715989
12011538
25919064
28493530
6065576
9929989
30725446
4602460
25569600
3699669
12157916
42708649
26635160
9816421
31346584
23692084
4486122
42052478
30696614
6171756
36909197
5151427
27037451
17317485
42251939
36255620
21527111
11475329
22840861
23996385
25100255
14317687
28150189
36640842
443067
21031228
19237170
1414457
18972224
32942903
38760643
28040964
23745237
17513755
33821156
23188683
21982574
11743909
6067666
29843616
41126749
38859197
41636217
13778898
15608256
43003571
32455551
9829751
33190938
29257942
24419459
30624963
1372517
4739180
1494367
9516689
27359751
8336560
25032899
6437925
36112271
20937572
6145068
10114650
38688343
969633
12729016
30398944
16227936
36725051
25326224
5103782
1234083
34334980
673487
16785068
4877410
29938633
16071172
4885599
42259002
16677838
29190003
35165625
1253365
22278589
12528166
28778215
486677
17608882
38663483
31535287
11767350
26850499
22961185
14784472
7953116
31088515
13386375
19593121
36692410
14531211
28759794
19684026
29137030
14709578
20498987
8754834
15708106
4498203
15324138
23017134
40437655
22794965
40201057
10763746
34273500
39140582
1250643
25535382
14319897
17985721
20305107
29770396
33411419
24582682
42787632
39746212
35775164
196900
25526920
13072089
8963364
15357
4049035
38782470
13765951
7299915
9213506
33677143
42393414
35206784
1214301
3198299
25533052
11170901
225849
16263150
40396520
6414124
35402256
5667281
35240335
29001501
6230415
8527982
1835578
23732469
26116211
40403545
24690379
860561
18954452
9028918
19096599
10269165
21595751
10162992
15162789
24837303
15674308
33704035
27492702
8608578
9843243
36025805
37515174
27594517
25808424
31498856
26655249
27622393
18106368
7039994
40248284
18827086
17282438
40580260
33585121
40342347
14729043
7929105
1756489
31547645
24520560
22880284
26115874
4345005
27093126
26034124
41167082
26981851
10382255
13026899
37886961
7876408
13361036
23851968
-408354
37552574
43114707
39440642
14289107
14370951
559389
21050253
14179060
34978721
28554405
-579142
32313932
14042576
8858678
7285667
19416233
15907923
7666683
21949285
34293203
17403045
35051833
10767354
8203602
30262206
34063832
4727024
-881175
9942221
40092161
11078462
25374187
595512
9562519
6780028
3135414
41603053
13528711
34288563
2293255
29571680
42644594
9653933
40921690
19261851
22945551
10400940
4704724
32345080
27800701
13074132
38664332
42457562
26212935
1138323
18364881
7860785
12185982
33968507
10989831
25248487
922380
18781003
2776722
7594295
13098581
2225136
38885924
13528836
19611810
1971580
30663973
21956649
16228485
30859589
1784921
10601049
10859472
20644245
4694079
8988848
14475358
26423909
588973
24934179
20224456
-225363
30377972
33969244
42398234
23504627
22489191
40711709
5435718
36804199
18685415
4235853
33727318
25721229
17052660
36145491
9410214
27137639
33472262
17797741
31166990
37965066
42099652
15273780
30799609
28933307
14533120
37613753
4484308
30045420
33678434
20392185
19447775
28679789
4975788
21756201
28597441
13155428
21021051
43232894
-953489
33892248
10780292
27359524
-867429
24771709
7020826
27354089
29519721
14739050
7874823
6147067
40058598
42045125
4163794
38547936
24554829
43214982
12271376
17308118
38286274
12335827
24546028
23362393
12895034
32421472
5359846
28838675
18876304
24449085
101067
6138332
33373225
15422547
28871980
22158963
34639065
37435239
5433417
6765733
11343744
27007885
37375161
19351230
37163252
1152634
30127731
41018944
34272077
3176207
20397819
2993887
9375199
36980104
27006448
36862951
11354817
5665579
33965514
251259
9956032
36451277
3314684
13516076
37454969
8749483
36977362
35699920
30936928
29306176
34154102
24352565
16847999
17275957
13064726
39474315
11203234
36364400
10909541
2132237
22292506
6904414
41753097
29794212
24855328
17962205
1062489
18628878
25925964
34331301
5893981
30952212
25574057
25569568
4430841
29465106
10710834
34563856
18415653
11608480
8488848
21466756
10357728
6038810
21306274
30940161
39838928
8486043
22343915
6569901
17022784
9489632
19433650
24514820
37908650
13217031
42553615
34631477
3446461
10597591
35054408
220645
30452712
29167348
8458776
38256575
21916382
12058876
41508782
9079324
24594473
21956556
18902558
12272690
34825344
31518335
17061635
42960082
7087236
37502924
26531007
37179374
32975040
27621730
32497407
42683064
25656552
23675033
25726967
36183387
32463835
6204917
38883352
10267362
31263106
8085844
22258970
27428713
19852450
4742056
14051292
13767737
29574881
32864979
28043624
33046875
38164289
397712
41739818
1436790
34296273
14056021
40961254
4878973
10919929
1614708
15100921
27047977
42740394
37945403
16647615
22866525
16794673
14229904
42452115
39004377
17815700
23920658
43506683
9986679
25101245
36888507
22333788
16308305
23479011
20698651
117545
35989512
39602461
746133
42773261
12407214
41795866
7162839
40910189
26244891
1964341
3721672
14121011
40053231
28126204
26787932
1698459
25971993
13592432
23011255
19242803
34656185
15528711
10914223
35260624
8337261
31114992
20970259
10775497
24909328
39158562
36781336
37158446
36421191
1711617
26360653
5077551
11147209
3539551
40414791
6116808
27220372
11437851
31472751
38290349
1833500
38485961
41909431
9307813
35379177
23442444
14251141
30508580
13452877
10059661
16858604
908276
13408367
19870886
11860735
16705661
24772742
21449971
6818403
23928394
19383035
9845855
9055537
17380836
34322432
16222942
30018743
7208876
18191833
11259751
15129877
26140041
37472357
32359078
16565725
40836837
42874202
8000455
20553543
24906393
32369334
3993837
34775162
39653090
15169193
40564885
32151029
1877919
19029217
40350778
28384373
18698278
13828304
9000414
2123587
5203592
15825602
27084568
40682163
41477593
18297384
22157084
34314795
8958787
31964094
23885888
32828038
9023386
15922664
19270391
20375915
16430330
7214696
38370067
17102993
20931340
36167473
6367021
36978070
11622597
20739692
40057622
26580591
42490144
26889250
11102473
5887444
835189
29321184
21751053
14929809
30837929
4849236
19379725
35680899
