11609977
5173776
16556806
23814788
23130793
41551363
29578915
32331665
3864357
24057361
17246237
24070871
19007125
3877735
32246772
41582611
6988197
21819855
32866726
2007708
39144774
42277156
43000059
38570909
43525280
37461656
35084852
30656263
162528
41574504
22137019
30353490
36048135
4890806
16556648
36982620
9307926
20993951
315333
28100620
31260667
34108857
26652562
25903217
42572482
35375678
36870894
15181110
17490969
4503942
38630851
13474783
10125680
14263130
29795306
25687916
36701615
28340135
7326924
26402598
37148514
13080068
21599278
9538349
23665149
42238019
31476818
20837011
16423397
31571077
22387119
12761950
24325654
14596182
31928492
10024607
25800588
17377126
20496456
8728520
11664376
30720492
7885628
9277948
13859130
17258959
3081163
28454632
13470270
18972906
41870814
37761048
12033233
35388439
8560619
13101108
6589284
34221127
32617040
34440216
7968211
18362278
20029396
4570980
9446501
23754843
37326784
39730774
33327146
8508035
-994346
22950969
8870391
18271862
41366660
22726650
5466986
40968184
22536095
23440589
18495353
10274839
36267704
2987589
38282279
5833141
33743372
37715879
40724099
31567326
34080130
29127666
9904290
18052149
4824698
11485872
39665815
37391595
11133135
20878990
33179496
13710439
38609939
11991723
11981103
19866270
26149629
13013753
33621980
29624546
13336857
32382635
10063215
3219971
9964338
40132546
31747548
27848648
30883211
38820714
7147552
3193572
41404844
21411078
5281653
29887440
-425821
8457033
29855006
46722
4237507
27851454
10081979
30901414
20059877
1505944
3887497
43445964
23584234
23095212
14458509
40139522
11320739
26748832
25538640
4186899
3435533
1852621
16713544
34546001
-541609
22709881
30566757
4982244
18163577
39096149
11890984
30812021
28522466
33375181
6065960
13458111
37029444
-834301
30186328
40599629
14037474
27057788
15408072
39895424
12884693
32304335
15106575
41246790
4090276
35647151
6609839
36318961
31322947
39531758
18393948
36866457
5442597
24327665
845864
10043494
7766708
38888494
17364513
28512163
38385291
41713284
25978768
14074639
27681827
31534989
30725809
39425378
21942930
17003927
39251341
21052960
6643447
13212256
11082670
5222521
19344754
5807409
9592318
42023972
32246879
41306455
12415253
33445319
34947658
23910665
13525833
11619227
2918015
13931685
43400339
33666868
21773125
32818518
11617820
12942803
4622005
43206121
10714791
43419015
23759763
33449046
37794922
14091514
39282193
10567554
5412374
22138355
41506550
31118280
34771893
40872803
479221
9013014
23454461
19560387
12960741
2491063
23749089
3851198
16091552
810447
36954387
18827593
42483482
14514557
28236034
37446054
-699414
11460534
28552642
11177809
27449183
-512789
36840112
36638944
41515195
4541235
20297791
29077792
17120951
14078352
10958500
38374619
24469854
15284118
35913667
40238490
31802286
5486012
21160280
12688184
1228964
27253343
25468435
1922916
33129454
4302279
34978557
25932709
26685270
23630750
38014241
20116905
31728928
28607317
18409861
29604399
36316572
42527628
14669989
2020993
42394238
17907284
5278055
8047522
8789574
24881745
30767782
4565376
15406139
12921174
12604970
19747670
19357483
22386788
14447415
17803661
1021311
6908318
17418891
30238700
17825383
10629701
24454274
25625547
3374056
10382412
31326310
18160431
12499646
35581620
31758060
16130938
13506524
36984959
28855899
16370333
1842957
2016016
2182858
35801489
23072542
5646903
41493496
19312942
16256677
28606766
571149
32387800
24238125
25028191
26857155
29572545
32304048
10181909
42561223
40241156
15611156
14396087
17836732
8464715
36996450
30954456
5515058
41331965
42674292
15502017
41978336
33475599
11279164
20014220
38251803
25924931
2705413
3750341
41224852
26012653
7140750
38042689
13874211
23945864
4002427
34620125
431031
9186588
41932959
38495524
36833799
16923332
16571775
16676876
33755790
4077292
26697278
24971311
27576828
36438700
40303635
33374308
24168809
6069653
5471227
8327335
32627681
8126616
4024991
-795491
12369726
20789384
39233614
34163064
19119404
14005996
1992684
21661514
586944
27210650
30366406
36889802
780311
12884437
32402219
14376703
8298958
30880265
36496797
39311354
11094706
28150321
43245699
-251757
25398546
35341866
20348014
11141042
551295
22525544
21141667
40512982
30023429
15731647
6013444
1961429
4886870
24568729
31291966
20297325
16863611
28232734
34312648
29248990
30028204
7674130
39581658
22932971
17557055
9309566
20769913
25567026
478416
33979346
38373904
20153403
24764634
-944440
43473498
35582298
40437865
42510765
8001157
35275732
6327936
6222213
33653553
35761734
9299695
10500865
9441807
22898459
3128410
24809128
36610017
10724545
35465823
25698034
6873242
32637466
9331198
26636983
2388259
37245780
42084422
1185238
31621119
16775332
15996401
4999925
18875552
28589927
25852689
18543756
29132623
7595441
28897976
3928501
12189485
42735560
11252779
26575638
3925064
28589167
14222721
14307133
5083352
21291424
20650149
36932202
15875093
40254626
39185096
17626775
9251773
27615340
4440453
30577599
12812599
14322965
24631282
6502024
5581126
27677931
16262386
6577146
23347
452119
21204634
22069366
19477084
8720368
39467644
21266177
33929742
7138122
505458
10880415
3171717
17387986
18173047
17580866
27999502
14378989
35015542
5812548
-249034
11774573
2782242
2503785
13128638
3785052
23420868
16001327
13758866
27203287
7565855
28099170
23231291
10329893
19008748
27895557
911066
13586655
14993933
21976329
2801628
5432481
10842986
27610501
14383703
8426468
3194472
1854345
13337691
19087140
31226307
32874914
42995179
39204733
14674310
26329735
21393007
33837030
4263652
16921183
4931761
2532971
15813663
9730081
8240669
13854094
31691012
14458910
20012959
20291305
10955718
13867425
40703708
25233569
1281818
33276135
12091085
29828358
25227352
25762483
17466813
-293418
26070576
9696737
22625974
23752871
21044202
39287878
24345570
26358729
23757942
31283523
31024070
40639139
34588125
25936853
37157012
29413392
38137331
2994061
7296504
33941206
39888372
29993434
3359399
13673621
19482890
27401849
37989218
1413808
8754435
37347475
19034325
40963836
1361467
23298007
18832601
3483421
15756647
41975333
32384802
16223806
41342195
20364522
41349117
23475391
13625960
23509530
8629494
41316551
21444736
42154743
16924282
15430803
34306082
1835821
38238775
32523496
31326448
4947915
12798443
24536395
11623002
36868193
36595017
26129996
12029898
3229665
39221461
16687731
42528539
24121092
3237590
11919524
16886175
25398555
13674110
41499366
5806438
17025728
37204091
17843699
28179982
21856622
32271172
31849671
30894533
35840552
5926595
24135915
3605261
12749979
1352258
26676409
15207018
38472140
22910899
39949080
854173
16187097
15220609
1836805
28478182
8754730
4597378
24972239
16029243
28144969
10295027
10210813
19723841
15557750
10193140
42744691
31163771
16831718
30329111
13678276
23403731
5411972
15855204
3500797
10241924
32786851
30633018
25518548
11046868
38184576
24783610
15938830
2517461
8712936
5280955
34998767
4405778
795596
14834567
34108746
12448370
14158372
933020
3333240
26144263
33632285
1675291
5378487
33224362
517198
28529819
7412910
17562955
36911081
33112041
13096394
42047390
8462884
2368644
19634738
8125022
38731560
7587930
24931472
25005963
4708205
21075621
29538337
10036860
15024300
26593430
406303
41722663
8481972
5272760
9744791
27542168
20272780
12399847
36088339
21580269
26657770
23746090
31160776
26852102
42573283
20051432
13536477
39646217
7128911
2702366
16757763
33836600
15989130
18374241
4369580
31517934
38347995
11796885
42912560
15329780
11528557
5752233
33481327
22238248
5293178
6856496
18349077
2483003
6343452
11117637
29539768
33560317
26211884
42433681
15598358
2321969
34915978
7355849
18425740
6941450
27234060
25717993
21388093
36899896
29542024
40357378
42520707
7149055
23549232
13614415
24416251
7764250
22195921
17900383
19214467
35964861
20175658
29130987
38068715
17369171
15799042
24998973
37329120
43491054
10914357
12913158
17339237
38170854
36141512
28615086
19179196
41722594
39566977
-742241
22706845
5115140
-154941
42592063
23614891
42696044
24911604
39280149
10924191
38623916
40693004
9120136
36534861
24739256
33056773
12461998
16263048
30699518
21743887
10443754
25388570
35874693
205876
12029420
18649239
33639905
36232839
31470527
19016726
1198912
33887064
18070188
24164897
7012746
20652713
15109195
25559718
26894367
4875917
33295786
615022
5361997
14029762
40573658
39134165
34961066
331365
15005130
703894
20197417
2882858
29824870
9452364
37562531
11618889
787253
17767880
910022
14524619
9699017
13136876
30570576
20296593
32706680
31693761
12038567
35331789
42975157
6958340
43264017
9949115
8158975
34961864
27832749
15821753
34695641
18098688
13619418
2072111
16222692
14564029
18794643
25526528
12338130
12360036
17816158
26251151
20196284
21962968
1621816
30004539
1786602
8381826
15225633
41116348
14048877
17855822
7476770
32052524
31514705
-180489
2327841
34266161
24691785
41717461
31187071
41133077
6120150
13901255
6155720
24802912
33078638
25967024
9949386
42647750
42783190
32015556
20079906
5816818
3171744
29865187
35852580
35487202
8564488
41331306
23289712
24783016
28382501
18943738
27307299
22082175
34526661
13799701
24874663
16950472
2382221
1139208
16283456
10584218
36762393
36213111
26550887
26008272
23697566
39302089
37429632
7216809
17948935
2601073
881675
35559366
43226602
42122093
6366859
19033976
16657932
42215903
38978390
13732843
23131306
31159592
25223543
14586042
30884256
39363810
21399109
2640183
34315895
19405138
15332621
31264908
35122620
23175063
36235037
7646150
34238708
4916023
267753
11417728
16063434
12115762
26971902
23949638
38354093
38985687
42226428
18724292
26821509
39656057
8974373
2585824
8649710
43160897
20786984
9179116
7303410
34761243
25605968
18331177
40205551
33849661
37582562
26329816
35008296
7045716
42431284
31223649
4131670
14852391
42209563
12920315
3453809
43356686
19473697
41759792
12501521
42062057
1869569
38721245
33319590
33193766
17786634
6153195
24020005
40670292
10545653
35575408
26148427
8166289
36881630
5661483
12862214
16643094
33322624
18435465
31662881
28295486
13904984
15656433
35010274
6192575
12160658
14976948
15879151
5572555
3261449
22513408
12673978
17890260
37799816
29250983
43042159
-46143
23753008
33835133
27571795
6477291
38541240
29103178
7128003
14377940
36626642
20090799
23496442
42309058
22313148
24488507
35267879
23337414
17948400
18220148
29372881
12828687
5058761
40141016
14891594
37459054
31677272
3960960
12070421
11307046
19600430
33903566
4761725
15323841
10089989
22048855
10391868
277483
30358022
15031831
41267221
18070051
28690096
14866625
27001789
40593198
14106981
11878671
38372264
26924895
6005064
18406015
20064507
39789262
449741
38026613
13032473
2719708
41706979
1209531
32226654
29338411
20228952
7651266
28782526
36759118
-366128
32774685
16314363
24286210
14033486
11215226
23337039
29922733
14796784
41211621
14317922
38833562
11641595
39418164
4414520
11327053
22979072
2273752
37149776
15605669
16392772
14589498
40922542
6059126
18905961
39350229
15505375
6414660
13818539
41785846
36522887
25968230
7275206
32440017
10723533
18626768
43197401
14643167
-899932
21071177
27258235
26407145
7262185
6252027
2644240
24787785
42734739
29037371
22155738
31713079
9161077
34178307
36363526
30452022
28638622
616599
8848896
200190
-114784
37566929
21115777
27747198
7724714
19818152
37831587
29434207
28777660
35574993
28899485
23282879
25014939
1542610
20307268
15231208
30552842
3284201
-43791
30482175
17770628
42808849
16985910
33941665
4277779
43410516
30414359
18050296
32551335
15595976
40726869
31820560
1846469
36796460
19463880
24236559
29928949
1674841
10123171
22457337
42873058
36453452
3342579
13934717
10702881
13082162
23496282
23985145
28142830
22099308
39643184
1075778
30447406
14707534
14813597
7336888
17660254
12847629
20885776
29093100
21435444
6798318
26793182
22530509
1038109
-750769
3621019
19750015
15408294
30656651
2612589
9962415
27414028
5564479
2776968
39511996
31521853
11929147
5390198
28943260
23400135
7197221
34801730
36662138
11487586
23824991
37391125
37047504
22397784
16728871
36585841
6608413
13056534
7932264
36879791
13023780
22946281
18373298
31644337
36230610
6622862
32236687
2997094
20551889
36140555
39285606
21116071
35487438
37519036
24314753
26237283
16621026
6545268
24140960
33653722
16206268
26524994
20921430
1928494
4804120
12664679
41843551
5950084
17146333
12048035
15037677
26031702
21955897
32442573
17907897
8693324
4450307
37970365
8712888
41447483
19237802
22381488
42653431
19295036
9004488
32330455
24572693
3318047
41018900
18668682
8836828
5615443
26542704
2701261
37557785
21749490
7601795
25483261
7100758
40030889
28967471
6254036
11208643
19533469
33554012
15143355
36622976
30657037
9798629
41393887
4271165
1927503
1108327
24180777
3393937
5440451
12474041
30014834
10426809
7366824
7545374
19638307
245941
40301640
15833383
24816469
31555671
15708621
11759546
7451168
26749499
32349642
564456
39937677
10212639
26145104
31669931
28679408
8130165
30635929
33124812
12504722
25391677
34176473
632329
23454751
1581871
39851589
31195797
12607860
34607604
36038764
-283939
21527223
16886359
10291775
42563117
41979628
12587915
5281150
30392554
8275159
35558166
19492949
18606471
29638199
32216532
5163123
58391
13327213
15404686
37948171
8633194
13321890
10238288
27819433
40013056
4551772
40029696
32033744
29212348
14595629
34035021
19715477
23367681
14917929
19196371
7747078
34385573
-136891
35803777
27869701
21732182
8271800
-597924
24912898
11042787
5363040
2236186
2862758
14471374
42604738
20367682
12939236
37745524
15953705
36695053
19210318
27520081
1477298
10130138
39359820
24412350
21233125
42567008
28982020
7823165
17776989
18217028
19277092
40823533
28136770
5378407
10195950
20046377
39928324
22488652
13023974
30728967
12821125
10309462
39425735
24659827
37819121
8069210
23603103
21135121
-452385
41999155
9336703
23959480
32448964
-298280
31505693
2695893
35653064
12249334
7119353
11197799
7453569
34754464
25840932
1966654
32786148
21699401
7049231
22517762
15123084
8801305
32955819
24850723
12230335
17369086
12495355
35822012
19381068
28360499
41312113
11479273
18775896
40596901
11341637
15258971
43043130
40057289
11216697
12735228
30410518
20295132
29804108
35583483
15057408
40639973
12465419
40361650
13634785
16987541
18044910
8126239
35988120
2883410
1184019
20040263
1078536
20274387
19431286
3678881
8100030
4472011
24655213
17909410
34317014
32801938
13266358
37071081
2156114
23234697
25590853
40102284
33616638
13244815
5692439
7806984
39399854
9811359
8304425
25789528
38077375
13739324
7041454
10190790
42443228
35997976
10487166
6667081
12500190
25101435
5227872
10012518
24429159
18687525
19194850
20268561
13781887
18551941
32974293
24884581
21113028
7648794
37235613
37410700
4010256
12808717
9611512
40805374
23477127
30089904
23592250
40654222
34765340
-511633
3614368
62466
32847499
4734981
22950580
17612305
-312253
39911495
10986199
17172805
14830107
16544144
42400526
6322464
14489991
7482162
43360876
878437
39944161
24408876
6221808
14612791
19305995
14230370
18618051
10382521
9268192
34898023
42051365
32403067
28652694
16982298
82237
24920835
649316
13164988
38341060
18396305
29453998
26537574
8132754
34880281
16206637
22896269
43284109
37854427
14461910
19304764
7351319
40851657
36982081
2722951
14943233
37606103
31300689
10859891
20834225
35899912
30450812
37425236
10734884
35420957
41339280
15208536
42301638
4966167
14110931
26690391
34288771
31927469
18783925
33602312
29159747
39513223
12568202
-874818
16515342
17960297
21544188
36113421
38051451
10057846
8875117
22908637
14224205
10735724
7220849
1274185
2510703
16718670
35186200
22287890
36206690
25343365
14785928
29518571
43269972
42345374
38405045
11405220
1872267
4545782
43329839
23502819
18089721
30120861
6690811
35407989
35195483
15400079
13540448
36772674
32526139
31357078
28764817
39121214
13556238
34291942
37566647
23086722
5252451
39190452
3126429
219047
17725801
22299691
29998177
26912519
12922963
28794163
23700729
-438297
27684934
40838859
15205716
23776187
10451975
34187672
19904159
28641045
12199298
36698436
2520564
14517088
40068078
19576762
32960022
707568
20440887
32725705
12937712
28947532
32611382
4874027
31863661
5867284
13317543
10058957
27954338
26603861
29303361
22819823
6340432
17546113
6441340
39635059
2239066
31438923
9151082
26672706
20464696
6146188
10071008
-348587
3564463
29329579
4749883
5771129
33723309
41718659
7919527
37469180
9823101
7404676
31067002
15497937
30439681
19333338
-95955
38788023
30963522
3299946
35095788
9091657
-76468
14849797
35651268
28861752
6818248
20928709
24913935
7909453
767416
41731119
21552097
8864803
42850019
32389934
29981267
2968272
3033494
15798798
43007234
37452705
14914557
3161593
35311039
36963420
22803079
15268237
21144169
10487733
17522630
32610108
11369326
13837062
4003144
43018526
21467884
38641475
40033367
6179326
36977524
34135800
26473318
23651014
2618990
33705313
13071462
13678165
11275083
21953398
6872545
35479024
24087714
7280837
5531266
35297269
43126401
43451377
18922344
11508394
1110457
40746639
27051537
32963626
10061538
36211919
12381517
40498275
4719356
21500065
20176949
33574543
33516075
36317415
40359334
8294399
20266653
36854587
25451767
26515477
32581350
28008959
31485077
9071119
14481031
28048640
34750530
14039229
18759482
38745100
365096
9502976
6193793
1065228
19614636
1283349
14780190
5162444
12371012
36622757
7708909
20508825
31737143
35490950
8688984
2538017
24294725
8454454
30218711
19282429
34345667
26996202
5652746
35558030
4769982
29598194
15363882
20200865
27461060
3445574
29114118
17556034
35877078
39092440
15631298
1819516
-224426
35979468
-444993
9650124
27225833
20211057
24446286
24067788
35168069
34757149
15471853
17246117
37812944
-31979
2197897
362616
32091756
42818070
12147572
23703604
4594331
36189089
1543349
20926028
38090658
34561666
41281983
36355261
1112895
24732889
34199127
15956784
4029830
20021100
6330442
40057933
25214018
9432334
41496456
30074177
8914737
25504066
18514579
594424
34431706
8707482
41206033
20683100
9638999
35987080
23313298
11658367
24236096
5312496
34122968
10744972
24254729
1292177
25202710
2325161
9501418
16484268
7476649
35733691
30173226
11795012
21333777
34906695
23289015
18402606
12984103
2052390
20437857
30524863
39218312
36653658
25982582
16035596
27773801
9324794
-492361
6086917
17209281
24991165
5718869
28861033
8878048
4585345
29065164
14816816
22550591
11327484
21965511
12115589
20663670
41660677
23722914
15593703
43219099
22851608
34852743
4810243
29971864
28636901
1660155
3891086
28296393
22059000
469575
42796044
4031386
13346812
29743069
15784604
18747362
6391788
31956076
26093259
28511260
30765101
31011464
-144107
35414190
6214030
30283127
11800020
35549570
32627858
13636910
30295875
20847623
39580856
38868114
34814475
11998628
41975188
30307527
30316707
31124996
2595065
14410673
9696041
32686872
8512005
18399226
12471370
12600118
16720645
11995558
28749254
29400906
21500494
14345414
34966893
41114322
22593986
3719332
40007670
12535466
23980864
22062412
14342916
33592226
31781518
23036068
18329020
10648860
13204825
17011142
25369094
15444142
8315159
4684542
29798943
16486113
1480288
24762795
-176002
4947220
9767256
7036122
38933866
14004008
41309843
6386730
8991275
33181709
2669041
32029225
14875744
6310825
37118177
19620187
18089991
40255419
43494289
2483380
5513591
7136649
31925158
2964645
22898505
32597970
-447093
9610493
19577317
40292308
10130373
20155386
37530802
34358564
26934336
10879355
26316052
28038889
43128830
24258050
825855
39142181
35746911
23023223
39837086
29516696
34923201
16425792
22111015
20702662
9396292
43149797
20517696
18855474
863145
14275616
2603901
17583974
10198051
37865202
-111824
12345513
21979264
11057431
34210886
32660634
1642060
19864184
18041754
20380281
42765603
7064253
2691316
35203995
28654293
8675461
19202145
21157907
16750207
21639265
644133
36257714
15240845
40995790
14330323
12833822
4325003
24548260
30332936
2402478
19914517
34371006
27970935
11315897
29497307
4450984
32848587
40389842
10360532
6816025
12808668
22836905
20518187
14720605
25451766
40854686
1223039
28394286
38599432
19170507
28814894
37815791
9201909
28723055
-106873
7451916
2025751
24827598
33222956
41810690
11171693
5478202
34412240
8136573
29527428
28819893
21598073
26404299
11071842
22177029
29185725
29508226
25311384
27176564
4579805
16768398
12512393
18942455
35090761
14589003
12113945
27268681
12391553
25896512
14864043
33615965
9621229
5673117
-84352
27770110
7841577
8317440
36560809
31606523
-725036
38234929
24584789
41125395
20975288
10378987
24301941
5134664
41482955
43109854
38372758
34493973
37747380
9085453
7689097
28835952
23137261
41892170
43406800
18743559
5824218
30592989
23797906
12539554
24944795
30850644
21404945
5365671
42496805
17209289
13002116
11263327
194636
13694715
20166526
4216130
42797516
28592978
41485786
1626488
17408333
13259119
20075250
22923138
15824263
29957831
42630378
40964387
43361981
40842658
21999181
39529149
43069775
8546315
10896949
36486091
35287082
29769488
31479133
7883846
35527757
22883396
32814594
21818483
4828385
22143776
39590381
1212073
8153264
38854954
22247952
34874839
1691005
5367808
197689
21583505
2181677
23978374
13147548
39668675
20365823
32527906
1903806
9201015
9676148
18406733
34531620
36722001
35938983
2431458
31142752
13286287
15066281
34199066
9282024
24220029
2837009
27177198
34600416
2833356
36267930
27185725
596734
20777685
30738110
34901744
9373662
1863980
39913946
38221083
8672119
17798538
13677773
32393442
32536439
17503624
35427555
26526026
8828596
26120829
5321461
1720853
14168527
1107940
13873393
41207290
12691600
26601939
-237084
19091185
35590167
3202906
33797229
16281822
15686839
34986682
-354034
42460507
5221655
21399133
12175448
7159606
9360313
29894725
39822401
33967817
27487006
697461
15805477
5437469
34490714
1830320
28882841
12454748
33246510
17175398
43357814
11431235
18813459
13333864
-192812
172332
26060231
42092011
2795965
8884988
35356626
14862100
14704500
42376434
18818376
27941812
4183929
33089624
8978394
10930659
5484843
-311338
31965506
36888280
15957872
33911845
811489
972649
-865505
12632268
30523699
19170994
18906236
-335922
40544955
15804599
8156950
36514546
26120229
27440004
24819844
29110516
10244481
36116082
20924
32031335
33916770
32178850
20344675
12574585
32714947
2248539
29047983
31047058
16240669
31930920
673744
18307929
17121749
27042379
18022910
31753062
5051334
13332514
14116046
14970748
33962120
19502121
13968179
16998900
42299025
25086234
36103500
41755192
26711673
19582424
24218726
9040757
25068563
2129284
9951595
33139423
43313195
20269225
38174037
30036217
22797698
36720692
19514245
28585796
43343503
10774891
35724959
36863913
10433984
22699656
7244928
40210851
27150312
14355216
42752471
15488985
23422256
9410880
16588250
42725870
43010421
18575590
22623643
27833550
8005521
37033220
41099024
35629631
13731187
6891566
14853441
27640496
32044168
30339883
33966859
19992063
31754007
24597428
36335316
8307058
37693151
34755155
23891309
-568144
28581022
23921657
78975
-80670
30655173
11741113
18310738
35892975
23831355
25120798
14810570
31449645
31366845
37659310
16059841
37132450
6308484
29883933
40035523
20680294
771031
14937718
29053108
16958522
38432722
6693034
23773273
29991735
23850108
1232079
39772030
10768956
5800245
-66833
21777332
-981103
26827407
1186078
19000119
34684823
43500187
21516219
19582990
12312564
26049489
32198828
29440704
5323202
43050369
17787908
16368558
27500472
40532466
12928484
21382862
12701428
19539995
29485894
20494122
22591190
31383968
9229353
11492050
40018334
19407882
26417812
20559727
27460297
31084472
-567220
5776466
26490140
1323733
26376929
10440567
7458645
42144862
8739101
17873405
27407946
25844593
5822801
7216690
18065539
1296256
7747073
9182122
41931015
20466091
16805524
19709229
12140970
16019969
8613679
35933362
21612571
12565870
28572571
34395607
20821863
39803712
39504236
36326295
5556661
22801912
6145004
22218540
1264309
20511783
35427606
18744224
39930158
37457762
880791
10948595
35872288
-706471
12566476
40626380
17655164
37257410
21032651
26453132
22760686
8343214
43040214
27135612
5583357
24806179
41577755
16342002
26150677
28417254
42850269
26635356
32875255
19380640
546705
20666729
29380997
34799461
20612627
12978784
14828302
7905911
30855858
40034900
27968664
19275619
31125903
12743854
21095434
22031248
11661730
16110572
2172758
32203458
38866143
33787491
28012746
40509180
42678123
27847055
32868619
9482488
17821228
31226413
3577796
9342362
9348296
42584538
28111916
40070767
17722736
33969748
8783453
2050969
23606356
1395095
19061601
15145535
34210769
4281279
24297174
25416190
34320725
13393868
28434162
32447247
13448078
30983755
41199814
27817440
29464600
31292425
41110380
16816555
35930422
17111174
7707178
27233134
31735332
7239909
9627794
609599
8454964
32170504
10407399
12901322
11313293
17045965
14237993
40696479
19689189
30412195
40286408
28627878
36311239
295286
1584395
7728299
43141967
39630827
6493570
13279509
6620378
37335759
29339240
21517663
35285964
35550090
41739427
16611807
40810174
26759002
39208243
23168290
33852472
21502172
11403776
7038266
12338943
34810688
22579106
1287250
24169961
18704089
26026375
831061
43028641
18468163
32528058
20682102
39169381
38491349
768026
1250227
37327881
26816495
14306592
6888528
16848241
32364281
30024336
32273165
19754220
41808365
7346848
35129171
12397970
940962
5630867
16724955
31385845
37289751
2798101
42492299
31966586
17539954
1072003
27995525
15324578
40376426
23449061
33139655
12022723
32835336
18367505
26671507
6238826
23133600
21920776
12429873
-953214
39919027
-892736
21564516
35860002
6183876
-861974
43239526
12506825
21659996
19105899
36646181
22314421
2164158
20539914
705511
19298231
9652484
9061500
42350552
25149184
1296374
2339431
3909948
39170032
5855284
14722189
10801551
1613068
39038342
40709101
11043832
41303993
6310356
6667640
1597074
9125784
2327354
25639041
37820970
7255955
17158860
15576275
28222454
18837705
30774209
5103291
34107822
41436056
3376378
18567278
23803446
31181427
31049996
4339399
31910507
7163390
32617871
41118773
35525439
1762740
8580892
28014124
10401201
29219640
28606456
11780218
11999259
26608788
-112650
20169495
27713161
18096858
25119311
11968168
40796495
16672502
7208942
7743952
37708657
31037838
16020040
-308730
2936242
25089148
33633058
11741514
24163974
24498544
29802716
12366431
165602
33166683
42461907
12291954
25487514
10185753
24317145
41820812
13969337
2682607
41493460
31106838
24373505
34981512
15588274
3646130
34202817
33751390
25940601
796021
15446376
22731823
2589560
35428044
33398034
36729915
29618289
34473827
31645158
26118998
26838150
35227712
19992564
38084864
38789874
15741679
18293300
19250796
34514513
2963901
10017799
4986887
2318194
29522688
7853693
14556959
41690811
31441187
38732686
34385501
28145613
31257307
22478229
12960503
35750666
35473450
43043921
22595606
759263
13161560
10075428
16345356
16494389
23407833
26700751
10232673
20686264
15926977
16756994
32313485
18075197
11954156
564325
24039697
12504097
11308990
42704110
26912086
37950410
43347498
42795920
254421
17561886
30720324
32129658
9495022
2058930
33204658
25030617
13902414
30506150
37518964
17574712
10639687
29708940
30507903
18573600
9760592
38147348
22351901
41761574
27942732
24574792
33154301
14132555
4228298
12052935
7278407
3918394
455487
13133023
36177868
7046594
29099590
33036599
5425249
26872048
13592117
23586870
37077995
14502814
39899119
2327482
7118406
12802101
4105661
7027794
29455349
12588169
15892639
37345785
36149350
35874395
7896948
32153213
20571520
8360671
38485795
41336736
1893879
11351443
7251131
39156540
41173936
13545496
11092716
12397564
15870816
30364647
33039501
38737952
8299315
42887029
4800273
27797346
13975737
11228990
18820814
28922371
20359537
25998098
35800339
4711446
1674904
18593823
25961596
30984267
32241574
10920370
11133897
20991781
6074393
12429342
28323710
41068592
31822166
28877944
1247138
23779705
11055232
38111576
4527524
12372967
12813240
32885330
9431683
15210531
18374871
748700
31218731
6697407
36554277
5058332
36379645
4658336
38160139
5186112
30762668
26898343
23322063
22974490
34646783
13883187
15252099
30386586
12339942
13085022
16493435
37401453
31797892
17427894
4886482
26520712
38983679
19351801
-329809
4458151
-270719
36247994
32084046
-903306
43057079
2477235
32699810
19785464
26407360
17448709
34305582
-642208
36236339
33286166
23835528
16131903
5300586
7541486
29585044
368788
2928750
8877157
20036884
31536390
186066
18277308
10295361
17325822
35028718
22809315
43476049
31617765
20578996
27323012
19315766
27163571
286598
19470197
34352711
34092354
25167947
20842151
20817110
25202027
17888765
6875066
33976865
13033913
27793969
22452732
30727214
26001841
3416512
20260113
5847434
475250
30848105
25048256
5001674
24411372
34706388
28289828
37723839
34250528
38993272
2167663
19465046
28568970
7932205
-563202
29432516
31954984
24469398
31289193
36641897
37456961
30626818
26176682
5819645
32500367
9005506
37640565
6111249
43027129
32005192
11537958
19333368
9482223
28049441
10874307
42616819
22711296
39866956
16526284
-806896
765342
15771857
15267499
1941250
18741560
12615672
41886151
5938381
7617971
32061616
14985184
40898155
5179456
14592916
21461984
1297168
22378687
6742771
42449620
23947105
1808430
13995499
30296265
25096013
1501449
544860
35265368
22990755
23935805
8065300
10131911
13800216
-544650
27816781
8970668
25118654
37745140
6971112
1823437
14724501
41905884
-732049
25779354
24611489
31700358
450527
29585002
20704783
42794163
14166831
31832761
27013292
20482523
521187
29692500
3063328
16958884
5953378
21426609
13733741
23374065
19447901
22922980
27815845
29560612
15605891
14451786
39695516
3257544
39640651
24433146
12572198
7508742
21575986
16264668
32670295
40413678
42407510
28901498
41530888
21519103
28494359
32054203
1013597
23703293
40423475
11429466
21315891
41105886
2065043
36493853
7522540
42447800
25610472
9684555
25607589
22986322
4871518
893056
40801408
32972808
13273481
-576564
8705761
1216147
5431208
34334841
33282197
38748570
38382000
26369254
38831867
20112682
25824377
2657184
15097857
40625456
35408820
4148078
13014581
42155059
43287561
27588198
38411526
8140120
33273934
24614114
41362177
5660074
17940011
13671311
533508
13346584
8003910
23082779
8679327
28335168
19361442
33439402
2043477
12720091
29901080
8745695
20948003
26191403
29916364
42376911
40863921
25708013
22743031
20508969
15404887
13091860
28674831
29143460
33146328
35075979
13735469
23209630
6556503
25760146
16901812
24875060
4252217
8191948
-90377
40348710
31796316
2261134
20457327
19673192
33092924
34362458
43036544
18959339
28686362
23662456
11493839
31810113
33262590
30130382
67884
30670841
32158749
41356317
29096630
42310732
24438614
15038282
33978434
21190138
8445640
6221759
42592656
17196724
23712533
16468734
21795182
39694392
81725
32622328
9780542
37577078
11216738
8466022
34818586
18272143
24149239
40974830
5012151
4287205
26566054
39580450
33116402
27160315
29221991
9072491
11323122
42284148
33045018
43081439
16449379
31619978
24138902
2277596
14305826
20906874
22598509
19133879
15469883
33471177
41553715
34658131
18972152
22898864
10519632
38313767
16796168
24806602
34545912
12822017
16385195
28426103
-681685
25137990
23706530
9150081
11288956
13611616
34361934
10581783
19438607
3644675
31026145
1292619
29498954
24707282
30273564
-999740
23150157
19262856
10397009
4643157
12827032
32802095
15762236
3570785
15971668
12490477
9468854
-232746
40823973
15512645
19990631
2325204
951379
10098309
38377833
24386512
37299472
23934844
40271070
15095893
38216836
4655831
28047278
42455131
19796121
35093191
41081240
32385909
26509313
20477652
43332186
5247662
34128274
40918496
3828200
14335776
34787659
10494837
27419876
42366234
14600739
10370839
6524613
26594241
25750750
7174477
36669003
36005556
22821184
6149584
13868102
37910036
24834769
31928355
33839383
18009328
41074295
-76626
25525725
19350233
36349902
30673367
12682422
25408351
9785133
37879052
30405700
30231645
10505341
14520087
42476256
30461604
9846755
36071638
17021433
22671833
16386913
1146154
20991336
11219945
20461038
39867199
23905438
39763592
14711663
38968006
24205176
11536732
18684785
23058577
239576
24806021
30349798
26306608
37295805
-215722
20670047
34259579
18008084
40222680
7653646
28031640
-53967
32520481
37206455
10970176
2871647
31463988
8227697
3631581
10552944
19883793
13162071
20999500
5995677
714182
25876837
4573595
18174332
8923302
42617407
16047836
7581620
32437675
26114269
8137331
-840099
42972924
19879467
25604207
1314865
18252917
1375792
37824321
38557391
31071122
32654727
173816
32105282
23827508
39730935
21169290
13665320
22243320
25948170
843673
24093305
22741094
38806414
30280525
11396162
20557263
11210578
19989012
9021283
33990868
2829257
34677096
20390116
34813622
28125567
24772660
26246432
33026194
33313214
5646200
38570461
28052258
23152957
19894932
29878872
39435684
454134
27983763
41425473
7439729
7497619
34366341
19754863
25349832
15682328
4419954
38554793
35899125
35414358
33032192
41933717
40251619
36989702
40258999
7625003
41694358
26700417
10511531
9934541
32851612
12112815
29503824
41397134
27099755
22538241
42049282
18052015
118273
31317518
8098687
28445077
35784443
7989843
31741562
27293613
-651321
35035113
6201373
7357175
15894165
29397546
41923542
36498823
1581178
5616025
33484878
15368212
21355118
30003334
21697411
40134134
1222764
7745201
8955183
22120527
22793579
23448073
20789590
25426388
5777336
2286743
19552536
25872234
38448235
-332474
5618864
24299761
36335130
19833456
26784203
26968466
24687584
14484067
15547333
1442140
16631624
25368088
34019383
3120340
38458087
17541251
39824388
32981638
32702062
16752215
39586895
12357606
22545033
37883676
-923999
27827940
13789529
11935543
11720809
32236861
22962524
22388090
194083
380600
32096108
2396053
38019631
6977936
8316376
5977095
10783503
-146102
35677683
22159593
590306
33022766
25926444
22824432
2785417
39759854
31821833
21186977
20453414
19142285
42937218
11419281
32227511
38169752
9745893
41167015
23629204
32935071
22649963
37807173
2251427
12919981
1526927
4321282
3068412
2876727
-285830
22121724
39449211
5900868
3773727
15111204
36910856
35784599
18978597
795977
11926684
5630648
32793446
7171031
12539915
7076000
42595700
30056476
37415509
40998459
36969865
39719265
-629237
3152892
14119012
31876195
29127622
23935535
24057764
29535941
21772928
10574980
35866526
8698294
17412167
28520239
37753860
30541219
20327283
14529955
28106404
30707486
15238535
30169519
29517558
40130943
15123113
33776894
2420965
35334506
17356469
24495531
10786005
2456276
27046200
30728608
1084305
18664612
40683889
14750798
42434963
13541191
36015290
2396631
2498643
409965
18016155
21656938
1135250
42873825
25855190
37184802
11395281
1852095
12531315
40389339
36056950
18319899
40661067
27065223
43000934
8423712
37118288
619415
675004
18637152
-496968
10646046
21805261
37823972
29289392
24831174
25142620
24298435
24277591
38277656
27496947
3448661
42650590
23994465
38252874
8423163
6411809
3409142
5544402
27145402
39904809
36983155
31181511
9116445
15321427
15852121
42588372
20001520
14267162
6628590
38978245
34089859
19848771
38253330
24882434
4230621
10504176
42347110
2208160
38773305
27080475
3778687
10641349
20929943
39255636
19076806
39155514
40002868
31487807
9322127
28407193
14070714
21960727
35537937
37438051
-53190
19976536
21004592
39058066
17122896
12722916
16969497
9826141
14367205
15356684
35144408
41433749
38086006
11946254
24636730
32530074
6839324
12854409
8530059
38441287
39269934
16494393
1942385
34827173
34178424
23100795
16667949
23971816
10529554
30637781
31696258
9665570
18767741
22546571
33705180
23453016
14725343
23588154
28136832
24318554
38812425
34993068
31670093
7132834
29624925
11144809
27286951
21894036
36026261
9172238
2071373
41015283
31195855
43384736
20992289
29955280
11954855
14357994
2305190
22756652
11762598
41950540
38409436
23073375
12960197
10110905
25234363
721290
9446543
24015638
40895616
13416895
21088350
26137299
27204484
20743451
9488336
10118200
22978831
4513547
41747571
4300505
18775429
25042628
-311867
24913211
22313430
2414953
26811017
17605035
42072876
-463521
25145810
24924852
13223913
26107876
27253150
27723910
7299852
22962073
27581206
13581838
29276917
28815486
15216510
30450217
37742400
31866474
10904805
7999770
35441535
40710199
18994882
32819704
26487998
43018951
26080703
35516481
16295769
42266179
16634002
34250562
31139324
24649336
28209331
37964230
35280348
5842543
23755025
26689707
668802
16190467
39842788
14045105
-387412
14492582
39442741
36253810
9578230
6273834
16543957
4266725
21648103
16171007
36429879
8091369
15086028
40138144
36490108
22692692
32002945
40778152
18884248
15648811
12002093
36820053
33015652
27960206
41836738
14275769
27616715
28947547
-607892
8793873
21321656
22352565
21953287
25670066
16123338
29473315
4038810
5678228
10264774
15381413
36343793
38466549
39364166
42742418
3459483
11067706
7991732
32741573
32176297
12449706
31623136
31298932
36789275
12416028
23989159
688667
27777031
-187738
17336397
41307667
43385894
8511193
4355687
23291784
141710
34620153
22965481
3535682
6966192
15046594
34315743
28823123
43004222
-892879
42586801
31675456
18478079
37169513
6515843
38937819
29021910
37768311
10158494
3886572
26016208
28915744
25490607
39946965
21631458
38112175
37181732
6142323
14130284
23158152
11960087
18862573
39870419
27541154
40059411
5924450
42548922
7147484
10219760
7807387
38674755
4212345
38255364
24015628
34131951
32974459
40142819
14478468
36034874
26917573
41304061
18434792
4581827
38449078
1463162
14995923
6686489
13537054
32334158
17865126
7233244
15681136
20685055
29241129
1140986
36313550
42527181
19417624
31229041
13111402
5401911
17252105
17825055
26911711
3446453
40327157
25857346
5763814
34510100
15890031
21147246
14122753
42153911
30567313
16874046
39435044
8209189
30829530
36894500
22352682
28981428
35659792
9787508
38452935
20270289
122921
1622310
5520870
27428751
10332499
29728398
8373403
18354646
1595208
8949184
38591456
466518
14252706
30144746
21328761
15485649
3070473
11477413
12029838
23442129
30503305
35969424
9040380
26201766
18470202
39985176
41936017
28491072
1848405
-588644
17938774
39372449
34472863
1396373
31227602
25444206
19989973
25601111
17235943
9765658
42470127
42007239
4001211
32016079
31150878
31118304
36632251
24867664
5550714
24974269
16176767
190557
25168980
2177180
19748584
25524305
38958560
28896084
31442541
42593105
8948468
30926450
30910176
4220698
30601831
40847918
3870581
20854153
24740263
24388252
10735966
38743783
27822217
32693430
13619235
6142099
36555848
5808550
23191512
33455412
17666582
12001865
2415627
11535193
37108280
17451947
165611
4527415
23714082
6639288
23325637
24705359
31451364
18707466
32675983
33202598
19146272
6730113
10651724
19146267
1491283
11136489
12311476
32250856
13696434
14896491
32890892
20065910
4735398
26336215
42216866
19912934
15085753
32614340
21018941
9564080
34685359
28138779
31156675
12899383
34681763
7889462
8163964
15008593
30417614
903879
24544556
4553457
21747799
27492827
20502715
40905218
14992433
38811027
14254741
17654672
37250621
7251305
27101785
8886136
39391962
11088673
9275892
528734
25027408
39046966
22755001
33153117
14030033
38382034
14959008
29387318
33262485
24312807
3173553
-335465
20818641
31510447
39045200
13449798
6359665
9469987
3444483
32702509
2988358
27307183
35599267
21562238
4381219
33225498
30888388
35605050
40100806
24680941
5253292
31578068
22307301
43083493
3324316
23447305
21255970
27127713
10217119
9652315
39966526
40600965
10503988
-833524
29740165
9073015
36709708
23764328
28889630
-901978
31029183
35895327
27518244
20183902
10848154
37983492
4854683
28363148
11065313
35951929
8741445
36050192
1296796
16013439
8728861
2062466
40802201
34235070
3044001
8872521
1456609
32498340
22642373
5433930
1274291
29064754
19858855
22002598
14361885
28275204
19126305
39429605
4085029
23177209
38783248
36143353
17926334
31145756
27509085
8840007
33085287
6789417
17909132
29191331
27316891
2176797
330943
16925402
13144858
26908587
18623994
13410893
16531413
625499
21161233
5975765
26796539
5017928
19290511
11267170
31348377
21656287
20260242
11275732
8349546
23911733
41528433
25710907
33211485
35406403
17870096
31344042
20156608
35365270
1396705
41769064
25934548
18270260
17547478
34060237
2357210
8301292
1730174
15261525
27955919
3300536
25951046
7016643
3698772
11626930
12016286
5602545
35738249
11437415
11069635
42211584
2574271
41616599
41509831
34221995
14523663
877485
35009021
-975637
30915746
42558804
13261842
30512440
-565984
43274817
31772280
5904061
15691338
19442699
-844980
5276714
4549975
8029701
24897526
1462982
26244492
34488866
1925926
28686913
397707
31889918
9649132
28546326
42892449
40878645
29327419
31621375
8185681
20244148
34420564
42374413
4923531
42395843
9841139
32221641
16350295
20624366
14393862
36153924
17891372
26122844
42252977
29224458
3194039
4990180
1886404
21710634
17326119
43176287
27853796
28028013
35938189
37771134
18263225
3112657
36832109
22885915
23351162
-649961
43278663
15580753
21564007
6095099
20018434
32565372
14988444
31464460
28426445
17506243
34487683
14061640
15063648
26538434
30593774
28550691
10543326
7046176
18521310
7890913
22758614
8647865
17789710
17147869
10473947
7365597
37580492
30983970
38855600
7912082
32244180
43372585
12422418
42103159
15364628
40851304
28592107
32769041
28933856
42127288
18682112
18799851
40096065
36332939
20389081
27704208
10912273
40889257
19813866
25109823
-394118
10383561
14089453
9591240
8188949
34338466
40575329
4693033
22133721
22978147
34267097
35792273
34931742
41257835
9361221
31745066
43154252
21178874
31627435
4862547
22480431
6920322
17569056
36104376
41753775
7145857
33132676
24313205
5046830
37743885
18382792
14288196
37777671
19163350
36820738
16524518
39428663
26485967
1409336
41540827
559859
16346585
36789108
29484817
33812965
26992015
19388566
17667206
35884823
23998841
11395678
15272489
33240289
37360084
42223701
26870272
15397270
1150673
31707115
19699864
27919775
17469554
18883283
6900469
27095142
12310953
16438214
33980739
37899333
27655101
40875822
31018066
29852765
14817108
13026157
16508816
24879524
4381487
25049353
17973580
994493
28799746
11569820
35958652
34160226
9250834
42431017
1506890
15681298
26473757
35922861
16864155
3796712
4807469
11883948
33613699
29530389
31576521
18671809
15105143
9370550
22399646
18560568
35574339
34086
5055668
19922053
-692939
36444599
40891687
24454439
10697538
31576362
35012443
8362610
-782999
21228177
18656604
13995366
24374980
24188307
32596231
34497431
42675209
10611508
11169783
25777610
5827731
38661129
23284919
19351872
23930263
2776834
41596472
2577647
39950411
39286038
24731044
4152240
28163666
30655390
31156377
9019969
2320567
17317788
6841863
23440314
10698342
39317068
42912703
26230092
40934240
7973777
2381213
9307323
28133885
2929182
13438570
9492891
1336160
28793586
40421200
40715276
34721935
17455688
13662476
29514497
34698585
38877302
7856959
31570027
9697642
33377320
31796318
15654332
813907
23750290
21360142
32647206
38528609
20301577
22286107
19310953
40215467
3602454
23717921
33860238
15062374
7629503
43442565
43403523
29666130
30608564
26362665
24941023
9946220
41799131
-702536
8500952
15132971
505799
27075513
7595994
-290297
33412417
12545011
41281818
27047596
31260410
15864361
12585565
40672191
29149633
21354647
23799443
5721359
4044485
43402263
29571456
5194275
43504198
1444212
17800740
35869718
4888235
17025707
10392538
34696658
16723636
31212654
23506182
30318696
1977033
28580289
21336045
4937190
14321916
14651503
7588566
4323815
6539358
20569758
23889476
32105396
26369456
22996371
31790396
14580495
1906909
19897728
6451951
27522043
37358665
21276557
18519763
28221824
22039842
42437289
40105932
28658647
1436880
12201245
5833520
13177228
13375649
37556654
7705464
2806031
42089501
30383376
21434026
19582834
-916600
20591954
21521339
2763313
16571756
29864353
25049288
21795864
15695887
16790526
26274308
40942549
6192682
4248004
8901954
18668626
23173213
8844342
1745201
29579103
32021692
5157927
27483988
22515494
38742573
41838838
19405100
17711593
38604922
6691736
28039736
28048014
35028554
18009695
33351255
18006423
37636046
17807319
24657233
11646548
16979272
27386474
11905591
22332634
4344131
12847943
23628826
15834901
29514869
41357070
37309234
1557402
11476172
10435978
23490483
2718284
30620744
13868807
14324376
15733067
17130753
20959573
8686347
7740421
-586079
22431859
3364781
4695495
18632946
19379554
2318253
37235747
24243590
27101949
35397344
19182551
41285153
13191056
11087783
41854584
31526885
36855122
30825159
20323951
22366467
25352824
38843829
28564105
41639128
23959226
39397656
5115814
38396040
10399047
28312153
-70080
41585266
12308847
26427817
21665971
33353995
22878219
8218452
1013603
7400535
9200035
21792750
-273448
9672509
12184315
32761829
26996132
13500791
1922703
10967000
5323504
39630189
38455958
33784334
-376462
16654203
31828548
29869659
28387336
31448382
20378389
1436318
2835679
15725333
6014272
24264148
11944173
3581724
40890020
31102856
26134429
12242082
4880147
37136667
26878349
7298510
16975465
18130194
16743431
14355324
26059839
5846615
4301397
41594735
36071318
-484787
13567622
526695
28282398
39152976
41132425
38611566
19723737
3752453
20573293
13450630
5605307
29588241
29487106
34621805
7744324
13832053
33260829
38085052
40217010
4948445
19339676
2657386
32118093
23890983
4601330
6622240
27996700
4177619
26568587
23854218
4574868
23904787
9750387
12760815
34093481
41540786
5373170
27435330
12294850
16765581
42026963
1120014
43450647
21324339
10628641
12395376
20694467
10476707
26956626
4636064
38015281
21722250
9545663
16545684
3886556
33200208
23716685
29224952
1226529
1148969
8826260
18804335
1155356
21868245
18080804
22758231
14671599
23358605
31372163
27489566
27642406
39843132
24595682
17960924
34120162
39456169
1745532
10516837
13400082
28447569
9648399
20094054
35285861
27010774
6062579
28323026
18289353
9493674
694917
41659406
8858233
4624014
18115627
26481723
36532065
11795418
26516631
37015940
11846597
-452495
42149638
39120786
27906152
11762149
13078728
38742056
18375051
20481778
11495792
2640969
32407825
16578073
32936134
4981591
28129789
41210030
36723161
39168005
3729174
38118246
35078175
23152845
981023
18540064
3005499
-709821
18166577
13537618
38230500
21154769
28601695
28991741
15869805
18110799
2499436
39951313
23539396
17077261
5938357
6022897
12156060
6094348
29627232
9388517
13087690
16731914
41939082
13674818
40304169
36494769
11249123
29234055
40672434
14771915
19957292
14967176
30236177
3912151
3757833
19808343
5443021
33974609
21372773
42586174
38913712
25875980
32073308
36753807
4101408
16398528
1761839
8377600
38834637
756313
28197541
36614063
17036742
31119413
4427799
3127168
24848055
4446717
38078905
28678569
31667801
8446193
40870798
3512670
27366656
19361384
24287512
13810814
15488218
39416078
20169224
6190642
20906796
16419611
22131072
22198793
38376240
29417335
35530422
23331168
31413809
18766244
40487869
19276354
10154257
17258772
35122605
39735249
10482544
15169512
25026558
21962103
22799644
16568489
18688985
588719
39699564
23436441
29715802
43357855
12086072
4871502
39216712
17917080
34574993
7409622
25664857
7280565
40167975
39634624
11226963
33052000
6560088
161723
37436659
16961815
25376927
29041315
26872363
30805257
8648311
22077919
26811843
28908863
41991486
33648710
4974800
29482790
19662549
10976668
21735071
34913215
38691755
8475060
20670897
5185032
4393641
22312372
24717643
32334943
2260723
19251243
27503864
30685929
30425405
3099848
42597940
40967499
28055861
38331560
13071036
-198048
1988099
26911480
38811256
33506880
24888878
5823622
20486907
29211793
36681915
38325947
34177699
42020193
27241694
24440559
6815012
13771663
36474117
31211416
5471877
43472584
28995583
42418104
24731558
864791
25969787
2465874
40953086
11272194
23445967
36175059
4703878
9476446
28895174
15091588
4680594
13897457
24202019
31817108
26856937
8435393
42540246
709315
11268033
26087443
12328248
27769493
35225493
4992975
27133856
37787167
15569120
26575982
7060323
4488989
11052970
18333287
13925078
11467280
21126360
34344111
39902856
9176798
24272802
42225404
4875362
31791671
15381696
42722172
8424225
21066282
34161075
21280966
32775011
42537779
17339558
10811773
26953726
9108087
-298935
220704
37091388
11939844
-605018
25248991
37119647
34775418
37566390
8083689
7663976
24818433
6093426
6578056
31702074
14543637
41055598
28163981
36302124
2645650
17809458
42782138
38445723
25038466
12482280
4847974
23363995
34186086
10352739
19947683
20498391
39809288
33278170
26612824
26075506
13733279
43126069
5407093
13261441
33437909
17838945
5310059
34588529
40893660
11720528
1207764
419750
17123339
38293492
35908956
30018984
20782774
12578591
21172161
32041617
12645278
8184211
24190198
18441768
3263975
40647366
31271023
31962482
41933127
18574011
2027801
2292850
38830313
8622090
37446355
8728049
4401465
11829125
10940349
20074245
7700209
32751477
17984916
30415210
32371933
40369984
-275023
33807312
30612853
33630781
34933025
38097576
31555080
35681660
5417504
23565355
29489132
14902284
38157807
30674847
5842461
3620766
33207120
16514397
37482000
575449
18516415
27871474
9850117
42351551
21993321
3853929
29050528
267187
36233177
5869929
37823430
18221272
12535783
19052597
19675260
39849627
12908505
40512610
12194983
9804013
43442541
21775951
21381724
10264044
5465085
7325878
35535442
7544002
19173435
26422144
11365418
41776759
3264330
3070708
15123478
29057324
42118555
36326385
28869380
39350356
16989813
25346022
36376378
4425552
12145867
11991830
20662842
21137736
17884662
-933899
3464917
35403338
26145015
8224864
30850402
41792443
1292323
32846902
33413779
20987461
8005592
2756097
35575382
20662788
18146916
43513721
21670275
33811349
12200521
518885
9088863
38605490
13965896
38153082
2038683
30181416
-547259
3207503
29998373
35015971
30316243
11347822
2768315
23008431
15199117
5345261
27486949
29758376
30996278
41966486
29264938
23299977
31430712
42652794
10910592
19060321
11766866
29783796
35891468
8947829
2351108
23117685
11848570
15839530
42234091
30112830
19373587
33293396
25597467
17891934
14079745
19942990
36189206
30139039
38417750
9522835
17969612
40920085
706635
16855163
24687751
25899612
10687705
5905683
9484545
23507203
20983489
22201230
17686656
7118819
24760875
42229856
6324670
17530908
26214686
42639033
40767460
19688711
14446145
33250918
60506
31361804
29221599
13757623
1328292
41388303
9981740
10642690
17525161
14537148
40405315
27622582
12451596
16871609
33940848
41005073
27461759
2533326
9606689
20325494
29148192
9929673
42935861
13939474
5934274
39300579
34183320
34853765
224171
5093796
22495955
1428603
187475
35834762
19679372
41171658
23418151
15165159
18063588
27324143
15753976
20867278
39958241
11361969
39742861
35458502
3254635
17343363
17667571
8182155
14294640
3347649
28972808
26967177
23614915
22332905
17465641
-410307
10452794
7707165
3226424
26856741
8403864
25160101
15344617
42473502
29873316
29821482
40393136
38927933
36619004
8075247
3237575
28521780
7401791
14731414
35142778
23759777
4116289
30991456
8944662
25569325
41234423
39848124
39481542
7549161
35644723
27547979
37060108
39036447
35891565
24052975
17089200
16904731
29850760
37823316
28813812
3053125
8285272
10573574
3056763
32093373
24182584
41875146
581666
23047366
30772323
11276788
9919971
29866024
17201603
12660686
15218953
17955151
31459014
18569754
7336850
38576132
43285549
5455385
12670750
18509345
11230625
15272989
4268690
33483972
28488766
6582917
-898717
38479672
7063845
11330352
23738859
3900846
23341468
14704559
24159337
17887293
36114590
41869557
5475748
27636899
5628789
31109417
22721305
15609851
20869872
26720502
29912318
33672565
20369612
37776552
31014606
41010169
40976930
20462541
26462570
34566821
37344262
12908401
8491279
18376203
17372395
30346628
993002
1047501
15420143
14369075
42367753
3005685
19672410
19505861
37027796
-498889
15120441
15113352
3131980
24984830
25922260
39389546
25691763
30391657
5820407
27276474
26118286
2320259
9324392
43419193
1752689
18465490
15733234
8803364
6484049
25480759
21880165
29733160
35338245
1134471
1043672
37767775
28100734
6182590
18409501
15977822
4174069
17194127
9484875
4246881
33912703
28263748
18602148
38194868
39910792
40378241
2586616
41552476
14885785
8558112
30550644
22020319
36041504
19875941
21519267
23024712
17541933
15008666
5764799
7181526
40990442
33297561
42951620
-116129
18702065
43147245
19232338
13198187
8948017
5160320
16718346
34919329
22157674
2576517
28237281
18059186
43424694
20085446
21526106
22583316
42398320
41075233
7923332
20923904
11728799
38802283
17037856
17650025
32159205
26862165
8319820
29463371
23670471
288997
24042936
34568126
15249625
4942894
-656003
18303559
25288334
23866995
42881626
17452251
30631472
4876848
3378622
21218839
4532154
29819364
1439620
24055043
6527084
22428940
-325761
13601598
5585764
4415775
30629791
-285611
17088216
34627549
26573185
20206946
31348594
40792308
11868404
42493915
32975226
19195754
19409077
6053038
32870502
38835769
6764296
681336
20786124
36140906
28757966
29182179
23377964
19424909
36946199
16324207
10104167
27134019
31545062
16602697
26602375
25957708
12717647
10096227
1106368
36863795
15643627
22608156
22313181
37584947
20989336
37753961
40266307
39663294
27770253
28945648
6043846
21354971
21132723
27832818
31315133
27112266
42465156
18726164
4202932
10374479
41742938
16298567
8616608
10100573
8746635
22097652
34708501
42112472
11392828
1631704
33061031
28393881
12385209
15447722
42000270
9697708
1885907
24041645
35177824
15573654
35521284
35813046
42160299
33034707
35745499
20769976
11439922
23857842
2043020
26616046
14343674
39764633
7559970
5396358
40667404
11526816
29341833
26293342
16936874
2247416
30362402
6982203
31767536
27967851
23169606
26808021
26229415
20950659
42449384
19546534
12870571
33575214
1791607
34613892
12871226
20935166
22490897
4276184
27958750
21794462
36447678
37394829
19912456
9061891
22606155
35098412
34297881
29569131
5072051
30365025
32708888
35945393
39548347
36870386
3833869
17903899
30158797
34585160
20001027
16010343
1429446
5501551
5383094
39178904
11655435
17272777
-606820
32628111
10220941
31056935
29565887
3972721
24948622
20124584
7263562
34594864
32854257
13722146
25228039
36180590
35194521
28545783
10604801
8886031
17105231
34771240
22537406
33729295
13947501
1385665
12517678
37619247
41517167
4509389
1370652
11513292
26394790
8294503
9579514
25655940
10204728
17088645
39784505
33636644
28751679
25332584
31152680
42925808
8142279
2726507
34666006
5015490
42645057
23727629
15463477
35358814
33110597
11454710
34907633
38787786
16412070
27270515
8353968
4333251
20335241
34336731
7034651
30071223
11092903
6714059
32564858
34129329
31498422
34680548
43372419
2546792
17568104
40429724
24757335
11649297
33652026
20057283
41205363
9518100
27593908
22498208
39633858
6852352
-916049
18245341
2466244
14229349
3646028
84397
31103421
28024059
37127500
30069954
25795314
18351604
25563306
32112216
37739751
10188648
8896480
29783934
2356477
-175185
30815507
32164977
8786405
21573793
-624316
19110343
42173323
29579609
32459192
23860477
40064449
17356059
38742136
43277755
13171530
28181404
20902690
375650
14228226
8939010
6985706
25626300
29259557
28063100
23689979
41465184
15047898
1200751
38042866
40702959
35938118
22799854
17603122
92739
25860492
19882201
13259686
617236
24002581
8529048
39921937
3460335
16063036
1146343
12795902
4074889
25470019
9297331
24519053
40983001
20122668
4060673
11814791
20647033
21814806
28172607
6121325
7157599
26776739
4774402
5875473
36570381
26996499
7600769
14235254
17603898
23337962
1131660
9105954
22318471
31325310
2523489
23542321
14840523
33075799
13966124
22671993
1692135
28356956
22151239
32556157
10387735
15487338
9390725
40189858
41827708
9538688
1928503
33033756
6634057
-416966
28994022
4801676
17239697
16992085
11392560
32581168
29805172
12093321
40098621
39623534
37717951
19459884
6732486
35766179
-656601
33973816
7586951
11548124
40788912
11859186
1220103
31647871
40463281
19441847
41925428
40427643
8820696
20305986
5532321
8587406
13104011
7798056
31034332
29616734
34281707
8299618
41203772
42897493
18533626
27391910
20877707
39939706
26397538
35105327
-120390
10485015
42523720
13106464
12871703
-373289
13099780
19133533
8068364
10084444
37300190
39628363
11848663
7999642
41648686
33896597
9398966
17880795
4027706
39607003
25192021
43056721
17632659
8057904
9773771
25749847
24246364
618799
4279647
13632847
28614340
24987564
24214821
14053888
39603495
30431568
36785122
37612491
26290530
18952243
30365565
35289695
18044084
13691400
39914721
13671108
30762540
22137104
16896726
26270415
30456533
31588472
6439190
26461248
3816246
24952870
40119215
1438735
25886497
37670192
12646399
33188769
4345643
26338855
18923002
29886514
28353085
12673945
21318474
30994103
36963431
37941698
7009627
12544498
14776516
386003
22495641
23815340
33365630
3179822
40637626
33125188
12754367
31028410
23087142
10878605
36905096
42815942
38742077
2943169
5215048
17836505
16349480
24802042
25784982
40956419
31578290
9025672
39384185
8326534
20618078
-124931
38976022
18011209
27549348
7603174
35987676
9878654
37165371
41989692
19847754
41896541
23270126
8816856
31876050
31840392
3509683
6551262
17630436
28587052
9610831
7780681
16986981
14382003
12353625
36747557
34594279
36177267
27394872
34644838
38182519
43500151
11004589
15724533
3964380
9814640
2405134
33205229
16023546
30720676
22370363
10166964
17803632
1863385
36773540
23294160
496330
15075169
26239803
39694209
15258463
39080068
42201917
27643095
36222631
31449242
32886172
2210412
4240498
35943904
20609163
38705170
9511463
33848128
17042792
30514013
4064082
17460950
6994122
32088465
21103660
13841410
4893716
16553326
35500059
193607
19082454
33847733
26471118
6095383
19364784
27697885
30439090
27725344
27213239
14263879
3578986
6154144
35684338
4060780
-786125
5934915
11336025
27692420
32281968
13456724
2544969
4145132
12177206
12760930
37725796
6074084
11371124
18322698
19394544
15220347
14364183
3640066
38119884
39088308
24969996
8614035
19631156
34586092
21560368
20498586
30483259
30071889
17161656
21024345
25638164
8627418
-434248
10458374
-59805
27506158
29572373
10728114
5156440
16902053
18309868
29909765
17651100
2687206
18222180
19466499
10229932
8795594
42578537
38814456
34621203
19635095
11928253
21795976
20999139
28132463
22882451
34710239
43093765
7945617
38919189
26351663
30122542
31292824
11087957
1051721
42624016
3987454
5705517
25132188
26912041
12895642
28320154
35079751
2668863
37801488
1181802
12537855
25079513
5738781
43236578
17929604
5226175
13726117
39971745
6983584
41495894
30295837
25637548
18271530
6744926
35043398
37796243
20732217
28244517
18202759
39950355
36553974
31377575
27317041
7346270
2694734
2272824
25312011
26550978
21562923
11622668
30655786
14104643
37742108
41530361
34651028
3098842
40261244
34994162
30504532
11825747
32357439
26815814
23208582
41396616
18844592
18740540
400933
11189539
42176831
8761695
24128701
39847916
11328884
39624969
4915562
26848341
9288541
633394
42684374
26324368
24149525
31383022
15133325
3004834
26584032
-39616
14475375
7996670
28222708
17038904
40854245
16636821
29232177
11473674
5773461
39030273
10885834
13879370
1940761
19918534
5196840
37735962
14418960
31915480
31842289
6735599
13782970
28760035
7280141
29687558
37665389
28819469
8781276
28306363
11574536
33947264
28323105
23575935
31925586
36721418
35453975
34084554
22038554
11080848
32128051
12715300
29785172
31972619
38748836
28039617
16976456
9347911
35674097
36844708
23371474
2381033
438917
362306
66828
16401181
42030881
42917418
41577403
103084
41485868
21702264
34292771
12693320
22987507
6421417
36559930
4129926
483325
34136307
18076337
36151516
19063946
13477554
6276748
32973612
32147492
25185612
1707118
-668417
14525549
23779691
-483469
39080585
5616505
11553416
33873105
38567862
28309822
21351805
10739359
27944426
5804469
32185754
41108313
35234498
35747333
6596602
35893269
37600321
13307158
15516720
13609645
41524310
31389322
41225497
30682489
18947174
12902168
1077868
15822547
32937208
41061882
35980439
22631190
12400063
11523558
10278921
10032560
36551426
42018263
11704063
13934546
35800730
8264393
16616235
21148513
345616
15289130
37197473
32099479
9865601
42698549
19273510
37489486
24617566
40419614
26814449
36478937
9061857
34311173
7784073
18660011
28340467
456928
3027979
20216557
15293273
26452534
30794678
22292634
19105468
42377441
-840023
33162838
33304259
32574745
29379835
35695403
18310013
39645376
24581764
323610
35634125
20282751
28080123
17727139
21382369
39851622
8804320
30457344
-616142
25862557
14249208
42790899
30881296
32697571
42911113
32611542
14503458
21661078
-919272
11737931
2434520
1020919
4618115
23383008
11890293
24708539
31716115
11352822
37771922
33817666
26067688
22740581
1862067
20326107
28767564
16284200
10370179
36642952
41536904
27429127
38721266
23865010
7047006
36145605
18887923
17588296
-446141
23313967
-121987
41230729
35887289
4374472
24345231
13012448
41089468
19596603
11537382
43270018
7929895
13052871
14965278
30774217
1630486
1435645
7587124
23395737
5781665
43091258
548945
41044268
19267121
14628991
18205769
19919790
1240466
35457722
39386831
37887990
30726037
-25030
41235235
202061
6525461
34025580
16607246
25771721
299451
6013222
34929569
15661383
11443660
24140611
30744860
10907003
19210753
38096729
39296279
8533014
36692796
35077671
30901292
627678
37661103
28517990
7843046
22307653
28643667
6529231
37968282
35425012
17682264
15480910
18783244
38928665
39879282
19653034
40446131
5385622
43464749
40146577
38770414
29703744
31588422
15041298
5457474
14800386
31695788
31106248
21047902
675506
15692783
23999804
37205423
5923390
21694221
23886648
30691215
39010837
38356194
18361454
12228292
38254231
43022287
37902165
25966776
30328875
2382489
27717357
37301524
11965251
30201121
9385386
6124362
14389079
8294819
20749
1752486
20517818
23818091
7759657
26095006
37935305
8256562
5633253
26207551
14226055
37880694
34901172
20669662
21008842
11136359
37474817
31882312
31307956
20831542
22176036
24404293
42756041
25122950
11275456
29599872
6852215
17324891
24354824
6184371
34258408
16665982
27490597
40508149
22067188
41161828
27944430
34674426
4518739
27991924
8126961
25065552
41198834
34735733
14112902
15938369
16469708
41289847
15783403
35266712
39974003
-286022
31626150
12093050
29251226
40359086
943814
22511135
39572250
28403609
32582060
16600951
30281131
18885247
22627006
40852620
37610037
1214040
2294211
39547791
9343190
41703367
38451692
10034749
24744630
-918561
4328951
21857776
34162116
37012513
23029315
27244721
34679194
38230006
19100167
4625296
29465821
6307063
25312199
30842808
32108562
25958132
22647252
40721632
3575252
24679595
12902610
14111137
4910523
25395188
15266370
13007461
14449776
39910938
17897349
27181816
14669093
5152536
15444037
18596885
32772739
7667658
8680588
33542491
708399
36755537
40336587
28577839
22257508
4693939
8712850
29528173
38531632
38219678
13621305
-57762
26284992
2748175
38904080
18379132
6537106
17665554
40763933
22251921
27709822
15264210
17727314
20104344
20238991
43449118
17535631
30088659
22174417
12766468
9351613
3228784
12874303
30099274
19567249
31649671
42216410
-670276
9862282
19982829
13652707
6844222
27903293
24483614
30729638
-212704
21214766
13054107
4117933
37968049
40810407
30068055
35987428
36376049
33483272
3073301
18737583
29734513
13263418
9556420
41416869
35304464
26396324
5504200
2958997
35948682
6368368
42840306
2115167
3637738
14865873
3923962
18700814
12653076
8614295
-506315
17259190
39906422
22931361
7368551
2466234
1349718
33311469
17730886
20291676
40261427
21377652
23343637
12920595
33922866
12268562
29833043
39099828
40041874
27123303
7171459
31707616
19104870
12591715
25054359
11529261
31553037
37994543
16649123
26245892
23370365
31859169
40838810
18612128
17901977
6273863
30094595
36577924
19702373
26887636
12585488
38417040
26664172
36478384
28982069
30317623
17408680
7206596
9230940
14837921
9886891
15957708
34490279
12637701
14299623
34804694
38466973
16261070
3210225
20784221
34938477
11737344
38570926
28513031
34474845
15578839
15845865
24898241
30742665
30285405
6051486
19958496
14992425
792961
28851446
8455827
38335215
43066539
33349089
35297075
20343905
31091948
6749212
35862820
2756547
19035737
-601953
21422890
8158971
7974293
29151086
5926703
32900474
36371440
9141792
1810095
30301227
20932016
17727779
42463792
12358156
38283882
17342162
7974479
7459163
2470811
31092383
11504124
14813563
19721904
6346246
3206354
42032055
18952717
25470896
7931629
16914022
41715581
41606236
7922298
35456
30413132
36944643
40427614
10959034
27958371
21459677
23646065
24074239
9223595
19337166
17088995
15026965
13670408
11799530
38881991
34276240
11852243
-342098
9389404
35761873
32120461
6799339
38347221
26408217
1550784
25239003
15635493
30701358
9586568
29074296
37949799
32568403
19816999
37124374
14269094
18650915
38440398
20708055
14324820
13828099
14845759
7308323
26482876
35700098
28671291
5662745
32385384
8827793
4665809
41825142
12463637
18574954
3543505
16034391
20545177
29283058
34902477
18006303
6314421
18966326
10539337
10187596
43282011
14805764
14993358
24020789
37972247
11270498
9833157
9783560
10139598
32030536
15676469
4578880
19506002
15044492
24937423
26626642
35734651
-591075
35057042
16158229
34912655
700440
30110533
33596252
17257003
36171429
36174576
23996701
-560698
32431080
24870406
19725559
7073096
11259084
3911606
26066851
4820587
4576492
11742498
1408968
13868937
38565487
41601678
26253549
34099248
20454819
30257896
36641709
6311251
37576341
15194025
16319313
37862635
23942149
10109812
25434728
26104528
13151828
16328589
31797937
35515935
2531592
23494262
39351692
22320055
1217117
-344043
35465444
10229265
40959814
11823619
38045242
2752574
12867077
43478759
18173116
31773880
38617308
5490302
20689457
20481550
22041663
20151031
10605989
11647585
41988272
14492655
32527916
12870861
4937758
22782211
30047496
28084363
30238551
38967842
19897848
32963246
37225233
15546628
13733632
42015360
32053285
8918057
40933203
9982340
14265968
8714069
40289085
20875539
41424008
33404209
11762065
16691836
14728363
37385616
11998249
40170392
39582595
13501978
25636918
25456519
30668460
22105370
37898112
13242352
16642426
32333532
31345995
29520719
19462942
20460787
10748561
40219076
32400459
33722858
443713
11483429
9255976
10765022
30657236
22142193
27089084
21517219
4712929
25771423
29651838
41749074
31259981
30236132
18376826
31623667
8311797
35811285
22686293
39424705
42427681
5412452
16025933
15733644
17053115
1545409
15597704
38384779
17925965
38811762
9168378
11615785
41588384
37695731
5477471
16401442
9543766
21987779
5937056
30245882
35790153
-667421
39481217
19742715
6259929
42184044
3946982
26494828
25288990
25968314
23757562
12757819
35525302
22182128
21816118
18801476
8077256
38428678
35417092
9943017
41492365
9562584
31898200
21874211
25128150
35445845
36625386
16502908
19615796
6556081
15925843
35085652
6036336
43005940
10641044
30053309
24631422
11737688
22587488
26728526
24910147
7213124
7482226
27562410
35557906
18668755
22007406
25031694
23355174
38461706
20936534
17419246
9473032
40525161
33051379
41221832
5145404
30950496
29343975
28186840
3873008
651320
35353147
42113603
13311815
27020488
21546425
-283190
29816862
10853359
40118301
35467390
-448637
40339308
6573407
420737
35333382
32441712
9642979
25588304
30072871
4230088
36597856
28046013
23716054
14635422
15691691
15258415
27083136
29562364
42080432
43302161
18150996
14326982
21315488
28189038
33930348
30479349
25374112
42883395
16129220
39743102
14923404
33949228
10150220
6086490
24916050
-269371
1671313
31520160
13632296
19168215
2608513
30341236
6986670
5990395
30563658
17318247
4987875
34949238
40565013
3160976
7399771
431546
25976737
20077675
18482298
23708601
40418127
1431551
17007641
7956408
36073847
286302
23736772
4802689
20087843
26322485
38428271
35887858
40213974
11269854
11954614
12242595
32837446
40784605
14767313
22827955
43259577
43088247
665565
3246135
18437982
8303135
34383333
10503673
18707304
3001609
8165815
23965573
10458574
19783680
11493786
9633943
22874364
12749896
7436148
42581107
7880951
32301049
1475015
22990606
22087154
9507197
12495617
38840186
7476350
19073671
8468547
26977896
11637338
37395173
7468496
31648824
34564201
7600457
41327500
34057539
41766758
661822
9631279
13254164
34628124
39933101
33746359
3721171
678527
11660679
13985052
8779576
16070369
18819703
40644431
957441
25675749
27424109
5130184
6210813
38687006
20329577
41083892
31013626
41563375
2567604
7339454
34093456
1407321
39787357
18199977
27928745
9198867
23550088
38279219
22685132
-869097
5971681
14079060
34871120
39213553
15962699
36400469
22088085
38303389
4673391
33313151
34658493
37069776
39453738
3086890
-44057
37224459
15712467
24180378
23435086
38948030
20166786
36625392
39285601
26443323
35547799
16952648
35749022
23674020
21712983
12702047
18366990
8324965
345314
-428420
14120594
37920214
8636481
15171037
5335848
25550600
3794863
29769421
38549172
37321595
7579447
38990662
43016456
30997597
11195871
13013076
1961804
1651365
21495892
36626999
30561511
25250012
27136760
21805811
-815096
14809476
8319375
31121394
33540849
17643961
23038349
26159840
22436923
40918101
42492473
16089233
15051446
12061176
28734381
38764
5171325
25706566
35402393
33515139
17869599
42396310
1017647
21212863
14250452
39417880
11077501
14771107
12459967
34263538
29466180
5519354
5231825
21203132
-828178
33529996
42568038
39655496
14381254
16032232
4611635
29035777
27919215
40481506
31277218
21531546
40272292
6694301
20565068
37681617
13930526
1865787
30546307
9254217
1676978
9565647
12539347
4242654
7286449
18057196
903238
29577440
8319833
14815957
15569418
28697113
1759419
23069065
31474684
42183665
6982944
23606861
33573864
-107807
4576102
18279627
9421866
39220874
22135556
30886202
4957880
22775301
32972282
7626929
33059158
21101499
37411230
11403540
8965482
8994020
31075676
36698629
37437702
29176865
39008457
9645257
6435619
25917632
37738146
7206223
20414323
16936451
3016175
