20141228
29505749
31043564
31774163
20439728
38892798
15502628
17335588
16506192
1544600
23428938
24370622
14577798
26878465
33623380
6378150
16098331
23496757
12828379
15591114
8941527
27396439
30924112
42326751
13991161
1018408
35693338
35025336
24173375
13241554
14823805
41531857
32493089
2838952
12644528
30450808
26654475
4080097
2794821
14852795
14929613
15027890
3285678
15864992
36105582
20493963
16975793
15570377
15815145
8978529
14621169
31742373
40412583
950034
1399784
9333661
26497615
11737623
29477129
23936908
28602228
13931012
31577290
22947297
22863971
40572106
33148107
18815519
25000572
2685120
21561760
19210410
14775175
38588280
7379938
14210918
26497710
24614365
27758025
39474730
3345460
35248751
2710693
10083477
20862840
38865573
17455031
12460158
37483609
8116353
23188271
9916291
14636311
25216301
1549555
37940246
8480826
13608118
13944645
17434818
36175800
6262163
30965018
17701302
16551743
17358905
15074392
42038842
19245970
16091712
33775842
21951144
10471264
41657960
24816201
4190941
5825402
39431330
14038487
17436705
7408906
-754543
26398490
10801090
37074451
4328293
2884358
5478681
42367902
31843614
19398826
29689017
29895387
33477311
41338441
7301234
13742740
35747529
34979996
23831068
40441989
16886194
12035073
11885216
42125026
147288
6879637
32509093
5701882
34920289
36136666
2788369
29751008
4690246
36870020
36392413
3783451
36592036
39485210
41217226
4993156
13323130
28888271
40869001
11610696
5320519
16541392
42600422
14198251
5218750
42317204
30465416
23615278
29689555
2819622
2986995
19526905
26708437
23363583
21432769
364159
5201107
23191880
39477941
18326034
19418401
28973346
847037
-998062
6801404
3359143
10080649
41048105
2227559
18566804
12331032
37098026
11347674
9697862
24273692
28381115
40039235
35691797
34237187
7067384
34466739
18269347
16660666
6181205
32374788
42903709
12822775
22236414
17318442
32175884
5341418
31645742
32959992
-135163
1000038
6521819
7579322
4009426
29940876
21447808
29217555
4350755
2968202
25475824
25817961
21138591
15576325
26920404
24219159
26767836
20741689
25399555
35533059
1115364
33408190
26026544
10999883
41819338
16171071
38136894
22503149
7739337
37319637
42607751
20722470
4717814
16770660
31318969
7991051
33566005
27255650
13843529
23290114
25196367
26911581
36417479
16723730
-7121
17374752
28438789
31518714
16575625
38449759
16711647
298098
2434828
34842446
15093487
12234772
21248333
42299092
39717440
36989163
22410494
18367409
27366271
18878266
12891782
17105381
28664431
25945116
10391108
8275965
22687687
39589410
2274902
21434172
32356129
25063011
4081587
18366137
25284446
11328480
14840342
27771616
7817981
38394410
15998318
43220412
19642993
10621940
6320333
25140795
5578614
18544396
26974569
43185366
35777922
42373827
16400612
27092317
37461632
15118639
25028902
30806849
1883160
33774044
25324044
26993439
937080
24884400
18574521
17662084
-627271
1583360
37014097
33812548
23723643
6964021
29067040
29375185
8177637
21325188
18465909
16725285
39453046
27373520
23979684
23764608
3478991
25538179
22083517
29691612
1307174
36856934
18922972
1985644
5393647
10182821
5086928
43500000
34392740
4440531
16827462
20337984
17503200
8270064
42401865
29805026
20322815
-760663
92119
36200264
42304676
18964753
38526513
20287123
14515933
6926589
189163
42788609
9623746
13397386
37661246
30785006
17695740
23341504
29082009
36390987
25740825
6769749
32974562
19246841
25384595
5703455
39793001
-164041
18813888
12659192
24391276
1164842
43072348
5546004
15900820
40892542
28354683
30833015
34027194
38667658
36467214
19819964
28872334
26745567
14817532
20734461
11182100
3724449
16534814
21421469
36483374
31006567
31560773
28233963
12505670
37784945
39839963
3147058
13669002
3277994
8699936
4890445
21404021
26246332
32645711
41553638
17059020
21779198
33782129
5624329
32921268
2025047
18228841
33616742
11052130
12162779
30970528
9840109
15988077
14422332
27908494
22237977
-28731
2616812
7507244
16839094
21451777
23571528
42172525
21791198
14153157
18885316
19859762
2407111
13805723
24362399
12123524
22008858
5743680
26297140
6116477
23751035
601733
18142914
19295320
16264138
8836369
33265169
22635121
-366126
34340386
-689840
6945417
20099363
3954679
11041135
42190000
10675928
5508022
6761545
28894681
12596591
3272938
1026763
3922119
12600712
1230380
20004489
31093437
24286075
11306212
4718692
28509927
16370226
18280025
14970997
11683315
41908272
23735056
39452113
8310233
13492881
11597367
32124556
13416770
25691514
13974972
6117356
28483178
1003846
31054437
14843163
40948892
21940103
26643928
24642817
12869090
6616713
41203748
37423002
38238727
13407839
30663608
19194686
41241356
2195597
26838491
35658563
23102854
19524178
33625262
4118361
24722517
9366411
38861681
20044054
35633934
26350586
2061837
10935973
15087306
3519608
19065373
857889
39150852
40708522
1295742
34402041
31139335
41465827
10215412
11909276
33362849
9148908
22281734
3539875
38713452
40251636
7078178
7019597
35927038
32662304
20445796
6357391
28119408
21258134
32510185
10553631
9312495
5680927
19855292
41185944
25218583
20769852
31788961
9061790
10500513
1122002
32130411
8805977
2481598
21116813
19048902
37450705
10904679
10993592
7727422
33279865
34716220
27672402
35478666
42602840
-24404
35105252
42449228
26029287
9728317
25367306
28833559
19801584
14083535
39390730
27170574
20070996
41382820
37656848
579400
27467415
23197003
2429967
532081
2874556
33711193
41952232
26712365
38085571
41961124
8355987
14912634
2889015
24841404
39693115
29586143
30295020
2481201
37050590
36436099
5150478
41268494
35567706
25292430
35270145
10431831
6830265
3575154
6751598
30754894
-13517
37135885
38941564
7102232
29533727
20689424
40587138
6964369
22949354
25962003
39652964
23160704
32545569
9707780
33734850
42056935
38483396
25634379
16912093
42528302
7287153
6624014
23997892
29895978
5790040
11981089
28040485
24330631
35891172
12603243
19963350
24693687
20968087
16417247
33962664
26502365
17657925
12039115
5790914
38635943
18531579
24840434
1028762
835027
32100914
4015817
32182330
37063596
22217648
20031007
5132915
9151961
1033995
21463167
23642372
13935874
40758011
7784065
30744835
760040
594623
28186315
15974296
745266
25414896
249817
38324515
26082853
4306183
40952575
12233077
36651827
22205656
36949606
8398382
32434406
20173774
15506808
6408499
24618280
25365247
-155456
32477125
16668343
18010107
4542884
33160208
28673952
12423395
10554766
14683170
10329595
16466648
8583589
9647633
40550
30465077
30299019
31278170
18017631
15203506
13779538
18641877
34306422
5505044
140756
11035790
34989034
36095898
40462708
27883303
30687052
24827917
12798321
9148755
39514990
36926412
12903082
40285134
1743129
29798339
21263734
40186394
10739989
25423124
237853
20315641
29477656
15236681
11554552
24435232
41348686
5188389
12200903
15859100
31911021
25638786
21805124
8122986
42747461
1064941
6616490
23573271
6118031
25234817
41153386
30742681
4410244
25886520
605341
30794746
31151953
36627236
30891838
30758473
27012655
28624839
41104727
34957811
25361870
24430370
13841674
22137688
8034419
24425248
5570198
20042399
16395783
38531557
23710168
39574354
42658399
19646278
17186641
22606080
10400519
39442665
5091572
43089819
26548185
9175492
40997213
-125380
6319621
23214930
10283030
16467513
8822487
37830336
19825318
14323651
15159024
27045174
16820694
7909826
12228655
39166142
33477099
29521035
35486370
10160812
33328212
2478290
19605381
20376117
-388263
23157900
4821553
17015081
19419453
3117881
14714064
30023665
27393642
5654025
31726846
26884133
6052873
1215706
12458848
33398718
30369726
20857754
7008352
18820524
33763889
6693170
24885208
41085156
24833965
6096934
20637264
11733374
30424412
36627568
19770465
19347408
19537199
24022497
24194058
23389090
29568089
29731050
30392747
32041053
24559782
16210226
31229598
563213
11252833
23887383
38805472
15462350
7329356
36156569
16993025
10951250
18378799
5341148
40119301
20432909
38459695
21306236
-903436
6494556
18812883
5570569
27691907
18068949
18184954
9694393
42228059
39284310
18991680
1898383
20291397
2850504
14962471
-143077
43396349
22775107
19748968
31033932
201
22076971
25961785
17487598
1496489
37743440
14223139
2781653
14111256
18294930
18524004
21040497
12959861
8397780
37469983
15423415
5524357
25
19058655
34098519
36659508
14151794
25871011
40919387
12111741
269673
27186359
14350234
9919786
14202088
2681080
52427
31204059
40981787
39411578
6727542
-444312
8750631
2290693
30610311
11178341
27435412
36142647
3240073
17880466
26985224
25577217
3049980
13716298
27529246
22688995
32862770
40638231
11438346
5787437
12999616
16721988
30975925
43206775
20545222
10102633
12205658
15566902
31043885
16061154
43200088
27048278
-835897
12984555
39320066
3231069
33081066
39649094
-543213
13711280
37624038
2308867
29417333
33507068
31204899
35166578
7686382
39072018
42925034
233614
18170188
10244115
19852924
5381156
644690
14873550
31493714
10245586
39968834
32189153
19794979
19758339
24187643
6547686
2049969
12835044
28002622
3944664
18294492
11545013
35833816
23125013
28847018
14091167
39938968
4877282
2374598
30918121
18364470
35371398
20314438
18273239
34861746
36103141
13615857
27064012
16665959
21804696
27871029
17764444
36719379
17482349
42055127
20874972
15592309
15283032
14353991
2424790
29306855
2590157
22044125
6045493
4993692
5383621
3851819
5983842
36520513
17361447
36325173
12954350
39428188
22051185
-724585
31591852
22783624
26544704
38913199
27620630
9522794
36811963
37077841
4050785
722849
167030
39413015
39524158
12213406
11182502
32270547
2244180
9483882
19800759
2115401
13108823
20566192
19668796
22646277
1254440
32826957
1368876
15259376
5083243
41209785
5737046
32433650
10952109
17356345
18768849
1226706
27368684
13396986
2676203
42853733
40363897
21274753
8240302
36351974
15635211
16787991
37579597
24901657
40680923
12009634
33397645
19223029
17877260
24562520
16688492
17569127
-69396
17669528
9148498
31840732
37969585
31838105
33143075
39288588
31672309
7518387
42393776
40431179
22236682
10750875
5003097
16516874
31590218
-236447
40985217
40340045
5720256
27306105
8403320
37492027
22675024
1422506
24965350
41522180
23120613
42335666
10288892
22918449
39601002
13046173
28954401
689537
42364793
24519186
31249903
14375002
8003900
439383
25146826
12024300
5732763
8188515
26774001
41140177
26922110
18736794
41642655
36026462
8190821
15286241
3931676
36866937
35665311
25325435
27684659
24056413
23080634
16852628
13396899
26155744
28555611
1151256
32113651
2280007
30777289
29078072
27909012
15294319
30441469
38402859
8230778
25909507
8575831
37073780
9111214
20059191
11273608
1262739
28053050
25846538
13128040
34102882
31430495
32151344
29573078
40896712
41838018
39554504
41847907
29588669
994839
32256008
14523940
10779133
42010968
10741644
-693204
30600551
15503431
20349378
19061608
20283559
16235807
39639922
23284810
9342620
13998380
38862841
410648
-99461
2503919
29570242
4357416
13412005
21023234
41161723
36016225
4229432
5145259
1794629
16080348
-727369
36764064
18398210
43112093
34170195
9721220
-384981
29539380
29737544
30144326
39643195
35019224
436609
39127666
10749415
24180339
34695222
23728488
7703756
27687549
16581257
30583309
8837097
16750372
14666520
43120674
1324170
38174877
32463511
20539727
5473615
8448534
32083455
22194052
23432215
26133619
3338509
32202082
35118811
5707049
21703311
39714792
11627120
11621782
36125667
11105301
14084149
10474168
17979531
18163604
4306744
9540746
33379259
31952243
28646337
29273518
17301930
38349035
11606286
12656642
33653187
33045553
32054594
38537974
40679427
39547696
34098655
12396282
11309389
30845712
30812997
25719076
25748158
23244436
880355
32819954
4697154
40301061
2207738
37834832
38088605
28997260
17221423
17369659
9858432
5956726
40967871
22999566
25566278
13167777
10340554
41049351
22104306
32274227
35328144
5118697
36908152
19165375
30602904
13255831
21124454
3698647
19684842
42655617
21966403
36877207
268052
42270791
24194924
31639053
6329157
32153829
11888044
-733926
7437579
9829986
20471499
993723
40211636
21714439
35268096
23139507
34847341
7674482
16597348
17577011
23476844
3892170
27013885
30667591
718214
5907772
22097393
25177866
19717727
19604698
37806347
5741094
29320772
5782211
8217390
19613844
21832977
7351106
28212327
33561168
23651598
29856060
23574856
25449945
-232119
12134897
39127818
18478689
27865580
28613782
29004452
22192060
42319808
24412352
-620573
39446266
17231068
32694362
4019826
42360151
27195670
17557471
4381715
39726576
40071259
6540945
19587146
2347344
29127668
41857494
18435511
5602648
7016485
8895093
13538256
34229874
15613147
543276
9404556
18749816
30175820
29163936
3537063
17819866
16621480
8769403
15581219
6752021
37583586
14686508
41976682
33760207
37946543
40631102
17786669
37737680
37052769
2196865
34202224
25818323
5645973
15906388
33872239
26303362
35794405
12452839
31985220
7553509
9330119
3382195
30521309
38164488
30528974
38354022
19705906
38092481
32194695
28418097
6243725
15870792
9907402
3079813
5691955
42679233
15322035
-705751
25560134
14950447
31565848
13676050
3374205
2739160
1808189
39303153
8281306
8570803
37118228
7486705
17517430
39750621
23590799
19639114
18201995
28676969
34708844
25252626
13963482
18682933
5532287
14580233
12734853
43399135
14580869
29507371
16354578
28863416
460496
27458822
27286285
7958436
16424150
19846624
15554238
31065534
26446560
32852989
-323351
5818276
8158070
34952322
38735997
42683771
37758299
6146450
34016582
4989223
41767640
24678357
28818201
31806941
43373498
39813523
10157431
13924136
34997236
41430445
39771736
8154919
37965436
37616846
27808079
28760221
20616861
31083372
22463974
33925243
12174493
30611541
18338571
23477426
13554630
36210197
16231890
37145613
16459995
41474448
7206920
14805727
4585699
39461218
16960824
32377407
31492275
13657418
23793640
9679692
28159558
32768275
22740178
40319668
13609060
41898839
24699
19102019
2819128
27633400
23081562
13461297
9626746
22376736
-412845
25653815
29244015
14044093
18557781
18669921
2779430
33609066
41235137
11819841
26225546
-915695
10563666
22616008
8371269
27123774
34015440
38517884
2198991
237158
30091137
10548736
30449561
11440743
9248313
11806420
43006516
8488890
19500190
15498225
19369800
36842997
9119930
42738383
17856375
38491220
10943978
31288717
42266782
-395823
23793540
25693899
6826022
6023228
28001366
29919547
35963439
29337609
39767787
21926761
13996137
982945
3891508
18299780
28642765
19840529
36212525
21926880
14160047
3420289
28969911
16442920
32163352
13522706
12359572
38982465
111888
23377715
40644177
31907354
24713997
26623360
-304115
21021462
22232217
20805303
874489
29518260
10807145
13989067
26040142
411828
15713973
24656858
42750247
15861681
12346534
40254145
6702296
29489176
1321386
14481482
31031579
35021305
2352997
36986352
16198322
39231597
23272466
18769133
40364455
23436308
4357807
16988664
8019949
28382126
24487671
41976044
15982908
32718270
31741219
18475313
19868985
24415023
-367249
10273356
3364998
40719498
19743625
29727734
4058531
6875711
5484212
22217541
24824382
41910109
12398036
27173060
1457461
23152013
11201606
11368547
38631124
-233795
1913827
30125567
34483569
38668231
1889568
36848230
8389287
32928974
28566989
31260020
9267099
7976732
26526436
480322
39833229
20314380
42895189
20667982
30757614
32203927
8627767
36193336
41576843
9087237
7542363
35954423
4876741
24267204
18284181
38835425
31935720
-986702
11822436
15636223
24460674
1851378
12413961
950568
26856748
20569325
42367686
458410
8163147
3207749
42969042
24692243
5427445
36828760
-216438
15680288
5810727
8466761
42027374
26441083
13821151
27438714
17267897
19373292
33039380
17618151
13602418
18768116
7120031
35545301
18931433
5417606
7591598
36378173
23238842
9792959
20195808
25720576
30040121
15175530
15830128
20614657
2457285
42325819
22520467
14719982
4043492
5630162
6048212
33270839
11219176
28171316
1714871
34278961
8736551
19020290
39401332
41465883
6161036
43121255
2471556
9079033
18379814
33730760
1097603
7654664
30143943
13728020
34597774
17427477
7724332
28464397
22163471
16758763
2928976
22687411
281390
24437444
29465248
43072755
11381718
35340935
1340718
30085895
24371780
39740419
35392918
8011180
34856582
28348169
19001809
727209
39293047
29521585
12612712
41065312
39902065
16044064
39693751
1372546
33137664
35376815
8204814
35475097
17963908
30819037
11179194
11912908
18620501
4439003
12763874
42168446
4800399
8619158
24887389
155074
34721111
6340181
19962746
7789917
2459431
25157617
42809292
4763658
18491245
37326237
40188934
-409471
22037343
13244486
27302483
12140107
5118020
594574
18940347
42631864
29740722
22516986
26883134
37500995
-850018
42073860
17888473
-207504
26684399
15263379
24254585
7318441
41612083
304988
33040284
15822240
11089694
13302
43177700
5510793
19142587
37319884
34898513
20432173
37984756
13022511
41699522
24810421
34313963
42244914
15149664
24660127
25377284
13421302
3319003
39513923
23344050
5775382
40180311
27109528
19727368
42106997
15975383
28066516
20061139
16762023
3371916
4907991
42620026
18085007
9741270
26995985
23539963
12876634
32768327
5930423
33952162
40074854
42537526
6973545
33046152
2790351
34812258
41951522
34325407
17146085
25798191
26618572
18142986
31727312
43283669
1711189
20702940
43413117
-754097
4549492
26923814
24597815
1262752
33696245
25660893
14121662
43452012
39270779
2626112
23779759
119271
30720634
17496036
5922807
38810109
13466148
2237102
26143512
23574914
16586718
14242194
24579811
43241435
5955771
32731328
27301397
3531139
2213587
42455930
19951378
32053184
16177622
-182966
28239534
-771964
14444209
13942321
19008781
34468284
35487806
36822185
12469248
18666264
38045340
10475335
-827083
1585390
39676152
33023961
38815848
13607485
4789729
441493
18008259
34876121
34071242
38760691
21573911
2746290
28940515
3966193
6047807
27664507
41149681
40137376
4783824
40924401
19113713
24624413
33759480
18484692
34409361
11496811
16988534
20159809
36382263
26340333
31679699
37495475
3813779
22639738
23113093
12777758
2889295
13327895
16596855
38166682
36609273
20785825
14646664
3968390
8736548
483931
6844346
4476078
22032638
12305831
39922155
37781178
17395692
30881520
23256904
8141356
30199523
27321371
6287408
4860660
38479438
34091300
4417860
35240812
14146740
41989796
24460782
-370282
28791886
5696869
5142033
37194517
31290929
40254417
32860623
40572093
2216595
30602725
32673845
32480153
37569275
35367957
14545742
6252072
11248315
16894920
38153441
17947463
8983842
31805050
9114933
7084205
-113043
11389739
30013909
28630378
24434983
15808151
7485875
34216506
17090659
23182958
20270497
20735139
17488365
23044793
22215428
5560610
8784169
36352020
35528456
39526314
16399758
30252983
30022486
-366497
30692432
8146523
31391631
14599708
37426799
41662605
18703950
42414919
25198594
37017784
38585755
38726529
27240939
14234197
18348592
22057443
32595689
31366800
7121684
32545488
30456253
-913282
2952008
41782268
28942221
6277969
188930
18100881
33378662
8163058
7947718
16084608
19677026
20375357
41579404
5478077
25064876
1407207
34720040
40570743
24119263
20958301
17517319
5216433
26490108
39260340
40540432
26798919
41466584
30527423
11610969
27264518
22177926
32702626
41425990
16391907
34077967
1030041
14344610
35334305
24971020
21844709
28851828
27416197
1364805
32289244
27142867
8891847
13392057
12866426
15653506
21122015
-295331
41778634
6211528
9066403
32973730
32510970
8709156
10812861
15956663
29506008
31607472
21079817
22171150
38138219
167160
24691556
14174457
11544978
31373716
39468849
31758740
15738567
14321761
38796518
6409533
3144551
20306236
6006572
42370229
28042059
41101801
8381791
21929835
25299031
41961858
5329291
35400161
30125304
5457995
22901670
22284710
24560159
15889756
17485797
36671543
42926501
27776002
2484921
39357941
7397239
21008182
32982471
34441257
9472230
10713935
16156531
41545121
29839704
31359681
6149441
13659307
28318674
33577957
22171522
13279455
14051326
31687578
30843040
43324943
4185601
34717367
41949297
7631810
9705099
43211800
29118078
15366889
28711432
36036846
6919053
26776158
24422800
2728470
40174137
29350357
19004161
29807707
30894442
38891233
13903341
21932952
21233324
40431282
33304675
34339952
26707668
2350981
39870307
18007068
25763521
41343337
30734999
6409728
24260076
19265712
4572637
31934729
1476361
3400498
22215747
18354184
3343748
2753818
40253253
977887
6943566
41500434
27279378
-757926
12608143
42137240
8160588
21360286
1339348
14752162
20400623
35958261
8605136
12830841
36487897
10045806
3026385
39539372
25092844
43193833
12964500
7717381
29873658
33784352
7998417
8173645
5517863
39156434
22404415
25209844
2576671
36600664
11980411
35961270
16828757
35978739
12045462
3227516
774614
13799183
34415638
20017927
26262465
24389006
12003236
28983304
8478729
11898983
39487461
37804816
39537804
31345144
18593503
16207608
37293845
7555208
5618329
37625884
2733267
25860254
37616763
30857725
12400723
14479047
32288334
26183462
12632773
30415361
16679449
16898955
14332019
37244995
29564341
9755083
28573413
36387374
42055041
13880125
38893188
27127359
26699717
8127978
39272456
31105086
15019477
15026437
17017703
42704969
29442200
4351843
9677401
16992114
22921375
41062708
25146221
23483203
3590401
32561821
41274357
13949812
35034565
40741451
1862682
42137431
34612736
880682
38648797
19177514
25820705
15239438
37281262
43531597
40484252
23715699
2143747
33925409
31845828
8121041
1535737
2527948
3725907
15334787
9455270
32302466
15319976
1890931
8816259
36203763
5932100
12170920
2660256
17443127
41871119
12391056
22477238
26973117
7346051
27856956
31774073
1020009
24900862
34105348
38562629
1292525
11421105
42272238
21687279
13648429
18525538
10548658
14873241
15987149
43057086
12716242
9596293
13802051
28014391
40120718
27879942
33372842
36475462
5969713
25498748
21924470
32486865
39511074
17370601
10376068
2530916
16209312
8880522
18871504
7155423
42789753
34574993
20265485
18657523
9887784
20866739
15936841
42203485
41662378
29954979
38143692
-92424
31566056
15179101
14355698
9876103
34806137
21375190
36984441
32736969
12160187
11032563
32495344
24707601
34714240
37416172
34741709
33785255
4892992
22188823
26661986
22846082
8338201
36004550
34814537
20988688
5808591
-965197
8753172
12108194
36628498
23289021
960433
30246418
20611996
27021045
8624585
8682114
8041630
22075939
39922618
12258733
6282200
11402693
4673474
23367804
7669927
28296353
10827202
5762841
34806311
5621130
38632760
26646641
29733037
37779885
22699582
34470371
38077437
5244870
16624019
41503144
6053001
29467460
6431849
38221524
12813977
29509730
3517346
39013286
40073691
29674918
34478099
961757
18076077
14420162
767980
33379113
25114512
34398268
6872523
39976744
4775935
7060534
13094905
5716493
42175135
3090428
9015506
23696664
20046885
42160612
25375239
9104731
19183006
34196023
6978138
12207336
5624784
6985120
4708678
38165878
3309395
20981310
37514727
19343140
25259397
29595824
10136926
29737360
38887980
15909832
41716346
1663290
10476905
22687770
28763564
10728238
17347307
3121214
42362599
33445384
39638466
19394101
43383456
17583629
36530772
34534881
11495092
10404160
38152093
30195376
27499706
37011798
23374324
22368719
11488072
9790053
19502966
14626459
24763932
5420215
10095762
22791877
790458
8911064
5954369
3546088
16976652
34674365
25003385
24514815
-132433
41328180
-32951
42752612
41429317
7104607
22014164
37800848
41346131
29904798
39668305
12277214
35983919
16081059
11970111
14644208
40519103
18817694
3136508
36769220
24648002
8940393
20173952
26318145
14771956
22316067
31363876
1506708
39158252
35462514
12338693
32196672
41261417
1038991
4683199
1123279
16407830
16861458
40851774
19709250
31123419
41552371
38354632
39760978
11712489
41912722
43262289
42591438
9649179
39430425
10975406
2136135
27701221
6475765
16401258
30364600
681176
721360
16208269
17959123
643361
42256929
38299612
33791323
34487924
13562446
17835374
18215639
21408110
-41348
12506094
7855296
7181446
38514459
37489096
34545780
32221714
27318373
21229453
35830608
7409859
40801779
8959855
12536004
38902519
23258906
3571968
2149970
6889629
6211016
35746538
10434836
12182321
23176226
15496462
20962558
12306991
25367528
7288014
29469451
42049679
19118623
30245582
37325809
16355820
1668066
9177784
17097885
21178314
9849221
15499841
4039375
11846925
21842145
18437699
9330705
36440373
35938408
37741449
445604
19578255
7885616
30824166
29698195
28311363
17325976
27444701
7949012
38734391
42862088
3641083
19792
32164541
39312642
33718189
18693447
37992275
23452558
2639235
42075689
23467499
41102857
31052362
27342738
29255645
33057871
1125037
29648580
3784211
33011013
39610932
13846162
8067983
41755663
538941
27520204
15178457
6260436
39995882
17340571
3079880
31181794
14417483
24483176
9771356
4768787
8101267
28681918
31160936
3205722
22556018
32200981
4253093
17713881
31418146
38147055
3507376
14766513
5900742
12232512
33266695
1221723
23681646
17532622
28776689
28076012
39826710
17254566
39071039
19549540
42145969
767225
12160859
32922374
40540169
17583723
35797650
27073940
29572602
39623890
12162190
21705980
40443412
19499850
6121179
23750476
14427188
11812734
4138864
10647154
42929746
40673596
14993636
2279763
36802604
42930563
32372406
12782922
30642485
41774729
39433792
23692963
33579220
10881928
31507751
29087384
10602415
4831948
9503139
27525033
6315176
6265756
5748823
38623383
5084775
33066572
35296579
164422
34547129
35246897
21034301
22350391
41848937
6615097
36061376
18401528
26386150
30201646
37048625
28504006
14096729
24248815
38210022
17604975
39912265
38000262
42057294
3476419
36967450
41959829
34511907
13065553
18574347
14289150
40275226
13552599
1780201
34565492
-18088
16388598
7442418
38645585
24520885
8028111
33089379
11047726
4716050
29878283
494460
17080931
26311309
15030264
17601352
28125073
13809446
18882654
6930473
38079354
11375195
18659200
28814283
14631410
22915656
977470
39588629
484966
17887591
22327304
41530405
19876745
22738336
38643046
25141081
12515341
38195583
14739556
24484
11909341
17393586
42587616
10040242
41299294
15545468
1447664
19911419
21175926
22120668
16290151
22932858
20329666
7449798
6741613
17940856
28096567
3778200
22399604
16723749
22887988
42147091
28033171
3090484
43283580
32756412
9096445
34803411
19673273
30671207
13971209
3013787
10286582
37035031
12129744
40629477
23644565
39103793
2239313
33864780
35933721
22572093
26881800
10888235
19731178
29609970
12644547
4258562
7260624
5529335
32812954
4432655
29232132
11673972
14085554
10658850
26569183
35627912
43073478
25547736
6562711
40676198
36281655
33697142
14235418
39735658
23290110
21396166
-636321
2321938
39352281
6669923
4352659
9254135
20220174
32486487
32350616
5944022
12637070
4198855
14394752
1012558
-848483
14755404
27217158
7324888
2285784
4711064
36799338
22083242
35266258
-982579
33965703
39979271
2168859
40092387
5265178
5114342
24057242
30999050
6445103
6158992
30038962
41632694
26005580
37476762
23428449
29979913
5592899
1333495
4564778
30240357
18691041
25751067
14210432
541077
26388290
2541256
11581978
43312043
16866410
-988895
14369520
3240351
12101582
17338942
12096003
13424120
3376601
27221236
36189071
42795993
9837805
2773142
23307737
34350143
33974416
14064033
19130023
23721837
24380774
13188231
41895649
3987468
1454916
37084724
28573366
28056751
18220686
41014642
5883470
33979001
98855
23691743
5255351
37448421
5546574
12091721
8933808
31209699
41315717
18410125
43268822
36215196
40374002
25221718
27471957
32152645
38126701
41920362
34038129
15112998
21928345
26477407
8981461
13704332
31273203
3469454
34922522
42255845
30376951
20199720
14771038
29046325
5653124
43431888
19263069
12037566
5975520
17386468
31489719
4718380
28646374
37094305
25785293
15529417
6634740
41721778
39071375
31270545
34951730
-921566
43529494
23664776
34919444
13329278
1309551
20882424
1349009
25240778
11932920
3893149
12198916
33658454
17289178
23918932
9245495
8306283
3569821
38517552
18142866
36124447
9401544
17195276
32617619
28149825
37365482
24849917
22420908
39388772
17376885
20492130
42751123
31744675
24675337
2816753
4180281
19765945
20786009
26908964
12950455
34646802
19796006
15100743
21652614
3600790
42273463
9602433
15817668
40211239
1847888
9702270
21871157
8167616
5907291
25323199
14541941
19985673
4609783
31211357
6283202
10398636
6623232
18653340
20887157
11706609
3532289
8274819
6308170
36508467
7539142
29859717
6106926
41172272
2570377
27192594
28664180
28456706
14052134
32272698
12233663
19299814
7875147
25950259
17464944
21792851
8935726
3395104
30393420
16723338
3168196
30608916
4961509
28939470
42382353
4721738
4402215
8144684
16116939
5687985
13670322
31707803
35104537
29201315
11459706
21101459
34132581
10949654
11162232
27648165
19547513
31220314
25622188
14545232
37218419
9404244
3039028
9149628
6122159
20641876
-499194
22566766
29965537
16533216
2035298
42629123
43394379
38508557
33599054
283849
39895781
38931717
33047782
9863388
73201
16567511
28081886
33979680
42367734
39945023
7464644
22026179
3215735
42024934
12083887
29176235
8889034
20727399
20818404
23675340
23431453
31842709
13277859
42712096
27596828
25830013
32779102
41696563
5263849
4505336
40353600
29557554
29615641
14998587
-428528
26413137
13438733
30223438
18161124
14390286
20579823
26157584
23969974
33779395
34545876
26969266
3978895
40305319
29813372
19147886
18275686
37488778
23790433
37618952
29189170
23315100
26508834
21525563
28277071
18309315
41170764
27064627
12994656
3427402
10106060
21614299
14115224
19448586
3478185
23194233
32599166
1152018
38336964
12823361
12381238
9316705
19973573
12803718
40270518
33832322
33385819
29106783
12296203
7235986
41669437
35879902
34040092
16950834
38001753
31138862
31885973
15775765
2300297
10685189
11496533
18439993
3531704
37979863
14143733
11963158
14564261
25588795
3757001
-355981
43104019
17783188
40647834
33715451
577632
41296351
36950671
34882215
31037612
40134170
5302314
13145011
14408111
207918
8313533
9801589
6909209
40586523
32374682
30869032
16165059
8353019
7054760
32452556
30909124
9636731
13310888
37270217
36516010
6413536
33668754
26870299
37164671
7108201
21369514
19313888
39778771
9495845
27408092
27379312
12730726
21712547
10533557
36324269
32896253
17287938
28626612
1999771
14311785
29542533
28718184
33367295
27164137
5088415
798399
36989561
15855885
36826761
27472683
41879868
29985764
-273537
17405278
14796524
40116318
42015554
37535650
12716197
18588311
43335126
22231069
40793017
5164749
17395232
3658814
35135704
37000466
19887157
20844859
38239153
9364386
41078560
3922162
28708859
10087886
12864844
29611006
41472760
26061353
4005911
13366084
7071855
13683635
5700203
30811269
24375849
11553206
6704125
40711073
23994285
29268815
43436097
22213808
30269269
-20405
25685424
40175466
3521263
12701593
13568701
14830976
39598811
9759409
41480762
20059264
18900174
34409207
36813237
42501241
3224352
28095730
39861412
32543383
15550957
4952555
19145785
19626712
4862863
40904516
26658833
18569243
-107213
7030460
27780479
30677812
8222066
10202387
30684722
17229717
27036505
23136524
19542531
40213413
37462819
28332770
-510011
14426743
37616873
27858352
38098776
19388957
33509021
-732530
5653323
14458597
41386631
9778765
25577256
27982568
32234083
16750025
36964646
37933903
34306789
4012959
15987420
11284909
16413118
4120095
39051080
1599324
15170653
-469625
11305117
12037691
9217537
31970937
33999736
858518
15553616
-987035
31139031
5673703
6782704
8478584
25934034
5478829
35850274
8147575
40673621
34686924
32437225
19751756
12029637
2577646
14823979
23234368
20273591
12623848
22882029
9070740
30505825
28549935
5549210
19896605
4321145
9001679
2605851
24246093
21267553
1803473
15976545
36768598
30284505
38409694
24042014
3955276
23560184
31092460
36038739
15285792
29280874
43409108
8175626
9449042
18066851
17971770
4794328
22087781
19483243
28719982
29083472
-134470
19004606
1201885
17506844
29299212
22437302
42727033
4257594
24491145
23146585
657612
13199346
33750897
10551696
9250794
39945687
30820093
39327967
14870989
25971949
13727568
25128168
14069764
24653024
33834332
17657657
42291926
19174158
34055052
34075041
24597016
37179321
3698208
9929835
16782897
7864071
5732712
2378594
2997081
8468691
-975074
7881822
33504884
19907179
1975285
25004720
22282578
12679497
19743736
1016413
10777995
17002423
38214607
36662923
36729003
31290252
36736246
36165689
13201327
7327102
1426018
33185738
11445269
30414952
36667614
23305870
32223376
20277437
17833892
5888545
11845261
10528620
10271561
13439008
42592246
24454651
20072965
13369254
27552677
11206945
13079739
42827815
16729379
21504498
20873656
41209733
23623012
13454393
34128242
38251984
43212757
10576737
20933778
9533409
4893279
3606128
16759200
41874129
36202787
-276850
27948240
10003059
37481053
-257243
1491308
8147098
648264
18822400
11746826
13341170
35827332
41149066
31782584
19882626
17685766
22678476
27124453
30495950
32187684
15229298
-35418
14729381
27754574
40608772
43417722
38209922
6242554
42796402
20204742
13975203
5666341
5683936
42893093
38389274
8646670
6549083
24424406
21561944
40646189
19873655
42097632
28772827
769270
36357996
20249455
23379589
32438169
3759365
41815897
2108169
40153660
36084762
12622030
9805619
26321001
41914988
13074512
5539203
12565785
40051394
37332612
25046496
23371345
21270434
1564814
28403117
32243969
4162207
38529100
22030003
34322092
11146578
12010610
41360120
6141521
24450937
17599165
23349863
27619479
19508555
32179823
8412290
20773761
14293701
41572001
23647880
28272758
37843769
-914210
38253295
19709921
29860128
-58946
19128073
12675108
35677926
1616655
38439682
15683197
26290624
36922100
8303497
35112892
26195899
42837666
41439364
20858943
34818890
5686239
20537045
38511128
16622682
30366430
40184465
42733868
29516725
17776150
23507955
-793931
42181940
27098265
6068713
5061307
34604358
-288971
18768369
40734907
4646412
-130818
-713679
1483711
28311457
3208612
739286
20688867
16129523
17487709
28454814
17962881
32326694
10784215
5098598
11648136
42507079
40545225
24937696
14128877
42904284
20097351
30110566
43249049
31763540
38636347
43136497
28276155
40124405
31949916
-763153
8449625
5981306
27665767
38951254
7693689
42212428
31464905
35520828
37696385
16220099
9294125
33206797
41522563
3630238
17467764
30843855
12725244
38691695
2565254
24654353
20712070
19486684
14534682
3123778
7292739
26693143
481673
4056338
33466724
35843839
42595842
13664608
18431407
11698965
6354588
38300945
35874477
1656561
3074995
6905438
39151426
3845724
31714982
12687863
2159620
23599632
42155445
27779175
40926284
36740774
31367930
43254550
16069794
16780088
5442699
9495560
38860537
-549232
-943458
16731497
32045439
12669328
2936658
11899538
3028308
6977344
33108530
313678
34704770
7577301
1665978
6037296
23077434
38499466
35409062
24404441
41321115
1648874
21171799
582795
26121443
42646519
1321085
17000264
43140076
10349102
17309759
14614654
6533712
9240895
20203518
1769296
7207900
43367639
23612875
38594864
43459203
19386097
5194237
468881
5510953
21015007
39781535
12270906
6263013
12699684
1821384
35999775
42140349
9772609
12206178
22839534
38414988
25412500
14960289
29917364
37329068
34598241
2256394
28726551
14032813
39940340
17148530
10995019
12818956
2964278
42601927
14426706
11171781
4080089
6919414
40642810
28903399
12302814
9201502
23069709
25688932
10237888
4726373
32362153
22726003
3691052
20449064
14742654
26982894
14958892
28620954
29504712
35053321
39244163
5278890
1088831
28128351
20916547
7952597
34327333
3525384
29568446
5311497
32201360
24494246
36497510
39830451
40281397
36629018
6825760
20248359
42835383
14361266
33314339
30645701
39936467
35514237
33011933
14087804
11756142
21705797
26357833
34761594
41408944
5016279
17851492
34685952
40745714
20172890
25851813
33653612
29367731
25822672
17255546
1879681
41594253
1840142
42189061
25035436
32066275
39869580
2983824
3245730
-661172
32083880
37051820
7802912
24704627
3912640
37426207
4800376
34806932
42154109
14860821
14502195
32183121
20161358
7205362
27017832
40299943
22372391
9701567
6115080
28112598
37786948
42477161
39258403
18954699
24612538
24465489
41545775
23725301
33418007
3392322
31744578
2919051
6246612
31607894
23694106
39743121
26601763
2923504
15899256
35016341
19280131
41282608
21308563
23763353
32826474
4949132
25620958
11336620
40468978
18641272
39841548
15407474
30928903
42283775
26527319
5723970
-170165
25584532
3859595
36518687
23456716
13645886
13402966
6380814
34036888
38549297
25660517
42210873
18894628
19398908
28936983
18427172
32072004
3370668
41199713
40858900
294645
6417532
36990390
7582695
22143576
13785102
4650192
40280336
482613
403018
752964
25223172
11926961
26882537
21322852
9684845
17567617
30459168
10784649
18841837
-622164
14537943
21976636
29231810
5199316
12880684
30095090
15655208
35615373
41844086
39703927
25201313
14998776
32880993
19636544
4995946
23481123
3305624
28893045
35329939
24981322
16763025
29316365
39981788
3593656
9764335
19123308
14819263
2497389
38976784
43226466
42433020
6060184
35831115
26471091
40248355
19727955
18217285
23172818
36826259
13703199
21115692
6918439
21038767
31953376
24076122
18124649
5777553
12986204
34990344
42822872
3445295
27141063
29811821
31704515
33543636
12602669
17824479
5243188
31506239
4052540
37053021
15863460
27450371
6610818
28683881
19064270
15571832
29167258
43490351
11779582
23965823
16583829
41791117
34587601
-238231
30100350
34704141
8437545
32482316
41232068
29543818
26426713
20335755
5415006
14387594
32285630
12577376
18658754
2254546
13489349
33617502
13950304
30474350
23964170
7857651
7435753
35374256
15295816
20184495
25033496
962035
34798856
2055559
11345544
17982550
43029234
4568266
34984352
17877214
10276846
21832839
7977862
32905114
32205172
886064
15903741
25870508
24923236
8817694
26029983
12545870
43046469
15023411
30347824
28905970
18322831
5190591
41797800
4103841
17051854
195159
15521855
23273485
38742289
4188829
17025359
31399021
42546570
1200248
7857125
6942592
34456044
41181997
6897064
36722910
2007314
11185585
28360850
8756340
22877106
15458309
4182739
15744280
36817488
21125211
5293553
10673752
40452622
28383101
3905955
34758417
42908038
23942505
2608722
17472645
4296085
12464379
12585676
8787095
12958101
353310
6002641
18398690
18871223
-339590
17396657
14813981
30637801
21120483
4481978
42766206
15221314
31650245
15478285
23132110
40806135
15587040
22098999
6458536
38120443
9161269
41194404
42984179
33202486
34322047
7564774
35141250
24790105
314994
3656890
15490909
40129267
32006523
42080786
38295519
5697904
-199516
26910433
19327750
33578487
30334071
30811488
42421030
11672681
8558949
14612115
6385756
30834935
32301049
7289687
185365
22983585
4355402
15731149
37511162
33750456
32180311
22331213
41426525
-288963
30621975
41108016
22362095
1608046
32750876
32885019
26909547
2588279
6770915
15002949
34513846
41072957
29659988
34967723
8900892
4658190
14916272
42221319
14383659
23790130
24696143
18680978
8822582
42527989
26582
3956243
16168473
20250890
22153966
2198141
22534439
5512683
970450
10048993
13137770
33380024
9649130
17019261
26362103
11334053
14474189
24718795
15855370
26182396
35706653
37730041
17509736
37743562
21328792
18379473
2539807
30678387
30082630
23354100
7843
4160661
38822565
23454961
2226781
11666889
1158980
34678161
23021749
43379721
25912895
25740344
40959905
19965618
19769966
20934340
39614771
37238212
12704049
19161152
1702108
10642891
37803610
3527219
23399874
33552564
36355041
30512609
5884509
37248096
16481685
18368752
28854706
16343041
28368496
11975465
13501993
16658705
39507416
35398865
1699452
11443410
11642542
4973708
3343682
126516
395331
38904050
6504237
11148148
9609959
-135346
4767666
31637682
24029739
15608337
3041868
10670387
24347533
423392
19875046
19988420
21804457
35251756
27827138
6156111
546058
28411789
19051174
41299271
6376649
35404714
15718483
16319080
14112335
3726922
15296628
29502804
16324973
28930325
38809721
4671706
30869921
33507698
20564324
36007048
23094143
1602578
25428930
889493
9390469
41877540
27474056
24404323
38240693
7511072
32144594
33022141
35398026
22337825
9705144
5034557
13414236
36390405
4536969
22291711
30027051
33371732
36780620
27370126
41079193
30988735
41778453
37030029
38326243
34892988
40557257
16190703
11242524
11526600
612561
-383218
33481708
3359285
31642573
35070518
6638068
19768041
1398408
29216073
3815762
21677685
1131961
41489974
39707795
22089889
22961929
19007203
28141027
17425301
5013974
43123896
31042083
5722870
25913171
815420
30242959
14569512
6471360
18303731
25106222
1738324
19171220
26289859
36308227
5314352
38081388
23135411
42363200
10081636
26786791
13086423
28195085
-686981
27891422
1808083
-606308
34767850
27703616
20842341
43379456
41539173
10876619
40807713
38863746
32541874
37926531
10719795
42754940
9156644
42214305
35572858
17646822
20303159
13664815
42393066
38193238
10052684
19299355
36178797
40461443
43211103
20056889
8816989
31085905
37950636
20004290
38202714
17794725
3051311
23802178
16577887
14597376
21120241
559304
31205227
16037197
4607160
9890819
12046019
40831819
36844376
42532189
38769266
17215323
33200900
38093402
11429227
3855942
16571086
66826
14110574
29764817
24349431
20786842
14984582
31221130
146694
15202875
27507201
-482716
3307844
28818859
8854003
6803252
8635532
8229884
15482748
6386967
-476024
26817258
39617055
8785393
22086394
13091824
226981
4644020
5285521
9051463
20073510
43224405
15528124
26022431
14026694
17607239
40582408
39604409
24720697
19214200
21624629
3707534
35501762
21111318
10587887
22688999
13882879
-906243
26808218
21906719
30450423
40397779
37646757
36788363
39313296
-249141
29512025
26509876
18894911
4464963
42502901
28970545
39650767
20391668
34999969
26902143
43110649
-646262
35966353
40234165
37218145
35137470
32545507
6534009
23615842
-149225
9053063
17337948
43114980
32760888
8437628
40104295
4755363
13502794
4648024
7525764
33661672
36221753
5326875
7455254
24733650
769877
19808918
13865054
30438151
27039880
5561492
26118588
37884367
29221322
41513063
34204854
13817715
35551257
25222705
21644978
42645672
12809134
12177730
31590906
17022202
6205404
29505426
2589513
36104184
38903872
7064847
43258664
4054444
17810582
31476042
35759432
41707436
22956459
20967199
34336433
18389843
-700261
2393729
37817912
30501144
-254178
39984604
26429391
28380477
11587030
10426817
1523359
37330497
3970663
35687913
22046856
32628455
18755481
1019295
35142364
6796549
23937752
32679169
30680374
19264249
15713546
19474916
10536116
41315457
22400721
321438
33313024
7717352
30584142
23622164
-110747
39029933
36888689
35869791
26775062
23505177
39329075
6275153
21537041
21894024
10458368
14833554
12187230
5704212
43379632
12003006
25514722
22545374
4602814
34924576
17986375
12340437
35933431
24585809
17479800
29401417
21446086
26347386
21652372
22207173
20363989
33880966
14927000
15046133
28340370
2053939
-997149
941380
22201819
5075422
36817176
39704419
16802182
33351871
42306385
5063402
43467377
29449641
39981004
24550058
30155664
18163544
20491099
6678876
35821561
14223631
41889705
19977897
18708119
24476735
20020909
26960393
39163868
11501489
29559706
26459591
16912858
27214509
34937346
30333350
6149227
212982
16635379
29021604
40877041
11087146
17627412
29016857
23716641
20248251
31232092
38292598
15427175
9341048
2448287
17533940
37694176
24698086
20225727
22993660
8459194
33883865
26020383
6585860
2505152
9018213
31548538
31699896
26956056
24199141
30109949
32983552
8800081
20195837
39202257
43005180
37786846
13675244
38610127
14076252
26065354
9854145
13013651
12362985
39043447
12925562
34568806
5628580
9050209
7411670
38129330
22702551
24971625
31612264
18439453
-343585
55342
20488005
14045408
8068781
22822048
32763925
14144332
5123480
37125903
7446922
32790866
6100779
22086884
22293662
25348811
4494010
40503850
31158432
40145494
40541483
1286360
318510
21762491
18176835
17846612
927678
11955736
36257856
9088914
11735336
33663870
24931547
7984213
10109375
12172457
39693007
7201880
383600
32449289
17847313
1698767
41692403
40096165
24677029
1598236
8943457
-953503
32560659
42845624
9740563
39854439
12068703
12063656
36598675
-408145
4146679
10325678
10663369
41812401
18751778
928341
1851912
28444191
14313136
14596628
10461658
39379323
27338994
29796166
32545617
12656134
16183582
5767823
21709944
25880574
20745416
29445020
38132032
8858483
34104039
8039419
28061989
23706462
21477584
36386905
43237836
8928600
6181943
1293480
23731896
21171932
17351183
36953289
9299082
21617864
30047955
18803830
32533649
5406375
-446026
13830512
38141469
15502116
39998613
42879667
9457320
2298438
36387823
22346736
29349722
2747390
10349330
34545746
29772685
11244284
15715105
24461140
41097812
14914010
11434819
3263567
2134681
39348283
39099734
24229374
-674890
43171277
17641936
22128389
22116409
39448631
18269871
25816711
20407408
23794581
37619612
31616151
9016870
1881905
14332467
5355506
28784055
-308648
29665144
2802423
34418347
12582722
1470465
31462459
17863460
10507313
39743381
167806
-594888
16915439
31439606
-812925
31647229
39908589
37102199
27936042
7344491
1768478
36660470
26844982
5569825
20714389
30171094
32058711
23545590
33411732
21113026
28003589
20055972
29848700
10570468
27796792
36164836
25174062
31092613
36141884
-737720
39629873
29288586
25379536
9997313
29197369
23476215
40052979
30759495
6662627
35571539
2911038
19987958
16404785
25350753
19802158
16771365
11158871
23216953
26487465
30575465
36935801
14778311
17482447
40755238
20216166
31850774
24198881
24826831
28519324
8562666
41357075
2421656
10600766
32260736
19798256
20472264
27617352
15561621
14498929
5168108
11353287
11864006
19611408
42292579
6557868
15735589
16671568
1225909
38265883
14496588
42894795
9081003
11304749
36686368
33654826
3202026
21382108
28902720
29155974
13549865
37295400
41769582
13198404
26928595
18982654
10419049
26669874
5998175
23195385
3059232
5130881
746897
9682188
22075326
39842446
41057549
12995686
35808924
14028751
33280998
14607761
9727344
1847373
1083093
19061441
32590255
10886561
971445
14498216
22244960
33875796
12783165
41869800
41886202
15531418
5188528
21245695
-899237
15740822
4088391
27633701
23082586
2739847
17406696
463948
40102757
23824854
27395655
12737686
35303801
34147090
3690905
37500656
25070763
40476186
14678342
8008964
30244206
22414966
33866865
37719329
13442705
42385774
10782144
1090176
7633674
6821962
30999161
4642458
3187045
24326499
6833867
7020611
34593663
24805067
28302480
21050826
17898626
3968161
33661317
14442904
30123686
18551118
31884953
7882335
32693861
16573795
5656411
19847011
11639633
27717837
40192265
11707462
465561
32765935
1289984
35447922
1665888
12604391
13094724
10685138
19384967
19320970
5460006
2939426
36088716
41576818
5021538
34401247
42716021
18450016
39329885
14827465
24002296
42854306
31306071
36472803
31459983
16024703
-152350
9911229
23017388
28821369
22909473
13929454
12293603
19425889
11568845
9845408
41065988
26358079
34766711
9208480
36968106
27306648
2762075
14765235
13589569
3068097
5959039
12140297
38438131
36964723
30992610
41537556
31307537
781518
11709326
426413
41358950
28808893
20519771
23015591
3914906
2499530
39650650
6172557
27508327
21910067
1359056
23827418
39820575
26961880
18683477
21670555
29086606
32689403
3510063
11362768
22865015
13888838
18010414
31138326
7352464
42924752
3121518
7011606
14241616
15564095
17760566
12757634
24894778
4181856
25340184
11516707
31597313
18368345
19393257
38196981
7908487
39175525
708362
29210862
23721776
23310228
35519688
21140233
42420267
13112912
32988145
41556034
18279372
4157337
-860882
22108760
36650619
1956858
20017863
26390022
27265852
9837215
25514275
31456028
26774452
-683141
9579462
8582109
39338635
20381944
8835868
29173367
41383346
33976028
2520046
13325559
22550245
24806751
41949360
21227350
19961940
217512
37758036
35510568
6022271
13419116
17598217
24044019
33539744
8317861
22701938
32955288
34592516
41175571
41483242
32168530
19574932
42971054
20661179
5727358
37035178
5205214
9723877
21538031
21852111
41295490
6825477
15997543
36169111
42318030
33888189
9002518
27328282
2013099
43051261
18248628
19704355
33112984
11594208
23173570
8015003
5260599
23876830
10090170
34496831
20802362
838750
33080202
2215708
42351690
19169421
1241186
16770308
10291701
9119856
34169134
34410426
29262248
40841051
29850161
2151489
14042104
26127779
20710808
360433
12404776
28443191
1507300
9642065
41637278
34250956
30104938
11386
32754205
21596511
3779673
13321490
18555250
40397540
21024782
7060886
25681629
13975893
24000825
9754638
18180186
29301693
18640724
29930124
41184609
16979378
18343518
12593680
528085
3021622
1056052
27652864
10931780
30484976
18600999
10583029
25742198
18518202
36449339
22789878
19121979
8039228
36297084
30157807
40577684
24023627
18752333
29983114
16890263
30777794
26261048
9602094
36730785
6920846
32797049
664304
-907804
23321863
16751894
1157716
1476636
15578325
28832271
-60991
2727429
26491610
5457617
41912775
2465978
16059023
17025078
4118137
34841407
15214941
16251928
29758146
19967292
19050422
22780776
18015911
29334429
19707207
-984329
18213019
11617379
17409850
28181552
20343086
28138206
35076310
4530821
20977815
30914268
8288449
9717683
31162617
11295352
22382042
-774832
8647392
-369320
11609244
10591575
5488954
36518235
12721346
4823322
10031254
41058342
28339462
13003178
8170110
31781395
36561509
15517225
6443376
23538839
27348552
39332697
37447382
30325240
13544230
1166261
20573336
31194051
3427266
7862628
30535674
27582665
40859539
15461146
10001364
38281561
30065992
14385606
42936909
2406495
39070908
9576493
8240702
31625538
8344097
28461277
28295620
12060980
16573560
20202539
42669440
32234352
30509606
-170306
28589387
30791888
16402338
36826069
16352159
21319913
36835896
26900911
7834317
1380039
26741681
3298407
2267615
19642728
1743653
42054469
35584093
6745262
31620511
-353715
32955431
30923482
22886530
35542419
34971161
6395912
10563839
32631053
4787593
34420240
34621242
948020
4640171
37143491
35522005
31469877
35270057
13991799
14758925
38279337
37910534
40529297
8557136
12483999
30162038
23259939
23591456
32764120
10022223
40048944
30860331
26645076
41228526
39440517
19207927
10320750
34972452
36253776
36868419
23326837
12133308
9836523
1400378
33253585
934167
38391880
21765514
28316878
39332430
31761293
8462954
137289
-949270
1778945
441204
5259185
34739162
27107100
37386012
15876398
19017005
35601357
27077762
27986740
10083862
4013027
8189436
39754178
38409676
33648677
6572722
39296610
28269841
26800793
43064790
36661204
41188738
11398013
28892227
35359235
2543854
22177239
12492969
36740595
35699563
4852719
25503999
28282171
37260443
1735654
33061629
5770510
16790627
8673226
20912542
40542271
26391571
6324324
32189106
2587544
27355296
-257340
36168081
39519188
27750868
13829613
13977620
35911565
18690355
5656076
34915906
25446843
27174828
35278307
14096197
20713090
17079439
19156029
8039351
24078139
18053790
31066528
9316243
26553626
16129599
32343535
21392554
36215055
10240290
27206117
39659470
5098083
37312196
37128915
40674513
5660986
12521438
31773751
8195725
526826
32901486
25443153
21690696
5984393
3278756
5997009
41433613
38528049
33814237
8957238
30173345
18074312
23959882
2063260
40138722
13641242
13417770
25609788
24953212
28278057
20140357
8371773
22117060
26924800
28574812
12773087
12013089
32589273
34537714
4037740
33257742
41597139
32390457
29563503
2833885
41662396
11198998
39277738
5723668
3480990
13382059
23783994
34508398
42750822
6202548
32030443
40804737
7818942
12318381
30910425
706098
21241749
1848030
8552446
31194941
5219001
31929564
-845667
34952415
13419359
19986547
3826253
20307670
23497508
41955888
38677487
27738815
2562318
43199290
21704587
22929504
20151136
27352865
39269999
38392557
12432155
8790123
30506079
33373035
11483043
24001558
10196146
35663762
42316593
13703944
37136184
24963267
142003
23816668
14551896
2838469
7376556
4172635
23858203
1847565
4411837
11228875
39013584
1223380
27648755
4149418
17793379
29397125
34208891
4350826
31088599
19824545
25897361
32325499
-620071
12603127
23545165
4826639
25085378
16558562
31653506
2580620
42091211
8440156
42415361
14137874
30752781
34804196
11374541
26457240
14899785
35526406
39055736
17318873
17578930
13896901
15877872
29410528
21225195
20747502
28681599
15983459
13243760
33448150
34346430
34045416
22312967
37821967
21324050
8818691
35523768
24042657
22870852
25881885
20875816
544698
36563542
29437780
4219117
24625881
20435494
43500233
6562559
19220623
29572969
26933853
-802782
30876084
22251271
17889953
8003388
18156935
32389199
14884575
43008643
1950114
17366853
28293284
8631445
40172670
6740590
10025649
18325535
28420656
34270723
13323183
17445986
1118584
41919565
32961613
7431389
20772358
35932411
2255292
28478247
7449843
30347698
20396334
8779232
15112462
9620817
17612396
31956066
9649351
9564263
3934044
26429378
19465162
5927933
30358600
23991768
31097810
42573187
21743396
15205666
32563756
5360757
29174353
41885526
12489791
31070584
25618740
25278282
5255631
15884803
1937233
7319853
40493256
27551749
29765882
17409061
4119068
13552037
4669006
27422972
20984511
9967966
5773391
15564344
41585310
17311415
21132356
1057389
13220714
7708627
23920430
19517568
32014996
7282614
23034305
19755421
33104402
24971540
12281720
10169090
38958673
8426759
1637754
37495830
29464738
27575398
4524938
34561140
6717929
18527924
25714827
11872766
10548194
5338695
17053503
28599659
27733591
1938447
41898991
14483138
41073870
12450853
28040533
25708167
35592397
6711884
23684870
2739490
2202458
26360611
8850967
35777123
8075260
25174233
25535225
35691121
14160606
25697003
2343575
34953525
40483468
15590391
21436067
23351105
10043174
14738079
38102706
20753646
41723011
22261341
13700091
34992861
20945188
37679855
30031614
38443033
41672634
316960
31075640
15500725
6040291
18756284
14069392
41158457
39966607
31146859
29182997
33247473
8414107
22461788
7956437
9024725
-503526
36673452
31152699
18354128
22673396
8578213
6654803
6715486
29638252
18875339
19424923
18577261
14299429
14551957
-227533
3680791
1400729
23276168
-813002
33560717
15795958
22755678
21015269
43381611
32691768
7589986
34983479
39537181
29225802
21938139
15441956
12356680
24790921
10448631
28514406
18594593
14464529
38744535
33636515
17942632
18373551
25844201
8659174
33397086
12211104
12417168
26581560
7992836
7362294
28723891
9430483
40691286
1444445
28073791
8052247
3158064
12749550
10114415
14071692
15575270
13459164
13580056
5874406
29010727
3682704
6403803
15323286
38028166
2915360
14729890
5749110
31848580
9304
18806169
4839936
3630341
22707968
20560776
42390804
13276879
39473137
26101924
41816726
34595312
31150170
25912964
33889873
37703170
-242918
39324237
23951274
11150586
25389069
32683805
41260694
13164308
40847134
22562811
13557716
27533923
15650152
33949665
37044531
17003632
288351
12923440
4332183
20023710
19409547
7471923
4333908
41934511
954421
38984724
41986309
28708465
32841781
11950949
9704780
-68011
34504163
14397086
13805080
28111498
36821452
-467119
19407631
30249721
39438735
4300452
19879702
1809439
39103377
32652569
13675820
17009013
14806083
28028099
17300905
40574625
19475838
39911064
30202404
15981470
29488431
35975803
41274639
7341781
26102592
31388150
8439646
7896843
31561319
35882511
41867806
39045855
15943787
8463474
18034736
8476880
14421692
41866473
21594523
38367071
27011069
30729076
1245024
32214627
26952625
4429301
39750793
30121851
29415944
21844227
34817825
36175525
11826470
25271647
17862082
9109320
42327430
34697394
23780561
6576129
27782336
820143
32443062
6315867
41369394
40704799
17172568
40719676
36415204
41727539
23417209
32088356
14690057
18570015
880398
27221661
39542772
30065574
22135062
28858535
15505935
664723
40470092
24197840
30000529
37989657
11114365
40359259
895300
9772314
18366870
-631193
20383688
24523401
8754372
9847324
10566157
2060523
8871362
7156940
35961985
20691700
22030832
14880151
4867899
1793936
43025159
12169994
6963880
25471434
31843607
22618705
4370598
2466446
37964735
12331694
41288457
9553060
32819256
25270727
40249205
973498
42279436
17881279
36851104
28434959
11293337
36218778
1016793
26128427
27520488
37205301
41176297
34023569
31794472
37785208
34814306
36910358
42981868
24089218
17985047
28130820
21172858
13497852
36306848
17852001
37480868
7271746
45293
34351937
30292716
11935607
19918184
7262751
21721413
1215451
31222246
24970975
22597398
8022053
26711296
26697111
1807326
1165749
1672929
22879106
4259760
35158268
34792817
11145652
20399733
36024581
22717260
23413235
3043755
17409237
33168271
15727481
42876312
26483848
1003270
16770960
37649529
42056680
14932078
24963402
712900
24385033
1411676
1785487
35316632
33281711
40395597
27201510
5281433
8645685
33323227
6485083
19169143
39297337
24234760
5505844
27153930
36810071
41975759
18928499
24056786
31290253
29267055
6480110
28187770
36909987
30543155
31616027
23305041
22666187
3343718
14347373
9664854
31836306
1091777
25757512
37880314
32514745
12277411
12793473
29645576
23779259
5542736
11167919
25411340
20898450
40889143
219950
34737003
13402698
39108995
27724357
2517672
24684212
11224933
42526624
13916376
35311924
15173989
15286435
8899628
20668451
14935735
31443594
13567864
17433017
37674805
2377166
23936090
14528836
9778153
17610145
34046757
28112153
41794849
23271313
31646983
29057525
369282
36856591
16076323
7153728
10006175
-88144
12692344
27046002
30988645
16983586
38038112
32363396
19152286
22115712
12124115
16078678
30397691
23639007
25452672
36215484
-120743
1016683
33962160
-608311
14250222
18511757
505183
52926
34937182
10551415
40051530
40441198
36183026
27242990
3948230
14540503
35313424
3562041
601616
32191546
29813105
8812149
42674278
29510916
24298718
15522214
9802769
14575659
30483032
4779662
31539085
33360281
31818167
15719998
33304503
8549932
39099628
32052322
36092526
33590933
196921
4082340
7589822
41447329
35853909
33623401
36082429
41617543
11976288
34970658
34239740
3370950
21915744
4933429
10499439
22832375
9621771
35445978
12569650
17912841
2830077
20827276
13475822
9472070
28691606
38480202
40953574
33043911
34474002
7104209
30893605
39409795
29066819
1453074
3915280
291567
38301352
9416892
26453383
4077091
2916127
10429209
11038151
37437351
36959590
26729134
14004888
34135846
5061653
2647092
36360923
17824696
31950883
34903142
4005040
7807442
35824160
32520627
18653176
38636709
17886672
37213215
11930725
28139832
11340638
23362883
5769140
13743922
28668720
36748095
8695730
1764825
24585963
40965700
13955277
29298802
237475
41720792
28504795
38863888
29133170
5856778
-599405
32845129
35954531
15648875
35471793
41184810
5261562
-357603
18102640
8777889
36287944
40000733
8048709
20253295
13650626
37019083
1684290
335796
26384600
31695424
4035813
42298900
42728498
3832078
19474430
19102764
26196666
39871896
20058145
36807889
23009446
19212480
1717964
21312010
19743584
40573807
2471720
21924554
12699529
14720221
25799186
2431006
13607878
4693019
35071523
28519668
4618906
13657361
11384526
34889689
6139133
12948366
32228916
34187610
14521093
32034888
12109048
9580824
35940328
2510980
39366616
20235503
32450048
17047615
18166807
38961390
3152661
29071414
8107107
16387272
20146161
41813282
638859
20245298
39397831
30990112
42893576
38639384
41373082
18540699
8148345
27265988
35576085
33008913
38219834
21683343
22774671
32093542
18471644
12186994
20434195
556331
41798186
34633530
24968422
16725358
34543210
13464818
17289461
8935859
39923735
32579990
1790092
19802320
40179411
3277847
23832990
2886880
-174900
21383581
37280638
33749868
11145874
7133344
36209864
30179606
42249355
36558699
30850391
18929123
43515983
29346438
13510520
40457441
38515763
9435653
9430612
7463985
22232802
14140424
803757
13744718
5357049
508289
2359999
10065962
39021303
33688155
13892037
17463037
10954171
1686939
11779605
41193237
2130175
15644153
32409520
34984191
11564061
41344454
8959165
9072136
37966999
23032895
31855202
15049356
35811005
8176929
29215718
37575897
19904605
12291157
16244672
5513741
6779173
23022676
15650588
7334479
10498142
38914697
36275854
11578797
5814385
25064863
30057789
34883626
23816635
36170300
31466090
29322414
10217623
4204403
36104858
25464727
9360782
37086456
27575385
22696347
8747051
35536658
13271345
8302516
29676511
20550213
33057577
19179626
15719
21612308
13790770
39149300
18093566
18146949
9443852
20865656
42396583
22244368
7075395
10591191
5191469
6453449
37304885
22563749
16340090
26464479
17134690
6230306
43509859
27841374
29254620
23884387
37723346
21791313
26762938
31391371
43154484
42733765
35868144
27675754
13523007
33782163
1971830
32273174
41395681
1076988
17183328
29180556
40962943
27263664
11472821
37116376
15309721
9244474
23084046
1309593
34624689
1209797
10083911
42245258
41476500
30018518
5535202
25195077
4322043
37662766
28789360
10932436
20699950
26872438
2334924
24227643
33013909
24335236
656767
42949009
19944428
29472363
29435712
37542369
32686976
1995798
9393076
38744379
6056041
23532365
2993026
25634404
21370787
1123041
28306142
17416253
26955695
13340126
16876126
39148000
28783741
19593666
12233470
10888131
33334880
25898639
31532103
37904065
22338654
23237911
27951388
35665865
24213218
23442166
36299666
18659940
20265510
38396209
14459384
7747125
26871967
35074509
40408098
30957013
40197648
23783903
13672964
24699533
17188981
15609954
43428867
38380614
26177148
16697242
7332362
40671878
26685392
30708784
30925155
25760994
5427595
662488
23680098
23360464
6527280
8989562
23818766
18496962
11701079
31096462
3010221
37153652
14705078
-253167
6341648
1020554
17343067
27039239
23935104
14559287
12225068
6943559
15937875
10211508
6798900
20425617
4311420
32679
42259497
41021563
3774358
33402123
16635047
39149476
22934610
40468189
28868684
13847177
36900215
8738778
344739
28037693
7606064
37757929
28788186
9077309
14947915
25449953
32735007
7828826
20831093
3980754
32892356
37072540
7025888
92513
-985268
36243731
42686788
7919263
7411222
22454132
36831509
29231053
32562327
33687615
16401599
41501863
22913458
12407704
19402478
8743019
8585758
42635756
25828697
10814567
18605779
17388475
17521610
12809210
28796663
-508410
22526870
4148309
-289407
42181243
25487458
27221993
6365002
14791782
1867934
2840545
13023838
42555532
40418683
6748135
42445104
20794162
3956442
36472798
23178596
29529201
40527432
7128059
30236020
13939064
42602148
36209252
29887638
43286312
8609757
34998953
12914596
32249089
19923572
20968609
35158823
9516359
36267382
25522593
12777556
32701566
29478678
10126009
8409671
25038759
3541024
33652979
21323543
29138109
14297524
13498388
19322005
34041901
13020414
40811494
30416442
30965514
11266893
18236098
20649060
12161200
43319023
1985198
23085035
38167899
32563608
34619318
27646087
17963732
1094190
29464887
20513799
32710517
9219018
8130275
8182645
7053309
24975701
6695136
37827546
16048680
30669850
4315705
18918339
27767188
32456192
20766296
29115142
1803048
34894335
29991774
18394509
27500325
2548768
22893345
23277208
28199142
5504862
10901800
30248619
17114784
10146927
32019676
34124230
15455145
5300805
36480779
4713166
40745881
38838364
40670694
4654256
4167369
15287759
37889975
25259328
29275512
20340848
23567069
4069183
5280443
30124180
3621635
3618293
16360297
-732897
28438081
9567553
40640033
23379103
32910262
7190946
39215287
22506903
43275791
12791061
10539569
16282635
38787486
29952145
28722059
21266147
10391940
38623894
33590617
3277563
1534553
30455937
20888654
35852232
41024169
43013157
42848114
11622115
34421024
17427535
16623694
41426416
38650513
24436276
24389487
24089408
34735545
28642953
36529423
28243832
11324193
38130549
14029989
41912891
41820109
11561995
30868013
16718287
36795070
30980020
2920228
25477935
4433327
452791
24879655
20271743
10870663
3798251
37187027
14558323
40700684
27450821
23825251
41143440
15576021
38592060
30689444
29707025
32126788
24207246
41826222
21929825
37423837
40899263
8593758
21615069
12683738
40914998
22734253
9463647
28653299
15813939
14834320
802737
17657367
6023949
12252456
31669885
7851149
26242
39371398
42510868
27153961
13950186
12009773
36168629
27005217
38971036
24218557
41006754
23323424
32330386
31770249
39226964
43229177
38213246
10890135
11674944
34768707
3617524
27169260
988861
6644997
37117244
19979238
1521943
42949468
27438507
1104509
40831930
21768847
19088417
26285425
42098303
14413068
23886650
14322547
992863
31644933
43332005
42126088
32274952
32829975
41233992
26292919
29964109
30210520
11423040
32943150
22961955
2815558
11662236
41961608
28979377
8408541
21314265
23142458
26315645
26526724
4150113
22114212
27010995
31140450
22838449
16048923
22755608
34426703
29378434
8065142
34946100
38246245
22157038
41647188
41003952
5567558
28443851
34630448
14245784
16672249
28121432
32027221
35447607
27388919
13590099
634775
22009623
9166232
37920152
28142877
36716458
978527
24198281
40662251
21951482
8474412
41930077
28328703
14516674
34208478
28455395
36569520
27864435
6346430
10339482
1345960
34626724
468116
22132473
7825651
40697134
6242001
23891863
9138258
37019817
33699680
22049720
35658681
16420685
20588240
34246766
27661302
42000047
7012228
39829924
11089025
43517937
5267077
1388445
3893745
35233629
20094444
29148820
22376380
5471022
6908552
16590117
38674165
18030065
3498957
13868451
24264556
38860780
-797008
8865039
15722739
6925616
22774200
37231591
6045814
14697165
36079867
3223764
16016868
10147269
2319919
107440
38084422
41333029
11243927
23817665
29929846
37717142
9273483
35129493
22683553
33406675
27804855
23697235
27930833
41091594
27306258
40607257
24059846
16218361
33572146
10848200
26501816
1839492
35057416
35626742
1428031
16933201
10825102
9753828
38116064
15970128
12723829
41215511
26541777
40678725
13383563
7488420
30447952
15446893
19628074
9816604
36562539
9312442
9981620
41816540
33311806
37421165
26469249
41094212
5475636
38069923
16282631
28059484
39006576
25888013
40010247
6449510
834547
18239021
18378323
25958550
5631105
7204179
41377781
6205569
32642531
26529598
26557654
10746542
28723876
42835207
21922045
31475801
10760099
40033208
34470651
35457026
26623019
8182264
20824139
3601964
27151393
18325370
26994572
9809061
27119544
34293444
22551505
4367585
28086718
1023744
15987561
13484012
14640244
9242976
19734839
21666322
2399127
20613378
7536643
20299140
40105311
41415401
38801939
14137304
33665140
31159351
18366101
41671830
166773
38971106
41521572
43480243
30622317
5304925
2651404
6572751
12965062
24230464
39330571
13307626
26853677
24844748
8900290
5118738
20689830
14227677
40217237
20198302
8276988
21466798
33100007
24753246
20140272
35220455
9741605
35092866
37535661
866656
13661910
4402194
27277663
21105163
5252280
30154724
7558648
38023648
639204
24010563
2962941
39123258
28014371
13268979
30762314
8105425
27794396
11162304
18271613
18790030
39539665
26532845
606017
1334465
30340395
7864205
30541865
35016528
23113570
19301169
16167375
2206636
17323646
11814417
15571710
41288615
5832549
16386724
20304486
31566432
7633735
24081346
12464551
13060236
23591455
-584763
12056221
41001514
9591785
34817753
1590558
15059347
25134580
33940655
10157603
28258526
9548284
14395110
11753562
19356202
15166415
38903522
4549436
24195023
2096551
19140799
39303677
36995791
12713533
19307583
41353025
23309039
3686886
34208123
11919004
17695879
43409111
32929601
21965724
27534873
9803333
36923023
6493736
21029994
37831966
16786102
9979614
27726976
39466571
21801419
34345422
37069828
38935209
10655028
22150767
9747444
5285550
19129723
29817108
1942234
33117151
2374664
40821286
35125117
5918130
4515356
33044527
6359106
379027
33715360
36091236
25037666
34805467
34750268
19098251
3536485
19700871
13663150
28681835
-172902
19461690
16124213
29552191
8647440
11868597
12782594
38357130
33249201
9561970
31893493
36155782
30413039
26772321
41329447
28690836
5657351
14155878
34829256
28061605
15244796
2404515
5099570
26554508
5876038
3508074
19020556
-234739
17566232
-60970
13543728
18968644
18001659
26211999
35864847
42935881
19618382
37232251
5756750
11829572
3544857
35982596
42563513
30677213
253333
33447486
34740731
28218334
22665247
19561817
28951258
6230881
3390785
15891347
10806728
34699548
19994249
17348619
27522912
35127882
13771987
17191636
5060666
12755736
28187729
30060396
9113567
14532969
11456857
10924836
37104422
41785657
3402679
1200666
5845836
10459683
617430
38837038
22424067
42674375
40288015
13348565
28535706
7610
10443229
29325269
9542376
1158379
10331296
16804586
23935545
41957141
41080978
33895232
15226902
27368894
26164887
13714367
11949970
28608404
25959842
524817
36984316
26068634
8976115
13558032
21741263
23531279
29731946
6893336
15413732
2745024
14486385
14103483
5057205
20067473
39599213
39304817
31067446
17772570
42618834
29439002
18974630
35042265
1132155
7928645
19304079
1967550
37423579
38240482
8112118
24723258
19453019
35762082
31787447
947896
23867465
16585430
37051113
2379096
29530199
6302174
37858389
36306833
40214062
30470414
36208278
9222634
12530146
16897302
4194988
25174138
23228642
28879087
7507709
17099214
33325292
-578825
41778160
29966710
28020030
34652259
14048999
29532210
24766075
2373693
32703255
36173193
14731196
668772
36490870
5714034
18669440
27014815
56026
20661637
40908264
18653334
22026868
2966557
260028
9693436
35155376
3372554
30406437
38101479
1252565
11433035
40790107
17503846
30499296
16537415
36702297
41137605
23496474
19941766
37731466
18313063
34624898
35614288
40023530
15963430
4870541
9441528
33206576
36148551
35711708
35270055
6641685
6820844
27176948
2731141
23405886
41124157
26989032
21307376
955570
21626636
24393457
20954795
25606171
4572807
13420512
474302
14697255
43198979
7417785
5567325
23333375
6019497
42798357
31703293
22618086
31380231
28528080
10015617
18549179
6603890
13395347
41542366
8635477
30732689
5379885
31010980
27711557
18846225
11158887
4429303
24080790
42699736
4973888
34165994
21004715
12057942
25937357
13709126
1876591
5109940
43422380
19652853
5723716
41165154
36961657
14049039
27959761
23530541
38370691
22172465
30073541
21500250
34033019
14671722
15057105
36623513
23907455
10131366
19622513
3773399
15236672
4082511
4542515
20524698
21438735
37901828
22636936
31738187
13255267
32965265
38968823
25582147
11303890
24587509
22840087
25927244
-139422
