31457001
43217970
38485740
19947947
16043561
24197742
24707135
32877931
33429598
3913070
15878574
29942908
16305060
41566054
7682317
21242642
18524692
18665632
13748945
24485196
14394127
29856840
37332449
11936970
25736346
31815317
25551351
26901631
25676535
18931934
23489177
39000715
17562911
21130973
17831692
4860866
8096703
30896655
39130686
20594585
17291250
13386014
12162300
3915175
20457645
40074967
9015345
22303856
33179658
11079122
261347
18196733
27231454
25196939
4970221
23765989
9521566
3601841
3424373
26448572
12037506
1545361
2823725
11877377
24095464
20186718
25912511
23897277
20065900
23062286
42075185
30097406
10432286
39283502
16095875
10684642
25528532
22440772
5482515
128691
33657193
17843072
22131561
16746369
25994719
10888942
41621764
31446370
32157404
277126
33386459
31623514
9324985
19855616
25917200
34914742
5734279
16553928
10474385
28101668
16537850
27677016
36358273
43473805
22568627
36400850
40821626
16152155
12091427
24806588
29881798
673749
9224885
13324265
15363710
20847942
30431048
5521148
36481236
11585596
17059598
39654199
4078837
24838581
12367243
18124215
22433513
33577353
36323167
17571506
16661388
37744226
22354991
2441099
18212923
42933349
10040356
8953672
25024788
18032283
25293771
-290437
36534177
1511513
17610436
-495158
843087
12833190
21914080
26515589
23188872
19334109
41119081
1059824
-711953
24451879
4572113
41191046
10237306
19561575
10146058
13155969
11765858
27449428
35469447
3470215
30101224
2554070
36389781
33639344
20835081
8637372
37759377
15086262
10575802
39939782
14249127
21452786
27332072
6606770
21446817
21647945
8472238
22157008
6021821
42021073
12137311
24012542
30449851
1715668
40588695
1668228
6585710
6367149
31340867
13008457
32751359
32109945
32902420
3695862
30736775
27358339
25864662
8933768
32106564
7779440
33047076
11871252
35106668
34833127
37132302
9400041
19148774
2265186
42034540
7546270
27110542
32756728
42253733
8798054
23509486
32340102
6998879
32156624
10643675
-2326
35695327
27349950
31242724
20192916
14112233
31944992
3204608
18732743
10010781
26465650
39378391
38333441
22126008
10349695
34522442
2843030
544689
10362922
25311988
38977117
14812309
14606792
32200832
18337217
13185008
14432004
39295203
13955843
14796239
5059922
27308161
39128997
18023108
21629200
30062246
32608891
7420312
35136228
11936149
19017430
23975384
8706232
2241504
5465333
18893739
3743437
19127593
14530010
10780485
19505069
17365622
32031681
2961680
4110210
39299885
32503727
35956813
5343905
4354039
38393712
40408698
3267446
15773963
34190590
30434753
20883942
41341996
4762655
37492745
2135627
27409810
20404080
3265106
2150502
39047412
37011768
31159300
17761256
34611775
782352
18492918
34082120
15289361
20239805
29145526
27227743
19633162
35656862
37471036
12422857
26925019
14812903
22441954
18199027
17039930
20577904
36106289
27658321
18211683
39587309
21478117
34092418
26947872
27463775
14144635
33853236
11458303
10024782
28325816
13003160
13481609
36293197
31217813
43006816
21790273
25744131
32022279
35977728
43006644
28265480
32822437
31817002
25752359
-504369
5292893
40303393
37463590
24248336
31998977
33889988
10531838
41988894
12335089
39835722
7107690
40518219
1865133
42462788
28263436
6205378
5309476
13186208
8432683
34478252
12780314
31089592
42362732
-561762
25243733
6195043
17426245
28216912
5164049
38148564
31473260
7793315
26053620
34303434
-719195
31464296
39630243
17467984
20092243
28187608
32344409
38688294
28313774
41149530
13148969
21955994
42476509
5648305
-518389
29064404
36398413
13058933
41435974
30784416
16052531
21253596
32038504
16502859
5784570
4309875
15852348
7928907
30741916
28561600
-543147
19115122
12279941
4964933
19371554
27247746
28448690
37624404
9822739
37935103
31615096
35872217
5747775
23843178
37174196
1683511
39973701
24322684
38922799
29243233
15314671
32695069
34240650
42855084
35543941
18789277
10159467
35118567
21159471
29613903
22271135
35213061
25213443
34888565
1802070
722211
15348755
24382266
34202497
14569539
19174715
29658766
36899937
16403000
5564723
39770425
28380252
40718705
37603727
28971170
23455548
11585381
24343113
13661292
20989621
17726046
31077782
33971771
34003220
30603276
40338346
41333553
17450024
34531047
18000530
35526575
3731823
33228247
21835878
32488189
31789221
28478261
26492446
27300630
29122206
2686422
35514122
24128501
13714171
31498715
31136344
17733439
2791320
39814223
19393660
26431876
16215494
29417237
28259904
16019263
9922823
10586182
31564943
7198961
16412954
18880617
8808667
2861678
37794856
24601568
1763587
20165612
9441998
42843396
40151832
35926939
31350605
27963957
1322925
32355625
17103714
41123944
6215665
28933170
22025916
11119902
38696742
23897766
20717151
4962824
31086804
7822229
38486180
34825515
40024464
15527690
15545701
15392488
23884608
25493643
11073994
12573145
4321417
23870077
27132102
5058065
39117168
33485716
21878475
31901671
4355743
23331345
27035477
29623019
40295927
11611288
19757342
26827671
28336391
32740831
34082653
20968518
24189727
7737712
16224039
4563421
37520816
4089625
6180290
38533019
41027501
5780211
21744393
4933982
1736882
20135704
20949202
40645327
10554798
21435468
37668194
16167431
-449891
5792113
16642227
18343313
26384582
2720450
3327855
29514930
8222892
-256563
24923144
17845504
9410898
14942320
19456549
2528965
13778169
37873618
43495985
27170302
31455367
21403267
6791647
42167170
17396909
8160323
32808331
12205681
3795885
21980825
10926297
11749792
38443827
12907932
13962524
4979211
28701585
19924601
7921540
22740094
25029484
37568831
33938591
717539
18816363
301834
36211331
7144588
19043487
16752387
37757824
41657054
9472622
2220940
34550896
10884289
33773990
8207524
40861128
39758012
26669841
36794997
42622076
13418336
20669615
33115252
10949031
4691253
19569787
7385650
23449556
7529477
18972045
21085687
39918179
862625
9599309
22208565
19537624
28624191
29479401
30984315
26959669
8645536
39482907
42118436
6168826
1147683
28180273
3034474
18833816
32449598
24129471
8507583
40885141
13654899
20386689
19478421
31456409
5801553
14266196
14531321
25998908
5931281
27306317
37038497
5310161
23722823
17980408
12953658
24003963
12119692
31094527
38348166
17145327
32245591
10114987
17551819
3873481
4700971
9572873
24984469
4037901
3661613
41096402
13334837
40950022
12104418
14203121
10726183
20699656
33415150
36532136
3758919
17723918
15462686
6696377
12311977
18728940
15131332
3619303
27332402
9019667
39186945
5851070
28891795
33297566
12612990
36623495
25787542
42091917
20396565
31487658
-506743
31896850
42515024
29773517
34504534
14919686
22614874
22802963
4082087
39435713
19779052
30987478
2036592
34466622
24054011
34159921
2040948
7390452
22420806
28356214
20799853
3272404
31308256
35239992
10186925
2664471
22121536
23868909
19914021
16281875
39486468
33751028
5462904
21009322
27479097
9721803
30314490
10646721
42903417
32238053
1880916
36081141
6651921
36869177
5062690
39548822
456838
34996319
15666534
39201615
11537843
18754541
29489778
36336760
7694374
4386063
17892656
14032350
27859546
30122937
29004502
25111767
16236382
6573989
13966397
20624773
8949141
13738589
34683877
2058820
42677463
34241727
38700678
3356806
42052225
2309972
41083882
5196202
26945456
40906028
43236271
573025
11691027
18226227
4579592
13142378
31841191
3248812
3831438
19237383
18269278
3279820
10901947
41802065
34394707
85998
24839843
23438745
2361032
18354798
6676187
19503580
6090635
26880489
39292987
24032702
35901743
28611058
28537682
36058757
18054696
1227903
16595784
28441918
37312257
14832499
9142785
13904016
15492988
18533282
16623368
20938840
7165055
38178549
41972217
27100857
29458274
13510498
30449106
6821425
6765683
42035766
24243051
11696611
29709113
22545310
20910726
25535985
40660999
10004309
24527003
24870497
35231316
23119901
17579580
4482399
15921054
6017752
36012897
19961959
41241215
34935070
3607738
24640157
23621680
21329596
35451331
33080601
42537117
18762882
38325020
38312984
25758113
27503506
33412756
26038171
18729353
37270300
20287558
22752434
43362692
1573010
34510765
1488620
17767769
2010154
23051878
5100167
13374683
32620584
22313723
35053460
41075747
36526921
6177879
38258481
29389192
29382910
41298691
4795677
16083662
40761585
8734064
39505392
18372750
4617118
21881717
39651206
34786573
42551590
18674416
16383335
8345808
30924396
15564350
9451768
43284585
5190518
17645435
22036468
37678118
24777791
5777394
29069728
25628903
31391975
35568185
29172187
15974608
23686030
7459122
13189866
6019645
11201800
27245784
28154957
34226065
20622767
24602903
37618871
-317256
24677436
32494364
39996613
4490990
6912635
42860364
6888085
40336293
37294682
25290431
32563018
20367311
39171932
11930922
10993750
12038553
26161739
10989066
28241450
31485045
11479288
11730636
7872242
39354384
9476736
41271891
34851327
25701743
41414614
34799449
23667466
6308033
10668558
25249929
6887603
25785961
-472618
37466589
26425509
28186900
5502626
536803
36879051
40237712
22821260
31891671
30751185
4202105
41171547
24330032
32075292
36172902
8717794
27832278
40449356
27217375
4144412
3256817
18753335
40906788
29044021
12588453
29169675
38964365
31986554
12123563
7029356
31490933
19975874
18061082
28796962
25314498
28211806
31722726
7180687
5546841
11257942
3623283
26201696
35385204
1512848
28554680
10040918
53416
21985189
7635373
17770508
21398631
33985966
36491561
17428835
27273896
26704446
37704768
7031084
24325172
25129427
5911885
14727043
22773145
25143051
12888182
43162638
1140280
40852593
40869388
21440844
7118271
38095286
19701742
31402217
40497236
37871218
19258802
18965238
25084161
24748390
33452937
9576195
2172888
36573272
16143185
39830250
8735919
12493641
42775497
33541201
13821268
4038657
26109507
5320897
20620174
33126407
23884911
7918127
2878904
18046971
19257571
6407525
33940582
3883505
3509754
1036816
978571
35091421
6508931
31396909
39490071
1945098
35902104
11360926
25182045
12956245
40291952
17839317
36668406
6389470
23356264
33927417
26226738
27131361
28786923
16344221
525709
20528033
25837731
35139932
9957223
25208035
20862914
4925201
41796616
6435604
4365580
17274027
43495138
23292597
9823380
4697049
33705708
33800620
8725174
12399382
12440294
24350003
11796245
1186792
5266319
7469388
30800606
10550436
16341050
32413536
9927394
26737710
7757630
29063758
36082877
26512542
40002107
10325256
18850549
35447177
42796969
4166551
21768610
9191466
29915020
8709047
17343381
30264734
5354485
13766086
21889384
43526391
34186057
25571585
31084175
25334622
35033299
39159232
42955206
10884541
37159150
34547421
39733852
42781760
27832750
12064589
33454715
41480488
4080392
21377330
29284098
-631993
528894
42042160
19706372
24433318
26398040
14456652
640466
402912
29581038
28379382
12971660
21317023
18283283
445297
22487461
35777019
30282363
6637218
17664073
24894086
571382
35321490
26914983
25552588
26030407
29440623
32131125
-51088
12219284
22580282
7100320
4994570
40852274
42362868
10356453
30193200
12514251
26254001
9054221
40393417
16545284
5664253
16533278
4276369
27554033
3951858
10521244
11829944
19546778
18699467
25530330
6132547
30593275
4053282
20957968
3093169
12259343
11746705
35311446
35360467
7671498
437826
34861186
821689
28051370
6533332
679841
37034870
11821098
28228712
21305982
3374345
23698002
32789727
33898636
41933703
39827926
25981692
19639979
37334179
42341315
9614643
28119745
19737903
32333780
42615304
6474794
36502884
29806848
43067288
18000223
27227355
43049145
42334122
28204669
3325715
18187931
-740319
28652806
27621976
2914086
34717463
36708848
11220587
32123271
10146732
35767402
4345046
28509496
19607769
31264199
28854271
32045736
17292766
28010855
21928219
43031
14709991
14606726
22198639
36889670
34256323
36964108
32043236
3965527
13030411
13970825
8503997
41092581
10561235
3622166
1717408
40458351
35539146
1031442
9985967
17043970
28917649
40558903
7488702
39257192
11940825
-139688
20584935
26852259
41700251
29814101
10102971
-756763
21268351
17166709
19732904
33606843
11611232
28947363
28516073
35029176
39107287
27826277
32027423
35032593
19284420
14460794
42331690
41050666
27906492
24346281
4802867
9130049
13536688
29851181
15996610
14954678
37545435
19707433
26682682
36384872
32797490
23182279
33957535
5808854
13607893
40319556
33792003
33914650
16892644
9953178
2596145
22830214
-521534
29303253
25690454
4975380
14731680
15162589
15309883
35326974
-655974
19067800
12890062
13162650
3903561
5097242
1993461
34919092
12704000
25387845
28928367
38542073
36434275
39307477
20780754
6579541
34019233
20376860
27233448
22085916
15217190
23903570
2083842
34180574
36625172
36585097
26290955
37212745
12152750
42003200
27339900
39987598
31725792
19151065
6182878
6153496
37801971
13848570
3573273
19937558
9308574
14387712
36675396
22765335
28199739
28350496
22193073
42146560
37878049
26653462
31667241
26092493
27599081
41903735
32611849
3285127
29147760
30195384
12211969
29302145
20293158
11767594
21774176
-163562
35510963
33417329
17632371
22240971
37629286
34358024
31929425
26339352
42338101
14104956
16659145
10233375
7115900
21988014
-529393
28144685
6604367
14746508
16728203
42961146
24138205
19546638
18018621
34188212
31966019
34523271
37316020
30141850
17949103
31404100
28881479
23218422
2772034
7713176
30681565
853316
34561783
18389625
40598674
41231390
15926330
41451571
35925941
42904811
2824491
-42646
9722149
18179681
23243703
12833852
15058297
8912267
43456270
41640749
17740458
33921412
23624215
41982699
27070719
42039859
5863728
20463308
32129016
31534370
33993788
34974421
10765934
15470232
9426471
37541107
35591711
35756957
3083615
30244800
33379298
19761391
39947658
35263935
15939423
18233520
22755919
18134286
14481664
34016261
32294236
9422266
13983749
1419877
25618059
221931
2732956
24720282
41147198
33988895
36108455
34945798
29417811
15968122
34442852
30373792
8432446
43022148
31394976
22289463
28472362
9899646
4110114
33941509
41797111
19595605
8981920
38144970
37678780
3427120
1456470
24607331
39356318
32558256
15605247
20884738
26159233
31888350
38875320
-626972
18434031
31332963
37992322
35223280
33211679
2920762
37487287
19990813
1767427
34905380
15106770
20259319
38704266
20842042
35561774
33738533
18645559
14434874
6649822
30661266
18149081
40665895
30120558
-935609
31559310
11520627
1288677
97003
14165965
2943627
5531890
31811087
21154747
41691004
25828835
30576592
3706354
22004422
1955159
12864069
4676982
31817871
25661625
33306297
41221478
28948626
41468342
2645867
-663123
19960972
2384269
40332734
13851135
27782642
33162768
9564440
21642956
33048700
7436220
1582281
8803383
26420418
18239010
1789230
2932545
26850889
13096058
8030749
28191918
30108636
32188224
26095761
27453888
25956683
1557806
15897069
18298936
13381882
42126181
33460450
34319063
5997558
28657606
33217742
5145188
37055578
35453256
8920269
36904468
6700017
34723901
7958448
34900444
23451817
41323352
32669487
42731991
18133736
24335731
17460538
41130503
40117581
32652418
39910878
32836645
14075780
27543313
41921413
32841731
10241783
27575702
19999020
1088287
39552451
537218
15395662
16652346
41393092
19931659
28488339
2032782
41751208
37961951
7947916
12744822
39203262
18783888
1460200
41516389
12037913
3661180
1736042
23209001
42163333
38836203
19693282
-382292
3685286
29827941
-64731
18190898
35299762
25346911
24725033
3953529
22554992
26050212
37420731
32473469
10196555
13120848
29336992
20143652
23323655
26639631
29122550
26317179
33974641
19265974
18656964
12656226
4462583
24271368
14764002
7709460
29702960
11233448
34586528
31028164
40465915
520136
25938296
2076896
18559016
9887192
31229623
38434698
34170387
36791000
34976228
12981129
12610960
26603179
24941743
32297149
7227956
11038871
36770773
43483058
23806299
2815712
13817543
7453101
15604591
432806
21524818
7265237
24962109
11683199
32073967
33518494
35756299
5450228
41228198
18989940
4880060
19931572
19252397
9036765
8789178
6223296
41887430
7632077
12151271
21980984
12934009
42863259
39842609
3452138
36808104
15871024
24659245
8569871
11988542
20385382
38093116
40133560
16464754
6632089
9675119
34223320
41740745
41755081
37684586
13671969
35554651
12812961
21985555
15153085
24768551
27434306
14338830
10040487
33012598
30447334
19073599
29923265
35891317
17802319
20320301
25103785
23826723
39008084
3699987
42854806
30372696
17675655
22024829
15078567
15905953
15424612
37620350
27212529
23047631
33921965
32929686
11722707
36524151
6704556
30929434
3005646
16014182
2391521
11136343
24800817
-568023
24117234
17189269
14607555
32204484
17606934
12067818
9375735
10557856
34858073
40084701
6189816
30928181
2984252
37169574
18754809
2547838
14491531
18742021
12073627
37847498
-503935
23673738
1339618
34985152
25744415
17588780
15031334
26814781
19417688
36290332
5106996
40569186
9391247
39637196
4346486
3201119
14304452
17443159
22101717
11970020
9755520
3731878
18657616
7514121
43315538
40353148
34775521
184239
13931407
6596303
27535533
14013860
314738
14673041
19967906
24232494
21529160
32224610
15604101
23041519
29992690
2953880
6092294
19094224
10613953
17701289
12480603
41465703
24028885
37539442
19832780
35199834
23511563
9304785
40534287
20044009
11328674
30407662
2937437
19028862
2669797
41199978
36996566
23366135
16315505
14380085
41658076
37122835
30140477
19126952
25498048
10942265
23311820
38717609
43499143
32261038
25350282
3627481
33513248
7332820
39811407
19943964
36462265
25630442
30612704
36476190
3386556
24853384
15261299
12145891
35291396
27002688
7460099
1493350
12419008
5191869
25969162
31208734
26175903
-610032
40827335
16122614
12334699
30206022
5962403
21172609
34599533
14822348
3690172
3763652
30829640
23541752
24128473
40681030
19859692
1926042
19907703
26046512
42811185
24552700
13796140
807964
32008162
3876804
13279000
41604198
20515522
26923150
31736119
14633576
37465574
33860351
503039
20507902
13972925
37036721
30386254
23257779
35378641
8192923
14202590
22420339
17175875
7142506
14307886
6378856
30727288
42903786
24803319
20507923
7065840
2974149
10245093
38665568
6323881
15505608
28919914
40182240
30772290
-236152
13224694
27768947
23804313
15026737
43185751
15804493
42037618
25793299
42639246
26796006
2824426
19826804
31454069
40995436
22661079
16812206
14097990
68889
21104917
28012562
-131900
402229
2682071
631476
37410639
26567088
11895893
27105935
38699453
37733166
-953834
10581532
3566863
5416416
40504256
22196140
29566342
23776792
1402957
17326257
29785408
32393134
27800089
-341498
5520036
12688855
16491533
26716344
35245945
7257956
40205709
35871938
16900422
9781598
33075892
720221
29786411
5748928
1993409
18960722
2313895
37336037
5499133
36155332
36751563
17705442
38137430
8704231
6298657
17192972
36756962
41177480
36972402
-558692
22990797
11975347
42352309
11763072
20635174
24834829
13222278
28316907
9532424
16568207
25012734
1339505
32688820
5214769
29850907
4349775
31410075
35835221
6389628
12297024
35904797
-329886
40253629
24855281
7340317
6905566
19934486
32243741
28870731
10251426
43334879
23149948
8144473
13222676
6388565
10324169
27183448
14722930
22824591
8131914
11375270
24476108
15361318
19116402
41546228
17295288
-540699
32174004
22307605
23848022
8970578
2249717
21755583
43324734
7286722
8791868
15404848
5274255
43465017
25936681
17275925
22022483
15432179
24155368
26784602
1257925
3190127
32888578
37984614
5147833
8097395
9591787
16745431
42009437
25658973
35877287
38227836
24041218
16983785
40712440
13803775
898764
6199897
11945507
28867191
19073316
4791323
5162633
11268493
37241434
23698989
31164035
4677309
42209703
23540477
7874652
3903237
3125215
38709455
-227508
15880899
254022
24632097
20368366
8237284
14577942
13209342
4480951
18953025
34842883
13619326
12285149
20949962
29198066
35393329
32709799
17711875
3132648
18955101
11321570
-870926
24140010
1852410
40247085
31633783
27313474
34062852
35069505
40371890
28748490
2966292
6241004
1725034
40890377
28259376
42470947
27224394
16962292
36522117
31299770
10429234
22035265
40758901
14910599
203562
41313244
2096489
34887693
42135355
13911096
7914103
14283907
32105879
13028639
43011914
8588677
10834418
33749281
3155967
4132769
9807259
41817549
41596273
22011526
-949177
21148549
25017735
37385180
31894068
25123803
13760638
11355244
-252335
33477228
33196240
14010240
6255735
7974690
1987321
38363658
19672657
37596368
42099877
7838945
4927772
15843035
5981234
21167864
28954591
28795003
4016773
30462133
18826146
8721139
22983073
40202747
29301065
30769014
5709246
22543899
10610398
14711402
5774699
3073883
1304476
3873527
29836907
13126977
42957836
19896278
7106993
24502637
40907575
21309619
21107113
-841048
34143958
20006586
24492368
28420336
41190655
28068838
16748149
33610983
38346803
6812794
10873984
25517151
34168950
14033922
7753181
33195605
34726471
-223486
20308655
38836635
18249112
7675386
24343624
40661882
-495799
39111514
5097830
24530398
33929798
3102927
29187744
13540981
11157099
22463202
2380678
26735919
13453834
9075662
26301727
23536849
3049670
27123472
14168692
22680158
5119993
24191316
7400977
26692255
2744084
20111071
11707287
11068491
18077732
7686870
3418080
37327689
37282626
21097344
13686429
30020214
28323769
21038580
39671922
31322510
255982
9788010
14150366
27187095
34969623
24990248
12428393
7406204
17515668
26991136
35751388
30784349
31169425
26385329
30414444
9009658
14492135
11333877
33761369
11061131
26322459
14610076
26979721
8469169
27960503
41519374
30811807
31607347
5440736
16971617
13724308
35659431
17396305
27905797
29892113
26323186
38306301
30938861
31427592
9980878
36346351
5709006
35748420
20929268
21782508
39966485
15675004
16135634
33526449
23520607
-235818
18331274
11708133
24463516
1594948
29607170
610144
16672142
10792089
41840935
20322107
9930337
36421711
6593176
34825078
22674645
42727991
12807900
37666899
29095265
11609612
28357295
2397843
-324474
3739336
34929466
24797371
28083871
15779724
42561330
25793269
22907278
41221486
26301676
3161863
5368708
38651389
5769429
1456762
34283338
19639577
2144062
4098379
31684477
19912880
32041313
27038522
22863901
27910667
4441364
19247019
40917323
17579723
16622467
31304369
33795731
8189038
23250357
16259845
4175887
21241407
40023891
28755132
27214697
20785433
13225381
35252537
17499097
40909745
1195059
6423095
2204656
10792344
13099739
15645748
37951537
34675537
19258277
115716
1771502
25191055
35462203
4114660
14369849
35895019
38538132
24250376
5296595
12639346
10003209
29362111
40639176
1443716
9914102
27713024
38946210
9840498
1051325
-372414
7923492
19263735
2254542
12909440
34133216
9317504
19312206
25701697
14702473
6256664
14127768
42303850
575564
-505543
310950
4809445
1256656
21810750
27519456
12949941
9954981
37248655
40913904
24810203
6210854
22551002
25916663
29761493
7098029
8478541
-528918
3898821
34542580
34439390
22118149
36321874
42297069
15762464
15187526
15583872
3519384
2363604
30818214
6850295
24699204
16020886
15290183
34834515
29053425
35747060
24906844
25522434
1825916
23509787
34026882
20257536
1138644
7676151
23349568
20214673
37647153
11422914
13225694
33046510
11055274
36818493
-173152
19590254
15186083
15104694
34031579
8157228
13273679
36850860
6648645
19800564
10720627
37381448
6976252
26908784
38310973
7585514
38010462
9249805
25316583
42142874
38783419
737605
2343383
3539603
13586724
17778922
41096497
14626116
29641006
43020791
11546094
43209032
25124217
25289671
4706113
16149771
19937999
5665828
17414769
16198272
31742498
36644941
-437105
19762955
30547260
40911442
23461140
20236326
19914840
15921443
36731615
17061198
37175784
11039118
32387829
27779358
20433330
20762970
25457502
6179914
8697382
16418980
3295988
32510789
11985819
29492605
41207751
-964388
13163539
13637327
27525299
5481832
13473503
336944
37597890
39313410
33721034
28262764
30881255
16278944
12294777
20947634
36323516
17728618
34414056
38180797
18840491
38596137
8219729
22372988
22341466
35961491
31673810
15142547
7587375
12658653
11667512
12791716
9911800
38715241
14268980
27364782
34377383
4626229
33838910
21166153
3657769
28108976
43532625
4945305
5675547
37303650
35222740
37369488
35709216
33268887
41336150
1123804
24942455
30180766
26633209
1560856
19708953
4316800
12946248
8795607
39835501
7250503
4718944
5780418
2956655
18591507
33330365
27276607
22965807
42948966
43245765
39064963
18316827
23361800
14934800
24164993
11187591
8165203
-664373
42988041
43360881
20452065
104374
-707849
29941115
-672272
31499418
18931886
32386495
38935046
43170054
25630714
23286209
5143657
42376826
6414684
2993941
35143097
2208804
7316753
27351401
15031805
34524009
18047222
43458102
4640397
203664
6257269
23008990
19200041
32538627
9937251
20034723
14223541
7413041
15408100
34896981
24490451
43051083
19887305
40400007
22923964
20363362
9128518
14443300
31930187
9838656
36384869
1976374
37387585
2994511
21274988
22742448
23890896
37163479
42519385
39473313
29769595
19233128
23137935
20919829
31518980
10444350
38093963
27546011
24053075
41244041
4080440
8955386
5702286
26215114
31784891
4220841
7233920
10151241
23686
6561338
8159855
38676351
34076616
38394959
41876953
19423904
26923166
9690353
15842254
1110688
5568941
39936795
21200335
35342783
36780459
31181989
6450432
18216354
32443263
28899474
1123250
17486628
12092293
12728893
33121573
20041263
38568948
6387481
15425448
3940853
41107089
6839628
32641036
23824834
13167011
25301637
16241
12796446
15423661
9252761
10514361
22209967
30508997
1923097
18419691
12587424
4813754
37033397
15695908
1576084
14929793
2272582
39912270
4883179
18557733
24388103
4730658
11647672
37601032
12119384
28280883
9818654
20249511
9450543
33835163
7345476
33155335
11373030
26059768
42682172
23267291
4932960
42696851
23130099
19763505
9385771
12393492
25821815
7517242
20378945
27000444
13295484
33411980
41883921
27182699
41755996
40364604
21113299
29390281
30782671
11187086
38472425
36618433
37460902
35654485
14874773
17001244
16282504
26110163
21637807
23701081
35459252
6700498
32014940
43094920
16449080
26859522
19193064
19295843
37925941
15799917
15290074
25283749
41772701
17913394
-559796
28647275
20634201
28423114
37765646
34217849
34306747
20031828
41073252
10939702
13636093
8716210
1324574
21831282
614369
37674982
32122548
32056443
1677713
31265824
32661743
24816434
23218534
16767020
41473471
28879418
29209152
24718496
10151732
13520792
24580253
21623548
17528214
24943488
283330
42746753
2479699
25160034
24730345
31511024
5507409
30312043
1950644
26355901
29247884
14467243
31739254
20946086
34318687
23162289
2965063
40112810
33022517
23169140
14205183
34767881
9448900
31036075
16421328
20359657
6367166
25864880
24048364
5666598
-962917
31747598
13094020
21314839
30905205
17869833
-856830
31333371
4355242
3158110
39249019
43188209
14941424
12556635
4330801
35014273
33280644
8482566
-533360
24409364
25681868
16806502
6800271
-690414
41333123
394856
29409474
33142982
875622
10462494
43186494
30247096
1034380
34571079
29796933
42406670
38224484
3776324
-832088
17330323
20347869
42713105
26179772
13593753
31956035
29786517
7414391
7939250
20151308
33287566
21342339
30926522
17637842
38609805
24719458
16284138
17249238
23400194
34629906
34980071
14083943
31588263
26664805
2082998
12944343
33012787
7979548
24770996
3276021
23784047
9407131
42187093
10917494
16795983
18631128
32989469
475938
42609053
39952204
40115802
40790736
42684080
21756439
30508228
35258118
26565549
24469849
31955445
39236374
40757012
31027976
27666384
42974090
40206778
10755524
40000226
-200204
3876167
5219725
34305917
12972666
18814506
7657095
4631946
42006288
-867421
10208622
1417034
13361760
39035210
33479145
42042881
27796061
11008097
8468944
41891393
34891000
20350717
13482198
14742100
31563148
20585657
20454918
27134275
41962725
16115708
16649435
35801127
40003479
25943204
8022185
-329992
8738328
12097727
32864736
35834840
20879463
19374390
14253693
27668983
18636752
13300020
37100427
22149587
12898909
-602416
41614104
3382686
268063
41672167
43048306
28139464
25711777
8552565
32012909
24030835
16042630
27337195
31707769
19174579
17179167
21536335
35599497
23574855
31572490
3725850
3356703
38200587
5289783
22928775
39407716
-811580
60688
2526882
-155451
22246934
31890156
4411296
18194030
40464265
3712279
41744844
6802500
19138584
26996752
25910613
1412705
72883
43351674
2534979
17571402
6661944
38271462
13201995
14218449
1047147
1799373
3290865
17988007
30703199
27876124
15915475
14007068
1671273
43096906
25619539
15994067
2800674
22306604
22321553
27264669
24146476
42068586
10332040
14496655
25131371
37061202
6724184
14520078
20130489
8405270
36112259
19253347
12193296
2735907
35571459
23040084
42770185
33787836
27642981
42507049
3900911
30718729
14088031
17514913
38032090
40046003
42987454
22872248
7114426
8077156
36867465
6024300
3549958
37974769
35452482
6904816
25026401
13617698
2448541
9986275
8409829
30472648
3467687
26681718
14171404
10714586
6447399
12696984
41495385
25739868
38082684
4566431
14657530
42170079
7008305
43298284
5283011
37184445
12886079
11458103
41563935
11111951
35431328
7836230
18816175
3737687
30610072
34107985
41369947
34287390
25163598
29743852
13926035
27142759
12085972
28621730
573349
21554936
8927917
22034793
6669196
13349190
32300531
40647871
15005109
11977082
32962680
23393468
35745849
14737651
28049559
4657901
314083
35504695
11205760
27717106
21543894
39355792
28735620
10656523
7534550
15938423
33605350
14278134
42647269
1608101
36530255
35212067
7370222
3786089
34849037
15858997
23282104
13158311
13009632
11014998
5338824
40444815
21475464
33156745
2707260
3375498
43351152
20910229
19984079
20534782
39668770
41091808
4249594
10728044
34653214
42704367
23211633
21344662
13661615
7011888
26760037
1375741
13225292
18862291
19906742
36671141
2128241
9823477
2349348
37590661
35325157
591580
20709826
36804697
7573049
42657958
28663726
17967230
8493010
7835092
18241988
11077071
36106881
39752257
33095433
36327125
20000793
17534880
32169767
506722
28161486
20216308
20819106
29537022
28340522
12895436
34678600
17845881
43228703
39145007
18209832
470454
30856125
5014407
22351555
35851364
22617393
40874523
25339062
43336644
17747297
23236607
23005385
12584677
38138361
17721272
43224803
34927685
5140161
15350425
41760372
15494970
29358218
20745483
11934817
41251381
9546656
15242896
10679101
12832679
7295357
26802638
29464474
34413964
28095953
42170668
39070931
27222945
12351715
29481247
31248797
2221483
666149
29964646
21043221
13932044
24834039
27046863
14385403
27745169
24940865
25431105
2751172
3686592
26280054
2874311
29255146
30530479
22713625
12753564
20382482
986803
-246836
35020104
33946815
35184713
27212644
12468209
2971304
39645858
236654
7037037
36128694
19353723
15576468
21938315
34616711
14198376
10300847
16973028
17285158
43182002
38773827
12794973
40620920
5604047
26716057
16949984
8827836
22755308
30838555
22878329
32789443
39698822
10233639
43286454
2601868
27948540
31511049
27998614
15700571
28492332
41321791
20399910
15051510
14560491
1524392
26322721
34803414
21598877
15560444
29795049
-484749
34619771
5528335
22277760
34254144
38464999
30125934
2230857
-654628
2429291
36510690
29408251
17651620
34263128
630830
19638460
30678094
33352385
18870334
12376357
2368101
22063791
4573980
31133936
6034419
3751207
28851521
903681
19374959
57655
4882750
4112131
20528294
37934392
29784556
30044841
11911928
39096000
26929616
40379884
29939326
30594447
39670687
4949914
42564321
11202402
42688602
19845743
37069813
7645674
12564074
22354451
25264430
12430941
4990338
3680296
29339628
14285852
7026446
40487480
6108670
15027373
18289820
7620873
9042469
13691727
33819599
10355487
6626616
12053794
1614147
14609280
1797189
8377765
5115461
15275651
40419436
14144210
32867796
16688427
17560846
10054535
10471343
40204158
1819086
16734378
30437633
34979813
33672970
38948502
3201035
22341193
19233326
19808992
26895251
40545337
20565440
39744662
37062093
11204266
6954180
42475394
29300432
-863102
8314471
-980116
42951491
40830057
4573876
16588444
17262761
23976083
39649892
15025803
3589568
9122463
-634314
32687310
39354116
36257683
9598205
11943186
13980696
30638621
21423334
37974562
25865001
35336578
19260990
-183852
1282642
2341050
18857842
24706666
35600860
3395749
31585558
4867704
11007480
24181828
26966082
23266735
41328842
16009303
1518246
3171298
17072924
1529442
42688945
26107616
21058181
33173743
-424083
36893323
20869930
20277310
39364454
13308251
38785435
29582761
23214228
18398121
2027931
37662016
11610788
28433464
23225893
15000987
40763728
14708920
7986132
17150280
37687
17576061
41113497
6488147
25060999
1209168
10898701
17173385
4300930
647812
28810537
9558970
41466528
26716785
23412429
9802066
-511016
6104456
27072229
1884337
14829881
15207217
30483481
8014634
4645054
20399243
21156059
15877594
32456783
10858711
13168994
41579386
34434895
19611476
25732076
37107698
38214670
39891468
19505626
15604809
35447269
41504386
19824971
37163013
12522273
20498737
15253408
7989999
24602186
27831229
8903074
20402708
22946842
41386911
29595782
6813811
35817288
41673123
33486756
16466961
28700641
24558209
21961074
34550979
3808647
17285705
37967267
33916619
22946789
14304231
3129470
28213926
13503602
26034661
31165807
323015
31383196
3068491
21484465
41521583
35404691
6451036
25218669
36393873
-453388
242396
9668018
2177709
8765419
-418207
5358746
7300246
35871402
32186568
19422290
4044956
31858439
17834568
10109552
25683196
37858147
15797119
17646649
27822180
36553522
28987344
9629648
21485257
29154898
31071971
24377697
40975969
37990996
27569836
34774108
2786047
15385801
11330619
22587712
25211195
29011413
20273968
23332199
34311844
26288358
35926821
28805102
20890657
25157340
12049217
8513289
32924652
140408
24622327
31744115
40002541
6354657
39199948
25572073
22897887
30341338
40138522
40496922
1930529
30989410
17126470
39089923
43361851
19939301
20183593
17660711
13356321
14403933
23493127
30331176
24146150
4880919
39033455
1621373
6679069
30697582
41312572
2883912
26652184
33754698
17230527
-113892
23559536
1504997
29708022
7105631
29135740
15398136
19170863
22634048
22835851
-219904
2192569
12989591
28339492
4287061
43298388
2010707
5595976
33392489
30138596
4166468
3101034
17363793
38140839
32843845
10857043
19244958
21376729
34583797
16700143
6309390
11114255
43315424
28092692
7415670
16839659
28839543
-767237
19195853
20956136
16271578
5212865
26134412
25175769
24265535
43005186
40403803
40721813
31485513
19995720
19304488
34047312
4562790
31372608
-169646
15383387
5521317
41649618
30293844
32613747
26085720
12356539
12622700
30323073
6716998
33249192
39475060
13457881
37811107
23772205
5939558
7984483
2583476
395688
28747668
34231238
17599532
11582064
18004476
41972911
14520143
25849783
42238784
33138199
1602800
12492495
7100632
-590508
20086502
13871395
13202698
21561969
34588414
27679973
23064498
23674832
20828862
16163325
12390990
6420271
37536485
12017024
1487570
35388058
4665454
27615438
28481046
31964127
40973486
21152327
19112434
28595253
14172024
43163352
16057921
25489175
39203990
36297308
3540037
21594708
19357785
40749133
32172143
33701525
40730669
4568300
8729153
10896493
28010673
42107269
38889804
19795299
20655768
7349360
21363898
28573975
9424117
33308101
41603355
42837048
15406526
33219491
28298938
15980682
22795364
41339218
14002066
23244217
5936333
23132875
31329236
42898192
29807968
10283749
12585055
5034859
28945709
36502479
16434520
28545257
12447609
15593445
28494059
11802250
16823185
33032263
32950524
20089016
9877223
-594822
29812899
41337639
38764093
29044759
41268766
705547
27941810
13091847
16235452
20048815
26975511
33844385
11609458
6483465
40338859
33447979
283728
24977034
15135244
36136100
21366518
23222685
7975647
-483082
7997465
26116171
16149216
25956685
5539836
1502328
17937400
38578047
53304
5702841
524977
18645601
9196445
42779878
29108790
8448675
37582198
31099895
4113664
28415383
24531502
15032196
21421222
16722576
14179603
25352967
17240212
42571110
17356875
-581826
25038896
36072114
11036978
4020680
42101978
8054661
13841182
9441804
24569438
10440115
42272388
23658280
5715198
4884966
15455890
27531360
21383539
12468638
27979503
6531014
15324771
18976797
18843734
42666029
29243122
28995709
24128384
21107408
33714408
30780674
43427640
24223905
-163327
37539015
30335366
7145945
8546708
31206166
-767029
644671
9208617
7488752
18586208
43030060
5983327
7528250
13968144
24413505
33788205
13838868
33687363
14999065
17371573
13877511
545864
26174325
36014733
4176684
33405628
7196909
28629755
10584222
15014762
29487487
12995258
10003552
25127703
34994016
29180131
31172897
20112192
9056916
24022591
34529950
10334946
474185
14230782
21332752
26061083
3069767
30111462
31437079
3135112
43160432
21999535
26305814
37120940
35486030
17278115
42549371
18789302
23193959
39221842
18526742
39513244
2134396
30969357
23415748
13187655
20400883
27258649
19030639
14668631
39674740
35800516
42877367
20108605
5417242
3758076
28346587
29872060
8244059
22255422
21156782
36004847
480385
25666319
28621526
24438976
29154490
28092800
20108319
39109275
43399869
27751531
37942526
29931735
31907548
1084075
13471966
13558831
10257530
20974420
12189970
36897378
13389704
2217657
10600331
29758371
9491464
13941211
761154
22135481
5091339
16865873
43356586
26039402
11394829
9496086
23619694
4563990
32407354
20291407
26757284
21357866
23872208
35927974
17053539
27470956
20142190
42882502
198414
43230491
23241359
9836994
32200287
8156792
9132731
25225307
35897582
6067169
13383301
36824137
10248013
25902964
42154749
10106698
27110785
40995279
43397550
25913877
4007421
15518118
9844859
28196247
18742997
36552091
40727309
24767569
32781364
25021915
2392110
43225169
27306515
3591210
38592443
43357253
10443263
23582311
19783363
-979144
13807162
14006987
35546771
6300880
43098778
38832543
12085942
20604459
-502655
12265732
33738165
17124076
21366937
31599658
25187030
39298612
16586690
7859534
31850684
12288225
35898569
42219784
2412416
25238924
2179675
39878810
1195191
16346377
-214023
34248117
25486940
24359680
35093132
43296101
3160096
32732257
23081183
17381477
5731192
1253561
15805092
4317484
34129252
29242915
9679854
16993822
8417754
-857305
294303
24724874
12736019
35916691
34249097
12084542
19219000
15534954
16520789
16433237
19413165
5530357
11555295
42192891
8703683
362146
35618077
25571719
3490889
972546
38810301
14209784
4239452
7795440
14046670
8481102
10319891
21718855
35616700
761278
20547703
32067657
2941525
13672109
23404927
5304892
16379656
5248399
3969831
22537725
23744145
30723300
12408689
33984756
22617826
19440788
38871749
8719174
31023238
687450
22424032
3706699
33644152
9905740
24985042
25528025
14863252
15836854
6071848
1804664
41923078
38221393
3460013
29008739
-2191
33204591
36829260
15158581
35327287
39495462
23639559
23356394
31101973
9620287
5942486
11196128
36023653
20613479
9913452
12066593
20896675
-293520
25804818
26334400
24193444
25667018
12192603
9338837
18443440
35585182
-749972
16708706
26603450
22512882
5673410
26333562
23906725
31171510
36284582
34729936
8781895
16092222
29908375
23631085
31751917
30913057
31445082
35819989
33875015
37132928
37566513
39929154
27828296
27891414
-664885
22315524
26862641
31491388
7233493
-595627
11500478
9329142
20461010
10841545
9362339
26477859
34830915
33866967
37249161
7650398
7459082
17219297
27602376
34244383
17427623
5491601
33318042
42613845
10769454
29235162
4190528
25105058
6520881
33872921
11871205
40284981
36500085
42871759
35091687
8829288
15646352
32398614
39897960
9530459
25906456
16843975
11987413
22680653
21541178
40607687
13090026
13275562
27227216
41631410
34378279
8986697
18109971
35001650
19504324
28104232
22227223
27487756
24597917
8644786
26895182
11541752
36460028
42756714
34617268
36130800
10896358
19962052
40130598
28683183
32792844
17475207
40782733
14610889
4655416
10112560
13505011
41655037
33085635
24041192
2130529
10453397
24165290
34767330
19954300
5191758
42920167
33099863
30055699
25557893
39833386
546397
15909539
23260082
6474968
34193360
955257
22478731
234711
41209685
14314803
40366819
29165048
35430224
27363376
27645485
30272336
10374892
20633750
3893603
22892211
21540578
38043116
9580868
40140439
19132608
37805609
14820444
28156136
14498100
40331840
33285833
24617631
1767100
35453566
2488258
38052441
11621100
7225463
42006511
1694966
8575313
32103328
36747240
30773242
17414904
15007888
38762482
31098208
40921446
3831913
18498322
-208463
40147499
3701337
14803150
38275844
9767938
1456610
33180053
30238361
29278586
15494593
13286119
28195419
17256669
41992290
36313091
20385862
567264
20891945
9661075
10530868
42234189
19795433
32813438
13497506
-756141
11008228
28117351
13422285
1947009
37211974
38784571
20623534
29646998
790708
27932409
19914534
22909851
7627493
39153352
21684288
20108506
18920577
26777397
28670837
24233029
41605701
41538651
35884402
14664870
32764420
21503598
29392984
30474676
11539614
39414091
38402141
9747567
3272548
3544821
8705658
42811261
5840002
14512806
41816411
29598337
16138488
2700363
33815244
39744980
19168999
18358832
24480997
21470682
17321271
30330548
33625192
5130739
18109938
5577244
29879344
15192116
1542745
16047022
28961295
40448213
24436745
6466435
34888791
25732577
17408523
40709283
37657467
32625317
32770796
24932393
32839769
16804279
38660012
17490935
39330813
18370346
41130348
29429237
7777361
30340023
30252360
36483128
33835237
3948562
1748483
19876743
12503533
30419635
22259315
37899678
33706680
14385091
34152730
29539627
29070
33665149
14381147
18047493
22198473
20997666
37186934
12456039
26982288
15076566
19999613
259855
9360347
34467345
26288209
12316146
3418611
38392005
16158095
29142911
39573930
12729513
33724499
19330196
30884163
37307434
28255934
23336271
6540587
27878732
131553
35203058
21138402
37974001
26053747
23281338
4247266
24510493
14587503
40745665
42193195
35278305
19005429
7782240
7249792
43128123
36563678
25557492
11567985
1429961
39379646
16943690
21731769
37204474
26782582
22762449
5227353
36102178
6787858
15734492
22795358
3695128
1159179
36290015
5676344
6253297
13291614
5480841
43464278
-744360
43380075
4684749
5070376
27271851
40428048
6038184
1482498
7106232
6553025
40673959
34624135
35135046
17571139
41542534
21154488
19005126
32869559
35421965
24104803
27649792
1240220
23152303
35785947
10357268
34453856
9499094
33389038
21992945
16708424
5447170
17164741
33578121
42849378
23960407
7519887
36599694
42193303
-937338
33724140
13764285
14643453
16248730
43395648
28161444
11268061
30117162
10918172
13346103
5352971
7137683
8342336
11214136
38644883
-37089
24023281
37407854
5281915
39565185
36905972
33970079
842558
19682785
42449172
1871622
102900
14117971
12048633
4628577
9325644
35545479
4868857
-40358
29797859
5660322
42152246
-403399
3731850
24407032
12722664
4049518
23439888
28570887
5491820
1098164
29424703
2959384
30753049
19725045
18886473
17714147
10517781
4370150
-898361
965094
2790820
1376056
27521671
38886167
7873775
23815175
26527019
23180454
14095227
-269303
3860328
17091601
14590182
22541652
32601266
1950210
23025784
4559773
21156204
33229997
21120434
33369997
21044207
20599847
21702280
22539750
23467463
6124271
11043877
37389450
7539170
21959786
13702205
1011637
441161
17183171
42250943
19477319
32890545
34621805
39707788
30054866
16001824
3789295
35749946
-365219
21027703
43082605
36707851
34260508
29170834
-950022
15806210
39084221
4666336
32313193
24553591
23760381
6279061
34378927
9323356
14488108
5135915
30522228
24115080
18637743
20648347
-635642
33435673
24961991
25198410
36368342
12669161
33168039
10402038
42505208
11924358
-968958
24282714
39478047
25575300
6087067
24685499
16942239
20779175
14416593
23540043
5952759
33046243
2631734
-417364
8902221
24476002
24311218
33762414
24093367
15689257
25728557
-428511
31012849
4812928
32119484
33436016
32776663
32059055
3240461
20391812
8837004
32570105
37295597
7950496
1328513
15168594
32354948
8785693
27473830
10348564
32004974
42050702
4088470
30084071
5301834
15902958
624795
35504002
-679316
27567660
31851644
14368897
39834574
36530878
14614658
16277489
11009431
38454788
13345125
2687471
41348045
37808258
16245711
29896698
18148129
12117372
25115289
12013141
3611420
317158
18402993
9158370
38153476
39895887
39666933
24317369
1656219
19035493
29864536
20273685
9238369
25426844
19527301
614396
14446094
27202609
4760090
20877321
36916020
31295162
30833832
23988340
43116748
19398052
18690351
27376709
32584178
2798475
43426507
9175527
31815589
30248290
17594393
17949397
23476795
22207051
43384692
19237322
452807
18764050
33721794
32470361
36394231
2132510
42517457
14767219
20711757
33059879
42970039
27823181
5808799
27776335
14693855
23428515
39402292
5509748
40915937
7106747
5757620
28332814
6746569
28528268
38069211
29306650
18446452
37580748
34007402
28016603
43204845
5879874
18473835
30395873
4782312
35023269
34056785
43205161
14721246
13669828
29607845
13554625
30932739
1343365
10335299
16680177
27596462
2696258
5601024
25845794
9253059
1077800
19487181
40255238
7628759
27408468
18929215
28734472
17433712
16760559
18398862
40201046
7316219
11526527
42157647
7075464
24443803
12456184
42190349
18037608
15153786
35843708
8902699
9129905
38101110
16119361
8048389
4418377
17216352
32861424
239581
1871528
33370104
10611863
16487203
1653452
22218945
10531143
2310911
24943964
-242795
5635349
2920327
18738603
39564681
39516472
26521292
36069769
28270934
6613263
35003098
9021976
18773073
6921778
42617431
12253526
33366664
38726174
-529048
42809832
24452997
20750625
23944213
22146973
3174205
18870495
16466458
36286270
17257080
1811570
25057881
36578373
9798843
10052654
-681882
20960939
39301902
28657080
38105678
15820199
19800024
15788368
16768390
3222069
5022106
10121746
496661
2074411
17143764
4627420
278446
6150879
9042717
13650846
16405418
12791624
18801425
8242221
32986210
20636223
16825364
37744222
36087025
15737131
39796534
24548572
33025758
21756846
41137875
26290765
17664839
21536482
21165281
11464644
26064539
15211186
21626149
3637193
7113245
8935721
13912558
37546491
20179845
30079495
11463916
7925473
32512368
31194865
28765418
14743240
23373359
1863028
34192981
10080369
16264750
37471252
36531807
6623142
27142604
13233392
-277271
6058246
43427732
23736474
29055260
26087764
37254967
14145741
4544990
3798421
22880508
40963942
11850997
17590015
9205619
36370853
13720388
33661403
28928428
7917134
8335856
13619431
8480117
41135729
13439593
4882799
6663421
11526216
11027555
39166941
18419165
16778460
19128090
35982417
32765737
13493937
34101699
30401493
16842221
39221457
23035117
3502983
15253152
42807971
888395
30927882
4677830
984292
7322785
17089019
38697904
517879
18703271
27908597
34638614
37915521
29181785
560435
17946179
7542281
27370528
32457648
33594998
14749084
42573173
41087751
25933090
12266695
6819963
8305409
6633826
4076928
34949775
42755058
1237711
23654876
22286866
26318166
5504348
25180652
31778169
11935333
7729095
26964385
17578001
29503503
1679354
11297291
26732413
-786645
18619583
17291784
19383314
4856586
23475559
43093756
1045163
28937554
-995731
6694710
35641803
40217619
12762134
39207436
33140854
24445077
40795969
243848
26145386
16714585
7070738
27061346
17356726
42201286
27501266
4763031
20309315
28654675
35522842
10645373
39322456
36294466
30027855
36143122
39091364
21306062
37498187
14381073
39852846
16326391
19524289
4411637
42509379
18765519
37864359
20111797
11538516
6146175
28957237
29024730
22613155
30942620
38636917
8665147
12814088
13794097
31739627
12522364
26477587
4028529
38775281
26340584
42524803
30855170
16838711
36165007
15693594
8197687
40860832
1579244
2243763
-76240
13726303
36554192
10128014
32113385
26314834
9723378
9432009
33021653
37305377
18353413
3150430
21215926
21845936
40590355
24802986
16658256
40340644
42790743
11602180
26798148
3134856
23582379
38914899
23086988
39720090
14192486
18960646
7497899
6128176
39364476
18798850
42874344
19070516
9462823
632505
35284124
27143960
37585849
-903926
17484496
13457526
37299639
23019611
30915743
24072631
29692959
15454968
25369118
22348588
2852883
16696651
25335287
43160722
3319989
28030026
3715838
15836917
29223902
18969651
36298132
22513597
39632216
12930737
3293916
2472879
20708161
13042357
32244176
20427287
6456136
40831168
39550972
6503016
18725720
13458024
20155843
33777764
11021801
26162953
38543788
864397
22403679
35088450
15736358
10872467
29451627
-548888
23646576
4666685
19822885
25332868
33148632
10837807
31326137
30518239
32886707
8145599
7665377
20492488
20871693
1846066
6959218
583914
1999564
26779545
7925760
32907785
25237654
8730386
24981874
40855621
34957667
4003665
39926750
39810175
1165569
20542751
36438021
38894997
31125153
25814082
37252222
11409582
27111465
3631785
9720574
10332240
6672622
6182120
34942314
4688548
11340809
10070791
27521290
42552250
38156208
14044876
14995594
39220153
41721696
11181359
36260171
13120907
14351757
37570171
1860462
35816930
21209270
32008508
17062251
6062284
24079036
38767221
18574928
39873290
26406313
27032380
42660412
30438378
34569352
37004965
1220622
41974568
11575153
26481170
11286503
11891448
13278647
899871
32117299
35149839
1148354
32076401
17186664
19223594
24987884
26877256
831280
43198601
18931980
31965928
14124018
10615916
769328
27419939
14344229
20989413
34179669
8766783
14899423
39944686
4474620
25018452
12368245
43039273
30707357
28872315
32281908
8277930
25840570
11126149
8042128
41378241
15696880
12336497
17501746
28610038
7588233
33043561
20031755
12499148
2557955
-996718
17924482
26380090
33784299
23633522
8266906
15694661
428236
34137588
3691364
27622655
7382443
18542471
11988365
24415728
16365721
40031050
4280425
24224724
4436076
30647229
39475008
43216263
33532646
35047490
771128
43177848
20528526
12047510
1431499
37918307
26340459
39355815
12323351
319517
20821476
13214212
16340113
-61222
35699268
3035309
8573403
14594696
42040779
43213698
24616132
24645029
26178014
30004336
16059218
15026709
40241933
10325780
15358443
18409044
13102218
2778697
20418276
25604400
-424506
30115668
11914320
35886644
1184442
29780466
28412109
866322
13318802
27828961
40739333
24286534
19514097
1119775
27506710
21452866
12052706
100458
17612587
28934276
11351797
41897269
9595012
33842930
36108833
10254100
25462857
25098738
35742203
-808362
5092778
9963552
16660378
15975251
12284063
2929703
16807567
12587591
16597592
41042890
40689707
9383348
1515894
34127955
2430019
40355785
38610495
16113072
33911198
28953850
25059385
34842197
51570
42418519
20547055
18048987
32531865
24751714
5653045
25306265
11586775
22494890
20790332
40617374
5534459
35448677
573126
14420983
30259227
16958151
14416947
4730136
5356192
22133739
28151593
24317259
474239
15929945
22832029
3364117
36662828
21327697
36730440
13366248
3778840
15549007
15658485
33883865
1541137
43336020
21667173
34015927
23281614
2271849
28761200
18608658
16922736
19811884
3134794
-846218
17520119
20536959
41770191
6998295
39346654
9525167
31879212
21751236
21293109
23199445
25552254
30197750
5713562
39798946
24654597
41081947
4727152
20667503
8172668
28057534
131783
3879028
25700983
15607265
1370275
37688890
7051293
1757304
4571268
-930249
19070981
8128186
26654090
27384632
38389899
8292
12787525
30225713
13822350
17637400
17874884
42692624
22690143
7763731
31225905
33226308
33061312
6438902
16939210
12843915
56712
3377435
23947182
36851270
1129401
9882644
23057854
42137138
33100677
34747919
6133259
5788703
12733962
23344655
462042
5118592
35648982
39997902
29447077
6247798
18459574
703580
12287491
25182719
17074208
9355493
32114901
35584072
6041533
6603787
40793885
34238751
38029982
2074889
41771103
38560721
40093449
35502994
39964971
16335216
23306749
1493978
9112720
14456574
4529463
42501123
20497773
34491208
43113183
18002293
30391236
28375694
32420124
26424074
13185184
33469738
23792286
8985054
8055559
13196425
32959818
28082767
20097667
35288213
643609
28485506
26642465
33007370
43226579
10968280
39387934
34240052
3588215
24060674
40805964
3291388
11357777
43407464
25003626
14528300
27237121
19577650
10955831
13909968
41311297
39401076
3271071
32102823
24625640
447352
21614541
9175456
15138652
3509105
41179781
31190100
21660880
7029793
28167264
21258591
32637961
24134587
18324904
39501730
2442991
2836852
27106217
40114662
6424775
13095375
3219874
5988214
14263980
21699723
10274840
35418329
16143850
40114262
16693377
6948131
35615816
36313417
4366753
17392519
14054589
36176863
34435428
9116707
4401825
23550953
21920628
20897392
34907848
9194001
31697220
41096035
8755409
9560394
23446106
40216546
3003887
42042209
3198007
40372615
32924974
27373642
24292131
23110662
9938944
4908718
22522348
22457578
41932457
36454350
4962686
29380027
38531130
26273770
38110494
11845572
19677707
11167839
39944061
8546325
23190892
19901794
33962114
10207943
32528696
15931091
1404640
13905323
21504005
36580985
13519976
43484071
36044523
26909045
22730542
24021417
23864323
18752275
-677524
5096144
25712521
13393132
10462610
1327650
14721825
16900351
18662486
33226987
10329998
15758914
29345593
2699024
31725675
12211445
12736207
41581143
40553007
10959696
21919383
3176683
40743671
32371082
16024920
1202339
3633638
4404347
28218510
125391
2038149
19965716
8507461
1715959
2493500
33083120
20844725
40400350
6398423
2444601
10290398
19450591
6033813
30871023
1333127
19082290
3882895
15210202
17468024
10890695
21419829
10823325
8446370
13710253
7003544
35540199
21238103
30764874
10525159
33313281
20145377
5890305
18985073
4683094
42496433
13588048
36221842
9970715
27036085
10604107
20202436
27166519
9254932
41991194
21422573
28223531
18892003
16557773
5494159
710527
13836840
24952581
23039312
22925440
42282224
26284561
15589053
-945997
18946153
41915732
34405677
21711869
17116892
11632194
21951118
38062821
31941364
17330641
20996058
41868836
33114908
28925815
22449591
6009277
36829021
3923531
18188762
40189145
41853292
5483750
4662274
30459129
28815627
37919210
5833623
22271987
39006406
35466066
99094
16919978
40413783
1639055
34207192
34155527
29694120
28671783
36237886
8606283
23657859
20987460
5863306
34252555
21938189
41025695
29932907
15468879
32117950
261326
33808699
35584290
-868027
42173754
41035447
23904472
22545361
26230895
35752862
626350
14940687
3798527
24842872
5147148
37394842
215467
43291419
26249557
7773454
23123683
38471454
37995877
38986206
7169864
12835357
5318877
5963741
22708564
32734604
25563371
17898384
38393586
282475
27050408
43153903
14404113
19470882
15357801
7685788
22831318
24167910
28203537
19104315
29533702
10495036
4223648
43220991
20322741
20205332
4175262
41272502
22558905
22370974
11161599
20312059
32291058
33197418
9499204
7820417
5556702
9156639
7884936
16090015
3399669
32483943
26825695
39241728
38904620
3390440
12202939
29078388
26351403
16676668
34754534
41760498
33555673
32684043
25352857
30307558
7201894
33430014
1526360
42562251
159148
25265218
3065717
18462538
31648431
38184087
10935771
29855440
23516485
19322709
35465226
5979913
3816135
3795412
43499456
10857703
23321557
22415975
13566796
4767135
19638834
29639248
18035082
33173350
15032730
3518952
7604624
23904113
4630802
22686680
34209355
16057500
5903760
1645580
7908613
14490218
11678172
2250545
2065961
14866970
16443551
-352341
40821829
24571053
15477581
14906723
19938066
41571735
38550698
36727306
28997521
3991569
40169657
26580437
38150813
10597376
41172047
6209986
19675377
40438410
1672606
21191926
37326279
11612436
12884931
24789021
15756195
15642125
4464046
30068602
1248584
24540820
18594758
32301171
8998991
25991684
23591791
9786681
28661490
11129868
28059699
33694328
36160348
4564864
19625633
8499682
8625927
35826454
7842039
41714240
22642495
26615198
5949525
12770540
16273178
34088241
36118431
40687057
5085462
29495882
26576193
680140
15347191
20573725
40095268
29831571
16575766
43034294
35641246
37315791
29986370
15447929
2136839
32173351
3674898
30615340
14063943
4995803
17894378
9298965
26290603
29967267
41982361
7757068
36125405
25996143
40774835
3283290
40185529
7493115
43484216
1735537
19252958
38888442
-92352
35138546
13981923
7469204
33732946
25489652
42419033
43077933
43340200
15204649
693394
27119465
1738399
22236907
5871380
1409813
23892779
35962872
34963713
1837042
15776750
31399528
32983717
33965196
26003208
28327470
32364882
36805338
3294342
42763735
9188731
2259438
7810620
9350063
38289494
2419804
27705733
28824782
28609334
18045240
26316963
28876633
12301882
751346
-447792
38769574
19003866
36071475
6565458
10751045
21951038
35557053
24946058
23335585
41381947
34131019
28303398
3683808
1770798
39564980
39405537
40173410
618404
5534260
34551756
16972392
1259121
17163545
18949102
14514761
30869251
15289543
21675973
30534984
22563877
34646237
10423666
36953961
32919498
41776485
7239879
42823944
4948445
22493066
21364460
37315679
14187418
32067690
16504332
15171893
27423687
42821018
10236451
28258321
40801342
11044649
31924385
34542853
28866352
34665923
10040563
15205564
25786343
31677498
1350824
24774182
17893140
18366123
4659367
39128407
810670
6648664
-636883
16583301
11605387
39461767
31142670
2170181
22989447
10875131
21150944
31252420
6721005
4577734
19101542
20701911
8947285
32496251
4640333
6389884
23338980
41664508
22965703
8485131
42974474
16620545
9361143
24174327
43080543
34233978
25848569
11275969
18276634
25664194
7718926
18669551
10942048
5119854
34027866
29659170
12903961
7781539
34666606
34420170
27399902
10260527
42716985
38454812
9263162
34672073
9203532
10000630
40144400
36515971
22625656
11137538
37498531
11438701
40638560
14658660
9738241
24775221
4229162
11241950
-570208
21313973
7803559
33992565
2547913
26944141
19377542
32012023
5161192
2051579
14477367
42266390
25430911
31647317
11164454
12095639
42067101
24293734
17791072
7952635
5411838
13825883
4591787
2704484
34583388
2520492
38433125
23050351
36379662
19902349
36152928
15311946
27884790
42769223
4464887
28754849
21094204
7425062
38470029
19689935
20359582
23119905
18808968
33095103
31635524
18585639
16851158
542683
3900888
36773753
12893996
19221014
42353950
14732054
19188743
27885413
7837972
37911545
43040234
39108160
20017332
22806736
29356001
21585486
7345109
17007195
4007448
26308485
12113545
10654997
18717953
41711323
39420409
35344552
-617024
31438958
37143726
42369467
19363243
16374196
2106232
17895494
5639413
21645419
13556354
22256031
33835577
2832120
5792416
18648440
31451116
26910156
39254265
30931277
15128019
38772830
21355124
14507452
17646317
4723519
23306019
31555049
39105582
27815513
6047899
13858105
35449360
33887908
41614007
42783374
25343798
10937147
38614800
31977717
31639949
34869696
31070318
28530176
43405073
6534830
14528395
27148785
33655649
9116205
25515320
9766921
33877265
40581716
21330547
13153777
42161188
15949309
35597079
17868193
815825
7490232
34736087
41147241
38716828
2957394
40307667
9264368
37066911
7252695
23018337
32760702
30672729
16441722
23214586
24096888
6202447
10304716
16917939
3248486
22324479
14208536
36679268
30854907
28133904
6617486
6238691
20093227
5478298
43288464
42845844
3765480
43366001
24151252
12525423
38391301
32573379
29577334
34673881
43446517
16782356
37657154
8944251
7261434
3679208
11811412
23897440
18263395
27632506
37104166
8037479
30088604
19262104
35381587
31690775
31710954
11332095
2896109
14842431
7997084
665347
37339679
9987501
39411617
12610444
21297797
1548946
7512229
-88404
41017413
40224840
6366966
7977948
36408551
8386161
22934815
-281680
39726077
10964135
5710437
8815566
34757050
37739791
7929509
33977390
42942857
37389720
12774519
9313671
26785398
40206284
9396728
13018214
43447936
13372185
36724754
34775686
23662230
39831375
18374062
42696948
38869843
18149654
20639895
24840307
27887282
36541422
5804048
9148178
33194939
19688657
350883
24682164
15174824
21276038
24456964
38315942
14553412
34336495
33835777
29671223
19231044
11260746
38201851
9496131
31022893
617616
20947381
28507984
38052161
8018949
2137080
17609770
16752834
10764392
26260606
43054853
40004158
41210283
39083881
22686665
848268
7695076
16189689
38457367
10049938
40015010
35197972
23021724
6069655
10093101
38409837
25945290
33160266
21601497
37471954
41530002
-128656
4029315
10371078
22956281
16784206
17209163
41280892
10103430
40415718
25542958
294444
5831126
29816925
36628747
2759388
5575239
12716818
38898357
21947539
38592816
25442721
42515067
32067327
9221031
30865663
20669788
16504180
32613867
40053082
8709632
40589060
33324545
20739498
6842695
14260594
12062770
2175320
18398848
8482418
10374226
38025769
14198175
35224490
29297909
960912
40230884
21463606
29489953
30050710
30099274
31832023
39291145
465573
8689740
30790667
33124162
18591613
4728305
6168195
13596462
21995509
36803259
771293
21572838
193923
41197959
8179279
1257453
27522341
12854759
718837
19966796
4791021
40581490
9322329
20617616
3140862
36255543
33303396
25031460
34926631
2311785
29825774
15257322
32940956
2888070
26578137
17459905
8088528
15367711
200857
11762564
3473063
26428021
42628363
41855671
42983962
34613661
25341727
19469535
35377227
22477265
22329662
12278557
7135066
43496813
5647817
18685884
5019107
8767097
26220143
17080493
12201268
17305415
9922913
39470511
-319260
26630420
20870963
6027819
6183174
24684894
3850306
30452924
25787199
41212321
22839526
7582977
-638985
2132958
8256919
739006
22674202
981720
32202424
4926560
36907277
7815868
1428005
36111911
17623175
34981876
33080772
12029286
19860939
21429210
36205083
24070128
39998510
19606204
4654949
39507493
34205016
18005405
34057037
12789695
35431239
19976494
27231789
12789954
7797645
24435911
6014490
38732110
16789231
38919276
30864617
33554107
32019909
28245901
26330520
13665137
33082363
16989427
28815201
26782089
40435044
41497329
35879008
-203394
-872865
1814378
19686583
799282
27064182
38014947
26589962
32625167
20918569
40930456
31616016
7311552
32624423
37635613
39195614
8344784
27497919
23650647
25774204
32839526
27320773
10466834
17010121
2241934
9296947
9809263
1617703
29646828
10158140
6318755
8965849
31544124
27664208
16354357
30097855
18456359
19388857
19306846
5545003
20926395
24912085
11853226
22036795
6833744
12667155
31748625
10813829
36633312
24323807
17827769
38498416
36991225
28388591
886849
42414062
36703563
43122162
11202200
1855301
21343846
35716461
885223
30229189
40032981
6521671
39360627
1085865
28090045
14842435
10021315
24659053
6615794
9620218
16065068
12904909
33645082
17793296
-655596
15829453
-169928
14749489
41889179
8326803
9548690
29289451
4714656
30276514
34619671
2562016
880507
31825181
1124533
39293000
5647277
9417489
22212148
28052134
17095021
39301114
31590431
5941219
37218301
37691740
24035042
33174883
41111132
27008558
21117773
42059549
17173594
35886667
28185393
41330993
40926527
40364233
9411350
39410355
30728935
12173519
453207
16831615
38959300
11054452
16170045
3156733
21472133
2181336
3195508
35514710
281870
931322
20295389
36718044
16502725
6564879
28097790
19614046
28701572
16408327
41169723
32160127
23367629
30856344
21083403
-237044
18424405
8604928
20047958
17639460
37090683
9519616
42708494
36043194
39157594
4036372
-137430
31126428
13978822
36718425
-335284
30290754
21698377
12249959
29138565
25318237
33272623
42660885
6476472
2070949
41125497
18373042
42764260
21792354
8106612
27655162
41400503
28810721
25304780
25635653
28338810
33689851
23344588
12076747
31189293
27211695
35161535
11304101
21181899
15153341
40341738
22105683
-977669
30818847
18358618
21661897
15818442
28558297
38432348
37667014
20257547
19242807
34973096
37311312
26517040
7046859
30948014
41145396
43443588
40047248
22158111
5915467
70200
5660052
20435019
32308078
42688689
14336453
38718754
27226434
12619816
17814655
39588977
9325234
25301024
43192323
26354554
43489638
40124482
9710158
23308686
29632355
18602890
26447708
21314174
31745640
1493397
7443106
10219327
26476528
6175714
28311470
40616686
20202116
8665333
37687361
29267791
22927454
16733967
42539117
37880135
3249370
13329192
17904331
40845756
8403165
24333137
5410764
43193353
8375057
25535429
19856235
-562994
37813838
23833761
3996391
42980100
10646294
8543832
18741933
24981577
-952604
39001947
32310104
21624658
5536074
597806
11450949
40374892
25877704
24879788
14601463
4796850
29153696
1721309
39921316
7059543
14335660
17372012
14732605
31993240
22997382
37170559
-121731
233071
1516033
1277463
23607570
2729412
15901324
4323366
28387684
35297118
-926062
27751220
33602475
25401063
10939989
-361740
40076604
12294812
15702824
19484318
32102149
5056722
10346425
12910200
36145798
16495759
-598036
31811434
23368295
5378690
22696011
37315900
28682531
37353831
2269571
23969042
32638986
43038892
37411809
27892325
10904344
16791381
13394993
23820155
16900013
17695364
8216085
14666486
13787223
16642674
18278204
16799731
26682080
22526073
30869198
23357988
7071937
30423952
27482320
6804097
11643171
42165448
10583234
34110900
36179890
9651038
38285945
12326620
27765594
7882289
25848630
42306277
20158789
27416078
41451920
6099195
28451833
9805076
5931657
28930815
37891841
41735298
24524391
11003832
-607112
650945
7160345
2769110
5431217
24938465
38884218
10907549
38691541
31146577
27645346
110744
23665551
34214857
20769116
29315256
12873909
31679851
13561851
-572895
5546051
36408659
22815977
604746
25231713
17191164
-14888
34270062
19233186
2533791
4727186
13305151
943640
22882987
-753089
1952571
38019244
40348948
20047167
36562190
879568
3577987
4980436
16654751
41662693
29721994
24023639
370962
1930624
32493452
1530627
36142142
28441782
23363582
10525993
26804537
-308983
12515179
2167701
18881040
5613606
15128677
8967198
5153503
39573864
12203293
37571018
35960088
3986752
36025423
18091340
25613195
11445292
36523780
35307655
1429535
23611786
11494088
11171273
33884784
32774169
7311517
37538799
5963748
34994329
31851339
43489130
4059535
4645368
29586662
3035879
11641784
40615340
38001041
20031056
5752981
13825028
36634953
42473579
-753258
39688698
31015723
335874
1846018
23507072
834370
11219928
41973817
22540787
28598865
-746542
15045216
36419083
3747791
30935436
39119060
33583721
9242122
31935432
24978829
41828829
40690522
-654327
15915728
21537732
-273195
24304254
32722954
22468133
32788979
26266164
25046119
19201625
-277844
4657434
3022244
30427779
34880505
8683468
41154243
37351307
3489525
6346096
22609130
13719212
36189585
31562882
23135382
15371562
2466068
42583708
3159482
38319829
4510743
39644069
42550331
39539058
3573519
13551990
-408186
1868643
9686175
28550646
40326212
23345441
38591875
15670321
32485411
9850809
41570799
26607568
12471236
7995703
34482042
5362351
33698805
5688493
-417554
26712190
30051755
34120604
12282999
12537964
980740
8297
32357050
7071357
36604135
9030668
12231701
5621066
21947263
11568506
32240238
31632308
27476838
37518892
25112964
30090816
2956591
13856059
30106006
38542977
12158427
8301735
9799142
31740226
13551829
21922379
5966239
26509312
31628433
-710979
34946418
35120556
18809514
6225004
35698684
28830910
35944440
334397
38672189
17318194
40976503
43385821
35250181
-993983
17768180
28078275
23785773
35885640
2505204
30773050
38717443
33251226
8420622
25509580
21680511
11137548
37492983
18353745
289675
2586934
11405768
13173545
2464150
2285457
3132351
32896215
1136167
27690403
5007637
18051435
34918798
34451264
8136645
38892821
3050442
14072280
33741659
19699710
28550384
25437048
32863561
22489683
16212707
42013231
5169647
27305472
-942019
11833511
17627605
3529937
34646467
42271223
35395042
42222519
24891304
40343599
22169573
15442605
32974230
42100918
36992359
37740763
22606576
12256150
7938584
21708390
6378377
39750859
213342
27043534
24366944
33990001
22546745
40921925
35463675
23665412
22208075
33004239
34579816
6520819
19477216
30606063
21902004
14389225
28387486
42947090
34967906
24534832
25253824
34593063
33352797
5722746
3549108
5434706
1691916
15175045
24232765
32410438
35552055
633257
16620886
41380421
23385429
20549928
27977582
14299524
1804812
22350158
29351705
24517297
20808024
22591328
30237025
5880010
17353457
34000360
40397571
15987357
25408537
8892098
40279482
13329098
20594032
27786634
7176738
41622057
17982596
23293028
10437590
42347993
18118234
18758089
29103649
16345640
25695089
535333
28177137
33300173
38468336
27047013
4133786
24866782
11699933
14215809
2092555
37559869
21552562
7197247
9019853
19051364
3006875
27056962
29431423
34659332
40295277
29393395
27143892
42591477
2742202
33096546
9002431
17705890
19952723
40680663
32718343
20261369
31569636
33733349
7889058
28860241
37587016
43014286
7056522
-784465
18982865
-898951
29817388
31564123
25350361
37388312
32890705
21917429
40478598
3794343
31115795
39323356
16215942
8280477
29158444
-607902
12639178
34661687
13372082
27122551
3497142
26547331
26827020
29992923
6061410
22070493
42157879
28087061
34109996
18834326
24594155
35856113
27222491
15560057
30237099
21383402
21889400
9964398
18670932
42797733
36235447
42589053
36589999
12663477
28581257
35188913
41585044
13247848
34943703
5433797
9581808
22033100
16028914
27577128
17065415
24376897
26799359
24047651
21938999
8863398
32304145
3073486
1079477
20005623
140463
6703890
-124639
21631151
13314379
6520716
41954605
12414195
20765586
-701187
1585338
13420784
12459455
8862846
34317867
25398477
37739252
22072765
1399915
34780092
8126227
25792613
4781512
40823967
5726960
23533321
-678721
1267802
26841274
35748117
11533116
35523505
20152563
31029782
4128359
36240474
17568171
10347858
40522710
24644599
16029711
42180040
9831748
30752542
40540046
10378662
41638323
12505457
27168047
639828
41112680
22882584
11575989
24022778
42541837
23912065
23369053
5518456
7229192
7789455
26750908
14333031
35164719
9249098
40619896
19498307
25358063
29862451
28915962
27723009
15506231
34096247
19432639
43369319
22661969
3745181
306545
-863957
16663833
35903741
16187053
14739981
15873100
38056724
-732465
38428554
19041742
13756556
3372692
13287866
14590273
30866461
36051272
27428295
24315201
37110769
11703355
11071717
23510351
36571704
37462638
7688425
11203720
38510458
6878040
40945674
-401799
6106763
39068919
26857983
-759337
39877670
28589401
4339606
7470813
-109864
3699779
9348089
33584539
10839655
-238018
41942944
30059936
31868874
35844894
22826550
16239594
15124396
18607602
17215640
37915286
33361268
40865156
15970649
14387758
31577220
325031
32206746
13945900
25234258
37336745
35563002
17931983
30692073
11122341
6459469
6228736
4220593
43026558
15208427
39322221
29518497
1831454
14320131
24269499
31586209
