25872122
2987764
2165148
24922563
12495166
39446304
37335533
27266354
24650275
36608788
30460077
39038107
27242639
14666231
3960550
14420490
27275427
29052781
25344954
18175131
571447
12285849
6139002
33491343
23836660
7896740
26113866
22150488
41348381
30937926
16368013
37668015
17004457
7683103
29657603
43513532
16693958
28663226
33244194
23824624
30721456
-988985
29573017
10450436
3974821
24915942
9629027
27783988
17468030
12685907
31583400
1505972
17593963
1085484
14242353
40631230
22707626
33656804
116777
15733673
2155928
13302204
42085016
36996466
42413585
21913201
3433892
5462323
32264071
8852290
11096147
40608551
3353104
2467698
40086926
33936956
26389523
15178969
30984833
10873944
-710409
25354559
25780990
3873388
23212037
3487887
42843983
10264140
11292743
32352161
43488890
14887699
22867117
533301
17995245
26855679
12512268
15122081
13631340
43296615
9854453
41553859
28367246
17765813
27008131
25873870
41790010
-735426
17991646
10458747
25079921
4649751
12743533
19195074
22631449
36446603
10529227
26864335
4054108
37958390
29610026
19414309
18967650
11025880
20629856
26097092
39981099
27890959
-204477
25060529
26840938
17125228
2983919
32706905
27294471
41338570
28260991
23638821
4849032
29542763
29541716
5184943
29593832
12961409
21524224
9062054
38213085
87855
31438306
41962829
13584584
19974478
11975283
30724920
818798
24343719
40377604
35703460
34255364
24876585
11366326
15557092
14306619
34750755
4393426
40398545
33567369
12274444
41323379
42118469
13692106
18204345
5498074
7595560
1588107
470756
683907
32052148
12978647
37119376
38987916
4677933
38625709
17270409
29879896
1806816
33372276
33258040
18733106
6431127
9777753
1479377
8879598
3642310
34200815
12431425
996794
29820353
13084313
34934189
4963713
1934753
8311212
30342845
7026270
34251332
37311729
19032342
42609670
35220935
26385144
41738816
33280030
37044771
9004529
12124229
18955807
10036958
41798457
20982214
20627494
34445355
20834015
21373952
1828567
30533538
625104
5903823
21242935
34284404
10303831
37324222
11554287
1922339
23607692
22842912
8956603
39161404
43007078
38181102
6488071
26478228
11199407
38033086
18803485
13161314
21331401
20624915
39822147
22863586
5460501
30433977
20846683
32979888
26500403
11927682
20138881
42183159
12937197
23258762
23878113
9086344
6532231
19288406
41245983
6712202
38300936
1950712
26602509
8757943
13722753
10679319
35563064
16413021
33006270
23641641
41795450
10059139
26005807
41091516
5853622
4183059
21941530
38484172
22285944
5717519
3019398
21577765
17772622
40124112
34325794
21021620
17807115
35087472
28023213
19069852
14754328
7379682
23956980
16055987
18789460
26773458
4693747
29579975
20640891
792458
20009347
19056766
18309522
6948888
34819728
35603117
12783314
11125766
32380568
6638707
6699442
28023568
25110806
8065954
-319305
31887574
36638978
13088424
35939130
6545067
1099512
34757737
32817210
40841628
17410157
-221991
26444485
40333406
12428598
17550305
29470448
20041700
27736589
42310316
33947053
18676014
19448882
17951153
3251260
17063278
26305133
17200570
28449888
11863757
-754605
285149
27422077
33791771
21534594
42143709
32479513
41218007
34296827
36927725
39800077
11950378
4628336
15542984
26027695
39435443
40103979
28564897
29981716
42823482
26294936
29295021
20883099
25876197
27846191
33938084
25685036
31025507
29362120
16633501
18287638
41811574
1679711
27152732
38881626
2629634
13503723
34286513
-139993
42128161
27964858
10058098
36215286
42862632
19772317
19915413
42728771
17499635
7295191
23561029
18678577
7291295
28052227
32309783
17987893
27182699
28102643
33602967
25368401
37284099
40052548
24557437
6731209
9762971
16839541
35869534
24286007
30323405
12929871
6324964
8064835
13588989
9152136
2888262
33578387
15270185
18598023
111899
32144520
-535350
33333700
33715816
33452962
35775327
25946642
29828332
20249958
4097134
33659144
32837511
43251655
34087561
20117502
38887351
33288707
319011
31402621
10032384
4747343
30670658
5212496
34872662
29616208
886069
36652573
7371772
41299389
-413022
6006573
37149306
41948025
11082758
30584548
43188230
18323008
36534363
13977332
42784556
14023195
13968849
7553845
18099053
12025206
4334415
25531839
40155738
13393651
3065556
25678998
28672556
5901163
38270559
345966
1804590
34382958
22718993
10099713
28645945
20191563
1935552
42449020
31163476
34435241
11302496
25447720
42644954
19412969
39831497
4717209
12923299
11396810
850989
6304981
28412099
454933
30256329
25506173
33275077
37256374
30711415
15451852
29065974
36974103
35247584
35135682
8738449
3747557
36794882
4195016
39636761
26358810
37727397
11609440
40149466
30244940
1911553
33261075
27617625
32697781
6058501
14449750
42316358
10202074
41930749
24956167
13193324
8919101
26923938
21567137
8901746
6341607
3425797
8644759
1657098
192166
41730502
4305282
5988381
6894909
3438195
10922008
10333507
8299697
5808221
6800566
12415146
32215974
13744128
2321390
36695322
26908378
26232407
27518762
15409279
5331405
37612764
4623268
35623823
3250077
16820778
43502320
29622236
37721646
15086717
7878440
37276002
43166984
20415182
5678557
36491397
38517872
32930648
10301906
21228053
3578635
17632796
1529403
40707861
26670776
31207907
27419930
33240355
13582394
33161930
-75295
15013321
29844769
29515949
43308817
25672698
39063423
40080980
5040321
19311270
5435282
13363695
431848
42372560
13457313
29764345
35091773
4039571
36032503
9533830
793183
14695605
26859837
41856188
2663366
35580351
26585756
35224586
14594304
27472508
33866088
31236899
2059682
2050258
23891144
32658033
20604280
29426702
32779533
11861289
32625473
12331013
32080970
5974147
31735494
34287216
4621167
21230184
4622614
19064573
17152093
1596681
4457185
19229482
32207646
2889862
27460561
16049988
32005804
31082208
23937837
4940963
24352253
26511998
26483859
27111568
2432938
6187284
41525067
5423766
11877877
5880128
29056499
31117563
24051781
37230094
19852565
24573962
33381626
16486171
38674274
7504778
31016572
26244766
11518356
33222207
3386492
41546283
28271920
41857151
19778828
718434
39528290
3362254
39359663
20872216
29839017
73035
28278594
30638760
27598818
38383061
17389601
3048643
42940378
42744747
34184896
31238266
29617136
31462470
3360432
18516731
17910087
12516183
26223190
13825811
32879736
4378361
10142371
7345336
13600816
40257181
36734258
31012799
24182947
25739102
37176280
21396064
19687371
37408002
16618878
6844874
20284775
28008335
24495102
1951378
11658456
15154857
33764839
8899775
10608636
1495072
33615328
31548895
117191
42484878
28497651
8128222
542159
9375502
32690659
12457710
21131935
24493379
16690416
2633867
11374545
38236250
14921522
4645178
40928149
37818440
29857233
26295543
5009986
9205505
16898
14324029
34620915
18431277
30008412
2196535
42407091
22043116
3081503
1260168
26600394
38711635
2967471
32593684
4717231
665238
16477841
24891211
21309818
39774336
29544459
1202186
11019159
20231754
31774484
13009196
11535936
40724397
17697203
38282414
15878432
40877929
28162127
32657687
10194028
7771143
28202856
2701474
11761431
39183835
32473505
24377147
18410198
32865931
24468120
29342959
41568624
4071916
14872335
4138628
6816402
15529841
36293928
42089245
32597993
829977
34539250
21584795
12991839
1914559
28938451
32379416
3523731
-574866
19193386
22181425
38989765
1720537
12928935
2773674
3935372
35072259
41391165
15192109
16708861
39955454
37554052
22911323
29243315
21383535
11882606
33055029
31482745
33482870
30108797
27218103
21431282
28199018
26140729
18581204
34477661
37775796
2412890
43511745
33179508
11008406
40869444
42745237
27917401
15122524
28814926
20516807
33958487
19468480
-923484
3099291
-544589
10108584
18252696
10874243
34056254
14147409
31534519
9136376
4786901
30856055
10060653
7199707
22202531
29263612
38283003
40412912
37525894
5971337
12570222
970301
31615070
21193589
32123111
21155032
27430109
14104823
2258702
1379095
29182575
41652657
15070869
11194855
6985882
17704437
19301375
3004792
24995517
17275281
17661367
38487671
40375727
19979013
39252185
15804531
11118968
41947325
28642857
26420105
23412154
14464655
8601670
14247255
26095283
17387793
16106710
8388806
3921888
18414091
29916814
20048865
18215087
10828582
26203012
4771764
40917590
17886808
36521877
14254773
19694981
37473746
9416419
13324449
34836902
29310711
3061468
40981606
28204701
9830090
20143045
4986713
29062797
41784300
41019885
22031796
22565953
18519447
41680586
24464208
12411321
1949166
32940592
24459385
31901351
1231884
34832396
32881051
21458781
8775450
10190869
21699555
10960207
12640905
42764084
9710265
22839023
28879972
38764523
24302765
22899369
21662424
6592784
4571983
12695803
10017592
38528612
-757815
21506556
4085907
8683468
33805941
43255989
23442346
11598984
41982317
14283892
27860013
20892695
11465054
15763263
16512470
6962898
28633028
7002736
25113205
13280437
4048806
15926554
20806178
7746103
17048557
35890162
31648069
37261936
42872856
12510459
23182117
266719
37728774
19511834
5498815
25056708
41294921
6958888
18720056
14119712
7093200
40462432
5596322
27675389
42463450
2655584
42687396
40704632
34169384
18555173
33352731
26313717
38684459
43126035
13361762
11280620
2672989
16387419
34215919
21510524
25050034
434784
7985173
36510306
36348806
23766014
3024958
13067300
-634622
26932452
2939870
9869855
28983023
40843159
43383537
22296627
34085245
24472351
39738423
2702485
33024997
11743574
3369195
36007473
22472112
10376517
23144947
41760666
23642629
40911466
25740355
9891223
12576506
12620381
9877073
38867804
26093316
38901523
29625667
9498789
38125435
14851916
30588091
43025172
32032500
18582281
29329975
24003413
18570636
16657403
33111378
41364277
33669370
26774720
29990734
6428839
38143902
33567494
28513914
29788559
22090941
14227224
18657395
5525484
36533872
13367856
26517419
17616812
34498207
8768012
16619445
17786803
-812156
7073870
-929733
25445359
18074555
6092887
7921092
10235139
8881391
340864
30966260
7882303
42916354
4263983
9920517
18097598
7646398
30219869
28801531
3139360
25696315
41939924
7037490
2903368
38752366
41133838
13170652
41567887
23517759
3893941
17519515
31346568
27313609
2153399
29234741
42376334
5211177
826938
1294948
24133012
24628224
5423786
1335713
15869875
25232131
1326817
34332243
29807459
24953334
28174718
35754481
15929318
21811589
30954388
31972543
14462887
10820065
2450649
24426550
6373048
42280247
12517364
42169572
20946320
32493840
1416045
36639156
41577810
1093270
39893639
8348955
1094011
39252754
43239000
5360569
9605278
36233387
30732235
9776704
37242777
27109825
42664498
38189996
16636818
35941306
41639431
36296621
19002148
39184534
10474750
36498413
22960059
6977474
13459817
8508176
42643253
6754024
43243415
35655817
34019107
13790139
6201020
41578723
36218832
21760632
38716096
16219997
24207751
25531601
7151120
8238199
13868333
37228401
14421112
39682340
18987040
30709210
2889962
17785687
18386705
30730820
32883862
29023995
31529898
-702982
19505975
27826047
43468753
4999962
35959374
5197041
38486216
18120195
-659884
20505887
31856683
9566051
11811980
13931435
3269372
41366330
32176085
8974333
-961042
15416261
32148660
5192606
20053325
451871
24259631
27023194
19548517
34109609
1406672
-257136
39309308
39842633
8302328
27775393
20350606
23798004
29471713
35418184
39668128
31882214
15339494
18227342
11466583
39967012
-432364
17205621
21994304
36452682
23547058
28458611
18181637
24871921
2945592
9571461
38418852
23409920
4393177
28562464
34649701
18357408
38224903
36904050
6683135
39256377
28633582
39557431
31181488
31901497
20653349
23235915
2310275
26636774
38725424
31558985
40805620
22290294
25762700
12679327
24350239
1001010
35780089
20114780
23343059
3608219
21843541
30378655
164444
35402706
18866890
2306087
9660618
36687295
38652390
15406227
34591631
32149080
40917302
26778887
23651161
22911117
39114733
35630601
23837253
13192901
31043351
16555091
26260033
8306104
15666028
27405047
27378019
17630505
26236190
10017847
8709762
23817202
10372058
31655839
1935468
39208749
14446088
40076464
31748243
34803395
39525660
24248886
27043266
25861898
24809341
42971892
20215302
21204649
29322386
13506459
16109392
8360557
12120945
11375116
8161375
33746802
903240
6628739
10182228
40322353
38453308
24428409
14496248
1660096
10831740
13811299
17539722
17546179
40455047
25522769
5594997
18424527
4467124
42642683
30339961
41621248
7713705
21776834
20656036
25120218
3408818
9747614
19888432
38191581
21528583
34291507
21241946
29145579
25295304
-107456
41437123
40078280
2190097
31118724
9326234
39001644
8896080
1398764
10845071
39071241
19010204
33896316
30330031
29262711
5106403
34638215
29648545
12057016
10025312
11239041
-938559
15571125
2481537
32002374
1809340
-719402
28251804
28355037
17783869
42497259
28652812
24319439
34165901
41345832
1280169
30699651
33398584
9201050
1221682
41150510
37333373
31653791
8774894
34151432
3302564
7069012
42473989
31249184
17339665
34709734
34560294
39364507
42648295
23483849
37722341
28531799
25353666
23276012
37020272
7537111
14200603
42564617
19510421
10546223
26165173
23322401
20014086
4217755
23161914
25445904
27059438
37803155
24192533
36177397
28516443
36047653
36021090
41072792
31961966
25538533
3950477
25691547
5449620
23649840
22296070
-28678
26998295
43412775
38896184
15316266
37648527
10871009
43488767
8897106
767899
25115028
26212733
35964246
5381823
199718
41578184
17655148
15223990
8862414
30789846
40311828
29501730
26294800
17121766
26271419
24691238
10727578
36064704
43460350
25299615
19812542
18495037
34077291
280254
23918220
22644826
24019460
28156256
26133923
11317655
15824417
33983319
16937968
14018441
20178990
21678634
20831876
40645613
27539927
39499485
13654465
6683688
6774060
38909227
29300711
19773373
22332744
39658728
43063681
31543391
4540067
23430363
22546833
20466467
38612738
3477924
13767261
38539798
9104356
39288076
29375236
20781036
22948928
4874368
-668640
34361584
759505
3651459
16791587
43530576
27331039
3490436
37598802
5002637
32889599
41069892
5723679
18427728
33025590
16284302
38085994
36646599
4921676
18656764
-721035
34879905
40200682
42937800
28184813
22913651
24892441
35947728
20398233
22821343
5370475
35811856
22258411
6479198
25958032
36134893
535170
27971812
41473635
19000068
4547115
36073288
26194140
36258274
17936437
15615027
34562242
20280117
13066243
13734000
7647999
1861084
30107223
5530934
12633234
541764
8436860
31235178
23787019
21369820
19838852
466576
32117220
2261120
32255586
18378011
39503457
37291514
23797164
36834392
16358071
39920229
6238738
12207124
3791490
21495677
42785039
14848889
16918516
13135938
19404457
36807491
15083314
42811409
6537554
11294097
34030376
12427402
11694038
23852687
21891570
36697562
6524815
15641405
9723429
1809753
15153175
1560291
7654805
6462317
9290028
12182161
30898789
7299177
34756187
276794
18433381
23101063
33278632
11570998
5988287
23882730
33430510
25360283
10662578
42030446
36362007
29223676
9760237
39910619
3175110
37400565
3851469
37284320
13800946
18488219
10735865
6804388
12338192
17330511
20439903
37339828
20831657
25792769
6242852
35074175
31166228
39932587
27987954
40524724
42914305
18260519
28199183
30262401
22416035
14802859
5296716
21601061
-681554
34901542
33583178
40434373
2716796
29598899
13563904
41140887
24397596
19426616
32776269
42919029
13735457
14840031
39853915
5217917
17106621
31498330
42968284
40920286
32101136
10047791
14227970
31060004
14013724
31642838
15837388
31387567
33790759
21445020
18463586
752028
6168425
5329280
8538728
43088468
9589860
22722760
25749962
22454389
34909278
41498469
9328579
42185086
11215472
20229482
20960403
20602835
3293141
13987146
36841156
37127649
10912764
34753452
21328542
35228768
23135682
20231798
22231364
32919969
41534186
27703143
28173453
19233886
20777694
30768402
17805161
4615513
18381039
14698956
11266380
27137238
4430896
13883016
-199979
7356491
33043462
37278817
37044292
-29580
28727504
11568340
34319382
32154683
23447363
-651230
17945710
31222610
42274956
27973599
16064804
-150890
12777588
8409309
3242781
36919201
9988589
15681982
33198518
27222246
11743142
11339175
16045220
12757181
6442827
3952458
30907663
39770816
21347664
13829593
20119574
2697412
7892504
28997856
11317731
27799311
10696721
4378728
3186830
27809070
35635803
35824370
36229019
6645379
22883176
12866068
13132250
33906598
24031079
15954819
32221919
3693545
4884155
40781848
3422265
4483862
618347
31210366
3187023
13166236
35759198
28438031
4626244
24376293
14727132
10492983
10248362
26031839
7734592
25037618
8186088
39890741
14125953
36035935
32314303
14129259
31670298
19241376
23451671
25413732
39268152
13161465
6429009
25075345
-707233
11165435
8475348
6992472
5557071
1486535
11970398
21911502
28054719
35957451
-889979
8885643
-525931
70852
34360425
20956383
-316262
5182266
27297932
8111723
20626202
18986441
19260413
38154981
38648526
37584295
2485342
30160555
18566778
22753074
21444603
1395860
30912240
34699708
24530548
27166340
42985816
733885
24861449
31893869
24353912
36959313
24443723
4593436
32412723
39775526
17033938
31294039
109706
19472597
31956480
19310690
29907052
10404233
11122928
21443846
27072114
31759210
32648365
37834022
40014222
38948012
8240765
18568321
40195730
3191025
14890002
39121468
1058161
7031175
19287954
34432931
32970307
33550272
27934869
34234591
39620598
31477534
32423637
37405529
35576631
15981374
33755583
38840262
14570896
15630797
26985277
31063910
2413379
28793262
27058040
5081338
38141490
30936385
23672111
25271625
19880267
5567832
35688633
14083765
38857419
9780840
-49284
37667467
18062065
42895993
1717044
22503865
3762657
9756338
16212104
34228894
29999116
29149466
9966226
17631395
2231084
-599694
32676606
29385019
42429270
25650143
39794643
-564372
2266553
11405273
5453055
226033
13576808
35236914
7353516
4879026
13243432
35867956
12660417
28765177
6346948
27775959
19244813
42768712
11871722
28947700
5918693
22138663
6630203
7793362
21656704
3547443
28400669
10246173
-519382
25826717
34065799
20739681
11523594
9593906
-679145
32679171
472625
42042941
20256154
18583229
13166805
20078704
40760506
7119612
7975099
8533068
20579367
24036412
11296806
22365230
3895520
4590038
18994244
8735414
37604468
41968473
37261402
21508631
33336269
32975842
34736424
31602165
41114640
12182026
13108114
13019508
26334230
12408903
18138966
34646865
30538934
29494926
5222237
30152213
2921395
33267213
35593161
17240039
3449979
43036123
41593150
11807789
-382944
30153631
344160
-457405
39364601
24976048
31641806
8137759
14816856
28022731
34955466
12944335
30439754
16396143
37112197
26085224
6087524
4832635
34729082
7556473
40421219
29066919
12730207
32571899
9988216
11484690
32679868
36712132
30568971
19433866
24970833
22151333
2049449
6392405
34655847
36132859
3799737
17466334
17698867
21035744
29141656
5663961
37529821
10844046
36590920
42226650
37697146
8268900
31440039
8675455
3970261
9520193
29587197
5630957
-9238
7928526
39845022
30499150
20775480
38723522
21044995
9017589
30008932
35710250
6853280
37307290
27994682
25059431
11278034
24309745
14676040
2355652
2197944
37663869
27128354
1432501
17691299
19949790
25996222
17336777
16218517
8283919
36607132
25915471
18881800
34849150
18022882
36293739
1178715
22388222
25731535
30371420
42212877
30524248
4526651
40069100
41983577
43256364
23801175
4604509
11286596
34034460
35755154
41575352
20209623
24942021
479829
39591132
25504019
28948462
1827870
32005445
35122071
38447124
10054843
24434665
39193016
28534702
37131532
14689246
21278715
40457115
20785775
552947
15592721
21845905
31219603
10784795
41022855
28000967
26961333
32546015
19827794
15912548
31158274
33226179
2506745
26487318
15933045
5185227
34770102
11725104
7987801
2343776
7110633
25845819
35472220
21567472
7498414
13645506
37769631
24280445
40946145
19449234
31396506
37082966
24847984
9783609
16183947
35345977
12932469
31576193
1828180
23443615
36430316
39455090
13216718
1246362
33811922
17576872
36201364
33959460
10033873
13599887
14010661
8392734
1484402
19133221
1041121
28564509
22582900
20155999
28886177
-827327
39376099
4474792
30253353
40617328
28248739
39691154
31749079
27343070
42721700
6144382
25900667
1189278
1929218
43141810
6381124
-486493
31523136
37149384
4082570
4293961
22194285
38582344
13614394
26959003
13450671
12572338
31659832
29952238
39194647
25093047
10783359
22657895
20175225
43269446
38604165
2956655
4039324
27298896
41291124
11986431
31123117
28492046
38291564
23645163
18225680
6882301
42056565
10136139
529824
22464221
39242974
7351969
11479563
110903
2487710
12908288
21850959
40548221
2561953
18056610
23498669
18971923
5093950
39600251
43249361
28372082
17289950
35410789
22846975
9216585
39298103
26387689
30342611
6659261
26322722
13930414
35001851
5139467
31762535
12690563
26498174
11461839
11089876
9617582
42118797
34759523
32978956
29370615
30030047
34112728
32775678
29413752
40913311
42603311
43051275
5935822
6306364
10789996
-692631
34457722
25147044
3939621
41686263
35789841
21862720
23190524
27541799
30301470
19196242
22565450
17931490
21090649
742181
38002551
16979120
14627119
16913789
24166482
1851068
19327415
-127650
6131732
15072
22742663
41922115
4700906
895895
26297983
28720386
29880751
18759633
28658994
13500545
31453564
19903948
16141579
18371071
25990761
40925079
29602537
21010673
19091268
32395711
43050381
26040786
38023056
27812720
5770459
21598131
42900815
17877714
28151162
13426564
1050275
18578962
15143234
30290780
24131506
42089767
2944324
43211970
12939872
33733085
11120147
12301866
32774608
37817498
12259744
12627027
25761927
35925633
16257789
32126455
20937060
25954814
6478166
25428670
40475634
28665500
26038282
11375833
34185941
19278331
7196409
41278159
42306832
30600798
21957322
-72093
31584443
21484099
43376775
17887365
19943674
13493659
9907415
25267827
7480623
25632327
16014705
7376938
20310131
2766722
9068547
2922066
20589165
41259406
19954083
42373153
29352955
14214317
21472396
23331126
33539796
38810533
39958366
36191613
29518573
16246670
28857654
2849335
32540815
29279594
7326412
14247713
1163881
18835847
19536595
26627944
41585963
31303321
22451695
25572098
35416490
12710032
40364952
2101019
27716315
13778497
8446537
29236221
11603851
16017117
14604274
18610010
42117723
22391688
8444680
9589539
15397975
34457159
26628769
32907102
23060267
36519957
19839978
-521833
9559950
43516652
35091824
-756087
17559505
23657561
12824480
22152479
16341633
37019344
17190365
1359923
17270414
-212757
23120735
14512210
41344201
19426900
39154960
6001600
18121985
35766870
36523020
26356793
14573887
43530437
17824471
9686234
12199978
17058136
6011739
14913443
32271475
22105841
41614349
21826333
37882614
36197433
34397639
39289753
7671648
20540103
19972073
18544537
22922231
4631982
32143396
24640740
12898806
5564579
-166676
16486811
3248744
36200046
6290104
30062009
11277277
-782812
29099584
32220727
2772307
39821619
28746702
24984601
2774283
19738834
10165838
19051850
14334180
27681662
-335880
41548289
10444046
14775852
-153567
9644271
1588506
33606552
6568476
37895093
10372969
4971819
29114256
23582833
7959790
22024032
14720899
2398285
21275940
22445608
40008504
15722664
40060465
3124926
12541430
9248735
12338999
22626765
20634191
30979207
24678054
22859299
20110731
38706218
37395823
1032053
12712060
43399642
18187927
36036393
23745653
7863104
7511132
4662084
39740884
4099310
36313661
14542644
31633055
10811253
29749331
20409413
39942058
-756069
16821249
6747444
30487427
39432901
14485565
12817938
35410277
17411665
31657775
-458188
633017
2961022
36744112
18289519
39887319
20208886
9947665
21278928
21476910
24742294
16944490
-584406
36776238
25004796
14053069
16644705
5172695
31827988
5575684
20559335
14173942
25173766
19078809
20170331
29606914
19858409
14417013
24644687
10805149
8770225
6123438
3313452
20711816
6265998
17406693
20169233
3224804
26813788
11770087
6944255
26252656
14584611
7909728
15716787
41728119
27391975
13080680
4873009
6584010
35622265
28523645
14944901
21575293
42957414
16490280
27969488
9052697
7886400
21263604
27270611
28487744
16335013
21942052
17113664
8830133
41411561
31119457
-722315
2803156
9109862
40002320
20888857
15417275
15120816
39106115
13026770
37967525
14913643
13385839
24629845
4665232
42812896
4943697
36369271
12776672
6538126
14385145
43128372
18823249
16005157
10412313
6517001
42296330
25417774
8649147
12765788
35760266
26236191
25166733
1796695
30725997
12792258
5265273
43113449
30021696
40338888
17274314
32426267
2900382
15059756
29572240
27019721
30076341
31847655
22206960
41407468
28156126
34216826
10947061
18356216
40271989
40901922
24829818
13292720
29767065
9776983
38530199
6311865
8528912
37817476
14931273
26153762
-127327
22347154
20359251
39438093
36904919
42292595
169846
41197293
17374656
28847338
29111328
6284962
28708488
15136699
42873580
10054851
10806361
2668220
42165131
18978128
11934409
30308982
35497824
5671254
10073396
3910059
36907667
25262231
17370460
28159542
34817371
22561349
492552
5060748
42922926
8487079
40150967
19625055
42350365
40231689
29663103
13851909
11649591
12268521
43446671
40587631
20360403
9427780
33597929
43235114
2124688
19295758
42015809
23023397
9008347
1193824
17326044
16056987
15341424
21381661
35595181
30235783
-301261
22772727
160520
-397652
31395434
19826931
18714150
30357440
37483930
17893094
24036011
34442009
27484005
36303679
16871591
14026297
34547240
21309479
21863028
32395475
12446413
15097367
42232736
31516707
19381555
41356961
3283875
9124919
34612941
3524731
33155776
19837311
17283246
33391550
36355627
23169212
38369193
27957569
25040505
39754356
11006315
26317918
41594343
14805519
41255344
24109577
3062771
13990640
5116658
7368485
28740632
18237292
22109763
5967781
37215587
10861166
6593281
11385986
9180005
12772502
9983001
32472342
1312198
30872431
23038256
6243
5753998
23456386
35654995
33474135
10781057
41697968
23081976
33504643
21563586
25851602
14883639
21850765
531806
7647147
4920948
10072231
8670902
132453
11795692
-498406
28150620
41839555
2225361
3699772
12289703
19756227
38076455
21978535
708357
16765414
2608892
36284129
7313957
31298409
7291670
2958764
37014863
31593961
10641870
19050530
20144661
24087463
6621524
12925444
24368640
8864203
12515179
13359442
-368931
19963062
37274223
7254658
9819984
36322326
14587181
33803423
39311488
3729143
-773965
32726254
19161477
27288079
34135253
31249158
2229898
19722441
30519757
-757126
35384781
8892592
1130150
26986115
11081050
18504978
36254397
3041919
29557392
28207273
15252817
42159993
34983516
3247175
39653773
22939208
22182047
11223346
13685779
32214056
8738851
7401679
22583940
3274365
12770636
3647661
38573692
21724651
10572273
37055252
10350123
36887941
8222491
27887309
3302196
9117714
41937655
12416137
3657516
41714705
23806550
40082082
39348416
5425699
12819971
11164173
25304288
36713611
25505239
39709651
30476907
-442104
35711434
34079448
16189658
23965794
12105863
26256108
26405176
16423689
5293971
26459440
31781987
12667980
16975753
19020016
14971245
1681739
9898025
14258042
18234122
22363174
28687855
18047034
3150218
28410411
15545249
23427887
6712817
40318294
20050948
10040785
36703398
15854969
6503095
13603097
12546693
13438762
5499969
23570494
27080925
9401458
22677744
15148124
19521567
41243280
15742770
38999460
22489026
24103732
25599466
39545739
6853999
16395212
37709640
35833226
17583721
28391382
14206035
43467088
19903868
38170994
3188683
18572254
11505812
13913457
6528046
11183856
42244964
39113211
37061480
477063
19820842
5230485
13462067
4829090
28432396
18064722
38069300
24644525
32411558
39051903
35279333
30357025
7004849
7960142
19668674
399164
41484660
37828498
10557566
5741985
21587178
34882843
16495106
1311318
5802277
31392528
4560878
-937654
211938
19320696
16081967
15124942
36143546
24375087
41668739
12854540
24781927
277985
12466360
23575076
22848394
36329957
20261250
29303351
17850321
12437797
-949994
38900305
2526950
32148797
13820630
4442617
36585177
12434443
7667670
37836717
16519189
39572740
-381625
2483807
2802784
2064316
32411350
39614228
41597529
23577151
30228148
5203935
29434840
13788051
3922662
34385664
23434192
37735773
32564758
25809092
17245225
23800169
2520015
42421708
608426
28177378
3773268
41381163
12227163
34632394
5647436
29799512
13823875
34718342
41655135
4475373
30151148
31508223
32603677
35066208
20803217
28599936
33139931
42757547
21688313
23257012
40566779
5323425
31924240
26298536
34627927
35166668
27928236
3998083
11834648
36149057
32455098
35636478
40419219
9873907
7315859
13850170
4281203
39495684
26800024
22208656
20815557
5999268
11980252
6500420
26522870
31167084
25798335
37603348
28186875
11359731
27663139
29640779
36411275
39449797
10020544
9911610
24014945
15123298
39006539
20052707
21517964
19391357
28199536
20325568
4554747
30269601
-227093
42119561
40159023
11425479
37863526
30869153
13001879
29601175
22125963
1974985
34931804
16074072
17008046
3573911
42924632
10521579
4989325
12551564
29636564
30842801
19739365
18209428
13003851
52956
32631187
2667399
37066359
38589511
42842246
37131228
29974986
42865360
12210485
38396547
24039341
16382452
17472260
5376056
3331384
884053
21058613
5871451
32679272
20839310
21916293
36936754
9509333
3172173
25110738
15608806
14738785
42007263
26368557
43119910
34511324
24987141
42669209
21726440
33946954
31314193
15506678
11619216
12969824
18116784
36781941
32396471
22548725
9617134
10961666
-651405
76114
37653596
19278620
40915507
6046502
12305841
19694174
18122360
6994689
9925834
40008630
1569998
11831228
38132225
19823546
27212920
12039177
1240313
15601470
19924350
24994458
27855895
4491096
7343722
9920246
6202004
7926568
24324716
1831061
9578457
14389465
2107390
39960193
29526532
20456805
46758
34611118
17658105
23151435
31649951
18707676
8723833
27007981
31432437
3107868
-415280
12644714
14790016
11257281
34578053
-121794
16880537
2087157
9851178
4253950
13958586
11893636
34311621
20597527
32754619
5742593
32982522
2993659
41008079
24065133
3585984
29274753
23051328
32472901
37201629
29434075
21769839
16583604
6833912
26463062
34707806
22879957
41302568
35662703
1831362
32934272
18659662
32780027
14865040
4340023
21310234
36856120
510075
31074003
37182324
22206533
14813625
4772671
15786011
5260812
40744763
19611494
13035206
39526567
6768724
27686209
2047698
19383521
34291069
39489682
28222445
40729678
735514
18858123
40279681
35472286
43226528
40699955
9351035
22608457
-923228
25124942
14302314
6916249
28831401
19399321
28016674
28850565
19795108
11727423
3825500
636486
29369902
40904281
11857429
28420422
10005917
32885576
4665406
22603466
6258684
22218066
39911855
35673787
583480
10006836
19440601
345275
29913391
10823783
40034686
6237351
28394430
31675651
18076587
34593578
9235852
18103139
18778981
37682765
17172049
17414665
6616822
2525172
6686374
20675363
30935753
23142822
24412318
4171502
35602639
35472534
24593028
31888378
30900543
40440116
39862286
28740718
42029938
23146602
4478981
30681601
31901302
25605866
33901240
22953845
-232274
11894262
19246470
14330893
11594184
16846603
13993230
34150065
28498107
7292357
10662634
19763917
4527725
2481655
10559512
34116235
20674934
26176639
17049046
15366932
17453634
10456761
15443248
-12426
19294105
749291
17241437
15979912
17398796
28483281
38626497
26786554
32097869
41700279
2452099
17760860
19736802
-616875
30769346
20965397
34890631
16585209
41517849
8713420
6671924
20656407
473592
22984341
2010183
3092870
1568534
8225736
21763438
38252862
2632479
12464243
21950055
28617410
9118775
-397771
42143846
36718670
6140513
24090570
16075676
20040373
40760941
20724584
42606729
30356444
29075260
8894804
39076147
29763682
23798177
31344867
18463040
30925027
1067684
36041653
36769508
43184941
2760009
9377179
20238140
23996384
32238420
1971244
-146869
22848909
41426795
15732822
42805831
20810971
41691331
4888243
23892898
16590391
13331591
35284547
26773863
42407079
18914900
27127805
1086183
20318380
36281767
37771240
23635127
3205569
3211984
22017984
27958742
43497675
42173007
15212843
19410597
21616578
11711995
30678162
21456107
34685
13553165
26456842
9203850
28789563
16947627
27852919
10050454
24329448
41636425
2563152
19929222
33408170
11090976
33975214
35653654
14959921
5229825
12948
34900869
27881278
978293
11739474
23479823
8855697
5697670
9888360
37229007
18489433
9884228
5247764
31264601
35354803
25985279
19647653
35642102
2988800
32509275
30138246
23400989
14056139
1001391
31304918
7473779
26827814
1890520
32783331
20046195
25604886
15580354
26962615
18036989
-356935
3505933
21104731
592552
39510343
30053697
12255501
17503435
10383798
12024152
31716210
8650447
9700876
19343511
1661207
26061827
31573366
427417
24146883
42937056
7897641
19819504
36513909
37582586
8548250
1199159
31409807
37674212
27195654
15933052
11467727
31820797
4931854
28794511
30221174
22218993
21590409
39179719
36309598
37237248
31312098
40796342
26311227
30705029
18154779
13566570
24893694
22082550
15190615
19880784
13811200
-508263
30730693
30115203
26692700
20400553
26152358
3755326
22513893
3197110
4057095
25983753
23235039
28069048
30606946
3155598
239816
41746376
22902035
12267643
17115022
23993145
29547283
40694933
22794709
8428063
827055
7265314
29859725
39663592
18823028
31929160
33325137
5077090
20531987
6869685
20476301
30743523
37381707
27999479
42657752
41731507
34852404
320636
38261185
23888872
35884543
27879625
40651701
17105639
33287204
31503073
34663857
29219124
5613463
21340901
30435985
3514854
20703535
11339569
34214108
27379809
26175680
35322643
4604042
25890241
14380491
1670354
4582903
39589578
15942937
605470
354712
18573984
13202511
23538405
22343683
1600283
33301744
10379910
42803234
34303928
27946030
41427027
38323086
35175932
17003475
25645363
17965519
32066129
38242979
20720212
5457694
7753167
10922069
8582305
36903306
38109372
17443603
19482822
14493949
23551342
18240704
10462432
2104053
17369741
6275587
15251023
38819965
26111071
24161139
18331151
17055898
403999
22367164
16589782
9286763
33650312
28607024
15704868
19085529
35966964
35820261
25718705
-250613
6136307
14875261
41046740
19739230
20266894
36369778
18995409
30447704
8998488
8659783
9103304
503750
12837576
25303588
33254596
14242659
10051348
3467824
2111558
28359684
12832994
25117186
9174017
13343787
8098272
19304819
27892778
21657621
27863051
16020277
32787947
21097269
16274936
35104649
27423810
19802250
11490955
42543076
10590812
24394377
12013525
21601754
13432056
2236214
41553384
19308497
35670705
16947752
7755902
10725681
18781621
1456972
24221604
37493533
15918787
23707452
36562679
14122200
20729457
39475163
34116037
41421091
8429066
20069237
24688133
32983899
18085651
25610936
30181863
26215455
27514206
23606937
27893876
28583508
33369047
30063164
41780930
36119012
31240150
14087276
42177700
32857216
2554547
24916476
13027635
32092151
42083193
29961650
8786770
18332384
10115664
7573589
10655074
39511271
17704075
22082480
17883665
36630753
14897581
3741588
13670303
4545151
529221
20523918
10171822
30106296
25042686
10113073
39675464
9482552
12358773
32022576
17488268
12298817
33338906
33247784
38551879
18289987
33734562
27220956
36630804
30986444
30365109
30137057
40936738
10714616
32369813
7218857
22726559
15613755
26089946
32348154
10077541
30629729
-81948
36355030
39109077
12084157
17381727
7033823
29732383
40108087
6905628
14669635
26082888
1250962
29235972
28514276
34728820
1374050
28247719
9104169
34342610
-794828
39555590
9436581
41595239
25898305
10847952
11453355
42096569
4228898
35417192
13971794
18358877
40857062
11747932
38260639
25214336
24295219
3821481
10267299
10526739
31373018
7849041
42738000
-180168
33650980
15730584
5200016
21963958
18188744
38178252
477912
27982933
7595813
36623819
37385096
27439629
18294644
30275815
36358426
34699771
32480658
25109007
15263219
27487239
18512871
24789993
21319301
12468210
36025616
3626373
33034848
25939401
42959814
38561797
25926504
758166
37474554
34108216
39170720
38403807
40355064
35363741
9419667
28954796
5034526
9564699
37592170
18587266
35311040
16730956
5355444
12039881
33567723
23917172
26205822
37835994
17843622
15485718
37204294
26331394
3304630
3880968
15850543
13864874
9290584
23970231
7190752
31738941
35279678
16097426
14426194
1613240
19596349
16531417
13183457
21388136
32298916
24017868
19194156
29096847
12755532
32967353
39372321
24094097
26989724
22755818
28556628
33186971
13607088
26541543
13489386
7532261
20190410
31967046
2846938
13759842
9309192
23294354
7171947
12324816
39205646
2790210
7769767
26117818
2602885
30274397
11401082
16702219
14760216
38833896
23645029
38663997
16045353
14703056
19189853
33220669
29130328
36300077
28322426
6935720
3716362
21730713
15870534
16140033
16819524
37893090
41466367
6552407
11485836
14023714
39154259
12550464
16082100
24085452
33899195
27608107
26873054
22582831
28123926
31890670
25543144
41155057
15828493
15762752
4666142
37770504
39495627
27996665
24520861
38113370
5044846
22882660
37263098
9754
17055045
342309
12601608
16980059
40252376
33504879
43527910
40640533
24828892
28745385
38318315
14003813
23766931
7417404
5244679
30753794
36940079
32078830
17116431
2982117
24101258
13753838
20075350
1629879
14604415
42025085
7502957
37537399
17687301
39069673
2790946
25932460
17043681
19228403
28162844
32680610
27847316
42246262
888639
800268
7725092
38926543
21009
13050066
41020952
32233481
22740922
13987050
13710398
6992204
21660852
40697524
24266883
32542002
723912
38448315
886175
20051940
-299092
11127740
31416750
2163426
14013757
33820937
19820406
40559157
32949353
18523384
30021106
-366749
41149160
41504760
3714150
15640388
1348743
19521390
26957799
33483772
-426404
18440593
3441053
-3887
30946638
2864070
41233064
18438351
23622969
29226244
36939026
18637064
42112760
23659130
5441149
8759957
5534491
28484024
40186805
23519921
30519521
36947240
20329507
18916850
37809490
16377196
24570663
42499832
31099906
23830522
23410831
21995167
12005279
11485790
29267276
39341336
37304452
26600493
35012468
19704533
35325332
13208123
3447955
15250272
2681242
7775174
7855171
31827727
37206149
2680114
40408276
22611466
25601619
39278142
25785838
34612796
16391567
29921144
26562702
13867364
29689111
43215831
14999391
37503144
21511685
39383792
8963039
13425569
17610574
5492259
35134121
13395851
34723256
13310947
23586871
17862078
27702479
29265746
22460039
33266049
31067742
22572964
11713007
12740529
33054899
40683583
29428844
31258564
37001016
16512575
5115772
24455982
28013602
23530030
43139961
18027628
8748139
29275712
30552400
32458447
41737935
38794069
8686172
725919
27001018
30272902
32658779
25826057
2820298
25255299
1036593
34711358
30198819
43315710
27122164
32844209
11164434
41341629
9531337
6449933
10024263
35403901
39306467
2076099
33676992
32516011
12772304
41449192
19772102
14262856
40142122
34545645
29426733
21863012
17555330
4762844
28429532
41403976
32891934
29975529
38767035
24168632
24607025
32395998
17106658
18822631
28556171
-221117
3025793
38153106
9725490
15853101
29429424
36623044
10837744
503460
16552309
10985677
4560399
3366344
16864384
20546473
34752766
27782193
26758744
7106213
16216682
39555790
12948332
22948367
25536498
1397378
26591059
31718487
24688559
21813910
37504823
26544357
31831593
40255096
32466495
33910665
35200061
13287005
27370505
37459284
15741184
7468181
35140959
21312183
2115305
18876808
1380528
12111442
11996970
19401887
38802213
12215045
24716532
7015708
8119907
40703599
14813671
12422023
5725014
30651851
41674008
27405776
16793899
8134152
9659831
32982746
23704943
-265872
16802147
17284484
40415489
-451667
17330841
29264174
25238069
39758807
43065239
23060125
4395312
2371426
42123802
13722922
36207589
-79414
22950687
279818
31287379
21013004
9835097
25837454
39724395
25265514
40484744
42636869
-558165
15760041
38219361
2721661
2465169
38495936
7162422
6552226
26099807
29949779
39552671
26906811
32890541
11723989
25995560
36238528
35863955
1679760
20045551
38352216
14566568
39725315
20768356
17055160
13832948
5337056
36466036
5689760
13311698
26083903
11112838
43296811
26194751
60633
41646138
41111962
37457632
27331150
30280215
273293
23405999
33190973
23340999
28714613
39818979
21262931
23250205
20684456
40341091
30218025
33660130
27317787
26798522
11238004
39969008
42764198
32578709
20276665
38337031
3720375
-844363
3492000
-613159
6897499
29487589
7514832
19658714
3089956
16577338
37368030
1629848
20862950
16128647
38858475
26982708
24486775
-544368
43014499
6335516
4653058
28399757
43467013
10407233
5445696
25911208
4925630
6997030
12331380
22433399
36295393
36019442
32045894
4152328
33150216
32232390
32615360
5494583
5005036
5243025
37793076
37299689
39899989
36637735
28782945
1823872
7299150
20466151
2009477
3054635
32369739
2128867
32513727
38158658
3968764
18469897
19006113
33607830
26117949
5721459
35004119
42398151
36933099
38606878
9372699
17072978
21818720
8610833
21279478
16531330
11283969
8207155
28840425
9383841
3183219
20990978
13548626
38693462
19647607
16490819
23891129
41417124
893431
4137480
5972227
30553305
5349904
7909469
43474376
18458151
7071173
35240722
32179619
27613005
39870211
34519931
13999263
43228342
38814497
33052692
12872998
11686828
20552698
34378881
38222990
26604544
5307853
27462581
12811752
3227720
38693704
32136061
28687852
31959196
9842222
35884139
7242741
9864463
10491994
15616036
14217899
40378314
22439666
25839299
19376134
-188647
41482959
20953542
23590716
18345420
27644033
6339643
10795896
18890546
38239040
31975844
35982807
15091605
31257475
19926536
15244972
36738299
21991362
21268574
17657406
21524355
22777289
41382317
4472999
33642132
13926720
12848153
22043285
9321791
10308861
17985547
13818657
3335248
762201
23490568
3512558
1465640
37113172
36531708
26782975
34083578
37835667
30147795
21839616
33897993
40815347
30363752
40894839
22317749
20416940
1932110
20503026
34700507
30222688
38756866
18654905
35501751
39284131
21477801
38808598
4349403
40580741
32250319
24845546
26481941
38462294
15173345
25016438
3842562
30844253
30334323
12879422
16467054
24342136
32188477
30169811
3480747
10070728
9833661
13631542
25375326
5011045
33611422
7529616
14648646
30926294
36390014
33055078
37873715
31666735
27388209
26283968
39141108
11072640
25228521
43078175
35323001
32644074
40702219
16375209
13095662
20429066
7694313
9194418
40560577
9889728
38287540
36982635
9152016
17178300
35486244
40513450
38632944
13959041
6448919
30316536
42131307
6081163
25708833
13591866
31527253
13668511
15985240
4283733
18272382
30529067
36682275
32475934
14126643
33272619
34176186
36452193
14660890
22507621
21698527
650153
3376301
42885138
17369229
35969618
40402342
34554591
23036929
36945093
9972487
12869350
28207712
33240830
35837242
21152523
36167088
39292841
6306283
39026689
2574801
-127139
40887568
6410216
42992789
9355872
7736584
29342980
40597905
11667776
7850951
13878939
27976053
25679005
14155715
41913772
28002108
35612057
4079209
21139644
27240947
1859999
8644839
31597925
17258314
21827101
22165675
5071944
5672875
7805923
28525207
38357572
21677120
11586165
26970098
43192362
4150594
21673927
1372604
27456582
14155449
31111054
8993389
23148679
33604532
36368329
4295091
36450295
20577282
43416143
38087231
22486076
33232895
15470268
9718513
32979388
11060780
17647943
2505777
42197293
8040381
26695738
41826975
37319988
25400664
36569514
32480057
31396244
13551319
28004141
2842436
1006793
22669777
9165798
31942343
18001783
5161635
8670846
12040098
5558871
12366325
33031351
11658617
26146923
15046656
21435531
26349976
15635159
11759880
3326917
16659043
4488170
8833658
21554440
12712149
18800374
43451955
37906052
21619424
27072656
30881499
9849594
42162357
14427218
4703989
15172399
32184963
42451439
29161836
29853664
41302108
38347539
40643562
40799175
824759
12314846
24734080
15740867
28766049
41566039
14381209
365855
28547375
16592071
22233467
40761724
32583537
13917585
30212981
13392943
25269409
39534283
21863083
17591063
19762674
42789352
16654468
40696723
42283981
20904208
28082484
-43259
9163840
39284447
40686657
-812646
5650777
12810785
17121571
5249826
41018105
19353619
25474386
42741081
27608214
32677088
40803334
22456331
22154433
5424218
22184404
17603195
4546442
38853571
-891884
28322981
31661754
14739258
14351144
26933217
14489361
34028148
39116428
3933781
8727945
473927
-749178
2039953
30199261
18787093
26963422
28628571
41694675
14653407
22406446
134969
43013893
6041985
31584854
22323522
10404824
40030309
2806525
34515027
3517713
3180169
19690752
18505393
16591998
34616040
27292428
4772532
4974678
11163231
27550118
994987
648698
8619132
22626129
-937991
10906310
37492127
27652350
23761131
12937897
42532798
8636513
37469053
33216183
2173273
8097286
4881280
24032964
19458036
22127769
24252292
29784404
1004783
12815936
7147712
822892
28741715
10818190
9366320
22969798
18158852
8587729
3832874
24433522
37847106
37653725
22265046
8501719
879298
40632677
10964658
13969656
1254712
41170923
31448540
19686172
-217051
28908232
13692869
29117343
7987322
38706326
16182827
39652728
610105
8855128
9215804
8021867
3171591
23030920
20497842
8582272
26187435
21307458
3253719
24353101
31907740
23114887
9789155
18807573
418916
27207999
16035896
1713337
9274395
18416056
40457770
43418722
33522179
39933937
14591574
17454577
40886349
40768655
17880194
2960488
-456013
15314066
42138313
13438925
29966821
8544331
40039552
14875238
28797629
4246613
25991000
16630953
24557325
8893837
16780747
37777991
21523911
31744328
6341073
26152740
10968613
20471213
42792548
25716535
14751892
30492194
28905151
35633743
42075784
6909359
31041847
-492831
33609964
42942861
27796196
34732015
31169437
38855741
7356146
16973428
-580956
34438273
43259762
-87642
40426877
4775333
26425273
18508639
20205244
23535366
3122079
38888600
38524098
12914469
24605162
34979401
4774530
19014511
18286647
33666107
23147324
38282315
37823065
6133030
39824780
39379954
28341283
6285655
33539334
39196762
16102599
1905219
14494091
14323825
9724778
15717716
19380377
29208349
34006633
31199613
13129958
6205347
9558341
37418981
15236955
33847278
34990232
4142213
39249737
8218493
3195566
21850654
6674596
10813288
21796635
8290651
9665206
1668366
21536653
24577676
39675496
41041517
23580108
31056215
3190773
25016234
7088569
6727209
23037175
21839169
867122
8376940
25367842
12772922
23077562
12982277
39628530
43089090
40936893
-153359
21275413
22446326
3483938
36704730
11302387
36853340
40744283
25066280
40941491
19472595
14621671
-711062
22611217
36601499
23773758
15521546
10435803
8398202
15245648
7281836
34780458
2973667
20010668
3187232
10395174
14398392
12914555
9243056
27902413
1239707
6673410
24448593
9632772
40980561
9270083
11185700
17280399
41602431
17487809
28237149
14532407
33784097
2052995
13378368
18113768
1179806
9660098
10759421
21915692
35013928
24626724
35873978
33299291
25326768
41636664
9024939
-254175
3568001
29524
21279825
18774263
24264371
7834652
9839137
39442718
24127708
329924
24539078
12366690
27813732
1971368
24802021
27998627
31389727
19534151
28870777
10945811
24898406
22583160
43169969
22487858
16747641
2593452
13801669
29912316
23532472
7067629
9293991
14588874
20072167
19899659
-819981
22458440
21513853
7751038
34062923
17013700
530770
30929649
35165131
16294884
33515347
26309730
24940370
6878762
24322273
26259568
20951323
32871357
7539066
17025620
40196357
22105688
2489258
4654870
22779677
32367055
31441544
6399734
9089996
43530347
34870555
35304807
33680658
38341532
18665283
9574826
-405247
16062602
28643673
40802149
12944487
4962411
25956222
15253030
598401
29170583
3194700
13241465
34503281
35832464
11885736
6180507
22800472
16583975
27452025
24129839
30909215
14201184
11374975
25353357
34975368
22252147
34486457
15589106
13132379
14006590
23239877
7296798
25278680
-616777
41303377
6200467
6874004
29919653
508697
28562304
2955087
36545637
27665822
11642749
29436928
42037772
3176797
6316809
-751983
31021839
8313588
11772403
40072929
24809799
42390530
37528574
333192
10691791
5743517
1691238
29795093
-585934
13017178
9460997
37572431
-294100
41659247
35346553
32281578
21364915
6334718
3249150
16845055
5318060
2092209
30383456
11093003
18951014
31598459
8949518
14758486
31740359
38922783
9333990
11975889
14806070
37383930
22196016
23162453
20140998
18694865
21586875
34438747
9738178
30162991
11937918
34264059
37896372
13054562
15634141
2952341
33310222
1138651
1159322
10348558
35314150
43090512
24173250
8548426
11557534
6705822
-301812
12159082
15598587
32820429
-237602
3701570
20729227
1305121
31412563
11088755
22314421
21535946
26776
34491500
28496009
14077738
1132309
10654061
23383070
24410557
29722176
39620652
15069739
425842
27511967
39497603
9181373
12014109
28325581
34968248
27905125
1004967
28857286
29670178
40299142
38873431
27245462
27766744
24018546
11478646
9517218
43072068
34815002
4799300
31031600
-555983
14900546
32699694
27205678
23533294
18071840
43509020
10486819
14946019
20144469
31148153
15332298
13507455
14653129
6995833
38767321
33384881
43303667
12628898
1247059
43458435
26137597
7343386
18050085
34107184
16287992
5818398
2091022
23544383
9420858
35990792
22490868
4607790
12357713
16376464
32492702
1306446
34159084
21102669
34224153
19347616
15749593
21440155
35794048
41860935
3449951
43133073
39397393
30037814
29110248
30387789
3107635
26538073
29859966
34523099
23380600
18843758
11575304
33193269
33579417
35183353
15434658
17878989
38381719
30948606
8637065
16452651
9614736
12222483
6494395
28598443
10162316
15129029
9826289
16466245
32778097
23980295
27887097
8530211
3821853
28943334
17645373
25020056
3483090
7031565
13260517
36707752
34112378
11938886
9432406
22471487
15078389
11416639
5258767
26726886
16300906
31536343
26873033
25149830
11094249
31453851
31560868
39283192
37958543
38929621
3829158
3636111
1524306
15369534
11955052
39704195
22055007
1811240
43177320
1557631
863890
6690007
27277059
28667130
41482472
34590145
17642891
5172364
11331866
13433327
31437632
11652970
979405
27708393
25544130
15028885
23955711
32757076
43172922
36768725
31456674
32012010
26497037
4126483
38418051
10787817
10476753
27508681
30511277
13820839
42218564
10493378
20246089
29311526
8665302
17997727
19131373
15801160
36802316
11127615
14880880
15512895
26794832
956652
36012251
17676034
25599676
18223691
694345
9838350
13031700
16257886
31277496
1836048
13677634
-589391
15871031
14000196
10085349
39044094
40372252
35835001
19731570
7732432
14251957
341430
10835767
34886449
22812495
33612003
9005520
40137474
39280212
330804
26060736
25189393
36166147
3431130
28051587
38709291
21872784
36196319
7584188
22686695
3413928
7336424
9116777
28873758
36292353
41113413
10982950
3467211
26360145
-2749
5996314
1839778
23582214
17132185
17106229
34776981
33489869
21281796
27761795
23008493
23148922
23419151
4770997
34571811
25990046
1015525
777130
21712744
33592319
41914155
7466101
4912826
43090897
3513927
29210622
25670672
2507837
18026768
26851867
39281260
37537269
34635169
17771049
13339214
19256934
33487455
33403556
33316492
37503347
15218378
43249102
18913281
37491201
7337786
39147855
42255326
10038690
37670011
8457486
42044596
1676781
34301280
29694492
12287557
4314012
15593843
6411179
41303842
31835700
442037
1430743
27654715
10273007
12062611
10282879
9888947
30301994
34972209
6386076
19237190
18447801
26189727
31867423
27675804
26759205
30201152
22965937
8769906
25408719
25334639
4857229
23352155
10215546
13654483
24248639
13581666
538265
30432880
25584232
15479755
17095659
28409250
31715269
42655191
22395753
28580545
31358951
13083783
37941259
10302381
15092224
42403630
28635348
33890053
41416452
42822927
35005689
25440699
-815362
12829172
24446207
12340531
28547533
22196855
22311224
13538307
16856620
33110914
34560258
16569154
18127851
35998421
22404494
8075368
2599347
18262112
40104509
23161363
36739944
26093564
21959987
27776352
42008127
34203986
39036364
23550151
10060856
12647204
36326547
42814822
4524860
24142594
25252733
31117815
19375366
28601251
27041941
31418965
22870966
37201503
14836078
25606481
3787373
30416644
23903964
17424058
42966131
8422794
6611195
4092365
14446756
26277188
30807925
35479617
23778192
4688770
18800201
37972761
23680434
19889503
15255097
16659256
40270455
6923255
17558605
29651386
7844436
35666264
34768482
28246322
12491249
16269776
40943447
29346501
36641366
13375828
30592477
17505587
33235877
20143898
4125071
936831
34088019
42123822
29822647
4408421
17214878
39669602
5558230
15740162
17679595
-633071
32953312
42586583
42628478
33942097
1728742
32771057
26563276
42547391
41648439
13179081
85733
14685028
19051138
19379516
17968123
8716510
4743125
8584369
36441264
34443810
20111888
15484414
5451360
25620746
32443377
42447888
5407579
26206286
32576463
25212121
2057927
26865753
3849311
14048797
27489371
6753713
32089421
8981832
40678707
26711246
17414371
30169666
31251394
17105686
32989090
33450672
34096397
19583287
40899544
32392198
21796450
16641214
42086560
21642648
34189207
25394389
37645107
19131385
26574366
32878831
32806774
22298803
41857733
14371354
27698413
10621471
37818781
32718747
14072038
42169497
14329711
16699998
1009970
13205645
21896799
41448069
28343093
24258987
7999025
15993025
33862606
18165074
7148195
16669178
6405021
21636556
42799165
11570813
40298778
25479099
28009728
33056819
16050892
20084158
14722240
24303311
11610172
1685672
16455580
42911513
39269755
16047596
39045171
16864337
1383036
31269049
21471246
34630365
33981508
34966903
6897875
523933
35162893
35459117
21470960
34919661
16647303
-371328
15557496
13246140
23520864
1149937
35822265
21204647
2125206
30867647
13139589
-336429
18572384
19246552
17249989
37547612
16887509
40308509
42080308
40662893
35714686
13273457
29636528
39319332
24216016
28379355
39876688
-73665
2125354
25771527
28120650
29857010
39002157
33166678
32747855
37514967
8467899
10022997
24393610
38457524
14595789
37590714
31860202
8966811
19570895
35343576
12846585
22845764
31929989
37065333
37055364
34096254
18126855
40796170
18520160
8282856
43100674
9671863
36427660
14694792
24805750
31913910
39142283
13736113
16785148
880662
16103325
31696388
42118974
19470131
5332345
38831462
16157166
33284766
17792140
29192365
39541864
38389326
30185975
10110469
36899321
23834385
34808119
35008636
5666274
4325257
19565691
13179503
13121925
15536022
42812732
36394603
10069185
5181714
389886
10576666
42142852
28531245
4712764
7041909
2111914
34623614
-58895
28729308
11308897
11610151
36706085
36471881
38223012
10020066
17330003
3025936
11660174
18171589
-785344
17080869
4847310
7628124
28541989
35337582
22838639
10799081
10147272
4514106
17581289
11770222
6554077
18246009
12704466
16003791
43230332
31701431
9938780
5431158
39455930
3502574
7047679
25187049
9703879
25881056
4567872
16327893
8654848
34439726
31620733
40530568
-763613
36204558
5718427
32288838
6028443
25422131
13148374
22548170
38473911
37822502
4061712
36402947
25902325
28918634
35704042
626902
38065073
36427483
32159605
27656677
36370062
13724910
32885477
39671743
3889469
13898430
6390581
9655796
9468867
37665856
10149681
18152527
2795129
41238703
11397707
14209900
12546261
10163906
2511287
38705803
42655225
2061467
41500956
26054031
24278134
28923462
4170079
11317897
7424714
18103204
32326129
9217024
6629631
19311165
16635014
10283741
2826665
10856901
37562288
41718154
15097195
5950059
-868339
22669282
39843134
5540710
15440574
2010909
13156859
6042055
20235913
22410332
3236906
9644840
6660708
1606482
1472593
29932969
30017138
19506117
28393862
5761908
13188248
43128595
6973901
12797825
6234166
3041002
34475859
8600562
40019829
39589482
28363756
31749688
18122499
19004665
29259695
18790330
14743804
12312584
36488852
38873405
41991672
23779312
26841648
28288597
22632479
1050517
6627311
16314719
32833298
33417202
14125224
41765942
32269758
8843225
37637549
-1646
26395897
1409431
31922983
5325270
41827443
8342952
1738353
9270602
41432300
23626868
41368139
37247042
29428362
43169544
23136895
18572535
6132275
2051433
26067065
7187589
34525929
29906615
6923575
35702133
6344870
5899087
11536617
30327979
36584556
35862058
19670729
27042584
7729376
20163563
37944294
26523508
2829910
43353400
16650374
16453045
29191040
21968154
26443314
10183523
41061199
5965334
4748959
21104982
28260774
29252018
19101204
7326345
36420344
29217306
3566000
26040575
31387146
38369297
18689914
13729975
34864502
31944259
21365913
37983575
2455704
2525166
8710879
7892849
12425714
11322162
31342320
18351121
37369796
2257782
2843495
-922005
30934737
38879513
33479355
18073820
7156569
551642
14535755
16498874
26958386
1649179
33056367
15694093
22766744
128098
33685903
14053830
15523142
38045748
38890998
-925452
40678073
20859933
2843605
2799380
7291452
40548211
41006642
21466078
10425277
18759215
27273658
43186970
34863922
23968294
15843799
30487755
22308646
39429967
35881309
8135785
33901253
12098567
21310864
21455354
27732789
21220065
36330281
24857596
43437621
8579812
5884388
21809020
23530789
29255477
1636760
20292387
28330276
36257102
13882809
41708724
43267414
28597992
8032187
37831870
41559689
30815477
33306448
-619616
25007817
18721611
14570062
38574283
40216640
30892026
11314762
26748397
6834272
17805406
2677317
20772191
7653802
12834060
37965206
4176320
43133873
32913990
26238020
15523382
38671430
37815785
37744619
-76093
7138303
17204286
16825167
11147478
-279001
-751772
979984
40080884
-305592
39567007
8437829
43206838
6519675
186217
11985687
31489897
28229128
42517282
41115961
8409038
-553581
2161924
10556224
12049114
25644643
27608304
27342677
23566153
41805485
36171725
26917466
9664784
23472581
14323336
28028579
34118645
23509226
904192
-414494
22316812
30138211
13100841
11694961
11006017
34557306
8133620
30703268
42426957
13891302
37670937
37212621
41085544
11652110
2041825
11864645
4767109
27340269
22729125
21654749
9318740
13001546
16504627
42325724
22364900
3515161
4808805
20829860
28717354
19922448
25091914
36645190
42103937
23934464
21383363
23633758
-34282
42628006
29302858
11234179
30007603
30770351
27573299
26491435
23996088
19893365
26301881
31182028
14830701
5167606
6817342
20010697
42990201
40228101
41814225
7936159
33387579
31023013
24516948
24699912
30832001
5129505
27796068
43477942
27587584
33925130
26553950
3471673
27146661
19352190
25011126
25428690
39689680
16128462
23436009
16064135
30040831
38423299
12621536
24197870
2950380
14177070
35483514
9373861
11662328
9988200
26954731
41738483
20428741
21449509
391289
31795944
11370103
36081524
27339956
20588470
-265974
22765994
35741460
22556763
74972
144821
31254262
28204628
33055660
42141219
3881251
8751661
19126546
27460712
29268292
40916368
17128120
30885858
10847396
42893097
33556495
3498763
5398843
146177
17863529
34368207
28709102
39999168
1402491
19550980
27805479
40983512
6664127
17315705
30365265
42051529
9952205
23879147
26270829
20199990
34240658
6368888
14713752
1501220
19363914
11570828
25815973
27949976
41917894
31805059
36662845
37481900
31114869
24550013
4572009
5140346
30471551
20849379
28202395
13896345
30614274
39508922
9391882
3221085
20828706
13013919
3723272
39984986
-656789
38033257
19151863
10790906
1618821
11796987
9655285
19784020
1842496
17094230
16466146
41283517
1239355
31670261
16072966
3906943
40202576
32109782
31075797
9434166
6074135
11646857
11754338
243136
12733077
32394082
28167173
22282069
3035302
21567432
-399493
15901826
43032129
41196864
19773794
9439873
34567839
33543534
32376122
5398141
4513102
15180720
25545925
13324801
14578165
30586750
8867296
32249929
18217678
41999160
40626514
14552739
36228795
21117123
13651710
22713871
12218820
32290831
-499921
-541438
26183475
2867296
22876089
17026168
28178237
11493414
31725530
16903394
32605638
29232351
1276538
40743450
13384771
30934647
22406859
25983298
17860355
22934496
36830415
3977790
42863733
20579253
29693907
37342846
9545251
14074789
22592854
12398459
24117913
26056094
19271789
29429369
19133652
7336238
12788595
25527832
7698625
29079933
38636430
8543163
3263781
15979161
41171226
5060525
19171657
38595596
16149181
536787
16762661
170220
18516199
8308469
24755078
33209856
-975803
38631577
13843497
33651019
9414609
24161640
35938677
34272141
9417949
21158861
18196564
2707445
506590
24431804
42588458
24757515
10168176
34246659
28328863
24039020
16144908
26773148
6604748
37296708
40320914
1883439
25029223
16234137
22072679
43443019
33992210
38783004
21601012
28946340
41890379
34119237
9442669
19820686
23722992
21634663
26723580
9247026
7829755
15203579
36262290
16299165
24032883
30740332
41889132
13796912
19496483
23966284
12500350
5211088
2142823
3023487
1532846
8779513
4610992
26185143
5139137
6259486
5262633
12516923
11563943
9751485
28384468
25333598
34350275
7984349
3614909
29591107
35058837
14256227
36858075
8068043
38853357
-659700
13045700
28165304
28619741
25021550
11955563
995121
39596487
59180
23897096
10402606
41322953
15434498
31903216
38012217
42597748
25093003
18107647
7031489
5017866
11809927
13937913
16163150
34145337
1074516
11810958
22198857
18548709
38369393
30201082
26718347
30762107
30761804
11363741
23144253
21107790
7794426
25341448
11639153
16255178
41669674
38818550
5141874
23309434
33916977
25794046
43464272
2924132
2912682
28446566
32413882
32821
20406036
32223760
11103628
25692872
4178001
6253851
18792729
42231325
3514431
18778746
26330961
10823130
39995533
13099221
26309745
6223984
30908352
33356338
37813447
35382190
18729605
35048888
8318229
4069810
32438822
16796485
4019062
1075448
13592631
28725260
36241107
24634950
137334
31898175
36666050
26149203
30793957
1517879
40723050
41931205
43150744
6567770
30283971
3476405
-849442
36027194
39713346
22731105
10693910
30216281
14234051
43510797
10661848
3823641
23567567
39672116
7585545
6024802
31020911
5540206
23615563
33410269
33128833
19758851
29168192
21269064
16779008
18962168
36267662
23976937
39998904
37561876
23001206
28640608
16249879
21823454
653700
-897778
2053836
24573932
43480712
28449582
12128229
3820867
23212099
23687369
13250455
32255501
28520215
18339341
21315445
40342150
23161128
-8483
25060963
33087173
35020147
27921311
7091588
29178507
3452643
42485790
10555901
38863867
30965493
27972082
24345787
12402574
2895041
13102246
12224529
22532854
23849174
20604636
15789593
1579528
29304690
5559246
13880504
9396186
29798257
24767163
36485044
22581117
31839680
31875795
6988473
4784642
1012411
8710802
43138429
4144145
24645957
14278891
34579981
20594573
38795545
28077998
6363170
10223520
10037286
-708537
34365420
19792974
41776189
43078490
27075541
4336012
31176332
16212914
2993584
30884965
35178947
27736001
1285224
25394403
8742854
5916238
29856274
33702408
32633012
12790169
25862059
11196368
27785138
32061265
5764853
38162088
7609340
23677619
14515498
14253478
28785429
19658211
35542889
31595838
23449740
5763126
30094380
14613072
26405268
15819989
19071562
11836411
29014927
11124629
23588541
43479154
-121132
16889553
14307127
11707561
457908
25278675
1733026
6086693
5847138
34172274
27419399
40595858
39524577
11999802
12984720
4834702
43294301
34499011
42093219
15242939
17985974
31360249
26881468
14311656
29965753
19385638
8272033
8587155
38723532
22681527
8461927
26208540
21327092
4876446
942992
39313363
31119836
11710992
26304276
9193061
41169664
32024918
32892604
14436155
28650623
8085696
18308223
7982158
14407184
8925685
10795920
22260879
9932083
14674366
11336256
36692664
32537173
-967460
35595425
27940342
10469930
34229434
35139682
24360440
25707625
35547954
33621418
29159098
9892087
19402003
39361664
40204678
23001782
36143744
19050562
42124436
13405990
38321005
-532818
-313277
32535153
3259901
18784646
8606248
2417704
25102594
35433977
32388668
25948769
34670451
5920465
17011088
-275186
5441048
21793605
29845941
23027485
-799905
22861326
17218065
16388865
25536268
7651833
9406215
23925257
33430323
23524066
7216201
116187
24046543
18731102
7633573
-197759
26764300
6105131
27861362
34388416
40900810
8201181
32118524
12774884
31671093
35878010
6874746
39634009
6117
32503960
12134145
35765745
6970513
24059038
13681573
21702848
26483189
475576
4309935
1714154
43243448
8695650
34050507
36072951
30516403
2476103
32185490
8542978
35310129
-186931
30670383
20767499
40598983
25187607
30882256
1863209
2316750
38891457
13793296
7866124
19682439
5567475
38585755
38609976
13900663
21961237
14634221
32184857
34156171
42201851
1578601
8719599
8326044
3020790
10143019
40311514
17673530
3651295
31949330
17423236
36014450
35162811
10513386
34426084
1589280
35944108
36827913
40406689
25627732
20415257
5701445
40468492
16825146
28160887
17270712
20243270
7238174
26487691
29026522
35589398
24864932
-530927
38581485
39590305
35507744
28519441
34562148
39869656
41554426
23327348
27770277
39329037
10322827
6416336
10644622
29330378
33016788
20456205
6124146
10512261
30768458
42471957
28037591
37944627
22041608
35676838
23580509
1661891
40564626
22101629
19775720
6795457
-990689
32905044
28801966
35024144
26123864
41557004
11997184
9774392
33502108
39916670
28034724
20579920
42384605
14985475
32303740
37111632
18695458
16332928
-878767
37958293
32177919
5660246
14150559
35595205
12956756
13108945
30382200
28909919
15869911
41832203
23493215
15649325
7696465
28890602
36693666
37985564
27164124
28890507
38092888
5783292
39250708
18380817
19332457
12652947
30913979
11150522
5532893
27206786
10806569
24258368
12442122
39858200
25170707
42426826
21484344
42196966
42336585
15063029
30730456
16969599
38213405
22429598
4687708
19930544
38432927
19099958
20182791
40126622
6060982
6991657
14996807
29220895
-300669
20005822
36942541
29910881
14304928
32708121
36349299
9324825
7882500
3861353
3660181
5337265
24981577
31003478
41790910
12161034
35260150
37513961
8286531
26994940
948297
19982762
41988226
40806180
39993965
27801799
26928923
25656268
19106210
7496784
13429619
39042054
27597659
42034059
10146156
23387852
40444796
31191664
33208502
15332129
12185411
6737283
23711703
33814527
6431621
6279246
21021132
12900948
1478370
33066871
23457538
26406894
39766685
5455697
27448704
386906
17185074
30549326
37575686
3597024
10795958
9787975
5399707
36214401
12765626
34796835
1334517
26320823
17661821
35610538
21955771
17735370
-909329
9417566
26323957
6505059
38285127
19983550
1620446
433410
8105130
10245178
17411967
10289366
14477428
17473694
36493030
34520400
2081556
2398487
10168993
2524209
38931975
15441200
31219565
11205776
22343029
7169524
42394096
10389049
8964412
11156807
25293912
25708979
8298637
13691906
12731832
1412812
27206044
6911115
15879732
1252058
2111148
23221636
2931191
23345004
8552509
9586497
23568277
22108573
3045778
10634710
13795327
28221026
22508981
31446233
39971040
19608186
3235053
11556690
38532767
7772987
39988396
34530607
3323173
6792156
26077531
15874511
18202782
38881248
9762031
13238125
42622108
421872
22327217
30784051
24570255
36288248
36679107
40472577
13485785
13434407
36035848
13928991
9922605
17408884
23877934
30753289
18535372
1217157
36439775
19968274
26009723
18619322
2263031
8497064
28046039
32266727
10073131
22386086
586918
16370377
38835657
14908078
37766977
25591159
11995584
3919761
32674298
23721101
25028297
10742009
12320550
35748639
22683696
42950367
5602184
18684004
11692872
29573008
31297223
8887102
4895129
8640114
26724231
22984031
9783546
3465422
3937807
13287536
34784516
33086809
39571408
28265009
9961940
17782778
32718940
16432682
29251752
3449027
26948507
24419425
10909393
10886586
6115345
7980294
3515034
43132621
35680902
38608604
31916050
-156887
24905621
36392815
33659803
19946249
14566262
18274738
1782457
26058479
17029326
9284665
42851629
29059148
38929786
13699388
12032015
15526321
27603672
14888954
31279127
13448705
42210681
23279059
36460368
1104706
16418256
16928294
1661086
28971826
21572312
6464132
16481456
32856006
10564958
35833880
22472310
30708181
38967320
14579116
22366350
17991945
39165317
13399698
22854885
37638605
4476288
35834906
29927818
447058
43185503
23806587
19889622
34584011
31006704
33250875
12299170
32018287
1982716
13673415
5903187
29900182
14250634
6973847
30560536
35257004
20838055
29051525
43422272
26637949
40177257
8733455
8633205
20829533
14095922
18458791
35640966
39802891
21155988
29156483
14997
39530893
26160876
22241217
16250557
726962
37046842
18460851
6770567
29208893
26111959
35503972
33596463
-307587
8742136
33515333
10593205
4974175
37526399
19896363
21831154
37547901
10608879
22312231
2459093
31652473
20828186
31258914
16858039
39628865
36670592
24301437
27399104
25307155
27526262
12400890
33959665
5137027
37273706
27938630
35223656
34220221
39698076
26167662
26632571
27268446
8353797
13019916
-906414
17520021
19968255
38676041
36942276
22572118
36428410
40527936
31162000
4186848
7835396
35404553
4002638
3245821
22026629
29673708
43348178
22609462
29501910
9394433
32093315
24261797
7862745
43195379
22130208
42863837
18932754
29834325
38060709
32002180
23103618
38797018
35188769
2284169
4759269
43224992
34517652
333904
12947336
8516827
20296949
38274125
9518961
26309577
8175663
42078384
39375505
19020040
13074345
26405011
37356509
618625
23807887
32806192
27465298
3944651
41180771
-527340
42784070
6319911
4664280
783344
29236207
20021619
27947881
42916536
30900557
43439965
16201766
27701511
23350359
3463377
26827375
29290219
1293166
29000559
30636355
36404451
41414013
25795555
38716095
14057928
35180417
29892981
24045305
36137748
131264
29394470
34766106
37425954
21199252
23478022
3605697
34092223
33910910
21582750
29500486
1024305
35277448
17354343
14756285
42481273
37731746
41770692
15362367
33483642
23302365
27375562
34781558
21784939
11594520
32772323
674847
18466893
7636815
36822960
35613268
1473130
24538019
29014318
25311490
39964552
17254761
8501097
31024807
4747543
22441582
33984903
16487876
22894763
938321
7746826
29859287
3080568
28799599
3556351
22258244
8679675
7986941
39122231
2312458
34575144
26270674
1304553
40458927
10073991
20715460
24089417
9943885
14524938
22320948
41223583
21299031
11541414
7531105
36469248
13055038
39150331
39316081
39805332
32843167
39487757
38299530
8383765
22689020
32642456
42402296
8734041
6246008
40583750
41563673
1658894
29198413
37583886
10458648
4867225
1194949
32105707
38585477
30202437
36500173
19301283
20946950
20704612
9782985
30155102
15043006
3663272
3042541
34801950
30140465
3208642
36343041
1601423
14957183
33614367
26533483
19348824
32176621
13245775
42841442
41780923
9471211
29144456
17068157
-762612
7180641
8517873
17161151
12002246
12802181
31533475
4571551
43264887
23106317
26857076
17689161
6780359
9939064
36554136
18120331
33592048
