18943571
38978407
38992694
42188428
15213367
21711058
3485665
15213270
19225153
41790662
1152339
16122018
3820245
26222776
13135593
29079153
5576273
24790580
31064707
21302530
28905654
39388659
24138816
11914941
13293919
-275403
28228172
16280288
28213969
8645048
13808368
4906886
19465749
27600042
34046975
40691122
19752546
1308512
24144878
16439870
27030284
23482022
11908696
5675501
24349824
652296
25426500
18473776
32749949
14615780
41080965
29923679
38082674
43135193
959611
10645458
3158562
28405019
18387957
4023345
39927101
13915249
1746349
21171862
13041714
23548681
4064638
34572405
35817132
2166333
16564147
37792906
13421083
13872816
20515964
20804913
24078314
10358945
20319417
21211805
37030381
9891305
40342944
27907387
43224721
9662574
33248878
36492278
24817224
36446330
-731450
36589761
19226493
11542602
2016832
34276754
25232868
34186047
4685366
22247352
36927068
13865907
35735521
41732250
36902767
32353551
-603935
30377950
20354531
23388148
31451054
42779142
30911052
30726250
6234977
23366410
30522005
143038
1555953
40300283
37486296
40139694
40868718
26781093
19642088
2344926
22802865
33814016
3374561
92902
9455180
26995505
20785577
36310826
33354271
38442082
25904940
18412275
33319409
-497462
23231721
8071057
1853348
23124138
13870041
29086623
5454898
13517339
2642012
19727143
35111153
17083315
33886907
16178274
25184240
31797099
-987651
30390580
1500384
26205901
33740472
28091698
6609610
42937275
6683423
3139722
37089784
19145255
1389691
13283229
25374950
34992190
6139304
21231262
10925789
8074229
16282978
17942074
42914007
26621253
15953442
33805324
28023140
20827674
5669601
33263061
26618251
18818725
34024085
40483774
42208652
895268
21723004
147020
2923690
22733895
37762451
33532435
38479242
1920073
17728232
35537371
5429472
30996423
27754401
10662027
7650111
31522520
2306934
33835323
42697712
8212521
13910809
24159475
36906975
10339095
37108486
15297537
9288497
10127220
38906448
25321156
8884519
31267835
8733552
17008131
12766122
31211924
9444466
35607391
37717018
23834898
5003420
7097036
24608245
10423078
31198660
42866343
15877593
-404300
32361072
11618881
7985439
31222456
12809755
12594460
16033132
23339427
32884148
28441934
41551086
28549438
11121475
32864344
17162353
8074043
7712432
38365016
38748365
11997090
28179005
9807380
42382104
20042815
2555609
31925437
875670
41414080
-18996
30209417
26014019
38895053
18665810
5173916
5155472
36094965
22153546
15109347
32491975
27697465
41617179
28579160
30307488
416250
1374672
11974100
25891068
29566092
11696992
2500174
8266720
40922996
28910361
4122120
13331099
30544389
34539296
2116144
35181939
13032436
33614388
13181379
19070116
2281488
30303274
24820413
42136894
21231
33510917
36448382
26746498
6236642
25422608
31528375
31050927
24420749
13609519
11312653
35079420
40852429
40337991
-164758
1695788
30613629
32148669
20136375
31805881
5681991
9791649
4275374
34658783
20782625
34164292
-535654
20812386
30214990
7138077
26749138
36456963
28322324
22677020
18097677
24293598
1403786
27754218
27045206
12416168
3052209
28850186
32545531
34991092
25367784
26557157
27292786
24324027
26345360
39950564
2786137
28043156
2436128
16108427
499402
14055999
30861833
17733118
14707301
3907923
3948291
489410
22822451
31643937
22051468
34809204
30573139
9388956
38885159
23000264
11565437
18022737
928074
18425137
29619121
13601838
30317178
29530600
18474939
15908834
11289605
20351428
2233044
8624636
13331936
33843594
19688090
9291396
19783912
12726057
11471750
2738706
2893597
4558466
8297017
19351210
32718313
9933781
24490722
6538623
24438395
18050749
12838670
6158881
40395674
33988925
1734690
39482044
17479462
39440116
37539427
30692110
26333085
13344608
14346802
40325685
141597
27500340
12565192
8476334
9167967
40625667
2635541
28426082
706169
32924866
37541116
41971398
15519026
22753210
22258081
24252508
16028050
6607163
35245629
25840427
28977165
7523931
33243680
2298600
35700590
41223768
17589871
32700332
19269211
14325529
23636279
6070327
15463188
17680105
26578835
20025433
19906892
32600099
3267471
11858675
24768359
3099190
25758797
38828883
28552251
16455267
40936782
6346206
20729453
3502271
14374076
36153916
26813882
29026175
22676213
13620813
-692896
39449319
41304733
32208861
6819193
3328
7618529
5212050
1861914
35607622
32993184
31145320
23325133
21986118
8112848
35851020
26187889
21376973
35117856
14171046
8189599
37841332
1941678
22462640
4017862
18441418
8837978
26694486
25045338
28894168
24558686
10431486
8564368
20621645
34191373
38146246
19470246
28839566
18839699
9550472
5405468
8904646
10459340
18027758
24979307
5887369
42567602
24332304
17670171
23527059
2705040
9359010
6848194
9707585
10041786
11971162
28503725
41397846
8283804
40264317
40801075
3579750
9967895
35065855
38112250
4796675
27580619
15029786
12000018
27441103
3712983
-564551
8252608
42180526
23155381
13900573
19084216
36738097
10133602
26239939
42616192
19561425
42329653
43224314
31394644
16153347
-889119
5779519
11018068
1636968
33031737
-509796
31847406
23386339
41519351
3892272
35231826
15438159
31137311
20395026
29177493
36049988
10721631
5980774
8164168
33224226
38416534
16268667
42723266
18902596
40521365
41995922
6658943
34949121
36888420
35966041
10128573
17798033
37129904
10719651
12061912
21908894
29846058
36865477
42960619
3818966
31607554
3207381
28658832
71219
14640949
31627862
16186985
370829
2536237
33082667
27852832
21124853
24667325
40449313
24585069
38686684
34543220
37865025
20149558
4873937
31036492
42803948
23744544
40286156
6282544
41543144
31143645
25641810
41340025
24400799
42635146
5553459
13088171
15441597
34366643
38800257
8138707
26834737
34948181
33559837
32355285
16193174
20284921
35462670
12698367
38243252
10274192
15253017
10393579
41055237
37259482
38411568
27387471
36862622
30327731
6581114
17092122
352615
17589251
17916096
12043733
11433261
16237773
138044
37694111
5484512
4513346
35598353
3062187
24940731
39681126
23644404
22159708
15220586
985882
38900179
32245630
11710486
19820583
41139501
12476909
41946138
10445253
39952222
39522956
37761940
28640761
27848805
35850194
40851900
25393451
8565506
24288765
32361113
25407337
37371025
19087420
31328654
25280331
25072188
13367590
7951640
34515188
32480422
43034925
9009268
12852144
32611311
16783137
43508921
41054579
30134387
40193690
27141253
1192177
10566419
36410627
2064083
1538062
34037628
40024658
12645193
34169212
8776438
371260
26118759
19801646
40132139
12082245
29484973
24072259
27206072
7726342
29946145
21559715
17102963
26548675
36721317
34144593
6901897
17155833
6788835
7067055
17919965
39023887
14402065
32589361
39851884
30037782
1510533
4844396
29154694
4550670
7805196
20576502
9385271
22918494
7211398
14565318
43081439
41687515
24509270
27046037
13364351
8296668
30924995
947980
12624287
12142089
5026822
2692962
4074163
40893204
4393830
13129853
38004456
18217510
19444567
40605360
41490434
10660626
2505053
30377798
35932165
24127375
28611679
15236236
6757167
32950028
14483894
6980807
42668447
33946174
40225768
22176956
22525651
24675078
28433055
18223080
137623
11655574
3894384
30076750
21695825
17749421
22402156
18506337
25146520
34816195
11171579
9698387
9409721
6918445
42888085
7199168
18139880
23902955
6848193
41349968
24709795
42166675
20465764
36820884
21859355
13149655
16047199
32250056
8059362
13896672
25889187
27313429
38841709
28039329
9319784
36871740
41609819
42599577
379138
14133992
24338416
13727630
32902928
33787100
33139693
27964461
40012834
18533235
23873294
3010163
23520799
29333627
26331813
7091329
12309165
29562281
17486552
37244645
-89468
9608341
35769365
7241454
35263669
36872380
34591944
13531019
13336746
35300097
2907925
27071273
12167552
14480937
8563047
13837883
39995533
41747705
9384430
25125502
13579801
17410318
18866159
15634438
37949982
41287864
30362962
25151296
531436
17849315
37176021
19551622
18420783
40625442
43473874
16904311
17614760
20891697
22921171
33382357
1097205
23409312
31956904
24914797
39996591
11390844
39029677
31587836
13114898
31562700
14424025
27898261
43233370
25816670
11854378
17661238
37585765
5613234
36621147
15579403
41259632
18576167
40463241
14909804
38970061
-851994
19509035
13661010
29173850
33928174
10462179
23010739
34763458
25643021
34365952
23360162
1588926
5399214
41556228
8809335
35412192
424750
11012306
27997288
34016343
38933878
24506203
18807809
-843083
33640667
25994544
19880119
24442006
23472490
18543505
17434383
23639955
16566030
27732385
19809178
8374979
30275771
1695421
34535633
30353073
10505039
14354598
38484654
40457908
706563
24064397
17755562
4570048
18905491
5679174
18995276
33204146
33505344
39817768
18776557
12809723
10459561
13165363
28853309
24473625
13104063
35486470
8511630
21652236
36392561
37330896
21479804
21836930
34734175
26582155
1843922
25173302
25923535
17996942
31995897
37938318
13471745
38316906
42942814
40288516
20651969
37684641
14022206
35749981
20622384
15467461
-156489
199640
28930949
-155735
9998613
12018190
2466704
21167542
15924793
37821055
27065029
20202954
6948549
21006868
19102633
21856584
13441216
33151008
23754409
6864648
20683630
17298376
31855951
26366318
12223853
2722619
30738725
19528879
39604930
21125885
12905232
19962949
12083484
40591909
30027925
5869274
24752650
13879712
3810470
14642609
15426908
19284180
23999308
38021446
34655011
13507693
19272872
740137
3384119
8464808
43193887
38443648
-821487
36239773
2543435
1140400
4955475
41305088
8100920
2120282
24852249
13549031
6620987
41998273
43405940
17033090
26842807
-330378
17046929
28770061
17595022
4066565
34039418
19304132
17406893
12735847
33537273
27157274
21416515
28599606
12015651
31222341
28517803
10699781
12302256
22169887
19188080
36580201
26222992
19038325
22129510
9741762
33137444
13981794
29639180
18740019
21155212
36103619
22667556
41087135
13746650
2472357
24179780
28618123
16288553
18003122
31495093
26673483
37450312
33307475
15050262
39467189
1856591
29866005
23860544
3668354
3599054
25151302
2112169
32365064
9772228
30150031
42701504
26233869
19479756
1194342
19427653
946780
7806236
27064579
13999595
34643411
910606
21101500
37892248
9387908
7452761
3157890
20308159
21927983
42543005
35019590
24521898
18101782
38257906
39061613
22776278
35541188
20983685
18955495
8068405
37963674
7454303
18685722
10109776
18472307
21850381
13233249
150025
28044399
19654418
5661974
30576350
8428668
38387520
19746514
32897780
4072610
14353722
24700737
14399258
4622577
14440565
247838
909824
4969543
23023081
10684281
1679911
39001917
13324009
36033937
41037904
11092725
30166843
27425038
596167
4143928
18561827
13044660
15505552
28409600
33356253
33433271
7386070
14866955
26220403
35735880
8977380
31720137
1829148
23738163
34515987
8858591
20648154
12832627
37206207
5903923
42273751
20020854
31445783
19972208
7720993
1475352
2253923
5049031
41128910
16831405
6379123
39561011
9634081
25176360
38057485
33832993
27058822
28169144
2538167
27814698
7184771
21378370
42697285
37124244
10510036
40718539
14724753
23519433
27361852
31381310
7072996
23696248
35689175
36559434
42507580
91307
24123643
2557995
2797695
5059792
11405086
21923758
20771384
43046104
25795577
12811397
28781669
5955159
39702732
41785342
38772672
40565720
10239758
22185385
26597493
38404792
14906061
33658803
19129747
37566676
33504793
40695494
2536620
7298183
18056576
8548594
33719614
17852808
4505709
14793554
266597
24637161
17785302
25079948
19938258
12789808
40620932
17585372
37699080
18667211
7943475
33372927
26412353
3566388
3070265
43450794
28039967
14436862
18078185
5073490
9723443
32891839
10146869
39129404
40511837
23268224
1727207
38694486
13064729
37147712
18091071
42117609
33223420
32322427
30134621
12562497
39359930
13583369
33163309
1563687
35983820
17620813
31335162
31155317
41674558
11922534
31564956
15632190
15993952
14991162
32731857
-691758
32749086
19121614
2114031
35623810
12941633
13723913
2815223
19991652
18845278
36963660
25551959
22052288
25323091
19006871
16789791
10695466
-848329
22711725
33863433
4646721
28381531
30492738
17154243
40321712
8627659
22812314
589136
30403136
32755420
31544336
37843227
32648202
28086675
14097960
2800433
5867619
23592980
41175526
30013009
-168365
8809430
36182273
1227274
38147751
24235105
5962309
23392581
27228234
34899707
18253585
22782563
31746813
8710240
13086450
40121597
34029753
4705310
33811365
18283089
38579979
131830
14271246
29743511
26306745
8225282
33988383
26761388
29664313
22747160
21856652
39331915
33504257
30989368
5692229
30560131
4827734
33078913
15556975
9865737
21854319
6865924
20454725
19043401
38642384
1853096
21963681
38728294
18374503
-593560
7642676
1851946
12882978
8611403
42196714
3141174
-169680
29773356
31710308
8021692
24708702
40051159
12679727
21533106
30823847
17305514
29330211
14235294
24260973
30359411
27695536
6999739
23931260
36845537
39032301
12633006
8204476
25996742
33497629
14471275
12007052
1726996
29705675
1643237
35812301
23483124
32362955
16185894
31557460
6869613
13717859
15748169
40797423
20333437
21657136
24529983
38580063
25641712
42097988
20612048
22185751
31699395
32997031
27022609
23746601
32656892
15199244
34644036
38575082
17023674
20194683
24657951
37269
11359027
24922384
8723241
25166339
12503930
36164426
18224809
2155557
23740261
9919011
28452927
11344261
2976018
17801155
31803530
6170943
17572160
18708760
43489094
39879042
11450878
-82681
29975089
32135218
19313047
13194243
13113057
7058053
20438939
12131407
12446520
18944328
5967442
8443012
11571237
20522566
43011541
34534417
42762554
33597005
43187381
29257234
25163560
3702856
27548707
10961052
6553914
14360279
6731856
4889238
24445886
3704446
10553869
7629169
17503596
26136538
27230523
27272814
15516179
8869144
10097198
36911347
16945318
72926
91009
26504533
27929163
4770726
18149702
2727210
24693155
11977450
30621061
2242650
5220689
18069306
3896772
16993555
27194657
26349560
35438484
16310801
27293444
11358910
6381871
34667516
28261681
22757675
4235432
2228438
27843843
38299928
6391300
10156805
11855470
12627813
24078562
37936609
24567740
33476736
24994660
11044609
9991874
16067625
11218485
4454909
23397799
21793473
24740490
4205752
539402
31180941
40131154
7039526
5231952
28711236
37455421
12937796
26004845
9344449
24414348
-106001
23520687
14754803
6229177
30587642
27189684
24884607
37642869
10075024
16509482
20964579
11328916
26629300
4045831
14645255
23775828
25272501
7394466
10720739
22140430
32053385
14756910
27855762
36390678
31196284
30516262
23475155
37563586
21814917
4619942
23982407
16483632
4601299
43417786
19700495
9101384
41120795
7543777
34760051
11854901
5400565
-434060
33455973
40568927
26060493
30815690
23318091
30109016
13914873
39315744
24702343
10618417
12192991
35474275
41347713
25584160
40351110
10625687
34762401
10724878
7277959
9910960
22274180
4725361
38279566
17172469
6752337
15932755
27205530
-492496
38489551
39634829
7101464
14837937
10728002
19946306
27815618
20595555
37938895
25439731
36627959
29962329
21741939
37329121
15010321
39828045
41287419
41519314
24832401
4544632
36488834
13213763
11736469
15691323
1904411
8776884
6943647
7534029
5598643
41027958
42500677
13267946
23977466
9153422
39030594
18121730
40495634
31354968
11166592
32557200
34497564
2873271
16196966
-272038
-495580
18903044
22369113
23894464
5058943
5520848
16837743
32625922
21351026
5461994
34313873
7105302
10734744
32560749
13602946
41625848
42581904
42171241
29081775
7793749
38209502
20405257
5289211
22818951
34217944
6353097
37946840
21175810
38953719
6529988
30034879
18895883
19925080
39204048
38100636
33859166
26907417
24904718
15901122
26878383
39689364
11207315
14238300
37954453
33139964
39606642
26401058
33554663
1017684
16697981
28191964
29094908
21809465
21896740
32727376
33239453
27928383
37474489
28989250
-638879
25885648
25791415
-656930
41209984
27031656
27201992
5694105
23497851
11625627
14158644
3904232
14526789
7487435
36713299
31928906
8533874
18533134
13332154
26378581
17604600
29781391
259659
12379926
19385514
532233
27798341
4194988
14933090
29328030
34796317
37589887
8641125
3134178
12383475
12713412
1165575
38843053
28804143
30054130
22484619
17594757
37101714
633699
23638503
36907833
23410716
20869646
2446993
20072481
32680993
38417033
37005550
26148304
39562545
8793075
14728767
39986125
21254923
36948128
22486952
27609493
7839305
43368470
14888150
12454944
43438466
14195969
-898359
40722684
18288123
14413178
40001968
13676814
2814819
6042266
17402538
22300274
31830847
17841269
33350597
28840914
42749207
28700766
593980
7217663
17857509
1128734
32614722
13842384
26532917
41738633
34862392
31121006
6427833
27589325
3276375
8846823
31088060
11509371
39046589
11539890
25781340
5498511
27458656
12365096
18243338
31259768
23809346
-360820
16082923
15192340
34329184
36932959
2416354
34287271
149942
36172303
34144276
30211406
22036565
8625756
19930770
6777947
27947614
18525965
-861886
25339525
32858581
8739022
12378235
4698964
-20921
34533914
42898714
26214893
33201868
21893225
31931126
18498516
1522411
24891415
34159486
22147997
43223046
35098984
34702712
29848679
43352774
31095379
36382116
11104138
19765365
40358082
23218527
19839981
20011127
41859918
21485082
24576253
20163446
4835274
313405
24663803
42054156
14511342
29433300
38156892
38276484
18531441
5122952
13485321
18910888
30912951
39296231
17306999
6713732
41867562
3818036
28091709
37703581
824298
43168850
13551365
23505093
40577767
3724667
39726481
29406574
27804202
19191216
42588827
41240621
24520639
38776540
17188762
42272026
-418090
3919616
8372566
7814396
1711473
20610276
2898225
24173460
22087173
23720152
19546818
18710783
31990312
35263236
9481319
5986310
-719174
19708638
29064228
12284338
20529760
1428002
26377763
35937823
23064420
448328
10029920
14298831
41969222
42488017
12708815
17564783
17699699
996143
15007865
28037146
37185866
4785697
27241654
31064133
1484653
41507939
28637332
24128707
18860019
16282270
26509371
11266989
23157764
3390722
33437154
11431352
25149137
7422758
23925682
6796777
2586209
31556111
3930503
30547769
26909194
42422100
9291944
3419569
27037533
28916510
25300308
38981962
6350397
34618169
29896436
8725477
23561119
11700310
10452839
22099458
22211617
21281853
26940253
23911195
38384255
11890643
10480227
27703222
10455740
38423012
14700715
31673556
5300673
19506768
35017615
19770156
34114691
27664832
35941788
34083625
41191955
6211655
33771949
10202082
6478796
4333710
6677576
30849140
28860122
29833320
15004388
-532849
24706884
18360508
22943020
39693974
10773561
32292131
42297342
16413930
1989341
40325761
37183080
37234557
37771343
11443949
26077282
29453313
15088752
34816587
10982228
30446987
34609903
4926459
32131838
16304070
3287235
42488103
33524854
42871050
12899635
27500073
19110895
14378869
14631596
15285498
26546086
28617256
41371679
1754328
31099235
39234025
24704514
32543533
-81323
35087975
42893949
18571085
28594104
17540772
19045310
32220610
24109255
36166483
35887859
15986556
36079828
33046839
19197915
28919780
1350734
36414979
39766954
26613526
892979
18887143
29239634
29552862
3343315
36521101
32920913
70560
39875488
13176280
23233009
36294216
11345624
36327568
1568409
26372264
22826193
25593158
6728938
34856988
17859530
30041045
18589077
35852054
39315307
22592503
30822645
31864823
14225421
43370194
18611392
28511663
15537084
4158144
40602537
36942516
26137717
5785113
26402019
17760835
240950
15546933
36696952
38954514
-742792
17352816
21974495
41633789
22981632
16659794
40167090
10138034
11985857
21283972
6497888
39751608
7886833
23485714
25342398
41146884
-526368
19705860
21508166
3884191
25248085
19216145
17080590
20103091
155326
35034390
42689870
39809787
6234248
36092892
33677271
3057731
26320451
5876629
26776535
17000896
23028815
24641681
39500728
27340179
16870616
10457104
22247563
4164468
3440518
13938198
1415445
18711081
25634494
23729535
5325759
21600730
19129243
28363144
4388850
2297719
30304601
-190904
8595549
19787507
285994
9200645
27234258
34491595
30077366
10630562
25899720
24686490
27619769
28007966
32639839
24155193
3626938
36345085
24979675
20456115
42380117
37882165
17262916
15886233
17884614
10828740
5242445
23430087
28141759
11255568
-53140
5570011
1258184
8570570
23477072
6227326
27714850
22885404
26635113
-168991
36953317
10379130
7069606
19263637
23998579
22214354
38849789
3682372
2619757
43065393
6030256
5765665
20306833
26039698
2842377
42974604
43446549
39950124
11758170
41117639
7983889
13804936
13504336
16984326
40024992
32471844
9408618
37584684
39675133
36773111
2436413
26131339
23895032
37964728
43047126
11163267
5264139
11628874
18939494
41177063
12791195
36239731
8551925
27159867
12145789
14364061
27264371
25486197
30808106
40681325
35835210
19189566
29341564
39762883
1179087
2023618
36616601
32093260
42822362
293421
35455007
32094584
21239332
5019895
3484195
367273
7056547
6302963
25266839
15005430
35441652
26918251
18973381
5272303
29258343
6279811
9108638
43090369
38233887
17381411
22223417
8424933
40644351
5606467
11041217
15237287
14641788
976748
9845428
14911088
8522096
24258535
38769094
20853661
5315402
35470274
33207869
16726144
15680375
32584549
4737679
26999677
22641609
31164451
38542145
26865739
29505853
-8811
36753607
37639219
38245215
5563256
14949086
29552158
618904
14151626
33041080
43212044
30678538
5390343
28232428
-654447
21871549
34256122
22374015
3518304
36253172
10064156
28410108
17278743
18021331
24132818
1930781
4197749
9545472
27399358
8024524
26144159
9618026
-744508
43473696
33446949
4254510
5134149
32993655
2050144
22816694
6840296
1039848
33232841
13568064
20861130
27373193
11567292
43164562
31114131
21635160
33945234
6301878
24149074
21650603
16976964
35918191
11291095
12253797
28875169
32222278
26862096
42608270
21425734
8989555
11782553
16694548
32034613
765667
-462155
17715778
29546393
12222753
8908052
36393926
16678189
23529182
40216477
7562329
5606961
2224591
32383788
16410537
1904511
27788121
43374623
35013326
-734738
18492330
30379336
29810820
39114724
22318031
1637197
15661974
29800664
36887909
744520
4192500
11756112
26523463
40811870
35953757
30609646
41545902
37573253
29663574
15302777
20844648
17817155
31905193
8959881
19021399
17029724
4294060
4130907
15365022
34576582
42066587
19539892
14159813
42537562
26405475
40324475
42758218
14258504
33784623
36095983
9404622
27013783
32565715
36722063
17408549
-42663
5753640
-432058
22609524
43047386
12385712
12193296
42258909
2978229
2402736
15203283
7306107
36792150
229343
34178924
18643598
33144156
18899135
3930555
24573635
2439938
21186579
25128761
24034809
26363244
19175474
37032939
8091407
4982938
9627363
7801492
23049321
26073471
39913973
21147067
34765396
13284951
27684389
28883358
16722825
18766269
36686224
29747337
24388674
26745984
36536916
42085176
26252003
27996102
41878123
14132639
42505894
15700172
42867254
507073
23993527
28596781
24374994
11429300
28752226
41188469
42067183
36484671
18840196
29100402
-102309
39627718
18440440
10546780
30900756
35092004
16937064
33770975
28277992
42374448
22942614
38537514
418094
11279966
28648049
25083128
39308652
39988408
12111933
41711600
30469454
18776267
13768006
8029713
35007044
14276387
25521125
40506752
14197798
32892582
1380857
34597174
19760464
9911175
13819253
14634393
43404547
7772572
37403737
39701352
41078781
20945266
38847676
25477721
27795542
29025735
38243771
36768979
33356991
17200741
14241638
6928382
31032702
11443627
13282961
33153920
22441586
6737364
30736811
18695095
31093740
16328132
13688362
3167391
21902615
43462212
15539091
37254644
1353687
1927503
24319741
35553211
35130484
37883389
6626376
24613506
24952566
37057877
140722
18754152
15722844
33317170
38698881
25556834
10416006
34196999
13964995
2064771
26000518
42540251
10083369
42580010
-120089
27614007
9619854
2492229
34931295
-6275
11361521
30552991
22982960
30893837
12683594
14010381
28728603
38702511
9970680
27628706
43352021
40713020
7632044
28602743
21415750
6332891
21224977
18504484
17651719
16614701
26183341
8116412
17123463
34809623
30447333
24609949
34431490
33744128
36314564
10639345
35240361
41333515
38932395
17372689
39357691
31001030
30019540
4553103
42617030
33031384
33228348
16157520
2588895
41744774
20915665
32847203
34974635
1234604
32877534
34551861
13753878
19224073
28712256
6214901
24940818
26548144
24926527
28355086
24887247
30247408
29189192
6531880
33171984
17576527
38732473
29755881
8102792
32890654
1708794
12816645
10247898
3249836
33043644
42769191
8367549
7255065
39037244
23280071
18033521
31592007
4070069
694124
10790306
28056886
36462651
21619608
19187057
28114508
27429613
36110196
-134271
25023037
25278172
9495697
20237293
27781403
4556201
2045129
25791613
7397938
28453787
14024028
16430306
9877605
15486100
30883333
38874345
15534284
29686891
1242280
20792852
31330531
12415396
-139691
40669902
-871725
4713078
39538920
6746285
32078061
37458563
40295153
26772305
10397495
37976474
17778486
4433099
34882516
35064504
10891113
1312792
-538821
38507748
13470827
12366880
6679704
29971130
18688831
6039054
10796923
38626405
38365786
28170266
2971168
27352771
29305126
8284701
12945142
22295208
26647078
2638378
37668196
8886605
35397746
24025152
25569740
40533204
5017709
13097256
177812
11842954
35174864
33893987
31487833
41470865
36807446
21183349
33127024
25182260
21819225
20493539
10736255
16112586
28443391
28308841
24584735
23841117
1715431
12235749
315847
34017785
20780141
42355138
28201046
6347408
13901809
24860541
43488405
4782510
20418252
31781578
43308829
3171424
4149018
10990574
18429113
24215548
26905691
28719323
37582362
35253566
4172064
4781862
3691892
-980907
10673727
19036517
16768677
27003905
26492702
31163645
35425243
29825649
27469884
6942865
30060210
9173363
22153295
19509246
6321933
26113781
11923318
40153139
12925512
157782
35546437
32243719
10300034
42098668
15842335
18625039
40719300
9667123
5525243
12515886
29850933
170733
21329793
15539377
13607651
18141332
337647
42069194
9081105
23723858
6796970
10504796
32353234
29905673
21024436
22346143
15536957
6638466
11526739
6720585
40456920
25974031
39036254
13159970
8759131
31671061
40476696
10644529
10492812
25489180
6896636
3556780
19233023
4418679
36953675
14452618
29404427
4130425
8686487
31406886
2681973
14952783
17294402
17533386
15398324
36038104
29696247
29785823
5221823
30424091
27836962
32811282
11749987
24019
31386174
22474663
6571883
7182598
34922798
20027659
29448498
317291
11535662
12197410
29501966
38216887
28975636
22787415
4508237
26096550
26961767
36477911
21377579
2098346
40618715
25652635
-846633
18170744
17380489
38456842
1296332
6894788
367087
16451207
16535351
29097821
19375459
1015681
8463916
39318264
26021739
39555581
81429
24699106
15589491
22231808
12540501
6199892
4201646
36688332
-369003
31245446
6122492
28946580
13155291
28233279
23220069
28801421
37919613
26132336
39330880
25806125
9457890
13474188
18545747
19493767
29729345
2858022
31200138
23096901
14116056
6122742
29815746
23672917
32579227
5784995
17215775
12180040
19202897
18653599
9116617
10700112
24642718
42919637
10461767
19820656
4230526
27433639
38063274
28064240
10664773
36162588
5907992
6588849
42125540
6097515
21460606
30053050
1545216
6164299
11841709
22231415
6668302
10474828
43468701
38440120
40941089
2841786
5986812
6145622
-801701
39602475
32055663
12884829
37075128
6450992
14866204
29605148
19920344
30775827
7101064
2578652
17126079
35366374
5832994
36073133
30580959
24000702
31068111
1671319
30703055
19723596
37545049
21298290
29785113
23823914
15275814
18739865
40184779
29365733
1232022
25278080
4873927
11539681
24748696
23035183
18145301
24280225
13582153
15582160
676680
4713659
27230316
25471937
28310365
7712282
23954486
30949912
22496364
28862275
21096921
41997105
34615063
31346344
6146186
38318931
22874186
25567511
18146929
39996537
31095865
21141852
42943859
2622399
32438263
1234817
20319871
37002337
11535895
16142729
38932488
11047818
18248825
27609461
8424868
42794664
-171429
1810645
11537831
14605721
42138759
18790421
13855330
5842503
19481222
37944052
11840688
3790225
18386452
18188988
9437547
13646403
2945950
6266683
11775571
15525940
34327843
16244599
40431960
39165524
1146740
25367827
6799682
11835484
-164545
9735022
19360786
21446254
5495372
20803585
31182694
2159252
43155436
7904809
10795256
32006346
39269479
10536348
20976267
37557377
42361751
40084211
22175216
12455781
14732540
24755323
7993229
40007603
33357824
22215920
11270315
2739806
39944916
14214939
25072316
14399849
30693492
22956260
31158206
16920675
31393212
39181575
1701421
32654317
5534415
28296178
8652462
38797647
33099246
32131675
41325190
39731054
38974915
2208342
20599890
21498133
37306497
23488017
9446415
21777513
21581293
26910174
6646286
36036479
25158375
24732803
29521971
19283226
29650145
-470198
22215096
7257365
18459142
28103107
15237640
9038759
6968613
5404084
6922675
3095697
5664756
29232989
12577293
41574669
2048652
3943975
40066210
27247975
31446904
5322049
-94990
15705069
11475227
3741158
1881930
19497566
39039837
7161233
36555229
30859470
42903959
9045284
36174827
36050865
40434994
34389470
38117019
31934746
24497877
17189761
25223589
21700188
6295752
42006797
4135378
38029774
22531193
19648714
1549494
30771404
15538250
18904502
33426500
-625808
3737380
21079136
3000771
17770637
16481628
27010944
19380760
31910434
8748017
13294494
14371911
2855967
11597441
8944422
42698834
42268120
42216699
29105140
36993238
40223774
2341136
20637013
39959437
42398432
18405219
13845029
27077125
38273111
35986389
16012717
25100492
35482343
657969
28874976
24959529
29325134
34138886
12794764
37523938
2678691
6666212
41598012
41752434
19559063
42541399
31369010
3171626
17091070
13363715
4484775
3261519
29044887
3353782
35544521
29826363
32967005
29736932
42774617
37376491
6760883
39881105
18229369
39319884
43111046
16592759
13331084
21392097
35856201
32287601
2527587
-771649
29302149
42362189
38435863
-109535
11470551
25799559
25575706
20446933
27648768
32416704
6934038
39444385
243150
4224015
1134260
41590487
22361058
11342545
17818894
39827415
24649278
14018734
24977757
18788642
6797910
25350190
23218825
20453494
39607492
25020836
8584657
6379125
38734014
29399179
36540899
42803505
42867016
35638148
27460714
32006919
30526147
30601735
28469931
3627982
8393511
2994244
8302694
25664824
22720925
27396789
24431597
11735482
9633126
31338522
7548382
25705277
36122815
29831438
9268626
17382660
16999339
5121957
6144774
16270779
25249195
18385836
19641380
855280
7389973
6578699
32027263
18868199
13829715
39549990
18407898
42284917
37314693
-303538
38258307
32349408
15383138
36308979
31364321
12388083
37505399
24272074
13318479
28944414
19937089
8304772
15610175
12868741
4374672
7822665
33920377
37316291
9664003
2191664
4022922
471487
1036452
7051929
32396194
30138232
36805582
17910793
9760419
74396
32220106
42087255
37590775
-643034
1653950
42099705
25260232
4851887
30771292
38870874
42159022
15371220
246418
14423160
24682719
509040
12231747
31042447
2611309
10307135
377326
18718216
4659440
1276929
37391978
40126978
20436687
20120260
36228554
11357408
7748517
24937869
22344093
-225244
1991122
42844061
20783291
719514
1380413
35822700
12072579
16498679
34078055
15373782
14696175
35741971
18283113
40356302
20635636
39977186
15304808
4157078
21908461
11042301
15816146
5790951
8499802
34811359
29243137
28830539
35006114
43352640
35673360
37100630
12702968
18604164
42564137
41705665
28100963
7523905
19288151
36344652
32265815
10705265
12131745
174711
28881780
33669023
31125265
4714685
42641270
23246964
25428141
32787684
33021263
16312987
27065297
34335578
14551758
21323262
-624494
25294948
31059940
39698253
17872630
16848410
31560553
23387663
-8583
28413604
17582295
12807920
15345128
26859290
6450956
35198153
8926608
4332025
20548156
29286097
23234174
37279017
19801835
16666359
38112277
29051464
43099630
37367931
12211757
22698751
12086965
33947416
10839606
36004866
25089256
33081391
40830073
38114365
16073756
16133512
27254967
42743028
25673027
23684403
14761285
32363392
35785749
13946375
32586472
18303435
39101750
40854801
42003080
4802373
2498404
-859512
11989910
19640571
34657485
32705314
2370962
40276997
17099896
39482724
12466441
20836046
33280937
13095636
35474785
25077291
28063681
28689088
18450808
670522
35436758
14456232
20286058
-985140
35572543
15522572
6439281
32417919
-32293
6327722
12854484
10200563
28925484
16269997
17667359
30574441
22466595
37197281
6783801
30705806
33619071
24454801
-794260
12734914
35652901
29231861
39974306
3625893
26451297
23726873
25047974
28814524
10643816
39587779
4900782
39185236
36432268
32850297
28919241
34258630
20789876
21225661
20663077
39850362
21649044
6025586
15863956
27656532
19622817
22743197
14376119
30771858
28562136
10900188
20940037
5963280
35939988
4366827
13634621
30698984
31990105
12342264
5965399
23876184
-711450
31083026
3137893
36382916
37296745
33909602
26836863
36565534
6326938
33614515
9895018
34769505
19261408
3918784
42706992
10472528
9447854
39840486
13157171
40451371
4237761
19935116
41100682
39153258
19112735
38316840
21543800
38436766
21640124
25616835
14967717
28987049
15690330
23196948
30964371
7306878
16527850
3095060
27333786
23992160
6264060
12224062
17366917
36710163
35172282
16041232
24978238
13278711
30678423
5822807
29067323
19178060
1025732
34251029
20803952
25623849
34972657
1517469
42881632
32843962
41743749
11774303
30441856
43157599
5137316
6517547
258614
25119277
6463853
25626146
22631077
23374617
8895228
8834039
39999574
32658140
-243007
23050921
41912405
-959596
35890939
27327986
19400927
30944002
40199271
30498876
1287394
22861223
36613584
5763023
42933602
8076538
-100870
29134008
4756766
10668806
13955324
38348016
23060628
14914981
25739079
37978341
4791384
1148872
30461394
20374548
32376872
20872101
12201971
1107740
40970132
29153778
12606844
18165772
39396111
673442
7231978
25133355
30479349
31339333
16044586
18900704
4117568
18814230
33139400
23355522
18649204
27271915
9764127
458108
30740211
36459234
13102602
36251285
6081114
33626133
21198705
27812558
41246748
40890782
27647598
25634603
34191369
22275175
42416768
27730180
28191069
29673611
7337192
25876968
10705523
17370900
-856804
40578152
14915676
26600268
10578986
8751114
17926048
26627714
25811981
5736117
19608662
9458076
15006753
34986849
25216706
6069022
4968644
12772010
11838098
37093508
286964
32774847
26860682
40990090
35377272
15080410
33574552
17602845
4930370
12240820
662825
36629681
829919
27126131
11974553
14325954
15323756
11908427
31980419
9288635
7381067
22286759
7535370
4464975
23187402
28955994
14164680
42078930
354806
103483
16397193
16743503
39362543
24069661
34674124
10066644
3078884
31931865
13414336
395123
-259903
-227128
3407411
1949441
42991613
6863370
23551445
27271950
740037
9051042
19069074
-740201
38568214
11940958
14847330
38494465
20460864
1186428
40550708
15048750
25760438
18384176
2836556
11701768
29983389
29037744
30439011
38549340
33869335
39281010
27769631
35918060
22067287
36892166
36699725
29689109
6787068
17679956
7433638
17004408
24802950
4391844
30779044
850644
1751892
30646479
95390
22852029
9262273
13308975
10617876
33832981
11300343
9165507
26918555
42292715
242740
36270490
40664075
4696287
39446067
12856874
6529816
-633458
7783330
26356712
38565723
9260065
23246879
2775677
5842872
1382447
2399749
3231815
19669816
38916959
-687851
34793501
15191371
6815830
1430217
24153131
21840046
25246649
26980230
15190426
31498272
20337384
10579302
1199774
9088325
36550483
33005589
35989150
22621569
39361716
6793773
36337394
35317569
24806695
5535784
32496414
40501702
27765153
39383989
11677088
13631201
36696137
3469455
31333294
8743094
17369679
4502307
34573153
18139739
32391596
20995866
11755925
14231580
10388252
2941804
26487807
38281463
37256191
18741440
29251298
25366368
14427131
31173171
38110423
5348235
16156685
24711633
31222314
17634565
14402716
14193616
9415500
9041864
8367022
1755189
24528570
4576808
5203785
22545594
5832552
2811159
15592700
36490984
6802718
24136361
1124824
11429512
31801170
1692362
42117127
38289701
587488
30420725
12909108
20834125
15055827
39251482
26825422
43023208
11143579
9331406
38931622
37861547
545966
23085097
2287542
6140206
10782151
27176301
929866
13743558
40942149
43319916
42554977
17234080
41695498
35718677
29637949
3417372
19350695
34020653
2015222
30336880
10609845
34634280
36575810
4209097
31295089
13585751
14273930
322521
4134989
18867112
9196297
21557134
-491288
37568677
2737631
38647948
26802486
32493375
3122441
4649329
36650168
41366152
34157245
34152385
3554913
23857751
21767406
23915958
621805
14010014
2277831
43039766
17017061
2875399
19308767
5611285
42317805
28934867
33539644
18280973
10166062
37944426
22791022
27089090
6040297
25784698
23039866
6023143
38495422
27014203
20306383
41685935
790795
35682360
19214541
10447500
32038562
4992612
26635379
17510006
34672445
42148860
10632993
25455707
10292125
3584040
13801556
25930143
23028538
803755
23465317
5001194
39021204
2426309
28257012
19597550
-746836
31384179
34157365
21422154
6402374
24700205
22094404
1661905
14834444
25833087
960469
18785315
12675875
38424081
39607962
34372132
34628633
38217447
12411692
22341321
19602552
12159335
31953737
29643678
6381479
12094891
36176685
28972624
32986544
386040
31699550
18342701
12697535
14084979
14822004
9994797
30965058
16578677
19990037
31491555
30432533
22621594
7486082
31455453
42981825
27958038
29593541
3013677
1692957
792511
15371852
36289705
42141419
36872263
21544493
23351375
22420102
9772878
33344743
31418351
14702566
15411981
41809326
4698762
27350629
21448020
8987772
13227507
13114525
6044349
30075670
28737338
12089075
15270062
35828012
25611983
21053425
17420898
13374874
27873317
-156413
7844843
30313
18044387
25369636
36723779
13305134
8888581
3337356
-475122
4897435
22264760
14429719
8596277
3653958
11612462
35444648
37301243
10143116
16063563
25576272
17496147
13257132
34317839
23273029
18228783
36298510
7473000
29938077
3334312
40205179
37193506
28000017
3430417
25532232
5484035
4356069
17606849
36916548
5073431
23183542
7161353
8217145
10064266
5448780
29073851
39228746
29012568
26960567
23189431
13512869
4578262
38899725
20160612
17628414
19027417
38468322
31404819
29720234
15798857
-737849
41866033
12861032
16473063
25567696
27728272
9604130
27143852
39338567
33833977
31660558
41871058
34767621
25458875
41067010
6365564
1857632
3752688
14505901
15562845
8555228
29938656
42524036
16936127
16196726
37703737
8790926
107579
34925212
43158502
37306299
20858771
5873376
17659595
1623742
9370362
11841634
7310942
28085567
8562581
21938179
40610246
15265757
708034
12876912
28503055
25179289
13180333
13621058
40946591
39402031
29849497
3210761
7458518
38624437
13562842
24228444
8182328
14157235
17297293
25208527
7529681
31393244
21306413
35969668
3877430
21616677
13248463
28222459
27128335
32460491
3451802
38358600
25825755
2211304
34431438
16630732
41112292
2467822
22613716
9791435
9025196
39905297
29770456
42818445
11532218
29518190
30511594
36625723
8541936
36411187
547694
1922523
14449134
29067831
3989058
27725803
8733161
39328220
24194129
32738985
23868684
10844712
19175032
20938013
-852952
28766984
18104204
24176657
38697749
2144140
23127570
40589457
13565782
41476726
8913728
1965285
28573158
21393842
42226509
12671267
30290351
10984910
14972068
21114091
21760834
38810090
2952782
1297893
20100858
39953981
36793955
8428973
16072676
31943566
5558377
42621639
24207771
43269091
15837029
27642039
10236626
30720664
11283821
12760290
32867010
27172726
31387716
43262305
35555794
35964506
2330851
8570789
26027052
13688343
41331092
31208319
8492693
42230066
6955263
14291549
34005791
40430614
8712063
7286711
31426805
7339894
20203220
15382226
41019669
13449949
39964612
4723615
34693092
-718592
23227671
4906821
9981850
15786170
25960664
38852810
13919533
34747657
9850114
31615295
22479806
11184121
7734594
43190431
38019282
7264176
31036129
23234882
24086400
13428663
30048756
29868667
42381970
40857771
241022
43206595
118018
41093198
30451479
30902208
9719026
-475661
35446193
5318286
33261970
17368607
25205937
32261684
12856090
9046436
5825560
40846583
14785014
36643142
24216666
40352144
22410729
23132386
25288091
7598698
33897656
18005218
8511749
20497182
23684462
2994056
8390985
21417744
23566807
32257062
15952217
-36773
30958962
18318972
25946879
24810186
20480095
5427029
31359506
41702148
39025156
20034477
2407704
2932383
15762735
13592623
29881758
6930688
22182158
30456370
16849549
-453100
15534389
18503157
27683502
24589670
20727151
1454752
42922298
13778595
4837511
8203765
36256656
12390381
37864193
35704565
2621755
20360004
15107115
11414510
19288237
16985204
10696868
18192610
29413407
10251028
36902821
28380754
13738132
37832977
8907025
21806975
34595181
29057362
43505457
1080769
40542681
6407044
15995763
10690048
895221
43211257
30780434
39701591
27564010
6781339
11975388
34244540
29818860
2083803
40699146
11051287
21932060
22081004
41042818
8975677
24360224
29540062
15216178
28898567
28992164
23822034
36485861
3114583
184363
16040713
36516071
19954552
886637
34216936
8803886
6161628
25314123
11314403
29823761
31432722
10617583
18588346
33004310
41451685
1314633
2474082
28365302
30164841
20274138
22728721
30738489
10334571
38068382
8765502
20500870
2690519
299201
21645043
-463393
18202490
1885759
17806957
13815359
3202846
-101412
10014060
29959033
10967385
13834048
10285871
12892219
38896383
818549
8829772
37542824
5242479
29426383
22612625
1434714
3789954
17553507
23968959
15045042
27976824
778705
20012908
35284527
7518766
3916903
12924626
13320001
41270181
27138055
25506178
25194367
39623292
5686938
35785943
14727713
38828076
23107483
20693755
38148242
3614746
37617308
3383483
27571458
36163369
5363681
-61482
11371966
29170279
19159973
2644358
13402498
42301873
41600884
39189633
19801740
39159051
31734865
22908402
27940348
31339563
5987447
38520320
38625904
31103618
20996538
37894997
9823799
35042851
31104328
8213200
11804304
15390992
42088907
42892197
10504148
7319983
19043977
1286970
6819105
23544040
29702171
17349646
39830509
21804424
18191444
30685022
15546280
24422948
40569979
973839
20952284
38777154
20064875
28715588
18903538
20162159
12586137
27924657
35610414
2928520
41457713
2304491
2793797
451538
40718559
3815385
18040661
-712171
21002287
37946247
27141497
15943799
22933111
3006437
5080028
24905735
42074094
37711498
12669209
42992911
4091595
1517661
12691527
42079369
2737170
38244464
20583860
14960621
40637021
21148286
1177126
32869013
34835708
22124901
6221271
16348644
40156437
36187303
7874571
32255650
8819727
34731514
-975097
32646337
14761726
11400952
7237357
40078591
17741320
18492791
15805495
43152634
7107207
7353407
32173098
7805745
20653931
34950943
26356141
33839206
8436274
35258610
27331818
15372758
25292713
20334343
36306680
9349493
15600579
1737241
11358554
10239979
13958388
35217464
39264283
23436456
28868741
6339330
23243044
24213164
40758830
1347315
16353898
31026718
42773400
20672384
33758364
32854992
21362981
27595700
3460878
30736148
19541573
29728477
12589182
25779588
28311611
35795877
38466158
30890763
7085215
17466897
37974433
34645314
36140148
1344025
13412532
5668152
9192070
38596112
37091757
21238202
13241868
34152333
25772849
10245988
2924556
21468027
33470049
36198932
8000405
22291968
31583286
25470008
14535436
11250228
10376978
16507324
35078
23770726
2738139
39435086
6497732
35104085
36743512
30363310
11346203
28598590
20683179
41724704
33476848
11217698
24670653
38473640
37196127
5952669
1548323
42767842
11860392
34983972
21125977
34223971
34938096
30001998
9665719
42083106
-290295
10112065
42350582
34497348
8429648
9262036
12956168
-477733
30262796
15314167
41655708
21893238
22610824
35193976
26446246
26793614
11369166
36807758
10764444
31418389
9497937
28714864
27977571
23193124
8348615
21796407
7621968
11441014
39241435
20182510
1314801
39141892
22398518
39397144
40611852
21476131
12545945
28641374
20204517
11436240
14934240
2717418
12616399
5360779
3827452
5941125
19868574
34510656
