29254052
16312596
33634078
22074800
36945192
22884734
33921504
17011070
12267091
39992143
447905
8034696
11600117
41857072
-799037
21389056
22649462
22841583
1830405
4032607
8388690
30138759
11877692
37754426
22893768
38149174
19905460
10016203
33935473
1040146
42353405
8585194
28315114
8301501
2773894
5052978
29886492
15552038
27455078
1313538
20220007
41881156
34773954
38922290
29575562
7508065
35145685
8727094
33227179
10521
19633800
37753794
6973264
2330422
11751489
19973625
27968564
39970041
25475984
20174548
25292333
27910228
29150575
38173399
16684610
16795206
16111847
10244232
25187445
11393047
40500273
9063599
33722933
11229269
30808874
22011710
13097447
37327923
24318290
32401107
19575656
35818789
4737832
258795
37640117
6015464
525299
35212719
16625945
16577715
124137
20056440
42148383
9014183
41553271
8211197
6668101
40625412
6006586
8315244
38445984
41046578
27468338
37524062
42020489
37665253
26743813
39170741
15058198
2780344
23228870
28072150
4868750
1929678
39091295
43241968
43186134
14023528
7344074
33451086
13152610
20102445
27965508
30504403
33945993
-560796
27249992
25286663
4791839
15119034
24076034
17767423
36047116
28947802
41901951
9353468
18045161
29352669
4798615
35748681
31943088
10569795
10390521
8179237
243444
5728627
18500072
2856717
35307241
24580551
9202716
29121775
42840540
18879454
6102065
15404509
13185888
24747339
18299714
9085884
31258975
37575695
7085996
35379691
13124892
5963350
15713508
18902914
31667232
10661524
15631929
34317654
18241546
8027266
18208023
37279758
17487021
34534615
28417883
8015557
6750034
37432226
11176316
7509918
30558691
26963036
19847891
28380521
36534846
1108373
30616546
12843217
7823146
6495887
6813956
30015083
18921643
30521986
8770617
30287895
37592865
20939080
2611735
42844463
-766439
17355861
33590247
4483872
14228172
21780567
5610401
39985470
33876668
37921167
26931646
30078782
9353142
18214829
9016043
37107305
15105577
13937309
31141584
9973555
18717375
10541472
1237604
1853994
40997808
34013842
38308384
487856
5989772
11953513
25103492
12102320
15002403
35673484
19111256
21085623
32467929
29411724
35545827
20879835
8981584
37042820
10071903
14121758
2775271
12238792
24189359
40055070
4551468
40844630
28423043
13929201
34694119
42784407
1029815
36982125
1236739
35818534
19724158
10779100
25590024
18590039
30821611
30300987
1803303
6426020
15213337
4530732
8083710
3792555
26237021
33259898
21753177
23148896
28546233
42372689
9079347
6135477
28331677
-168235
277773
20366742
-318486
7672278
29009257
21645741
32423217
31475690
23939357
42879614
15775869
1955918
15636289
1929741
32661369
1115607
38119478
367981
8977112
1395570
25518027
9011017
341935
3392396
-663333
17995002
34620049
10380733
25066388
2319350
20704041
26820160
30215378
24217205
-720128
-657414
36960315
24121153
18260325
28688078
41564232
-125817
10528310
12540070
8654762
13411697
33284274
37660747
39773085
39385944
22403669
13459567
15475538
21423848
6699706
15164913
15852171
28596890
13757687
19827414
22080089
23872807
18241797
12846530
32281043
14133387
9974427
34781156
38424296
25454935
18992948
23304672
35876456
20884107
30408912
23107175
30063229
15305814
19140279
3480555
18847921
1231470
3450861
14192835
39081685
32908783
11308235
1796363
11258888
23422991
37675169
23463587
27979725
27398093
36516307
15116741
36846702
11946720
18641072
3476453
32070229
1653248
25780037
34365959
43207477
33545942
30050460
8323688
2318557
28584150
26059429
10357230
21305522
30456387
10825707
38017130
36124264
31727512
35667882
28010558
31232578
12736735
19850690
1979784
40470046
31013724
11150263
37178174
16660819
22545318
32232531
21517524
24573517
42400270
27638336
42814203
17122671
7833377
23347746
22193826
32411925
7940924
1726508
412349
16239971
-422589
22891751
42161320
5049557
24072325
38585139
15384544
27565949
22591518
40253865
19943625
28762295
4418074
13840745
14766179
11861290
30891775
4278518
32847500
19236692
20503881
14567075
22754288
27243319
39765204
14126754
29503075
16114002
19954122
12491851
16649574
12344946
39534862
32070346
38759808
10205435
28444595
11204088
21336334
5431797
8411881
3784762
35929122
14524134
20961085
37274406
29836449
12552440
23887650
-555410
30180393
33174512
9516413
10978543
29691621
41551811
34372934
32887434
1556303
964637
-709761
39402191
-594159
17223212
26949377
41934952
34688074
29924766
1516056
23234325
26663511
13995881
14912977
5790371
2205903
20506006
36370639
16494299
28435923
37868110
18356582
31471632
31087110
7481622
12741804
25544388
24100972
40725856
13212868
16663642
37081355
1988085
38875651
11844146
31200723
27470760
20893228
20364286
23099494
26311704
2261926
8189471
25576593
41866619
39497065
21242462
3972522
19786285
15126825
29553723
26025243
12462971
7948572
33232116
25396753
32609765
41967272
26898366
23270030
36652585
19020716
21248928
41951336
9336744
35419119
33126398
33584628
24955088
5869761
4937627
28043363
38317934
13914301
22121780
19866904
22943701
2842787
10674998
10692459
41982263
38479410
18177792
7092185
22691849
42941287
30800720
11769544
227359
9179065
42803371
4646219
3403078
5426163
35492073
16429419
30520733
-287392
6468422
37300706
3819572
28320753
5724986
24164762
21483798
23643869
26761890
20625686
16850626
39071896
33346306
16442057
4074054
32858017
12952018
-673929
16745969
23074162
33971633
27190474
36963202
32650190
23762686
9486490
8642952
25638832
38749721
37191433
19899279
1039281
8252477
37989728
12948802
26636824
16556196
28376002
38263228
3740567
13519836
17479204
14726672
14521192
18596303
7507429
40721344
20338874
7594151
31219788
5278809
42531559
11005537
20021455
8132657
20115962
14948028
30319320
-492511
5822155
33665125
36714468
26228361
23403583
18246862
18472820
22091228
10304069
12607031
33443576
14574959
2065066
9975337
42930131
39335877
23241549
3475259
7074708
11264140
24838269
42257812
19274040
20379785
3015335
6458562
42939103
29420112
12025367
19587397
25814428
19598245
25340752
5854368
21540705
3065556
34786303
39313423
10383947
38549685
10849410
9998247
9216863
19114568
37343124
40282195
38471895
28513414
32023787
15947810
38317278
17850993
4253562
32422677
32624191
11991925
37503756
1666984
26877984
33696460
9582177
9794596
7714199
39865834
16822020
21173609
12509920
27985964
7611484
8048962
-325988
26940836
3021756
33013111
24694523
24848352
7475530
26484639
41919403
6875105
26426815
988589
36315335
27623321
4533440
28703339
6925190
26368000
31011582
39229040
703557
40604084
19918749
39930339
30675906
17302085
35851089
14991040
39402232
24995196
13477074
10284101
4576860
29809295
24830361
39303082
32826065
28749029
32094954
6618242
5998406
320775
2405259
38586110
28408754
42195389
12620202
13538044
10548085
1639815
33062767
33761728
40571852
31192870
14624498
9054730
23190648
22781897
1487209
14752618
11225221
19610308
21885242
7053987
19043079
8088388
7516894
4577039
16680045
16856842
6908268
17150520
20330671
38116368
34629223
15899278
18992745
19901495
30302969
35352297
14566497
41977583
4770039
4761490
20320895
35096215
34245086
17965140
12035000
19690929
32203401
6731267
3010640
3435843
757663
8536107
23065766
38575808
14127383
8032060
30030584
7442554
20924223
12566902
12079687
42890454
34021449
38654657
23754719
25468205
13794371
17954633
31721792
26130851
26625215
29672947
38948294
13665564
42671636
15878060
3825322
2645802
37908912
-529206
34846671
29298211
42518800
15803359
30740302
2151154
21614585
33184515
12737495
13372847
38933164
114226
11301391
39106499
6953077
24512874
31454653
5990871
5693868
9779625
30991059
10206398
13610103
34959830
11389673
25847511
10274835
2982178
38295594
33493265
35011143
17883170
33689273
38029050
22290228
32103435
40734179
31452506
15473777
13796637
20259542
4012600
10747133
8365798
9177644
5182342
33330050
10726897
28845420
31166673
16139176
41230201
18679800
8298626
5159223
29910118
13743245
2198697
33543240
30873728
5078393
28295889
-907495
24410538
27849353
28612292
40846710
6281386
34630499
37613557
14488471
43312290
39607785
30910712
42866218
23903812
42455349
3612571
18597323
11321607
2810662
21624800
20034805
22989773
5527910
14004996
10460910
6618903
11843397
8417308
24214078
17697405
34571539
7541881
15741350
42766493
37692701
5793655
10352657
9171146
14799044
4845487
34486947
17973917
14281863
7708455
16998448
28503332
43039483
28153318
42793553
23615214
34440304
30540701
12425184
6567517
1416890
19747434
20303891
6643559
10501030
11527108
28467661
20665779
36513180
15244576
11640083
23404167
43392555
28926952
8620340
30795415
36230496
15880041
2992258
22530488
41008275
21687241
15916352
16574875
24878184
16864499
86279
11557080
4015543
35186804
24046668
6106269
35977022
13963168
23352942
15591865
807233
7964066
35640247
21357259
26815304
24504183
9488361
26425180
9017178
1394266
24642404
10590294
35092688
39630196
4440045
24955831
19107070
5792284
22617540
7502009
15050675
31350679
-764922
23299887
42786069
6065344
37080177
41926393
18379331
16912661
38450353
10293262
40647874
5555779
27445295
38126106
9815402
35075487
4200118
31226956
36051906
23253146
37015378
10763385
8831305
12187445
38391943
24868691
8057767
33432814
8087996
1692243
4144273
18998234
24824559
11151992
37022844
25863784
17531855
23409785
3261545
40469726
33170177
23878247
37581905
28933107
26657787
15286741
578377
40107657
10927045
17203848
8908537
28498051
1713160
8590827
27201214
27402994
43379244
2779004
17491262
26030783
30081647
21568807
22721688
25915351
26792173
14073813
43160276
37003637
563584
31298623
28580300
17457984
34449311
29626938
35038220
5069565
43276605
35481773
25773140
18658872
18264988
34288641
18616335
6954408
40199582
19586751
19742122
17134256
2189208
29098055
17851255
4567793
7660121
37582793
27590898
28510466
14703047
37283126
7942250
23853440
15908525
21946580
27650539
15164835
21328506
42163141
1504196
33876234
23913292
37273203
9552950
21278982
6075794
8565363
38819893
16739556
36286832
40946997
26804478
10584334
36253641
31757105
35873060
15976171
39050540
5173598
34728314
12603289
23304904
32474177
8877830
38586862
37629778
23560598
6280079
28227456
8680152
11378925
5815284
39612576
42412300
7692204
88404
24925331
19600671
8403028
37010926
18864416
32882850
5134416
23154597
12751232
3231472
17139579
5227348
21902280
25161939
10175074
26664551
11305979
42001388
11553477
-884914
39232721
43093412
23516783
26274409
31147430
9140843
23345149
9135280
1029865
5039908
9973424
12126876
41702058
43262382
489162
1051228
33234796
6559655
15221206
12439468
37003921
-833543
19600196
37179696
35433336
37202889
9502260
1984138
15252356
521465
20139099
34145701
2586983
31011217
22139921
35644225
42258480
35827614
8053005
15538820
29960498
19817578
23310578
40232825
-494443
29227624
33129667
20717082
40870021
5151204
40503155
34619795
7255915
31772944
7978401
7669040
4105162
10183194
8816541
2306698
15071601
25258464
39730518
17212591
7045075
42932635
42740806
28585197
5679248
43009285
5226685
31320521
24071616
40150577
35918546
31920115
35044318
10247222
17857405
-496363
5612011
25905983
18813661
35628293
31911628
24871913
11448206
11510085
1218130
17972462
18576895
-757025
17862436
7895013
41664149
16232992
19947609
16381739
30752351
17539137
43034850
26241818
7906119
823761
20636321
18675261
18494763
9096957
2454119
2271948
19959457
31803058
21660730
35830530
42269751
27397469
41430774
32483369
10997455
22128489
11107453
12832520
10872110
1253601
3496475
39954692
40050303
6927838
15113003
20346464
29331112
19966163
33896653
9766768
11419641
26300310
33789716
-742932
23777987
4520200
13060492
23995600
17196323
30164527
5436978
6636448
27583089
26804002
24044884
25362822
3021811
36128262
25554875
31206835
25316523
15745039
41654954
42047652
26347207
4656720
33781113
35920311
1124847
30912234
20611918
18682257
24583603
9757396
12247391
16170174
34723899
19693943
18095821
31236333
31295200
32716877
16919498
11544639
34199059
3829635
22590113
41117489
35244969
9993943
11699275
36673170
14821729
25839476
25728466
6019359
6289795
23407885
40813262
23062763
943228
36884654
34003406
25690658
3360593
5574528
29554855
11374371
41403613
30107600
32609543
3602573
26962397
26267458
5038544
32931911
7113805
10555911
38608788
33231561
28827605
19045120
34481846
21132704
2779942
8059585
6823812
4165697
16370966
-41411
2137210
28685944
2700488
92492
4498500
31780999
8696593
24372550
11875074
1870604
-146538
29074522
375686
31478853
31069659
19091201
11021593
28113990
18538589
38263951
18935224
3457552
27266943
9067432
3438811
32259217
24985217
41912203
41729262
24339137
22020583
17262991
3346732
89661
4974152
4899059
12805812
103661
23637194
31950077
-425189
32059981
10389447
33951348
12201604
3079706
-891335
36360483
16968011
27080929
20691129
37442771
3654659
1931442
4795437
12904479
34750751
13989197
41024613
20913352
6990710
1782589
39724450
26502256
18578589
16447607
42912800
43364722
18197048
25853384
14305764
17392280
22182174
6612791
41815337
37754790
33488963
20910571
40404680
5904258
14128209
41401047
37692286
11995922
14021669
21542421
33825226
36596561
1404582
851457
-740144
16110408
24862776
41664249
16132691
15565753
27410864
31273343
8507936
13398616
30456861
4467747
17596792
40516169
2179159
29059947
774675
1424704
25884226
7497400
36507389
7142071
37432919
16677707
731436
11781317
14660433
12067120
635565
1897542
35232807
11162214
30542523
7002033
-169979
42951987
16736253
14728585
25025107
8968303
14313992
43259530
39770736
11126338
8690035
4522044
18968947
19327026
6175760
42247899
32499482
21300280
36359439
12518737
13198375
21781541
10841913
32848880
39254203
17779965
24481179
15185230
16761371
11802803
26742995
6019880
3545954
11876378
31948249
-512576
29458922
29646341
40149776
30387496
25362798
35366467
36291772
39606511
20922284
-440976
29564079
21628970
21143509
26705603
8804341
7915334
10335115
32623491
15773154
19872953
11660618
11748124
33132573
16182609
31947391
24563740
8815171
28319478
3939193
21528953
16066186
26642517
29391088
219136
24746221
956492
4193366
37546062
1952020
16402157
33062050
27650661
10589788
40874797
3639578
30659453
7292320
37920766
14721615
36788242
13121802
6597313
32459823
27745040
13127827
3512591
17336616
36255142
3774738
1721154
17749012
30492441
1745920
40366243
28501184
18400230
24475366
18262460
29442898
563690
35738453
42932929
12708668
40631299
15807885
20104912
3265885
15676214
31545507
23134158
31751697
4256672
39351914
42075986
16155985
37945373
13411784
23526192
30739363
35418496
25488068
2725308
12493614
36212303
29271102
6845688
13030198
6445199
30779079
53696
1273960
2943500
27143963
37619463
23951423
34756276
2410373
9238112
32884788
24971978
9689146
15711715
14539750
31596224
17890356
16347842
11001446
26898085
12729567
29196661
-955472
14665273
3062168
37364026
24921274
22204166
16666999
39106853
21604152
33207150
15537405
30201173
25546277
12330814
25914034
16664042
16654293
24206018
31179106
33934782
26589661
31888322
7317810
13105900
17473986
15813248
22199426
34558756
36645209
2784262
9241541
7778409
8085555
2272980
9322246
25937888
3962512
25432205
33162683
28722317
12927506
38405235
33687766
33449908
11189686
16354301
5230222
22745172
38279552
7569892
42544797
24619217
26087019
33184384
42955988
27607152
915040
13710545
12264315
34055461
25836401
9206823
2361631
5960758
40200787
5835892
18349136
4528600
8806491
28060576
969639
17942446
33358762
35497625
21520312
6381613
14089320
9352791
41368671
3755399
15264725
5233737
27629657
42607336
8072444
41135364
34225857
16755110
17647115
6687883
18308023
2904930
8303686
38368934
-501877
7772682
7896827
23443909
30595705
12157798
36276922
32562361
23320859
14222220
31710719
41188667
17790198
5753056
25688519
32199997
8466640
42402795
30297338
35009751
18285533
2446393
36121243
834998
40905502
4196905
35634526
30780651
14511176
15977120
12165362
12356598
27066817
9243822
9703671
35541613
2012919
13642286
14459374
27254853
17343899
9297755
7642887
6870884
43285664
-799630
868660
8197096
20600418
13532099
24954617
31329933
35076936
10108533
24023659
32153244
10198840
18724861
11217545
13141031
31704930
10102906
33592681
20636977
23327813
32931056
6994127
39773223
24945152
41619976
28335472
23633287
586056
12498230
16311744
38507606
5870580
33360214
453156
3145538
29057531
37588257
29971437
4346136
-331911
30862158
32299722
39477841
24568424
20210822
40794137
42186306
7779107
944016
4913609
7064930
34600164
34219491
36582950
38102688
13073802
37234988
2168057
7949250
12232555
37628645
25021588
37015962
9538022
16047925
31788827
21702213
30493640
19136788
2467494
30575736
15908438
36273886
33376484
10365040
40383426
34887310
15820358
40186386
4742467
18616871
24000691
5444109
3833078
6901035
38928971
31432399
29207311
6614782
10530918
211104
16981084
37720904
18966870
18576864
6427295
37107297
23179110
39017799
38753730
23576592
19680035
25077827
5152038
18404796
38195551
41782673
13483402
27326388
8808556
3517675
3806624
41447722
15481009
3683140
12600593
14604856
26628271
40179736
35754433
21626605
30875013
28343781
22545896
25373757
37031927
37796154
10875718
30624496
12997515
9557997
3923736
14295516
5798109
7057746
11064593
8013455
15931411
17952440
17913045
42009325
1790354
33233872
22725434
2324076
34274044
17977521
-322200
27346157
23861175
35215451
24009724
37879059
38173380
9323453
728147
36378696
4330383
22686230
20162293
31302369
32193924
37545474
37821626
31756199
8282354
13449780
7195493
4717487
7581798
39233257
32177330
30867925
34574002
39694339
17328055
22356115
11944278
11439076
4061851
4052629
13234121
10609749
40480554
22590786
40624931
22035631
27630610
25956091
26731571
36093104
11104801
3074704
626221
16257160
29697796
-918054
34462606
36012623
16566508
19466183
23170586
26607599
7074452
27955021
24584666
42898096
6396822
6169282
7713368
40419766
-832344
2239219
29599852
36777443
17687706
26758627
13640668
21438525
40021838
15636293
14097654
5745895
23696600
20087217
3614216
38257116
28174602
16785586
37243241
37912064
28402072
22396535
36608871
4995965
37462341
4840453
7530530
15926066
29672076
8154987
10060168
43088834
40084800
39148428
32488446
17380607
33443591
31530651
25160853
16960004
31591208
22221505
6343430
6490942
32923565
37526166
18957163
20472380
1173930
16865254
29714103
10985220
13226021
32670386
-64627
39631724
29187023
22404966
32258784
28646729
22602557
34494000
7738172
16504620
24005633
26076279
7799520
17822040
34477388
16426919
26748234
34286452
9791924
12593508
23911466
5348303
25128761
30480902
18750776
8248902
37727635
26124597
19539318
22755903
34478522
42002965
22712192
13535391
39944377
3681525
31153666
18052163
39381764
39753623
5639356
35434905
12518566
35919239
12690840
4403492
18579426
28908553
37594862
40712772
7797736
19346681
1883980
7276995
18019847
24393628
27154738
7927819
39375665
14527265
25701141
43295882
19274609
23434372
41655504
25096589
13440899
-321907
9618055
9249698
25782853
294691
2731822
11298667
11381800
16061367
17335927
38169794
31288488
32113315
591403
3714979
773223
7612539
17895068
18866067
32809439
9285439
39136183
9692681
9276737
8325018
29195448
26165685
27192697
7010176
41680174
18249501
37220634
26227758
34336691
22995274
3380264
11439417
2512131
42359517
755896
36651363
20582356
2283907
17699493
9095173
28997259
18225502
19725981
33017130
29352254
11909807
40175288
15558375
39862213
33192257
9092233
35425542
27733281
29004515
11952975
43297172
27355308
4408598
15884732
10750517
38822263
10853186
22824859
22009925
43497612
8045957
7354079
18984783
353802
18874598
5205335
30819073
17000639
34090941
22001997
8497366
21606300
8154234
40279255
15790436
29093424
36433666
10547423
41025183
28530719
12183236
22154535
40992171
22813457
42371100
2385770
1826840
-476210
21458036
24030315
8415398
9279353
29656844
10575254
4685615
35102730
24861135
30324968
36074661
33911734
16608750
34540633
37239526
13312811
11747189
34434701
21500630
13979234
4169222
26683137
13437837
11578368
32939951
10731123
32608933
4421676
14901842
-495455
20796625
15185640
17791436
14335547
37092748
5918801
38548969
35561515
9980655
33686100
14277571
12651434
11639371
942673
2830358
24089184
27937402
17168497
22715927
20612507
2876009
39717571
37430263
16220317
26075170
33008076
5027459
28958355
6889298
15347646
1276517
34178857
33262175
3961021
5213584
31899860
5918024
30224255
39220085
5931768
5184520
41053922
43396380
22301639
2412854
17742526
447423
2173639
8582800
5785315
27231980
-887496
39475084
10386229
2216207
10677917
11924272
14801944
42740948
25004554
24727233
35243818
30946723
15029404
14371857
4332196
40958666
28071064
23875709
15058115
17683870
40642711
13282502
23978987
21572620
34567425
7351545
4783476
34909333
40059021
9520115
2737940
2631366
16116607
8247281
10040379
2786700
37211522
40593295
10441841
36622150
25416153
22145452
40212952
38722282
42989906
41274607
33046222
16668174
20317521
11334063
7951607
19685872
37751954
31558539
22029357
38038467
16230833
42283899
16389994
19650517
23480547
23406924
17829231
19054319
18584001
36855825
36892553
33458090
21511409
32347011
9980426
29446202
9083905
39377156
28972931
7252907
21267815
6144572
25212122
10394103
37731070
29570304
38326109
12180406
10086321
4511436
33477765
6783765
24280302
6688866
17132566
10262865
3351241
43065279
26882682
36261010
24378858
43358347
33407117
4168666
13264307
34734261
2289771
16792590
37967646
34273984
7740218
31953808
36349503
15150472
40378580
3157073
29651875
-147482
6038336
41359873
3091714
10058062
1536597
37161541
9656844
36364516
2392240
18462627
13028052
13540455
6278190
20012806
9179516
22180590
13730745
2247334
30784560
4700211
18702493
35274515
25849721
23723102
12776637
32459902
40344064
17495310
-579243
31010785
6997694
39739534
17418755
3861528
18458088
31977426
12105777
29120302
26488154
2354546
12563239
28085972
9285722
20217809
32436959
3803698
11187443
31672791
31101647
37896104
14109354
38283991
10559630
10007781
18021624
37717671
20759216
9015813
8683578
30760320
7677199
35086726
36371457
17338624
33080434
20334120
29099096
2396176
17227609
37300539
9902192
27786571
21083507
36046052
9426127
40633933
-707950
31887632
13081674
-272962
9679440
33686108
8477561
3307069
39986535
13331255
30217964
38127524
38264610
34606632
12033598
19612637
26896414
26284451
14220993
33333989
14039627
22417409
19902680
12846035
12846622
15112902
2499771
29819124
22749733
32972476
15492345
1572911
31572497
33489226
21018785
24985762
30234899
18510518
6782767
34703293
42872268
26305785
17893089
25143906
20472036
38115963
26594882
28187530
4863817
27207516
29555734
14681927
5001206
9524914
38939895
27025268
1147210
24187447
21658215
14167150
28656479
12855187
36720724
16474920
36620430
37720552
20646259
11339406
23463347
5324381
19587252
16252508
13893005
27219491
10170519
26709799
41609826
7137416
33734680
32823387
40043521
6847834
42255750
42066325
6909453
25217288
23829350
42065450
30916105
-44279
34340083
644921
30530179
22083959
13670721
6866153
2443612
18806593
34389254
34405508
26979461
16090005
20651631
29086594
27509790
28057608
7880979
37952614
35525371
16442145
30575343
7466005
27199234
25938021
3954930
1299562
35571207
26078674
8195270
15147144
14591046
17362783
30748775
12591294
32615176
19314364
5210700
20532875
25589012
7419283
35082384
33859001
19131062
5976888
39519273
27519689
24606020
4464802
37502043
21014304
33993352
22735689
18498473
1358805
14332033
3881119
28360549
1746265
15678319
34167505
13000513
11496081
36170654
31769513
-276089
-647217
28006723
34723023
40642446
38857471
29781869
29038048
15678622
15297572
10544415
28716653
7174256
25534624
18002267
23158210
7584972
8222596
25267054
32056675
38048041
24952174
38091523
43232951
27093850
43310524
4052487
27639094
39453126
15309856
32157234
7650852
29674332
539908
10506810
36487180
10029283
771805
43442855
2537707
29698320
30505636
18228493
1723666
845944
22796363
25301067
35634997
43141897
22944077
31066283
17979411
6853679
3096512
34504070
8783717
14859600
19985019
31722755
31370826
32693103
18136123
26553568
16224122
33094450
15911367
10026314
37255345
5749928
30384617
18112878
138909
15089780
3023154
3910854
-893922
11779731
7706433
12767177
17534057
2636874
35102427
13268142
1467860
16892578
18627182
16383632
13933079
36596927
26830597
18973520
42214563
29497671
36803187
29442860
40922910
11651452
38973461
892167
8563057
29083514
25096777
32624319
-341268
31583054
36599131
40148706
10427358
23727271
24698660
25546958
5508306
17508851
35321214
31288641
13454550
24563991
39906669
20024360
2512281
28900492
11478656
5048016
8287952
460435
8265848
6513203
40418062
5451165
15490038
18612452
40756674
28893684
3191304
11808631
42369786
24950914
963824
21866237
32198584
2276935
35712382
17128233
26112993
38790545
41960105
191629
4328075
18627368
1503569
29939708
21617123
9842656
17996298
25307633
14356995
30522923
13078451
43519268
21880103
22087239
42806487
7289871
35901247
28382823
28263554
2937653
20139176
13617405
42184408
27990756
29491220
12060549
24846549
29349509
36256989
12484050
19972450
18709495
2992054
17773741
8337558
39689570
29612215
19913594
1461146
13616851
9910105
27637289
39715843
16592112
33973338
16026221
40785635
37949286
32304744
7442958
25914487
-14261
12734526
14601678
40883761
31471011
2105754
202829
28536341
21143523
161205
7067953
2796293
13626332
884304
35940566
14082794
18116684
42385274
9969960
18216920
39278948
4436926
37735080
33960406
18634642
9681980
35996475
34442829
17100931
15469834
9805495
23581907
40434399
21163736
12360940
24512177
4000117
37616489
38433214
5553107
39754689
13301809
39562576
19356965
32137088
42464440
10214522
16500237
26398438
25736388
34875205
-390213
42854447
20004791
37978229
38399038
18094610
16290980
15734538
9386587
35705761
5215421
8825374
2261339
3380706
8060174
34141672
25088942
10716330
1258704
40504703
35523571
20430101
912702
28911407
12580413
25590128
10451940
35680869
24288479
36532319
22710745
36475072
27485694
7995563
43019528
10581143
38400212
25561116
32970039
38634194
41201897
6951249
35253203
25528330
29308475
10524295
1281494
24610845
30805442
9213059
42737972
27271813
33419831
31983935
34602143
17406275
9926281
35829809
18844849
27542126
7031353
22455537
15470954
13283144
41149722
9034440
15003064
15316295
40174542
30333088
26084803
24542684
8209503
20798641
22265053
3500528
33460609
9765993
2998731
39871372
10367163
8815267
-198801
29164158
21624620
-828433
29840434
29124650
2560084
28393581
16488720
24329285
12910595
22265379
37962981
37238782
28988879
42332590
15743133
40055096
4566435
17849352
23626603
31018173
31330461
6664454
9498375
21134119
6995453
13202258
31394705
18832462
25696942
491099
39276930
4503617
31466909
16304320
11499208
35518901
28583836
16459458
5044966
17146747
11477982
14682436
18320807
28560234
14407432
27107025
21293290
23589859
21266195
10548591
43006769
-818036
27740
26626177
7545033
21527370
30825502
17225500
1174385
14879868
40582211
6383190
22431787
9527770
12390126
18253503
40826841
9740045
10602402
42707607
-884439
19971968
15581798
32639930
41441980
6940670
14015464
1117222
16989306
32969818
37060411
27214375
18088689
3647326
3636607
42803258
23451055
43274275
28701980
29129951
42933370
9045638
25701814
37824789
28656465
20063746
9113769
35127527
17638950
17374007
7035121
22346832
33190617
3973997
34907401
31211525
40223906
40450293
31177004
31296474
21727507
23776342
30650957
16253633
38387919
42093672
5931762
19588060
35480658
20428445
8822205
11966248
16927325
3336429
5005047
28922912
31749183
18708893
34100297
-713689
7724318
23920199
9742023
2466042
9520482
6197550
32915594
39468625
10181890
39414769
3359525
27597354
31930916
15953786
25593169
33777707
10017915
19011825
9638237
15311160
7153457
41708991
38176005
32530661
3950044
16625097
38015686
20918555
11218614
28173632
6437474
41255846
12152502
2072041
36199081
6709373
1447993
34659400
9678012
10380397
15070115
818113
27333386
36970086
21788441
27664104
11590055
30821388
14822563
40958945
3720816
33222821
8970955
3489558
39903599
38900737
20071459
1125010
28939828
22438267
12227190
22186550
42228771
21574871
26563495
5468254
27204414
42388181
37717365
9977500
1347386
4069220
40462433
10063528
43489980
22749311
1068137
31591511
6296144
19374061
1726796
43115905
22968589
24381062
856893
9913097
30767502
2450255
22042085
33472606
20531156
24458689
29191477
4575752
39981556
43020764
8711310
18398159
13219560
38445705
31830551
22807155
34524096
8594908
15533254
17957539
4485766
17809086
22721569
29099924
1317287
19874385
2721578
7284921
18189402
18699820
26152164
8234967
27064266
31915058
15845625
31850262
6348365
31094105
41525796
20521429
13587701
31983256
21388490
5469100
29638713
4232864
23874342
10853923
28262606
6555547
33135414
38878081
25575696
-395739
9141319
6003384
12465970
21914668
4340046
11055891
36036112
28790993
129488
16856644
33379033
25807165
32889038
18175121
30910664
41182546
27108296
40658477
7391103
30966118
14284343
9969415
9586419
33610317
9447537
21230342
22261736
13442743
16893647
28170716
9604394
35616613
31584015
6327815
18587679
23258479
34682188
40157701
24562543
20527621
78328
-881347
21870330
5173283
32665316
12012441
31258455
16212278
31140825
7443411
43222717
3875975
34452089
39273912
40172652
35283729
26382994
42948374
9573316
15258128
37528253
31806488
9215465
8664161
42587976
37955492
-762927
33424541
2595674
27377983
25353031
5773506
9856017
31377634
42129199
19466529
15197387
1799472
33907820
25986162
15594056
34784916
16775817
3973815
9871283
13374864
9361274
14493563
38231845
18082724
8244058
9035757
683092
25912295
21491298
8829776
42559815
19809599
-556153
5754041
30107517
16245362
-775965
26728670
25007402
41743233
36238687
26031562
38847936
31215173
25362925
14495
12812310
8373595
30573831
29740108
12788224
14569912
2077542
9238865
43339110
28791533
28928070
42380906
24177093
8847404
16746343
11685830
10219690
13532325
23335998
41296308
7966812
20184820
40074504
9583504
37841669
24105118
31456269
14666977
6284688
29544251
10799217
12208553
33942269
39453618
17749093
6173703
41656095
3392040
30051069
29667839
20887569
28083592
21005745
201320
14346487
5627616
12759184
26749380
23509666
38765891
16205486
37335458
39213197
32319591
14076820
27177743
15808357
34421594
36012732
9561106
38193574
14276887
40552955
19980922
11356636
2006055
9000875
1493444
23857794
23362722
18340978
42197414
-512836
39465285
9853711
31763236
8207825
42336728
12555028
27705919
10756881
12282413
38926412
38987205
28801536
3726290
20615954
3154215
16321734
10503683
20404774
17541858
13923173
32890530
35560078
21759032
2765316
35399708
14817134
36180486
37455269
-523238
12730730
28589975
27001796
30476768
17448392
9964600
29375444
23588582
15754433
42155131
-534336
42789219
26948701
35451573
-813412
2817745
41312050
20155817
13524286
30693581
6914003
31764592
40435104
43194883
4614140
17308194
2644119
-314106
-35451
23535682
23810344
41197253
43005109
26356788
15607006
22468989
5481170
16964344
22528655
28408580
9722661
-814184
17439029
3403167
33593401
15973524
41467238
33386709
28072461
15090903
11513026
23879359
31269131
34278158
4083104
26483903
43160432
17449942
32985732
26598098
25839755
39678277
183025
19450888
11192721
36410131
30296329
38880091
655602
12249409
6083504
6078536
17324640
9875048
32436209
17607863
38760904
28390990
8269961
36624428
1801450
31095023
22043384
14089010
9214241
13452891
21290151
8628813
38839193
16801109
30355046
22942342
39053518
13323868
37367301
16272170
11707239
20097714
1814915
24912882
41433043
34109432
20589434
41870475
6702278
22434724
23962782
4211869
30886655
1451810
40569574
6283327
28095732
28653155
17468163
2915599
23078555
23630419
39829200
37989446
27645272
35352172
19938019
4527529
17704626
36426584
7411443
35993363
8447669
42898856
1115755
8342140
7585175
36207496
30754679
26415089
31475435
42023940
25806888
33747074
24850224
37908870
26066329
5954716
29995880
6082197
28733322
2703205
29690989
40524615
-386322
596617
29066984
30375809
23017932
15954461
32676753
32375318
22597890
37664184
25045871
39077969
14050336
38198376
11752265
13434199
33295040
23124947
2392949
4552546
31481248
35685030
6223221
35990825
19059152
33992866
11763408
9311601
17400318
30474184
34275884
36964398
9795482
35350265
-701916
7384404
41025829
6564996
28904469
34079426
15328556
23128127
1330518
17454963
15141047
15766891
21092324
11345073
38952799
38089846
20656052
34823970
42852361
32462500
376050
26027232
40368293
16755416
76475
35268770
-928794
35087863
8516244
600894
932919
31148853
36992771
39214833
2011986
15091332
29095264
15309881
35465385
37673477
9132774
20353510
11542317
37826851
22741196
21802240
11407478
10862008
12608336
36806709
14228712
34117575
6016549
10304570
12161759
17050378
33914317
5431439
39078774
27401323
7548943
41771978
7305362
3550731
28551595
23100651
22132690
32739485
27455494
39153935
38115969
18905665
10692734
39839966
35150855
24769593
35327758
36209589
27784413
38430626
21742262
18850301
20229897
4551335
41572732
42695544
22559646
30624802
34070113
9917315
25941600
886832
2516624
36891613
6661389
10426424
19164959
15311507
41622423
29745116
21767703
22955907
24427223
9726056
28802023
28989899
34558101
40397497
10788463
36879535
26701815
19008924
19831075
34659570
41719528
40560766
34129843
28462932
14313622
7192107
25354308
18959288
4571424
29782648
14456710
40236064
11147131
30035748
890556
1947898
23575461
35194512
21103166
1627803
43143367
19757505
7320526
5837926
24271981
14113905
40492452
41280484
14065410
389882
24359856
28490377
20411282
23937437
13338297
41791967
1149968
10426475
11797515
23911330
13418163
13337136
35406198
38932410
32841587
5657056
20307295
11197996
24896928
37648004
24605887
21339982
37240404
987888
32908880
10975437
1804449
2645734
13909243
41785990
35655409
42783549
24925422
466410
23111150
25200887
22100959
2017165
17588509
31071955
13026779
26469246
32268649
5458170
33316272
38824072
-767030
15161842
16539241
4908253
23592731
28884355
9381640
30554837
6165269
16909997
30947391
34937613
35302019
39425624
4140629
42721671
29547840
40688911
39285830
28091716
17087916
13014549
28798345
36776233
35568809
38392949
40303925
22035266
37545627
16127434
24913533
40670453
35759555
18811745
34607396
22801258
3586365
9633135
27615788
15592906
22751451
20848084
34054499
40052252
17012494
40799999
35766662
24535450
17010084
18449288
37806493
19853788
33642869
17212906
6437999
25909551
666840
24427103
37771012
24554516
38138502
29304808
3922619
25997763
28120252
6321311
23127283
10020285
20186594
40279141
43271857
15890555
18080174
6391356
10687183
35191145
1635836
29086408
22350660
6307678
17066174
39808692
10686729
13487976
21174982
3788506
34982429
37851864
16165176
28245977
34125549
18010954
1126176
18619765
18516877
4457763
4685246
18594020
40094691
8120502
32259920
35178418
22489986
7157425
39246919
36951776
13580795
5242423
5516847
22570157
37703994
38724771
23609201
15055456
-696815
19481978
14268757
36981258
14588138
36641884
20082540
15385777
24526667
-201860
41200688
2216234
32332108
21735263
3882056
11500652
41695818
38412173
37959950
37583014
40192144
