11204214
39994337
15643438
12800451
38312026
35382320
32585600
33033635
3035356
6074996
16706241
2646228
3429360
569496
33351127
37612105
10874807
10974630
17877659
43121860
29633831
342961
11164066
25637637
26297318
35463799
27488490
39551586
27676679
108239
28476978
15118992
29298206
17298927
31442237
33295973
26330934
35134157
638714
33572254
39932794
8232471
36108705
14993717
9425971
14531209
37819496
27615595
26421644
39467060
2882428
27498400
21523636
15363597
22373074
25391253
42558124
20293920
2963307
27419517
24000801
660979
34585234
20206275
8504214
33796549
11714086
14818666
42049742
13438860
4130514
10038141
3674307
4885242
41597122
24109439
12931070
36793698
1244238
5242830
-153412
436524
13051361
11009268
12533960
1546145
41678691
41375511
3077837
38754371
14086269
36185037
38608340
37279847
1885290
7336160
6707627
33391607
18637770
28490992
8986725
6023358
21355853
19636918
16902420
19292364
26474892
26730825
11656089
10952085
13997456
31192119
8057380
11171983
37682128
39576862
9175474
3284763
18644986
11282381
30067063
15177690
14166712
11562695
15839434
10722066
16962062
8329539
3934748
22847582
21665769
17618960
11290071
39701799
12412675
39000142
38305895
140458
24166865
32407455
39420660
34457532
-764174
21212430
43006357
36331731
36562013
6937212
11852888
33938488
37370098
26180171
42409794
13826575
436513
41269452
36337440
20586514
2278442
33072589
34690689
40159571
21945403
38296545
35885884
12262589
42066333
40943826
23590725
1690056
37966591
25994964
33776877
15427564
26362015
9455965
2094024
3836118
9070387
7373571
-312461
20295868
3825147
789909
27579482
6471931
4376923
39850257
34020288
12857666
39769418
16449615
11045381
2959973
32439838
25699408
43328833
41537678
31250277
30989494
40647942
29938957
35815120
23293961
37841099
20782764
32865706
8196579
4266518
20307648
42311616
32814251
25187657
43321378
26315731
18459599
24303952
20370663
39970351
29119931
11858861
33723125
8737881
42232762
17663059
30172419
34538889
10793508
36506054
36813372
26653885
40565993
33022983
23949296
31569172
26422174
24260579
29641278
12522782
20134270
35517188
34777230
-987976
27382731
22483260
26259419
41480086
23632329
2361053
33879455
19057377
5834692
26019658
4241455
12605916
-745764
28143623
6132934
1233969
13649717
34078651
27357882
25207295
12098104
26185281
8205807
30657076
2090476
20349248
-773656
41758941
39535900
2795650
31619597
41402478
40912074
30400928
4355777
27642901
11065672
16032474
14074053
9408849
20819777
25047557
20815514
10807005
18089446
16953117
37404392
21457197
8115648
2157419
41091495
20542611
1687334
28487364
36780778
12533669
27736118
13906044
40405586
14602431
7941086
36714862
31219156
40193398
2092466
21623831
20686760
7807982
6175158
26726534
12874371
39147485
22185805
31561141
38571029
22586976
23150499
43140544
14059886
9928033
41278358
20627190
35079902
12504136
583767
32196584
21992825
22704967
18148000
13146851
6203297
18007297
10466127
40883191
13882368
39500280
33442137
26765709
2572645
39110706
23312658
17157033
7631939
33944477
39922274
15559207
20306087
22012688
6572117
43412499
35664002
19880162
33528099
29345706
41032970
37245934
34977018
8157180
13252480
37900763
2208567
43329926
17567127
34519771
24971229
7188164
26797292
32852514
17832333
29810605
22997049
28482605
36146225
35680629
18445767
3956551
5250812
15731474
37086187
25433179
25009590
38350967
40570176
23114812
3595642
18053729
5912750
38152429
8554114
29709283
4469719
8113140
23858545
11205448
10940387
6336924
3431479
10309217
23919574
12759483
26846356
43039451
5843621
33481810
39563040
16569963
4795013
30851331
38556973
17400622
4385182
19275257
16333926
12637640
40944073
41489212
35193614
14408622
703529
28914188
3125211
2133309
29359391
21946800
42447314
42981657
8405855
29773922
9164219
21601384
4143841
21603133
10912076
37841366
10917795
19652290
23145356
18099751
7814651
35161491
18337591
25357936
36663062
37129712
4693285
39191886
6852340
30919287
18944425
17241859
7961008
43161512
2492679
39386711
42704560
8984230
40042133
22455603
42924267
41261370
20231180
20585744
10899171
17398177
27299453
7833423
15176068
2165356
904156
39745475
33244430
33907186
24590853
29017278
5668032
18102681
11180320
20380681
1014978
19274037
1666852
33303855
35828335
33946497
21636357
8370103
35065989
39381993
14790962
23631045
4083281
9677593
4809434
39793170
16728360
19555003
2381173
36054763
35516984
3249720
33968454
1521074
23179737
34325328
28661704
19855308
26964904
1866046
10794214
25211461
1095603
12410166
18866769
7841217
10430224
28521109
42594659
25589968
30195685
31210538
9296774
33250707
-798436
27976655
31311177
20409186
22354748
19735114
10718415
19672412
4323800
41374877
7204082
33865748
8366153
14606531
20771619
40454500
42797755
13832675
21076473
19740848
11266248
-825837
35683554
11910477
20483469
2351596
42886425
24811168
8928443
13535893
23986942
42311426
9576395
22401807
42648517
24040100
35255371
27782461
18318159
11736138
29354617
39068669
400115
4141702
22829303
20185791
27771105
25890646
9063952
37817015
7781791
14385632
11812646
21245319
43141102
6891420
23853726
14744130
79818
14917992
15831440
9076064
12406682
42820244
2907072
-369902
3128638
27023855
12638673
241965
11534252
19188618
-891274
8980610
37978665
34850621
32240092
6966274
13762791
39283723
37358139
31042960
28902800
930636
29934625
38508432
11911491
26028090
10122345
34577831
18038560
17985359
7383990
57437
10326599
6862260
41162037
22463727
29481230
-952733
28397902
26041783
42219973
9309400
6612992
12792274
21117130
41367024
8248946
19993455
21694471
42231629
183440
8608599
5399085
1871052
14148023
10087774
7975121
3176734
16042482
41183887
2261572
20577853
38066806
43433304
9729837
26562618
40148941
37360756
19478938
5035681
23034961
3193900
36825110
3057199
4849144
35793947
7956406
35891069
32693879
25273566
36990863
27667315
35435293
6405376
38272717
7331302
-390168
42013924
16217027
32901601
42501428
-470330
42490483
6227923
27512936
7559772
8916817
32982851
23482240
8996116
39485727
29250636
18793493
42353689
18031987
10285879
33357443
13539452
18424754
36284294
33043873
6598712
22523781
20815491
27733355
42476337
7030101
16378428
13503772
6868075
34517130
33179776
39874042
42289804
4951928
36365148
14700553
22945186
4457929
30893145
19472947
31682507
15930557
42569886
40940896
40799036
10150344
29919119
36758850
25686378
35419874
34365195
3694191
7071868
20829571
6094384
23804522
36192490
26822341
18441519
26561217
29482502
33731314
23995215
21937650
30448844
18951121
41486407
5237285
42574967
18203494
14786957
38994858
20839038
20084422
39786273
42120915
24580961
21647210
17164153
32181548
29651885
7705316
38344105
15918572
36255630
6039487
17966210
13067463
39837253
1244504
33916108
36904623
33899014
22072318
27147515
15198130
12345746
36296083
26237321
23802745
12258537
7777848
35807746
4180702
8532028
10449354
38560335
41473455
33329050
24873357
3514844
39090608
25146119
39732688
12798447
30947747
34412964
32793981
5898314
11046684
16467853
28130572
16362183
5022576
40297685
26486573
23388405
16286041
39812516
11580755
11261915
16990338
6198596
25290199
41908342
39500524
27977539
33064390
41722662
9821720
30589972
11867388
35848521
989583
19647174
34714896
400050
36501487
38969986
2798330
17647182
41288020
37048882
27887347
33259733
2611838
26935195
31696789
43206526
10124710
12455181
19782163
39218147
8902391
9719176
31588291
20320034
4017517
27308076
41609761
40772187
13843575
27647562
27351689
26766253
4189334
-27563
14069439
20100619
40948338
30998728
10467780
24438759
10916618
38773701
9415610
12551371
6681800
26930650
16192697
1356433
27717609
34191281
5740489
6150824
36049032
35998565
10787718
13165548
27385701
11862657
315481
28156509
14101652
13315238
35386922
-650593
28018010
41478959
-58797
11507746
13592345
36739771
5146321
37833450
15570662
-202402
12564272
15623468
8859859
18597413
4338314
40788610
21486235
41834749
24058569
27556187
2439083
32375005
5888390
11045064
574366
20218068
40697118
13315784
40754472
36634091
20767386
20062938
18933415
20261400
11682204
19831333
31282654
37635715
6234930
38524736
5900332
18761298
40178433
15244900
21167966
34828675
6973109
8430433
14809545
14914082
-110330
20619429
1029457
32254181
25955981
17366138
29438114
39992524
2637474
38981981
17151586
8436100
34980335
10040448
29627175
10165817
26865146
21740953
5960427
3911023
-389348
25901641
9885344
40656440
34166719
32047504
39986824
40127213
37160698
22240115
10903526
18204310
28467273
21367395
23582363
22753600
20343710
40113836
33635849
6066783
19719022
21683300
17544474
32243033
26225381
5655708
15775306
4757429
14493902
15607226
16463984
6733441
30033709
28629844
762222
31769223
37018172
27622444
22197816
1112978
36286721
28515021
18960933
17760321
5537805
11053460
12518780
39965306
19282675
24676360
19236167
19244254
17866308
11308814
7394892
33844814
13197368
15251166
8594124
23460835
4120481
11659262
12481908
14066654
20698349
35744558
36293992
13453696
8973467
29105886
38252249
35945685
27291052
35000477
6578225
19221257
31708457
34952823
33893247
11955967
27929950
16381739
28389169
28866840
21862914
14646253
28711641
17865307
4834643
39131248
41729188
9409684
15317386
8285220
40963555
7537722
19489533
37714168
36957791
27929680
40399157
18526747
26365871
30598526
43186926
9901677
24529231
15455046
9276095
31037045
17128586
11246266
3232490
1051096
24008934
26238531
15363713
4580600
35661739
29832281
37685351
954115
26043806
13630439
42247285
17118733
35679471
2741836
42726482
29694795
13643799
16453288
35354545
13674000
28681313
42537056
25751293
43327037
6387558
1018375
41671061
32580476
21019824
37688810
-983015
13464021
37987310
19426343
41415116
40531200
8317094
2031571
36447459
11086133
24181410
24276537
11554256
31796460
16895136
9034942
40123495
28063817
327044
16680056
27091761
33272493
18565942
9675403
4906649
24795264
36443599
42815136
5995642
19765978
4314193
31943743
6300404
31258663
15202519
6962629
28557960
21931411
4591126
-466954
3874029
20370676
8374502
32282427
10247586
21133227
41485428
5282081
12723168
23436356
20407923
10388122
33746265
14298566
3645531
14500273
39875904
31567632
34523782
7874253
1565080
23236274
5275887
24197780
18024592
29543576
4513889
30094632
2798545
30703636
28365304
42542520
13734375
27620666
3368003
31286160
15897692
11907448
5576805
10897041
25080316
31459196
24798135
6996309
34671941
31533092
13541115
-929224
324041
12852485
3317305
24325423
27220844
8344750
9405437
24842499
35517502
34735014
12001401
21216907
42475406
24959995
15570780
34343482
18952403
39174003
10446266
16825122
1351986
22414060
28796693
42541994
36451685
17632771
29993793
21958266
27339330
4975783
29441250
38448759
19322867
28568892
26228671
34391737
13232611
38102647
26556888
41187871
3721307
7051523
22639801
30909765
12728767
248709
25684120
38400597
33718194
17588540
27361542
2521179
28933018
36458371
42029123
4072203
14415774
41492384
29757604
27407907
4127405
805146
31790551
22555764
26992398
1361364
23336926
15107887
25518918
10852630
-612340
19166259
-476254
8140084
38341404
20232857
522848
14161903
15215318
32559434
37144362
13779164
29214551
34304107
5819466
11991868
214812
43441568
15865447
14863224
31069774
-268611
41362708
18352494
34429447
35120939
38807713
7986972
15945620
36474110
23641309
11419877
28843749
8338408
23542558
21691776
37097304
42609802
2063822
39056534
34170806
39309601
71457
27795254
7709940
17286988
18972433
21162864
22215483
19896459
178871
22226135
29310181
32921277
43247809
34935339
37339141
25855262
41898979
35202720
41441578
15668401
43050329
27288883
14828436
42060281
21625312
28036384
12651047
25031548
41394461
1877546
36438991
35059846
6254452
39197351
22280212
8037025
11105597
40422965
39447210
23154028
9864723
8794590
39323166
8749948
2005346
8004313
10704302
41959102
12537996
-111896
33997209
20715331
37227474
14555558
8653815
10020803
35992309
42956212
35928904
37184361
36391763
-822856
19506624
27689689
4259205
22982106
325430
41363435
24126097
30692387
-564560
21143732
14153548
10616125
24774397
3131462
28346853
37884128
24073236
36929732
25659815
27762107
3956857
2258855
2525929
25303886
25308471
13401246
10343992
32556389
18706055
19753230
29769161
18062726
38743884
29184674
13685791
28207077
1947395
10092134
8450300
-331921
29214149
15816720
41434803
2933556
26690149
31533101
1721405
1868742
3480476
33196537
3280977
38039793
23453757
19136732
43149464
9509053
5636045
38217703
11162894
8220853
13795967
6282248
13770638
38032872
35687413
9661720
34733348
25147903
22993849
11198860
22370367
683716
4339546
28372963
40331056
27515387
13304486
527604
40118117
7728179
42626657
3531616
13415579
36239666
4426562
33476720
22146716
11052246
17765668
16764617
264948
6262532
13653050
19366340
12788074
7571598
20590003
2135143
7614577
30009742
7119685
9725975
7358289
35292602
27528452
20488272
18691014
7493490
28802906
35858463
34781928
10463825
23483232
2651617
21808391
42435804
34237549
16092336
37822232
25051462
2568717
34931064
2762669
21459133
9293359
29952402
-84152
2542194
35197208
38471938
15965631
24369128
6252692
32222650
39366766
20390410
-888304
43117696
16997010
19829470
30684211
32403195
40767282
5344201
11918083
17056893
25059927
6485626
13400705
26548823
13097121
31805431
13537497
21215813
29373802
40303192
34549067
39782856
31156441
12223198
5684405
39443542
29702188
2733293
30305246
32160900
37367319
37650036
20498500
16124969
9376328
11177746
30042819
43407691
1363111
37413415
32902639
13134764
2658751
3548838
19807853
31259117
38687653
38732326
32168012
8587889
27563524
22137196
9494759
35904349
18252567
21952112
9535549
40942660
17848952
24731361
42852762
927182
12318960
11163842
22863197
30192411
11081735
27331008
23994381
26322037
10808833
9882928
-101656
3064293
18100691
9426727
16774324
15868193
35799153
-411495
40355697
17769237
38077058
27626792
5616494
5126152
10370376
21675440
3393666
27241099
27542005
-728689
2752121
33934627
40695058
19385838
42704065
42040303
11124490
3176628
2526852
18740112
29858366
13623113
8278194
2677497
33520100
29040656
7588755
12463260
29530564
30175621
23694704
13146808
26214155
1663773
29161765
17649813
15559521
21020672
3881897
1763225
29117835
10456703
4529550
26443034
29480570
39776645
10944457
13017952
27815625
34153641
43039964
28857570
15247309
33908708
4402910
25783302
36871658
37774546
37802512
13026269
30029199
10688971
23983690
25568370
5078361
24175418
26464946
3100738
12659374
33944820
29603434
14704922
38155902
15501906
3623149
26476623
31850622
24997355
13201550
8936845
3811356
42195219
24598536
21311094
42680831
21406445
5119299
29091325
29101729
-667119
6585286
15140739
38937412
2896945
19300113
31122639
13943873
19779031
39102363
29526503
15894680
2062019
16998164
6678768
41060170
33526441
40932131
3785009
14783770
16656192
7711874
39576732
-375592
31978476
29692749
21505816
33101231
32336910
31643102
43178470
38946427
32693109
1019368
9934684
7748035
18446941
-571157
9098290
-488384
1723543
5540464
2069299
-147591
30502543
21071881
12749497
2435469
37071618
43455177
27049565
775230
1630180
14394185
30372520
22203137
10541556
38835813
621367
17458986
38849130
-415036
11801284
31045009
20137398
14228916
3295795
28008339
4584109
29795476
17715751
28076484
31209771
1985064
21069045
17113364
26584614
5028936
26330836
9185051
33822354
16297642
17276540
7569654
10152291
4461378
14917511
13156600
31924622
29507902
14145369
6513862
22611836
18988312
41326701
37782237
5927989
41242304
11792120
34037516
7299219
12569197
21986358
34615395
37493710
18466948
21409167
19862658
42118101
20646985
27651911
31813432
38531616
14502033
37075443
14957663
9387247
12911976
32184676
6928968
10415505
3073213
5970014
26232025
36626461
33694155
20641487
26815182
27667298
3174895
22999631
14837560
38052683
11487499
24614889
38908193
628287
38722791
12121653
6732766
31048500
28954211
6790724
29395140
26967558
-604697
10875379
1675684
23584741
593446
17659287
31928635
13324029
14718532
5748843
27926903
42501780
28431374
21941473
14411269
8045638
38872661
20376641
7323315
36279146
14069522
23322659
25034237
17621556
26080485
5758104
33921861
32276220
28587434
27693515
18653124
7043036
31260111
13120362
36464747
14086195
966858
435517
9844114
41085748
9579086
20933230
24253362
13202885
24524804
31212495
4052357
36658833
9795087
14296504
19423198
27217521
31220087
15526282
17108937
16953910
33127038
2597367
21733897
31227974
39255594
2346347
-758214
25877628
12440341
3893221
2291130
-586335
13220013
2451767
1438733
34793544
22285414
25466915
32392029
1856985
16453234
24503730
4207025
31101578
3096752
7526946
16889373
5474122
8973572
21051361
20525774
31089015
30086123
38459980
26360279
17880051
39825363
31089251
17915201
4538576
7587976
13889777
17657924
30557878
5840074
23672833
30353711
28386165
16960896
38959846
8146277
12421690
13115273
8826649
33075503
31062390
17336227
25109977
306548
22901719
18392036
13299171
35285100
15071175
18884344
514722
8605646
2232494
15751405
23327589
36008418
10286723
30469999
39679129
42161957
31453701
38016083
41824270
37326916
24153694
10074160
7361365
33633981
3010613
9926715
19323526
6305964
10367481
30395648
34899447
32842981
-535148
20663773
8309813
27802402
41823264
39059666
10592730
5275011
40517998
31198599
42734721
34552982
16607162
43284346
869564
1961133
20065500
6698597
830605
43092378
38915054
6250883
15700503
42463724
22449168
38118715
39072060
15131247
5323863
18878616
3159387
36029619
5080644
37370030
1937162
12666900
33510084
-143755
26135500
22731005
10035669
25764882
6543735
7254163
13399458
26208473
19051099
8386763
1713531
38915249
12409006
29255038
5886419
32839763
37850714
10203163
26291879
14981372
2996358
18811409
17914094
31405351
8300422
18626829
43155866
25234200
19978354
21313708
2356578
32363653
30831627
8824638
41105470
18997883
3430066
19696577
13849547
5310250
10527979
29718413
28950186
3574999
11084797
23275094
25031843
16641828
6825108
25119990
38040501
30781817
24509031
6343442
14964924
37538157
14438467
2175246
9974146
37216174
19722747
2083461
34396616
24849317
33889744
25446521
12072166
41921554
31895142
18078322
28709413
8698721
32646547
21281642
13863266
5286725
18233140
23936332
27576346
36668366
7370658
19475059
43120043
10323506
1435916
3429018
39078936
8419809
39998164
6596493
30559134
30548985
35219061
28664891
7920444
38984865
12152932
36077374
25550661
30112448
38123919
31881392
39451491
6970465
25539137
22106435
37935101
37295640
1151882
22475343
31815052
5266376
19589504
22335664
3266225
27765423
37676941
28024284
29208265
26715079
2443886
32868986
42470190
34303352
18478726
32577802
3715822
10860894
40388604
31110190
21419337
41718952
4176876
18937876
26458995
32795975
11497632
42499272
30011775
14191089
37510790
3989960
33910438
4306459
41550131
6920655
33331079
36132526
13947016
19504052
17113442
23090616
29992020
35975220
19602706
38662971
35468157
4099665
1914722
41339381
20901952
29814405
39670850
27341772
30380204
17731745
40079850
8646553
29261227
8518650
24719869
31413240
11722420
38028390
38668262
26003143
33595258
36924564
18917984
3895215
10405414
11221274
26827104
11049540
40394672
8854834
10642643
24985596
31321262
9157129
14377671
32284208
20137625
16196191
19078849
5169965
20819829
29852834
14833173
2494323
39545642
3815144
3149694
2452848
13632263
37593818
24440344
27968472
42601836
5595125
24264481
24166158
5262169
4306674
6150801
9435044
5899245
5265439
40075331
18842168
16356089
37681543
15869572
32081898
13790800
22095366
-836970
27028083
18137258
29736245
18809014
31692947
17765899
20838272
1035035
22303024
24473746
5936554
24131215
8189390
11027394
25711453
12165082
24342486
14737057
25262481
28941921
28060917
17042758
19213804
27382765
1498703
23570140
-87294
2820507
15038879
36654946
11119064
15417422
31222487
30440055
33311926
24680125
8726234
37638169
14530276
10817122
38256820
40394805
12360411
16845621
2736303
40388595
3747700
5416531
8499871
28936436
40926648
17806671
10861683
12253614
20704394
27144649
7918185
28779347
15901827
36140815
10647122
34736853
30056693
1215233
1266914
36893166
23994989
15141130
31246505
4857529
738038
19701281
19535700
41473114
2189739
28979638
13177667
9879317
31074939
2705031
37734011
4225771
43254463
14978291
12330724
43020541
12716766
3079004
1021420
16932083
20744000
20012303
39590012
6791017
32291208
11668019
31051529
6193821
9813698
-262742
40260909
19242130
36723806
26480291
33806353
7412792
12624502
698431
3774089
9246737
22336973
39877090
42746151
38233234
4919366
27177626
39868025
3190944
13557965
9131458
21001908
15858010
17970064
8204360
36015289
1759162
19566022
25278790
23701270
13743724
20960506
42924745
31983143
41487567
29906385
21277436
24503777
42301272
36552346
42854784
38070460
8625859
27727867
30222455
28122676
1869168
6337211
35486260
33793225
4477837
5691771
26562635
23314753
6147213
20004467
19035666
-263709
14778053
25320860
12840104
41412967
3841693
42967188
30473252
16251449
30476386
37545279
32880482
42725412
26121808
3986419
37296349
22331999
3641637
42459894
1955740
24408902
34219898
22139277
15066532
25864865
32105154
30952713
28207748
5158668
15143159
17116698
9123242
31284078
33973854
19568371
12161950
40220267
3046928
5635908
22181211
7229402
16754876
4598862
32006745
-340231
29839706
23985535
34619567
21481297
550488
13114581
40828219
6900247
5007946
22830967
17914687
10411534
19793048
18017681
12751187
29114663
35812272
2928395
5659256
35368572
22714359
13116583
24020724
15470364
6659487
12425522
10210777
-744573
10472218
3035239
7143201
9287043
9947018
23395540
26521502
15783894
13632445
17985825
38624845
34228925
40727280
9416485
35760528
231545
42033947
-955823
30753799
31650078
13438037
20699371
6784961
42100101
11631496
42872723
6015182
20004031
28172446
39602584
1106246
-749453
19197012
8955672
27936428
4000555
43219497
7798697
31008073
28366855
-340725
29745391
32483494
33925054
11786336
37964040
21328236
19107474
24663799
34573001
30013921
33445085
9068991
6670295
-572423
6277310
38064853
2367248
16249507
33936018
29640951
18793002
27940732
34043292
15100046
35713138
7533215
23776115
31101735
722273
22281927
10627450
9557002
4654091
20077772
14942666
2320166
22203304
18342129
571861
34367541
6091126
23103209
7531150
5094221
3669792
14365252
30096161
32648621
35611101
15638024
7933384
37582026
23494652
16710180
22499367
2923993
26177484
33151460
17844084
4710208
43120745
1216573
19935662
24484878
18748852
-516268
31649092
8199856
40754162
15599686
1360674
10243052
-159100
-45429
10988757
12692435
1874622
19215953
32032497
38760114
36020054
38215856
20706184
39814107
20805166
27294933
21096524
17536743
27432355
34809355
19826980
36379981
23388872
34246233
3358966
19709746
19033213
31539168
29704583
40109678
4915461
25006024
30249316
22776975
11169677
29899947
35344689
27634683
23361789
11953418
30716061
41312667
28649996
27585183
6071306
28315182
33560306
269703
16775248
31136503
36345418
37660658
-590583
38616131
9300118
23139299
10611696
43310279
5461472
23090177
22604254
37066525
39899037
16906332
37964960
9683553
380533
30753268
34494585
20964197
32446512
29492046
15716273
30983090
20405221
10031935
36699397
7571112
26161191
-744622
4864420
14304319
29705480
22495345
7585621
32408030
16705271
25452607
9759318
37995412
27591197
20515969
10597941
5973108
26241245
25442823
29690268
21016490
33547295
3816645
20470472
43077305
28109821
29008688
5984114
2640863
2280112
8610700
19299081
39154273
15586124
2841896
-647969
34671186
1504872
42484668
7071221
25355886
17826802
19180271
36021754
12840110
6569367
42824811
27357010
11889903
5535863
19801523
11390356
30441277
15009864
20548369
5180620
38095706
39889032
23658425
3445183
22450557
14463449
-434840
37336224
3218842
687999
4266983
40172411
37712897
23125034
10908516
23333159
4479488
10743901
141218
36260392
-601492
41260373
37309026
27993821
23585442
21641015
2578211
34817644
15264465
29238442
11253517
39621979
14208805
38302154
38253955
25930246
32053464
41481678
34476816
42071381
40225479
35882761
15721015
37462212
16450937
8059270
15960096
33359061
18225578
12990919
11573724
31371247
40772967
33296411
15391353
6036618
23093718
19994438
35660912
42864259
257097
42556128
7745560
36982096
37966649
22485996
4604965
39437846
6249963
14638000
40113558
24454762
27573663
3496297
13748208
36806580
18544251
10187411
14681269
15484828
29739806
34101403
1233901
16946117
39207603
35475779
32855902
34509827
40825606
27613982
37082836
41302264
8343557
27259597
32360283
6891193
12202754
24841036
38305350
30311348
28263324
38604287
3397867
14396670
14152350
30916653
2634591
13478202
22887404
34021133
21925847
32769954
35881975
12260671
34812384
34082303
32174235
22777274
36299794
28383245
2806562
26374840
21844000
37780554
37393436
31649655
5526601
24510568
3951670
16581305
23100136
12492804
24480431
39859805
19478027
38894728
38993544
38382901
21609964
5325026
8988932
11452496
39899994
21455693
18912464
33207172
2005075
27119805
16919898
35147810
10906594
33061643
25159846
11535401
24312882
27391461
5334961
41884559
32093083
40820832
42094203
21380733
93723
33952155
34269159
27754582
31096182
26873144
40325619
40051227
28484971
6725522
9380810
18548326
39876415
558331
6307745
28783468
27886834
14298762
24287538
16908972
41575328
19045628
27054576
2413544
27929313
29857172
12473601
8071256
18039711
42761236
10417860
42477529
9842992
29017837
39750728
4307265
43498424
16686687
11190895
36312813
40685953
5287989
43380770
36431872
41120022
31432094
9075759
40484536
25746780
41201681
13150038
43024356
20713393
34560493
36840287
15895368
10549825
8451803
33191006
40681329
24540723
5716261
13232327
6973497
27096566
4965865
28358215
21868137
38922745
113870
11539165
22332977
3677262
37190419
14922224
29978248
28144834
22839411
39489864
18221943
22323216
39349874
-962035
13217263
41268749
9799555
29946195
28143981
22632572
20110129
34187968
42238433
10199130
7289281
15419856
37993617
23049140
26966959
12981347
18735366
28759355
2550893
4168941
2721991
27901364
41496428
11811244
-703758
35936667
20686509
42651841
32088245
17432341
32391788
79003
37845827
2168738
11563697
28784821
32602854
9015792
5033102
6692380
12356946
4987831
8979004
24722285
24782659
23312261
15669237
31454274
28386887
-218272
13883865
613623
14104012
10872396
1664391
15676443
29942872
32447806
4939551
19045796
2362907
21241975
5910928
18347942
24048686
28366978
29455281
28455767
2365354
-1053
7286024
16341437
26328738
23544618
335620
11792930
3936261
37937193
19183207
36012916
1956079
6892535
39739036
17936795
12343782
322363
31002709
8885035
41248632
27695611
41521194
23092661
25245992
41999717
34028631
32894748
7181607
26567050
3318399
29810075
15327590
8400450
11556729
16925216
29187948
18494026
21584070
14686396
2114535
17784651
12759977
15434026
39573488
13973073
23654223
37826053
41566975
10445169
27206094
12889899
24131789
16740106
31777317
12887533
32073798
27204351
4430424
9023873
24924805
30666818
4010103
1615224
25908589
19311607
41838117
41526380
42681364
23584134
24497607
7536389
-297206
-858317
28587528
29691696
36760829
18891057
22882049
8973640
35088193
25533393
3176469
7141529
18408222
17598899
28162864
4969916
38090117
10041624
26544895
4787531
3144495
25980621
3508571
36965338
41912414
14358138
28128004
25040881
6424642
20116914
20256486
39420367
17333874
16563529
19982361
42328577
41956683
33693866
38083376
32565576
23467766
549647
923036
40897184
27345918
3755162
39884057
9747127
28843075
12952690
21217705
1863163
21745488
24775776
39409184
11421978
24072625
3057692
6774265
21719475
25123106
11232314
29759393
20925892
2611762
3862797
25224544
20948721
9504069
25964339
25304204
11157304
43231071
30073261
18510723
40542359
13798037
39762222
7736743
11686663
24085055
42933937
17270020
31710775
6972229
41555321
22277598
32000574
30712662
21828474
10404761
29217344
28618980
12122307
13263638
39545341
10240911
39380175
37719025
23531719
34190850
-825955
15506589
36909030
42584992
15717881
7887690
22122567
32674547
19942789
19995866
12370607
10283636
30201757
31875437
9934056
34353749
33170326
28517066
18062021
2948834
28596128
21752792
17387172
39135389
28817355
29358127
19501023
6755724
39443615
37139037
34974378
42052969
7513301
41182222
21274944
43358424
-301793
5643834
-372230
37841548
11136078
27344483
25670648
23426058
11817742
11714952
10057936
10765081
37259476
39233753
29655143
36332581
14435616
26931389
20059995
39327065
40448972
29710401
41599340
39358396
30184821
8293225
24796440
40581212
24722454
18135297
37156757
38473219
34186274
20611464
16549334
13181901
21845575
21441508
13497379
18702153
39358087
7687507
27189095
18407786
31800851
40940126
20989558
29037191
913631
32809759
13070121
16892381
1535940
18315926
30541161
21677723
33377966
41007860
39212277
38403397
36837202
26136392
36022048
37561291
-226532
24176215
-895670
13711497
33695320
30775895
35521036
25873621
25638146
40335299
21243676
2377834
17710279
12532595
29859582
39916992
11807609
42826471
43017971
31382149
42638343
27236566
13535481
21710149
10407801
25683748
33125117
36693466
26498200
43486576
12138602
8422356
34268179
13902115
16018743
1478388
18319870
21703844
33420866
18801388
27953011
29376247
21084400
12921956
38207943
25891275
-971542
40712519
25614595
33902223
23927193
40900857
21492733
26111939
7003270
18612308
4889953
-404287
10052825
-471417
33820099
4589722
34636905
10424045
9152549
36315789
42689279
28316525
36215405
24683760
21432506
6462833
9880999
18105899
19166859
22977881
34520517
23895710
7452716
5401798
32940354
3502459
22629459
2063537
3965602
13355011
27643635
29052435
19639509
34954154
11119168
37846256
43165337
24520301
21890179
35611800
42706673
16709016
9215559
37236479
21731871
42923080
27253251
34530993
9188920
28335314
35949900
34814336
32900539
29100088
17260256
23744449
37265366
2887526
9435235
31039260
35811302
28155570
11289551
18242896
40435780
30192568
4368429
38368330
34271374
32179969
28787160
15600796
42516464
41895318
12059862
35435280
32135208
3454859
7318142
24702299
11135892
11183528
12749712
43532951
13165063
8053992
23504520
35845972
13939664
19937973
-98345
5390369
25329913
21209580
35603162
7978086
42763328
15866620
38431117
13449842
2094353
31086103
22014870
31553968
21358035
22010955
3164964
478269
5123772
25128783
36629473
34395789
18014257
9775034
35460301
23529983
15396963
29586050
41942539
18186395
40923071
1278222
14661627
2163366
29872822
19089744
9087442
24731153
42239850
28180302
40787828
20255385
7001824
29135103
32146276
27250068
25318624
22696354
34923110
33936427
35559381
12156211
38809797
25966513
37779310
20519015
19225767
23737123
9868551
17708798
39889774
27773293
6552902
32194452
20921719
32198322
19985897
33241666
29203411
40725596
8586698
15598350
30591154
31307352
38357549
5507785
31833279
41657749
27189403
4865333
33371725
30036331
5615964
6737337
15320755
16505619
11518170
36083630
38395076
39691923
6532624
24446270
27908351
7981743
19932638
19962382
4403053
12069891
33593253
32686497
8037243
15591098
38440305
19048222
33735071
12592790
35673435
39262762
2809844
19431897
14955885
38187692
37540381
14535297
19253260
9579796
13514026
5787210
17741732
12224069
29788072
27891076
5189759
29907715
25622463
39789632
8142048
11822608
8332421
36358750
26089642
19208343
12478779
31769896
31622528
3463827
37993110
25662936
36770122
31330512
17068157
5808736
7260355
26810417
21657010
31710697
39824642
12135863
26098332
-238233
34428026
33681348
34375876
4085046
172484
9820462
8039617
24113467
21430373
8083185
42418544
9239189
11441778
31116429
30788553
9690766
32546834
690153
29132066
40049410
17673094
40652805
745608
35791652
-201110
24052927
3841994
41189504
-992545
11414626
37912818
2596494
34377989
-733511
812964
37239117
30842843
2488253
15783567
25570457
26194441
30914588
2578751
-641514
15759787
10143002
29199888
29400527
16578300
23270249
28962171
11222500
30720448
18297131
40923018
9392942
19915783
39932340
41416706
37253442
39213717
25239841
32284231
22104248
19932198
18196279
29808181
14604986
16374893
16706755
33830142
31230883
19318941
28049508
26752968
1728378
33618850
15575277
18879474
28116934
37634256
41293575
1676091
7001331
2781349
4887040
34938237
3291984
13087037
35616650
8095985
15737418
35817400
39577741
22789559
24878706
3963710
30109352
13250718
36242757
26373632
35565633
15173294
13690572
5837235
37170083
41755963
23083756
947063
31256661
38745295
27079533
1177821
21833772
35991672
17512598
23714578
30963901
30549916
11823006
36505302
35577889
25942759
9406164
27652128
41556904
43237291
40602559
36333820
7813759
5921873
7401313
22486972
10840878
34151508
41737092
1737421
4356169
2157769
2517690
9438731
6630244
17448348
18389143
6597319
20652161
40255775
14026069
7634696
-652495
23978389
32639664
22166054
8275987
33041046
42472529
37686517
17162544
30126580
24648363
1513005
34936965
35925242
34261069
33878820
41043659
23892554
11511025
41407630
32485419
24917370
41931417
22838762
13817847
36416873
13216251
23997192
28154083
37250752
31097462
17549898
1073683
35274052
26416572
27608961
27649886
22319798
6647593
18055191
37897182
41053271
34215407
29923650
25375658
6957060
16738841
29723034
22569074
11133576
9421747
30506872
24210277
32084953
2441621
26495947
6752182
41196410
20854904
28289723
20826053
11469892
18065789
40607843
13348855
36392500
7807453
32194626
17378793
29430859
20924619
21555574
34776664
12068136
24088678
35412695
20132496
31396190
13448942
30736540
3650289
40074334
15579829
26350691
4595102
3090301
34622348
12746080
5409770
40886567
-92555
40135342
39085322
20739141
13182918
12629960
22827516
5563182
20221965
31457077
25562670
9327080
41261822
32372700
15553176
40071498
31683512
1210911
19190509
24077100
37406253
29159754
25338353
30754683
16736310
34425628
23858957
21189036
24097439
5313104
42326464
12488255
4550020
32161979
23341625
17109748
27903958
32368160
34477324
15549617
28910737
29610166
6951412
30025327
37719497
34992328
23478279
11536528
15610585
17903596
20979064
24733492
34058216
24218795
21811942
40419291
38185834
34209819
236643
29693962
9569638
32203847
23279354
8775968
32316067
31101658
11067119
39866646
40009588
26789631
16218741
-160349
29022914
20980292
3290331
-923775
8759882
18952421
14621834
18747978
21177097
38838987
13806414
10526760
40316686
800076
15830733
3317788
34566559
18935772
25594267
5684176
27976618
1944390
35898318
16427313
23911343
28404982
14891254
16828015
26750733
27541665
16256129
33643769
16568590
8444642
1961555
11520861
11608739
42275866
17062859
-716089
9181888
15369219
26895245
16906307
17050143
6949916
1035610
9983140
6586986
39319545
5819858
4499078
12897458
25425397
4908714
6769871
22801394
5640658
16243734
1566043
33476282
31491652
39689156
23487166
20717837
16717610
28340808
14444333
42869127
22544621
21466781
5656968
12875158
15724210
21538742
22612909
33695925
42040301
3759762
26399161
34639662
37111080
1010399
1886394
27494196
28024757
15426695
23524404
41421031
33822572
15629718
34339373
25182805
31357191
39588767
15916935
17334351
8405820
36483405
28246319
22093766
40361564
26005955
23053429
6841318
9171582
40662083
6170158
8257168
