42343262
7300537
17254285
21841299
29637118
20612715
687737
17591611
42579071
13870796
10562812
6176571
31727617
37111130
21599109
37021318
273841
41149788
16925903
32537915
11940470
23866234
31202566
29698940
13684277
27347306
4405290
27491060
35217589
39193239
37834468
18699740
36908317
9895914
408130
1510126
42590332
31257046
17881270
36995956
6792164
11608496
34735823
10506674
36296941
25090846
24101411
37596996
4008511
12557173
18148845
2975874
11881380
19425223
20143354
5724155
38585672
41443952
17328400
4314242
1495972
22961821
28970478
36094744
27810319
4098506
30885110
29167164
18074255
22257402
792703
33959420
28521336
37168787
39312443
14925911
22900933
21117926
36333305
29430429
32003897
5015881
2454394
30207105
27278805
16205614
9506763
43342477
19337966
13917571
2117011
34938285
4029599
29377172
1885627
13613601
38276802
-498901
26203509
8480473
35980125
7099688
8811921
25092701
25360157
22322045
18661849
21728282
38347009
7803743
11001411
35585694
28245889
30819996
28968739
29208006
6751445
15524273
36875446
10834065
39247837
3362258
6404630
-499090
39418573
5554854
33561900
11210127
23578313
34985591
3420611
179793
-209933
3996309
19363608
40662521
34073703
15785327
2573970
21850955
25784456
39557972
16556077
26175441
26701439
32970099
39920675
7610949
33050621
25734361
35008679
18126044
5124450
12776327
32283090
13362183
17693190
8907227
37370393
20663388
34384860
38224845
37310786
15440181
42622806
4198984
37919384
10056727
38376810
26261551
39381975
27560315
31778291
40222495
31963294
23028229
34798247
12618385
-73409
3726550
25796582
26248755
32335099
20165480
12264192
37232182
28834549
43149577
25325806
29143187
28802622
1852485
18119009
39008105
35695904
18272919
10718343
23893926
40614904
1120389
29438478
32016501
6885909
11830776
10729603
21106314
4358253
14466042
37670657
17424365
38890798
14943307
21281561
33353503
24145971
23147562
22629984
15927722
38383909
23581155
41180371
41334300
23442322
14444662
20096178
-846056
-848624
10858254
36985669
6552789
27335628
29485946
42781612
729047
5031376
41884323
7482153
28325688
957187
28807574
3244001
8757999
42215342
41438770
31414854
36991031
43040229
32289881
24843428
41085592
41320954
142337
23038952
27093147
3106550
18175072
40974939
19928195
25954928
38699209
9323866
24947077
32077172
4566365
-407529
41873854
36441209
29066431
38181093
30282860
42515339
11190533
42230047
20900553
31551483
25421290
3495500
7636780
14852273
33052127
31092527
25204545
33134062
28524361
22676321
17502017
39349856
40517089
28314711
5451998
2484113
10235614
15350960
14624924
11564286
40365764
28976203
37456212
22195382
39936747
28764027
7163291
33335470
27208966
1903497
34240167
1518599
6313004
23600987
18442540
34685947
31789399
1428067
34698108
42598378
-539261
3030131
27863625
34833369
14746082
40553284
18475005
14268792
26497608
28449773
29245044
4693957
23450461
9538154
16813598
25005419
8319609
40034634
32365270
17381928
41887476
37049283
139988
26049946
33771245
37352958
29801375
33517603
30008916
22537538
33556638
8320751
25258446
23233463
9458341
29632949
1058359
18680471
650989
18845001
41903157
7059054
-688781
17023292
28796707
20909
26879883
3085011
15007454
25315178
3603610
2174069
9198680
-650169
25633343
12781274
762927
15882974
36852354
37437749
7168846
26261830
11026091
37628355
33573966
3079231
27878167
26984027
29321891
432093
2778691
21380019
29197579
19946218
14216350
18365592
9155048
25281097
23792595
39885720
35530977
4007051
949376
34635983
1221530
23229668
9504174
32088909
1407931
34003494
40276988
14862451
2917355
3072271
2640650
22334047
35233097
35424552
23734935
9803734
14156882
41616747
14474140
24006389
30246874
23909320
396727
9869929
11734435
14913573
26780226
23900155
6463376
10054633
33386788
35664828
28629020
4582092
10319185
1582168
39257116
5539738
7279755
15877464
8425521
17814740
26958579
217611
28241800
25696622
39785170
13857119
41504951
33357631
17226922
10910902
43122239
26169058
33271243
-910507
32710093
11970732
20341545
6817666
2474957
9787917
2483938
36268571
13143417
4826818
14644838
2462657
34329878
10519008
18335627
11124633
12407628
19037117
24607238
39189960
1965994
-157287
26543213
8710904
-789380
33026415
6648239
25138130
5698770
40621539
22737454
11827785
25296145
31706155
43485140
21492624
23317023
34201966
-685640
9916768
27751255
19090641
12420886
6640536
3788521
4181993
41590200
10089236
9584065
35381433
7310440
26778174
30646767
34234112
20084797
20550455
43312443
10030753
7191517
37838408
34343502
1102808
17022328
36666679
27765911
13912440
4187736
35507583
24758255
9763772
6499068
36935802
24515239
41467211
27227754
9764138
30846205
64137
20143418
5531454
6331170
24297705
35947635
39222298
7021874
10206278
6835514
3131358
16448909
40653404
-748657
21259178
29738113
39430255
17800701
30463549
38692102
37764187
21594371
19347719
17765407
31102355
37996628
28627931
16672083
17203635
33411947
28510529
36301507
6374646
25509959
2806104
13004782
13190972
2796101
29986705
16560077
22923287
19079424
7929963
36248575
8287198
523429
3975582
3783259
34563645
34574190
4776741
-158534
28767542
2771492
21898235
24883626
27104228
19735930
640482
29031655
5052412
23701844
17963288
36331870
9054475
31860884
4587897
21973152
27108549
19067633
33475697
15909474
15558330
42615964
40889044
29175441
10550552
5627969
10356645
24050911
10297495
43067663
21905304
16412566
7800095
36553074
10281451
41938249
14058428
7989354
12469191
16442611
869822
10160404
40395248
2802233
40275582
28926525
629168
-56505
21003175
21311338
2177192
22291458
-138254
10790641
20158788
1308165
24909164
4982260
33101064
38722013
12925876
4739741
8454047
32014346
256247
28121652
40231709
11735394
32943569
3447784
27862576
39080722
41873450
8908948
18250489
34453131
8821250
24956
25213134
29645780
33068921
7027686
40887677
37527642
36180733
12064662
23852746
39063473
39170098
26415871
30558977
1620588
24093402
18345906
10444591
22773309
30498818
24938792
41337724
14079432
41744541
6738848
25380413
12106037
11386282
751624
27196351
8413836
22299963
16801847
36462833
20358230
10106582
14828593
4329088
10722945
12851313
36848230
16394380
21915976
15277745
15450726
11129549
37431913
26762699
43458039
29800825
26638481
22156636
34845335
21636899
42195416
23262698
22357272
21514592
730855
23196691
20640124
5398072
34747296
26447574
24256054
23700599
38431854
19878927
31105691
2165002
42909238
13795873
2908986
26904540
29757947
10609402
10389432
9136988
7387069
42152983
1856188
40778872
1217752
30886668
10947887
3334606
33150984
13238419
2111299
1633102
31498327
40786289
33619957
235643
32605979
35408331
18311728
9903962
33740891
4187773
12667541
4214030
30178551
18477542
36478363
39159074
8512781
1137525
24443313
14332174
5566903
43182928
23217297
16242527
11834219
39334038
8775500
18088916
4210505
25519272
48357
23797408
27784138
7978768
31195845
16922293
27280501
20542536
28550763
9075740
40231976
31146493
12636733
11051341
11598164
34664908
20644011
25428985
20804040
28053076
29754964
18246271
18891290
20984740
42876621
8525301
23356622
36588164
19742144
22433662
8874247
10295706
35644363
14964668
16354115
31685099
8471193
26132078
41750432
12829446
19125002
16535198
16698241
25586541
14349595
21496234
3396753
38458368
40164529
22634380
33424453
1907816
21135381
8692461
580962
30916092
40780727
19625291
27681891
25277053
4419632
23445875
10311519
28921347
-661768
39604851
38163019
41900968
24180832
3930026
12149526
40472046
2828864
1885039
15824074
42168860
34599191
37132566
34538449
-441789
31418329
33995493
21005034
36265200
15525836
31547830
12172730
9480784
17531883
28648027
25967285
34764158
27437579
33379361
2934469
41136353
6302712
5227340
10063209
8714587
22540599
12016200
38569966
21276202
4225387
17752128
280168
39008001
19400695
22805638
36411339
9430220
42054503
-728568
26910145
20676373
31894879
39766641
11007121
2421540
730702
11905777
16510302
-401427
40614288
9408231
12764901
2920766
2311217
30780899
5110688
39149835
3597876
16186575
7143862
38404559
19455759
20147479
21615419
950378
28597266
10330972
35097964
9210406
20747075
1507237
40017512
33401576
31548898
-196261
-912087
6253520
36981455
14487286
23362519
624687
30487406
8193532
14351828
39094227
22469232
2573526
37417533
11669879
6459933
5372554
37496538
6755946
-824428
7899422
35563231
19958795
977831
37531416
4184276
9043590
11502342
31651992
24380415
14540150
14178543
29163321
39535445
37556796
17091907
26650486
23913958
4477011
28325260
522502
31049114
18601854
16598397
21930123
23833715
16206932
37021602
22693694
14825139
43095726
33444658
38540432
-809813
4019274
20795543
12464949
39071662
40720537
23272308
36640705
15191369
30645227
10831549
9100012
28569675
10840349
33658013
1301357
13521060
19687232
40578618
25164320
30808352
20294959
26587909
9881347
31581589
31903502
30883154
38894643
22764535
27053670
31993585
41736132
25358119
38659302
11408820
40422973
22736362
10517769
689893
42373708
33522683
33782196
15863983
31446632
40502630
12849820
13026289
31424773
9202956
36460402
6302877
2099727
5786393
36993796
37915068
30595610
39588279
11646718
40526306
32358582
28595067
39075470
25172742
42726571
36110974
7122001
41636334
37559504
4011969
3890518
26317172
22173860
32992013
18690894
39578782
34848321
35251363
19149175
14343921
36367884
5403118
6569950
36176810
36300756
33151785
7207726
32613794
30492986
33611956
43101119
7248337
12560534
2265601
7333970
-22714
33360210
13906038
17978456
16222830
605253
14879338
25871701
14784402
11091949
9344501
34688273
28242460
41513875
34032703
12305274
6194803
7155969
11902865
21386162
3069936
3228205
30745561
5645419
41899185
38761355
11713068
2445327
15168288
36601994
7010113
28810292
41511798
39430403
34485822
8093492
9547551
22138281
32937710
28563857
12851526
1479907
-412570
22551502
26876729
18875763
31017031
27053304
17114430
2988159
41838695
12291492
15997110
39311565
41496414
16428768
39295591
41771658
11931882
22212365
14138365
29276946
-448295
18360733
11906092
41229919
10656791
3928985
12493525
7417319
27453058
43175422
19689063
41219105
1760131
32876752
3280829
12347635
7981819
10854024
21786497
11699095
30563153
16515378
11410087
20129935
9553792
34136014
24911987
5076415
25481592
12046861
3426995
27597908
36667534
23709679
18078773
5599877
-596354
32671723
14656576
11266645
41472546
28780995
19490319
1433720
42683093
37359716
36593256
36185051
40988048
34041190
36142524
29595495
29556781
39652267
40423593
42308761
27903305
22559268
3652379
38136643
35223876
43022375
17826701
41800254
18353990
13769024
16622703
39968869
6188313
35215969
11351432
32510669
38977407
32902609
9806947
21385900
30272600
14077595
39922719
34699377
31036330
23010777
40339794
38830566
40261555
15812513
31215178
4575141
2162745
22953297
12915842
5768169
28147418
28885521
24190167
3609860
24085981
10520228
19409855
11730143
35459516
40357246
35835890
29811117
-488342
24170963
17144450
-381858
26673356
35639138
9993847
23347223
8656479
32840333
4824657
15839781
19372497
17222619
27142071
18667360
4469336
1130196
35336204
3028475
1420672
39036315
20948629
20720366
4771444
16494214
-730541
146006
31382501
16110439
29079140
27595362
18237958
29567666
29537862
16391070
27838351
2374077
41393630
2631431
4395636
17979181
15788555
23559842
29605066
22851208
27389781
30503763
39913452
35617346
20169391
39520463
36534675
8911486
36837194
7367743
28187871
24387525
30683646
8377339
30535059
38642567
40104887
-428455
11772628
26685069
9608276
20938548
16319459
11346661
24377299
32412320
23147517
42729511
20756831
31282155
23987707
38240722
17986127
38870661
11032720
34068608
34420904
41806928
31152157
26135518
8463949
37864991
7944950
26597145
21909444
17708389
-272544
24970421
35358379
42077109
39043002
9325282
31942006
-72720
2525307
42724190
28244484
22791939
23248385
18442475
5199456
31988782
27556759
25479348
29730396
8289672
31711987
23656049
20944601
11120760
11943417
26790929
10052891
2684255
7947699
4946859
28154978
35738822
29193533
32245914
18110113
17542572
-600608
30889234
12640000
2040988
40206672
24858535
8331724
-120222
30681468
37352549
10988496
41319442
35894557
-567637
39883073
5172508
16190538
-940713
33307086
39275661
20550923
26586014
18042844
23608315
9538831
21072300
34029876
41866512
2653328
8679851
5621901
16724734
41930119
26697840
4576522
17751265
23519302
22200012
17986945
37692943
26650156
40058575
25432293
33603532
40122317
20823009
37896925
31605511
42924269
28925400
20529798
7659976
17547289
34910383
15247957
29994547
20209510
4500262
37211765
12118819
26460341
23834388
11191536
39150983
31837542
27143203
4822219
9792198
1754566
23382392
23291789
34133407
16297529
34618051
35636731
35721228
39609271
876775
27728461
26312069
35467826
31459897
13246906
11336617
40773614
-722719
14607066
13559984
29672848
4155804
36320929
2787317
29324515
3013345
21449111
578757
22069010
31573778
24604709
10422350
37238179
22373517
35228061
25588479
7068965
22141494
6545475
26833954
21977336
29575720
11004929
8908901
3327395
29054730
12136942
24500885
42329167
40502799
21424700
32334593
24389784
12223713
40311195
39439753
30551037
7136892
20356354
31033849
-252747
11623238
14839121
12514646
247728
36625071
24741121
35819298
10739683
1099727
31152929
30799648
42260344
8209030
12612317
27501406
35435953
34945911
7365636
39732021
30208996
27562390
32722207
6075499
21822411
38430417
11136074
39595125
12971425
40005829
40084006
40949554
24063194
33470649
17613410
40905369
18625758
29196729
9827720
1410040
12121879
8082307
36395722
17053396
22112072
18065825
41447464
12035906
36775480
18663015
32431790
22574402
11958204
28813866
40597467
33687821
30773103
5758916
12317500
28271641
11901941
10710610
2994735
9820923
27242999
25404831
41472532
35261331
21024108
41173304
38535467
17772707
6265159
4338128
5626872
36523056
23113979
25021181
1429178
29590628
25928722
1545315
41398015
14244363
559409
1128748
30971995
32478494
41746243
41134093
24040052
8344553
31220475
39489732
7307026
8070151
17454857
23375643
25538207
35742071
-770786
17271299
36656601
41674979
30348767
16876466
20899524
7372189
14902449
36710074
38463610
8843632
17484697
30122267
15602947
8004837
42340913
20327770
10612052
4263379
17866370
41299293
12033629
33706972
14639891
37687886
30791874
27892115
22803505
30051197
36654283
7332693
5565220
5889954
25671170
8255277
23113077
33768328
16296693
17345785
3055841
37112269
15637664
17143508
35109637
33643532
32437459
27234066
16806755
18239548
9425789
41207022
5575582
32767169
-282953
24558619
24618517
12816628
13114075
-41156
36416022
7074551
29631602
7610283
41372099
12627369
27657290
15643936
15327429
34721124
18591090
18173819
28458472
34214871
7873574
38856403
43109789
10210724
-373443
34169532
16306943
29711590
4069707
13195495
17726090
-649892
9021430
38112302
13679265
27453715
1156724
34696627
20353909
34798900
8732136
6873109
15337684
36278875
10338436
13174427
27607492
16300422
37231516
27308823
20503339
6977288
30743297
53980
8074928
18468459
43322798
6868911
40730846
3789700
30776131
2185035
35064166
22668831
17386476
14690095
38418661
13945136
18932517
41369840
-300142
29478246
35833699
21034228
23921675
41726402
36915231
29827340
3348334
3770127
20105997
15197323
14043072
11852699
29059845
36942541
26888257
23516775
18391359
16942961
-601025
10629945
30399946
19448896
29612971
17304866
6030709
35867426
9615702
21376065
34565944
26233306
32824316
6011539
9087779
42250759
42363661
25273099
15722310
26244995
36256422
27854817
34306149
24828697
29497996
15730538
6051426
16631594
34803888
35355246
31478596
19377843
1374065
618714
9779633
23462681
9879630
32417556
32103049
29716418
27933446
1171039
3400470
684342
13816062
4276265
29795685
26551858
19000793
25744950
33958284
16796224
17262980
23045449
27295484
40689186
117067
31843658
36497910
7181850
25972147
31436367
2145605
36690022
17574643
9603284
16907019
-548215
26891400
14860831
21143280
22585637
37129481
37961871
10962766
35405580
42986944
18585694
31754756
41680705
35724888
13804913
10886338
-456738
10236323
14097231
19061945
24475492
33400728
2054672
1971291
37629759
14337087
7287326
21472575
37288997
16100143
1183549
23139526
1084851
33705118
-258734
31838299
5706154
2421097
34142790
1387367
23665735
27917202
27570736
20221240
11207454
25341471
27499852
21092244
12239076
23997768
20497965
18356116
1994429
30153666
31242567
12010230
13575598
15539263
28396320
25918055
29878872
10494571
42031356
35448765
25480050
3847769
16711142
32628260
32374278
34159868
42057276
10788570
15056167
10362015
16392082
41054469
5603756
8082540
20273961
12853127
35934418
31194873
14867099
27078020
35458588
21827562
38781220
21206150
5535365
22281018
35246108
21909446
19037236
10303990
26641577
19009157
17490026
1838811
18787598
733356
25024764
6645784
10791713
23750792
5393364
30204720
10129341
16593098
36908643
499927
6456159
4543385
28721273
14500430
24071414
7933903
39015326
586386
16240910
9346462
24771012
2274044
34147930
3752665
13878245
22050973
34494
22513426
10308259
11104385
28946622
41242554
39162501
1537437
35914526
28812603
18392020
27326294
11512964
23710844
24350829
42843011
6716706
40758422
42768535
35408615
23378050
6262173
1869118
31705996
33417723
30367521
24807655
31114808
26780146
11335178
987000
35070646
25745718
30285449
36620265
20116896
4691084
30584627
31509312
39769364
25857869
7645913
17534932
39117419
26834781
19877322
37584540
32910293
10659028
43323987
11502944
-596799
19330983
32569783
6173599
10787953
23868045
32273271
36650060
36937333
10761641
30268974
6071349
4076870
18428704
1057368
34093885
11132604
36205608
39593267
10252397
6935061
40492360
31239359
32871586
41221214
8928577
4021944
40219431
30469310
6147253
29507713
15867457
19762755
26099406
2887700
7769258
21201704
31983559
20299564
36360207
13977245
1034142
1180574
27458558
41226320
10022041
-397184
2977878
18159741
32897068
18927693
26977341
31306649
40872637
26306005
35981805
31628986
3122159
2676320
22383410
703858
10202730
19275201
31397845
36609828
965811
28991519
32415387
4962230
7581656
21046590
7447243
40222567
831262
40888287
10024891
13390376
18334990
20290316
35004284
30102392
32889357
18717552
1955761
34330883
10447523
39836132
4643921
7524355
9790399
11821633
6463657
43514680
21126397
35280922
4661537
39555108
14195307
2416555
8001041
41161424
22367731
2774924
3556196
6300037
20246859
6546836
28336214
10652816
10110393
13073801
31742051
30922934
14212122
31065333
26493975
6968750
31007294
3161380
34847008
25060869
42759756
30966001
35744132
32163386
37033747
32621585
24594365
1290206
31576937
11238143
37065798
6381255
33035314
3343151
14978746
19444152
7752539
12838811
16595742
21411989
10801819
37952
4762492
17061792
33284082
16766893
29410945
41106409
41371955
2792773
35557827
24493234
12922057
33268086
34886661
15071105
18786669
1799031
15024356
25355549
41860560
-526815
1136425
562168
27171430
17462370
6703428
17712729
21565843
12347233
16825696
17460646
39273508
33229908
36975241
7888502
31140551
25670196
9590625
41549357
1018223
-754274
23062397
24553215
13658455
21433983
7962583
39147905
36694669
24198910
31359559
37734676
7560465
2506888
1583744
7937117
15127870
8161649
9828207
15477951
19119034
32309304
36720470
22725454
36582207
-532291
23529280
13802616
21832301
11587007
32728801
8133483
33579572
17032697
34101486
1104062
41702595
-861658
32547597
14699963
12089181
11568712
5760945
13956841
17902935
41283578
28066987
30874460
34859498
10199452
39849042
23128220
30892348
16058071
26755119
40121351
39742098
16234798
38283158
22052608
17992600
12916119
35363655
12555797
-140120
1029667
16423934
6740612
38406326
28917434
2091480
39566588
19640026
14976164
6265848
21522983
26703907
26209892
3028524
9300120
9343814
36958284
219175
39329345
20875269
11992335
8025436
41098161
28209970
36386761
18084137
23461005
10889016
19381853
37084208
10107290
6261133
1233438
30287066
29231966
25674610
5489772
27381924
30930484
3703076
30096813
11766129
42623731
34424826
42288750
15462686
9793818
6915286
9713087
33328834
16826867
28247775
12761308
43483043
37415189
27778379
35255879
6127062
16159543
17630858
31770925
38962429
25709233
8784917
26733067
41287147
656720
4729248
9303532
14166175
5023108
3511665
23676770
13023102
6173101
10495557
31770679
41297613
38074015
12486443
6262191
2876479
27156745
27232168
3811253
19605617
24293340
12220652
12960411
-423503
40289358
21535361
26223450
20666063
25619555
30078804
1106956
28737400
12966351
7343991
476618
17629771
35302204
13997679
9050470
6051353
10678235
42125324
15550973
36174337
5107582
35333229
5271234
22567422
20957946
39166649
14248392
17174781
7080650
20580232
31228617
28144519
24744735
33148478
32926754
30829150
28197608
37985170
11243497
39153863
5935608
27651324
12849875
42626838
14127333
27883477
31048639
8252490
18426597
25456900
41118832
13984353
5763154
13174283
10721242
38161256
21849242
15200949
34649369
20727446
20404562
35482662
19386981
5217265
39627111
32763768
460515
16390354
13968215
24449017
12833920
37931420
33432864
20342894
31700492
18732462
41858430
14220483
23149969
42750403
28973367
11679829
40358185
1933146
12304247
30620514
30118281
31790303
-520326
244689
12623996
27144838
13812490
30179879
11740270
7032180
19387900
17345228
40832697
39324557
36775022
23751274
23109599
42692632
27153510
40770798
22041927
32677849
13180851
24762454
31368773
1963585
19044572
9089176
20356865
38790003
24230633
25504824
2152404
36009403
1430322
36035653
4082083
3861403
1169965
26118466
22567191
32656103
8941261
28331662
20709897
9976032
36082706
15717517
28307870
33826828
41114730
14568150
31481775
20127060
42754181
36035636
8807506
8959894
16592817
3508441
18447231
24756372
8312339
42247049
30391481
8650902
11911517
25224820
12884317
18806744
25045117
1524070
34374738
1805804
15376209
26241018
22454536
25859872
33125013
2756945
3205492
18771744
28747993
31924527
36754626
25735579
37292640
17746815
27825192
29909772
23960770
7633807
32936533
10476332
29646323
37581985
30940772
25617288
33357196
43522264
31995227
10746667
38912022
14436298
1571399
41461780
10218269
34938173
21785898
5813289
11101679
39631104
15202512
33288975
37643704
5864394
-188389
2769624
14670503
41814916
708503
31438862
60414
26449825
39550943
14932125
43294656
17128898
28706650
15533135
15502890
16867803
51356
34568601
30693238
9883971
31778097
37100068
77934
20947777
39916354
24021452
14270361
2206021
22091267
25394782
39240356
12467005
14861847
27812126
17675301
35811996
29622639
40772804
3434672
33128130
16604132
11100889
40974756
14947996
32816456
18992277
37240600
15298006
13023231
31099123
10807268
40382691
25032474
20782310
1495933
30739624
4178191
42672129
25743225
38962177
15763161
11823570
27333281
29287988
20667941
27921639
30067821
6653748
34586839
31440664
1955641
4635308
30920439
41318
25143864
20135300
20145643
-118698
8563774
21991307
30623620
-856542
35343022
10549785
17570347
26070275
3714958
33747276
21061572
23247269
41358517
37230257
23520791
11710515
38580933
36763234
7867511
18458895
40512850
33811066
-936173
8033993
15429280
32721178
26340400
42102542
10860002
28754656
1920006
41304204
14022022
9179215
4835153
14310574
27567077
13693940
3468220
11865902
10544898
31411952
35920643
9945998
-506568
36364680
10100174
32898429
38074010
28081441
30535330
18685322
39496933
35251655
15262555
35904087
36400883
4668290
39989603
9702494
34210035
41657703
20399110
29452821
32430873
7752434
2079230
43469573
33096082
32036889
32278566
23066806
8351040
11317661
11255937
42204219
14373379
11434556
1719699
42524667
40166094
11038938
9549184
33899448
-131884
22000311
8271394
2886509
7445053
35051887
27599384
27295675
3699949
22333035
2295582
10313671
38392293
32801694
13110813
6202900
14637517
14148115
17064174
29427600
2287530
28699978
41958770
41929872
38992004
910133
7135460
27644218
5456673
29629773
13242564
13033110
23392859
15148886
27721298
2849768
20383728
26684209
16271964
2922131
19288412
522317
41215754
22107633
29227575
19231726
5201571
31107743
6994599
1045036
19428397
32621711
29666962
2456262
29486958
-352808
32644704
42830778
21924295
27200050
15280978
32476996
21200541
1388420
1473762
26496277
6966308
26603845
40227443
15316374
21229736
20671070
10657914
27233476
29713079
36647561
9664971
29723328
17964227
5657932
33171866
18751083
30787769
24093195
18957187
15152439
16640003
6153140
2064909
1284126
28391356
2591351
17299796
2750000
14218522
34259341
11087053
11530428
34901061
34409165
29265261
32309854
39574178
12100213
36835162
25715397
19132301
3201214
2862598
21951060
16189656
17382372
32135423
6134374
14489745
9078204
14157621
27005093
31655896
25836381
5039997
22075015
3126838
20829779
30811908
7403696
36285381
40984324
21306420
40262944
17675826
34234389
7602631
4849014
-799958
17545665
9327398
20644904
12243539
-376326
33606444
14676694
30294979
4224007
7954982
8693748
32922673
33549438
755650
29138458
6633818
14023793
17978389
24812075
22965150
38284643
12789206
35588549
1610938
4779388
-552932
21878524
30649576
22443365
22951201
33933229
9755225
25737609
26189728
15206482
9125601
22039224
31064088
24206558
2624678
18299235
30692280
15186164
14804017
5324402
31765727
35714834
38818849
13665052
28091351
38623584
29884606
24401451
2064336
31120301
32236531
28508443
32147574
14995256
33826671
13088542
6346980
7945925
43431442
40415232
19506383
30663101
7391105
39892859
24230148
5262999
29597088
11891586
10248781
195668
10782300
19506434
14733324
37482098
7784334
30586925
22325745
-80489
37627753
16208713
5296061
24179524
17780835
31379891
3636678
31814736
5935352
25070515
1924323
41138494
24455313
16080660
41233730
19606138
25227964
41594214
396946
24102898
32749266
43291572
-245505
28744367
10290294
-463876
9706836
21625130
38180247
28303028
14007531
22323325
10557113
32907123
31952925
37828338
37361335
28730679
40859419
27123217
11488351
29040971
11462350
40582377
1358199
6615233
7429950
19467197
42959293
10011727
16334323
10414871
31955169
18596616
7092436
37001429
2609112
36232123
41004842
29826058
25184124
33139625
43458489
18914796
38227233
13740177
33001218
12223184
7627962
23093504
39327605
39814886
38093658
1715801
42757503
33153591
33656130
15073049
40081777
6360198
28947154
25771949
42111093
30684949
33829199
22020419
31415018
43202563
5305283
30894769
19986904
16792612
31921414
23741364
33190483
14857913
27818567
3789273
8955200
12733609
23875038
6446288
23943212
7932431
727296
5746943
-820612
15138424
40565786
40575489
40644677
26837305
23855449
-310209
24082650
21337775
10577480
22725932
3673301
39082277
9341828
35809836
38659843
28673552
38091858
22130430
41775179
41333612
5500127
20292363
38471840
34884101
7694743
6800521
20418860
-708692
32929387
-71311
35445207
13070778
17939517
23048720
4597944
17650741
9581509
29747820
3852447
38869604
31668705
2426012
40739496
39946273
19243977
6951724
21525333
23546684
3009526
26620195
23472952
15726426
29792946
33430252
215937
24951332
3877364
11491009
17680647
43079168
30538831
10335827
15757849
19743702
33071404
8981762
27036432
277017
34424108
41514649
15760197
11197797
42023822
27096969
24326467
27904041
33974877
20367106
7146794
-57866
2269484
1376432
13722298
31010044
27763559
14347606
30625372
11554146
21079269
30519608
9120145
15708171
11387265
2357860
25798251
31817766
36587769
32384075
7834442
35406362
16729922
23526602
18868783
41253907
28400259
12532677
16765943
30554413
2543212
39748882
39053442
1475830
33226460
18730223
11993865
43214322
16439791
28932610
21299836
32821596
27974748
-770248
726141
40673086
22093422
2450930
40709855
13594045
21387900
31708575
43267054
10212573
27698150
11316423
29705175
24873217
12769594
9520056
23350403
3593037
32464627
27230654
18966500
24886736
14821529
1395764
27621930
33467709
14675296
26171717
15916039
24458495
20905378
41554681
2647984
15721576
18341567
663852
3870742
16997938
27793754
14241401
32302074
21129045
9004325
31094067
28394204
43029223
10462060
42281909
5758370
18604835
8277100
36674993
-369315
887738
41455925
37303592
13121729
27410938
30520945
3557873
3426242
22843862
22481640
29871908
6773001
42742335
18015682
28122554
24318851
-274718
3797377
30634977
11627932
37816969
31800634
17592813
28191422
38248342
8667826
40638235
38349961
12407579
20127259
22657196
29772055
16895107
10917194
29962029
34655233
10808072
27627574
13004552
30947118
14375665
20522590
36775214
527955
1107029
34406195
22464609
5813832
11010044
32003089
12783468
40831130
41552451
29836973
37380413
19212327
17169660
29218114
33221922
10200099
14977846
31935511
17438718
27480632
13399461
35992952
17727115
22558219
17854948
34485558
39956730
34225531
16952380
19136411
37672637
12851999
1573535
2619935
35644495
6050333
42198951
3656240
2785379
213537
7937437
15953300
39745879
7860163
42763288
16005503
10912253
40759783
24363879
5194914
-906079
25934242
3866036
18739794
4292475
19778631
30947149
37785351
18807312
39385721
24920457
7299051
19253096
40604745
31726115
9815820
5738582
773504
12119449
5699663
19282937
6627646
36146939
32280606
38760949
5854983
-549772
31081244
839863
11951011
1967128
41327636
27233352
28634967
36763304
38652298
29567228
6983656
12607103
13973003
19915258
9847374
40911196
1488874
-854142
9248888
36825141
1746075
9244610
20428547
12231653
6183022
36364738
43179196
40087612
19488649
12831681
9213110
3310172
33240061
22201999
3734161
1389829
28449204
35152408
16225233
3341439
30786094
12597289
4384148
22032006
3645943
41224585
13188101
10769296
26366275
5629514
28932462
7156403
21826776
43010698
20748412
5295544
31878135
3373813
20654505
39256242
33194700
14514931
27686303
40839245
40667366
23579692
35142123
23092030
40139664
34540516
26482718
16554558
9109010
17808042
1772109
8683731
42949194
9298761
20115863
17347536
37712189
32714644
29382369
79918
13682286
12028297
37019474
10937415
1323001
30050569
2872904
25328460
19705974
39334071
16298543
13230311
39211394
33545696
-20862
15463963
36011383
40024324
-711335
20415810
30214276
39681304
37631108
10304502
36777685
39427038
9827356
30543496
550674
32389370
40828799
16218129
37240498
15657613
32977585
2235773
7902645
39830798
9880745
26685570
6648065
36587697
24197041
17090894
10313037
1232265
30512663
42713806
153923
21560367
30960231
26054571
19742955
5140139
16514706
39732327
1616624
3904935
30796649
1232778
5995118
10593839
30617844
20861305
17550100
2058093
10063391
39894282
29345374
-867478
9248989
23412177
13309973
11582080
23558296
25940677
19732660
29535668
33794052
10806976
2986341
36606672
20816836
16874089
8884171
42507652
32643591
12942871
6773368
39780460
17467008
24202691
41068491
38810606
3643189
13855924
801211
25011583
10572369
18590392
7735732
25093108
17044023
25794156
35240015
9051613
28851802
23867506
7593469
9133721
41860360
29437154
42406584
29480016
35181216
5623007
38553214
28607262
18859296
40970477
26890554
-349194
16547583
17724476
3934689
37395145
36608356
21834674
25921376
15885016
36460313
27207391
-296372
27460800
15893366
13717155
16462286
4118965
39581442
17834373
6527400
30894092
18069771
20658388
7464323
30331108
21846517
32979391
9784625
31151428
14097160
41510217
36419475
34203675
34016804
26116508
29017414
37446759
28834629
41419775
42226818
35469939
18577381
31697724
6689411
41626024
14061832
26249018
11839957
36006532
7484558
23634998
30872348
20908213
16019056
9327893
-962408
38383783
16568173
17384920
27197282
26667487
7833220
31965066
23633422
1846363
27407806
2128707
34810205
34526278
35290335
3200259
35896964
25021513
6183036
8290039
40692213
8371661
17821736
10300131
29483814
20133318
863248
13448269
30553144
10946751
2185065
34570085
7213778
24017714
26055721
6813882
11647670
34426899
21373550
-971274
12563889
37777880
7719426
22132306
22794198
42802079
27649570
20471159
39390615
6592995
15832863
39016645
18518711
33775656
1194222
38965392
15846896
8280893
33755789
39995529
31138341
21159280
24479084
23629018
15029642
18266073
23401753
28819586
43462433
34367859
14615097
29071198
23778980
11860821
1764141
27649150
14226707
31898359
11268127
4522539
38287149
15173350
31449574
3512739
2289007
3504330
2724203
22632261
9148737
10119802
2465670
12204020
30051505
182391
32799780
24398691
3194687
-233499
42591098
15455805
-525315
22000465
17231541
33619130
12912665
42532281
6958790
17884151
-665226
20968759
8693463
16478991
7912854
37034037
37445787
40700146
23137013
23732117
13714576
24540280
41938207
43370092
16256968
35106367
28669491
17987958
23524606
36444450
23674840
17825663
28971325
4123737
32180265
26531587
42442889
42825699
41054518
38464329
29669700
40757325
12386407
39981044
6766868
19502201
3322153
25714539
9089489
7562620
5155049
38154336
59574
43244703
12324770
23094644
2893388
847691
450343
34563005
23176940
5979636
17407116
36151234
42127853
39834698
15908097
3128818
41407842
107379
7994945
4654889
13855380
16968281
2119766
3515284
40451228
-690029
15299892
32900961
29979038
28860173
13386668
-525493
-484551
6528718
25129634
24932220
29775094
23676950
35511391
30001543
2406995
30807861
225442
22621786
29603363
32607940
12827927
27183342
19232787
27777772
19004595
24984581
7563960
28855602
32378347
33952027
36357580
15330314
43217352
7785084
35722828
31324864
34235869
16664306
42502082
25678185
7276850
6390722
7152296
30777112
12440471
419060
29939599
18428773
26024145
34675744
23931951
10537542
29543625
8568847
41015357
16985820
17733319
-515731
32493088
41870848
329398
25008253
7603728
3999035
13181802
39752798
18761698
29154971
37258792
16332653
25845840
22573119
17155266
18361234
40698231
25146598
18292200
27036877
13410490
40916365
8206085
33554572
11044190
38800688
27902013
11487248
25305971
8376028
28292150
32272573
13046831
5904981
7351214
8846258
7207651
30019174
42631389
28142015
33658797
13715042
36753683
-366613
16147909
4808473
21196804
3829650
11547277
5318806
9903281
29009358
38932997
16288800
42015582
38438344
24522105
21040746
21815424
11538278
25532034
15878258
8181589
-676623
32869368
13178871
30652686
37993907
11200407
34651476
33802686
42276734
7186861
38273912
9317376
25770739
42221411
42851036
1623910
15298392
30589266
1012509
12252562
23135670
1759443
25317420
12415519
26814931
20660279
-391162
24720285
22705007
29564950
8644011
13081030
11539258
29057150
1940587
32578260
6785664
30247872
33832876
33835359
15698101
15936661
25701329
-880690
39065689
25224730
7860877
8332005
14311620
7194146
33961438
12268695
19724817
5361899
3631840
10180472
21639905
20201261
12148656
30241696
-784007
14649856
5365318
21532636
17841467
11178953
33894123
708050
2704143
15460455
3535063
25913606
13045077
18726566
34981634
30579537
39760640
-243209
9148642
22586201
38637560
20291966
35815188
41334385
36691389
2453270
42570657
37560181
19500316
7933452
15857905
21874758
38128038
-542744
12345134
26096258
20779928
9014241
39553044
35393921
14442127
34345054
4862697
33702497
16061595
11576108
3317398
12089677
36071003
6772073
14825450
9474066
7383075
22817472
14171769
1392269
16041204
21872592
-799060
7780318
3884329
33624195
38287740
30580537
16146794
10206410
5316936
15200992
36296597
31966512
6984217
29045310
40784252
32417020
