36779200
9345812
35120515
38571804
42910328
21509174
36758269
32363038
13865652
37380964
28282346
10276099
9258913
26972885
1223296
35697491
7384252
5933419
33296770
40680385
22892255
11067749
11539291
33319223
28226511
22135446
23710449
15243994
24296752
31370034
-143798
-665535
28829765
25003187
6205414
18148609
2217647
24517019
15356930
6294679
8630612
42172919
6985674
34916269
23058646
21364275
28240739
33015708
18736052
15908769
12881035
21748913
4640023
41016467
41718721
43077827
18371338
40118662
42777785
10582799
23229018
43051943
32493912
14428189
29069465
20573592
21108338
41596303
22665606
22693840
6260928
33716836
12409095
3095591
41263473
13611650
19586918
18079518
35874795
26188131
38714750
13072832
11762111
29550055
39400287
6464631
28490559
16815340
6339106
-52289
16355000
20556763
39574937
36668188
28190125
19850907
13939507
16503384
25263254
15996034
33923208
26668085
31265009
28244246
27015996
41885567
4238805
34711203
24714664
11197744
20401475
31278701
14944122
1517307
21129034
20833049
33857277
20183703
14104135
43132022
18524479
4213854
3048645
3238817
2838283
8897733
42213811
35183456
29618351
42701098
25982768
5440238
7579966
33061090
16584193
7122385
373699
32292122
17080236
6598681
33436241
10077999
29537349
41638219
28819009
5280842
38332582
31897443
17922555
14653238
19372122
656929
24734241
41770032
2255703
24595213
41729509
11842032
10138391
22849000
30524437
16704426
39553521
1717459
5616150
21263437
42175131
30517443
29199501
35018164
40819577
16591055
7901950
12262215
6135099
33841293
29533997
12339209
1844125
1429757
217497
23786183
40331025
27403201
19056447
4335511
26623642
37628879
27816868
8051608
32590468
22938370
8493488
36475848
39915753
18617935
6878088
3504728
43369016
37683531
28647983
28848914
29255669
11910217
33441546
6597804
626492
4608683
30384116
12206309
20093912
31174177
4329034
42384314
1072499
10912391
42660580
43156474
40215368
31235456
30908755
29060459
37694229
34581944
36180014
1881388
28388691
-764993
3990064
14650784
28685232
6335746
-780463
25566245
27439546
32324381
6126154
21426156
10322933
35673505
19846131
27598452
21326672
26995099
13913178
951177
24922224
4825988
23569099
3578767
-724647
40150224
-868397
14296371
3567871
5835566
28970551
27709541
16631798
22652929
15302319
14241562
15063760
22397718
17991320
26096005
16193160
19286510
3320345
34587922
8864907
26241099
37256713
3780991
3226409
37872467
41890449
-2163
29048483
12224097
4547165
15309337
13260560
22929829
23630389
5189379
39970037
6031219
40044896
27046075
8316422
13861837
1575518
33706061
26216071
14877880
36793726
27994939
6909347
23989070
36416182
34852854
2261667
27845953
12564427
10897889
4789721
4509311
26285620
27312839
34042753
43045287
19495318
20785311
-578914
42077172
39502630
43477166
40066643
28422591
16516661
7072476
16460719
39891846
26793090
3072902
1948748
35938941
3470406
31133777
4492573
20318155
25210951
36573911
30309152
11791644
23023169
34507989
10314579
7850633
14097128
14395101
27147067
32604165
25662234
39113597
-156045
2455882
19100448
43177148
595417
41367089
39186911
6038123
33658985
8185207
35095652
26481947
26533984
35948490
41820860
31147802
14081940
27119298
-276015
41017601
22003172
33939321
16664985
1571176
25453387
30215682
22374829
30049491
16235220
40821272
32125078
15836245
32016380
36924649
11187997
15007717
27337718
24317128
24387746
27494971
30466978
10315871
42502802
39801520
19148916
3039584
30738802
32913899
5730392
30480975
33156894
9813571
8921493
32749411
8019296
34132697
19796688
126660
31146059
21088668
7141225
40119200
36842776
37755301
34929904
14024250
12411692
20129027
22995825
27276124
9279874
36782978
5907906
18867857
23223
21860132
33432294
4777490
982440
2316987
42883068
30512566
29525107
31384714
15604621
24905327
24359697
10196807
2494475
29944822
35471659
31693534
17803870
13607309
14831856
26077440
39723669
10087373
25124763
13692473
30701642
23385901
38038892
11996958
38822644
16988613
36021286
39461289
37875871
21194989
32242016
40810973
14203413
25515078
10449952
2491630
5121661
15623432
33572688
6878023
17883247
41657957
29620202
15457899
21644652
4569589
6060994
2541950
7410034
19615168
1249810
32415769
24548969
10852920
31808200
194596
3076999
38950694
30464341
16600712
36918448
10141748
4411137
14558788
23241912
14244350
23690404
34041992
4660933
26988939
1336512
3868927
22933865
231661
41510683
43431375
2865103
34344022
19585674
36978636
917444
42878317
27485854
1364543
34177805
8926547
31388238
5498208
595555
32789426
19775960
30065369
26913919
37027549
25233431
4463591
9291427
38109649
10285633
3130548
34651262
4678768
35113471
13379588
6076485
18340356
17055862
24354593
16251791
26477646
-444458
3173541
34043492
32641946
32213249
27308227
19114584
20136058
675153
4785432
10396484
20512951
27455520
20408587
7457304
31182055
8518148
4966339
27739456
13411652
1560461
32789274
1192836
10125221
6206341
21376032
32826440
5292270
41156515
2043381
18116286
37291395
24294118
42965388
6700403
32833205
23525752
42314966
3874650
1169000
36768422
3800087
37453936
31859204
22830800
15439289
35343514
28614346
34366533
36582599
28374047
29201658
25474877
8815879
28752281
16229982
41684319
29661480
2016291
13001936
19309467
27330197
10510913
28930791
10360029
16224480
29571584
11203033
4801608
30451496
35606456
16489407
30852755
18796132
17085317
10656188
38151337
16649832
7893495
33874516
21296688
4051642
23338009
43398678
15071963
9648553
9722350
39938359
40029513
26958783
32922553
17918097
29994671
18681114
-327750
34135133
16400143
28951567
37503973
4074619
25554980
41273409
36880371
17675067
36995253
15035935
30066851
5345764
12881940
764656
39954853
19805871
9285919
11410801
29023721
36711635
22873715
14075040
17181515
650342
14208438
24231798
33100485
6600083
8473651
-381100
16725726
10351735
24270126
2849598
15139055
13151223
26786421
15935405
28432396
25780103
10289205
1662530
23537906
-615272
43299830
11325459
36506921
29908558
25711417
18679913
15897338
38196712
7738790
28001269
4762776
41645133
20550290
16515149
32720875
20876366
40600179
26259667
37923698
7214376
26036785
37487640
7441413
5510056
10722984
21523293
33418245
30105008
25679525
29238525
16173470
22134032
19574796
35733085
6180961
8404864
26486141
23007539
26658119
27767166
30570814
27118010
39597504
41309952
36205522
36426945
15756889
-900977
22527267
2888542
9869296
20622227
12112198
40073614
26304205
29053522
20400246
28075068
19912220
6709397
23621543
38164834
14326505
21042281
23499863
2059969
30238552
14027449
32604902
28603238
495292
41265469
15600980
12394914
28470180
7617983
23957032
6799661
38283705
-578362
24568401
26294580
41281023
-719577
12259168
42590192
17164859
28307089
40589145
43288080
13019672
43532831
27539796
3082909
13577612
337400
16286007
30072171
2428771
8797297
10493487
7836096
2182849
41043894
11070728
34560189
2657839
8991670
31214371
8955600
33431892
12987674
38202230
2112789
7970774
41772649
34734817
18312838
566234
21940003
2562144
5824911
43470935
39105337
14965475
19587164
35975056
42538814
41735297
27157146
7066452
2135400
10372500
5882847
7726430
3794250
21308734
7732657
28676871
12463649
-793971
11155782
9796710
40877238
1686600
24545062
21345689
364542
28416721
36947620
21798052
31950515
34000536
23997912
40675739
12504749
22429441
489638
21453054
31937741
25897283
3866053
11706268
10393973
14035549
8664877
765766
8844096
36582103
39244463
5425915
40351774
14962104
19078880
29289106
8532834
10567820
22139106
31603674
27263142
37408919
5090191
2752825
30408020
41095618
34965443
12990721
7538400
8139757
23472322
37143242
34483602
17257058
27231450
37535664
7479220
20648183
29691658
37632081
6232082
9280191
38844142
41855510
21892140
20224626
30103945
15191448
25041854
10815163
27018040
43418613
19042348
19476097
43532239
12059833
27449322
39985857
36478605
42143463
10630719
36863507
33832847
28784496
22305833
34248964
18218990
2400346
37390970
11715879
9095354
36904173
15259070
36850163
25321218
16952365
16768254
27368734
41363027
8484515
1867558
17633354
30114538
33139604
24614497
20977970
14213349
7373243
30952177
33322636
30519595
21171840
20783706
20749934
11835085
13220182
36213890
15005708
36628031
7787010
6979870
16309307
8303516
40391036
-965783
24643339
38689967
19187094
19457722
13935120
42756991
14581829
31262546
14396952
29688176
2426832
29886520
22519037
5397472
36582214
34731270
23742848
43006063
15001524
13917929
32646261
37015998
10226690
32697104
13537341
21390825
37821770
14698333
40551192
20430130
31343402
7890086
26508580
5519738
40400133
35827935
35547549
41857989
30001187
2714285
13731872
-403934
6626285
20615906
5797463
24684415
39186355
81362
1363453
12433439
32736676
8374319
12598697
24933514
24673071
26644028
15493716
39678519
43466828
-985335
2613586
41246731
13177043
7354086
8018986
39699749
22233686
41770113
28842787
5258254
5427929
39343228
23704443
29448014
37441488
17314793
16925794
41625621
24064584
6385847
19841234
17956484
14755943
-773253
14609686
38225561
34074127
5615607
22893798
21942514
14364641
28262422
24563558
38825917
14901830
15500544
20576846
11147794
10924069
-6018
39144860
30040116
34403457
7951835
10698675
18328123
33914881
43460076
10655228
34743218
25252686
41563547
11659204
31713637
22787434
22542480
4011413
30856532
19990770
23811157
27463436
27837029
23110972
16084170
24735048
34558361
17193144
22397423
-631697
20466117
23785547
228950
36218473
7473285
27589082
33724683
26838157
15213754
28110671
25427819
385549
36623260
38808941
36844446
22390504
-609260
8072038
43107892
11214285
4948298
20914172
35031451
3859232
11681857
22659898
30813372
28383178
697424
22030946
41836339
15243392
25438192
41058474
6560626
33546840
27397562
36276502
25129887
11753168
3105459
18001259
25172628
23740449
15140272
29844979
36718160
36810275
42964468
33579003
18346476
9321563
43520317
42215339
15588973
38969804
24794389
13525939
41962957
6067733
24974881
15513225
36845412
10805293
29884331
17607795
2392587
18014391
11847445
30839527
29268105
24254673
9608066
7268084
-426528
12042062
33093407
29945087
38087798
3048320
39917245
33717511
4856612
8036924
34236553
32469287
29250656
10609132
40508818
40455078
14588778
17208176
21322866
9784315
39025922
1540354
32121585
5586476
12313400
18022146
31995092
25987246
29626991
37550477
22792500
25034785
21180230
25860751
12772803
77285
10594122
41764757
26239123
13993627
18059002
31816801
6299912
6275589
13064746
11266994
6909646
11395813
13160515
16132960
7669247
14126285
16234032
32247489
26639599
22644712
34666028
15753172
22442668
18618661
22177091
13837599
25266940
35534896
16289796
18346747
20088821
12688982
10330244
27917734
12709958
12788027
5730221
23664318
22028141
15015753
17969216
37281316
24860898
5839945
2123776
39906569
22774930
12398783
7262039
41469754
20498703
17168265
38865862
6393230
39078979
29648099
124190
5204896
16179932
8091123
27724838
1097439
29893394
30595663
4327611
1534404
30481783
23298178
14513197
22375825
17058744
43095558
17978538
19040423
-897060
41772068
7198093
16978765
29697353
34174791
35549770
33939958
3180928
8031694
5692217
22296278
30489781
12083059
17186640
28445657
21412161
17971466
24717656
42182500
-993096
35131689
14528073
8045001
22975349
2264451
6024046
27613595
30351431
21252195
36076407
19141066
41115477
41496149
14155213
6484847
12113972
1486745
12902121
22622682
38281946
2172767
34145248
19269717
2912339
38154944
7883239
19471481
14276039
23966883
39704801
27985040
10132534
32611719
37776084
40821303
36916241
11013439
9376465
6652653
19547305
10283660
15498075
16839925
12494761
22789643
23269586
11586583
29350818
3190771
24468610
39544513
32929142
36934957
18542364
42983850
37308776
2332391
30373209
9121524
21409417
18826293
13702608
8793659
41306060
38501647
27283322
9616589
40461070
30665899
34327273
26438796
24876287
25529120
15165721
4807958
23362210
37123669
9572291
11411893
43273300
25175633
22747975
29146321
-235485
41213462
8344518
37297629
16594228
2033905
36270382
14634710
39282041
21255501
11133895
5307268
9241170
2184352
3626555
15464090
40151174
4151194
33395502
32922982
29649767
29757091
12537589
41263089
15337196
36684559
34671054
1749137
31597875
31369005
24926591
29596563
28085303
663102
34410074
43246340
42950288
443915
29924986
38789267
88924
24111200
12593992
14031283
10250749
28826498
22337003
27849969
5942215
3097847
1728992
7797539
15866079
13429164
7844377
19610056
11003975
23680204
35166926
-739674
40066930
37694020
39371974
20988856
966514
14811060
30840345
5960390
32457767
15583323
6520037
7205931
7356936
23890274
19321914
23100051
2447035
12828770
20629740
28093923
10478919
607176
11903074
3608135
37259138
35767332
11115489
3004278
12041769
16432123
17038178
17862946
32675255
13047348
23429167
7807673
2769806
15762626
41769826
12773936
4412377
14704715
21826683
29355797
24567916
6883509
-199620
23902727
18361824
25943650
35253206
-45417
24084899
5510990
34467123
43130913
43069575
19229845
24097553
8758004
10109930
30230768
18816370
7396062
19790203
19081262
38974183
5880585
1785754
67543
41717738
38916179
18543365
12505407
31850781
24120427
30072303
5729674
38140095
10961472
43064226
35788239
4481004
33967639
33292639
29531552
30683845
27459798
42685784
15462679
35479932
1265419
17402124
-743808
19665473
9713898
22704540
39257301
22845509
21714955
35578460
13493984
29781583
16356390
35629184
11368209
7895208
32749597
37950785
35182814
3416775
3206699
27261341
361634
-374249
27198188
39248124
6683790
15432720
920469
21066854
-130546
15852597
36760807
15795028
21661166
67451
33167553
9422134
19349556
15126942
33503454
35858886
38058042
30880713
28034680
12193821
22328701
18510420
12727759
6284618
36849339
28968359
17727307
10623485
33232944
38194977
11123595
32350814
22170837
33512825
17603413
14805418
40634929
8424277
38803860
28336612
24259228
2465237
29279174
9463356
5307793
13333918
14087669
9544530
10194877
14830443
34181436
22470605
-761004
42121523
23327536
21421106
4972185
26335914
10385064
5690554
6989739
40299984
18185075
35267708
29650044
32254885
3099754
39844127
18574754
36990556
28411172
19923821
3372662
24220550
41844959
35019187
13483291
8927709
14146115
34667286
23909553
3455461
1643264
19548900
9688643
23790606
6163951
10805731
31018820
5278103
38086443
33099709
27319375
23805745
43363117
16685437
1487262
31221619
9483620
30668231
26638614
7965895
19379299
42023150
13797533
2561551
155788
41973006
11477151
41830
22301122
38437033
936061
42646160
5068530
35621567
3947827
43371552
14147297
21019062
4862476
22258435
21395543
17903210
31497848
33247179
-305614
24482327
33212600
4810794
28048794
11257039
27747661
11754660
19609612
37824
23062111
41211028
24167110
8943626
20811902
22669181
-923260
19599791
4009837
20882296
37409339
5550931
39921736
30321774
16831046
12818287
11185158
17505389
38442101
13439375
34889914
35601068
25688378
40548687
20758342
31318776
24862667
25934861
43316816
10585853
29975430
24522711
2726346
1497367
20486357
31660295
11020951
5612739
38224650
25935372
37431039
33010948
754810
25914380
31415193
15130895
26470183
24744799
26051850
3481610
-382098
31689487
13928305
14499727
23436328
40161349
40555424
39536623
11005681
10312423
14946023
24916843
18641192
42971053
9964658
22840891
33929020
8480885
31097315
9346541
42083693
-301341
244626
10874368
-971197
5724951
36927587
40393322
20028361
10241602
9010570
12611284
547431
23550660
26843062
28576736
37136243
25837413
7074394
33704881
8070659
20052668
15046240
9105256
26138066
40169585
12809359
8682185
17243200
27486896
39631928
7904818
5975813
18345893
27584564
22854083
-469928
40269621
16481295
17912213
2639415
34110621
46194
7040642
15500058
7038038
43479224
33670115
4847188
41152169
14089985
16940377
-906390
10079025
30234465
12794289
3843536
11128927
40270313
36551394
12764483
5885914
24721835
22406187
10250604
15279138
16959934
24222013
34424590
24543454
10082746
12494542
28133918
15797344
8594618
8212628
41122235
625049
7511457
25471388
17063619
8058081
18833544
13455896
41344703
-331232
33987837
17050904
2654942
34405539
18048288
10806368
9287077
1190497
14416759
36601656
36581808
23791702
40491080
36726300
6445424
32344899
40883700
36276836
10190866
34890248
34717030
30621986
28987902
42088753
25008652
25630091
11064608
1208670
6550775
42357551
13838620
16103677
25981355
5153079
3116509
34774287
38544266
41617862
12708445
22691373
15923420
20501170
17087284
36441903
25334891
40121581
32458283
29308589
42261118
8551001
6606289
2506545
16154919
3551618
8674349
12025315
43257403
20609390
3361951
29785948
18770495
13976733
36939742
42948829
9919781
36225470
40729338
29400651
26862930
18238935
16821640
9775222
15348143
14193593
6904256
9828376
5395996
17232135
18211224
41182302
26568899
23443779
42073608
9513945
9726494
40751928
19410755
6316990
13282531
38694287
30053628
35430082
23111314
39245106
29027531
39900276
27447534
40382103
21261486
6905728
5291447
25995195
18227973
15356287
29893469
11030387
8054507
31483214
24953053
25007258
3304405
24594376
31844905
42202476
43283312
25409464
4228690
29568994
42763117
38027831
25665755
4100255
4777501
14215392
22915525
18425692
7671405
29143496
25854463
40199160
41890234
22619798
39947993
40404057
34087934
12258671
13001769
42700869
39170971
4346230
14046179
27494541
25587636
18433413
11739132
11387737
33859596
33193978
27704219
42580125
12068811
26185032
13801693
29067589
20786751
21659023
26549562
35305587
40859077
7035057
3795513
12291162
32553009
-951624
41535036
20872929
4761188
35207668
-726461
4487281
-525671
7808640
575324
9268867
7833956
30655829
32613098
31837762
27653012
38753234
22907213
32637224
36764878
16410229
15106377
29621855
13261951
41647044
32483218
42160727
6371417
410713
20365487
27022724
24023734
16311634
12798932
38062319
15703846
11318339
7999165
5567909
34667588
20674808
6592364
7029874
20518500
6500764
12382615
18929802
22226119
9760149
40839654
15802352
38835763
28998016
41494345
25631580
10152641
6952039
2862122
11289276
41152619
31658035
31301612
39299644
26341238
10129183
-445934
40586955
29228762
31525625
17234181
20023507
37699465
1161067
19794794
5905172
42442761
19228161
33651260
10609460
41171220
30880854
37041617
27720152
3341324
32849187
20759054
11415391
19611127
8926631
5231073
40423073
14395345
42126739
12663775
17628613
10902586
28078929
19486295
27214294
711425
9315291
25408582
26193558
19996980
16452103
7859579
16185597
3436974
2739692
8939119
24014734
7154769
42980294
16536107
33626971
15662033
29799266
6510423
37158728
17664359
10195888
11910365
29351171
2318619
440625
32094162
25266973
2089954
12784269
23817530
6592583
22286883
24546786
5678286
32080857
1100248
25655877
3001417
28001884
20842726
30021849
6541842
16398749
40812457
28367800
12595445
30269431
24862450
13611140
36842106
12393900
40074130
13320051
2181446
836792
39064300
7101278
29671858
25747929
4877174
21216759
43657
13566274
37242552
1127626
39597147
1246165
27864754
19442892
13104438
31480755
27021304
21574980
8153425
22082316
23865496
41913892
15214420
5985283
15629582
16906494
18299615
35541864
11507571
8131375
25041149
32315583
20463404
24410848
16109761
12435052
29310683
17452593
5461784
16960020
34935080
42591980
8747815
23787722
41701121
40132678
29446918
26221874
24990146
36023211
29094217
17753400
14734093
18467460
42241355
18975699
43388598
23987095
1209095
7726969
1000154
1423680
4404353
27001291
34401567
2461713
37399187
14162686
28480903
22008689
17912117
38362250
41230376
34349704
26423607
33670590
5272661
33428509
32761312
38978182
37659711
33659019
18155872
17164842
40513874
30566380
36839374
20096104
42943034
22646566
35719130
-809161
18164259
5773295
27095848
36392714
20855611
37971495
15868774
14073577
43361696
4270075
34351197
38075874
23097720
28152035
19876041
10165334
33985294
19215915
33014169
32153296
19651814
39676624
32218837
32935196
27452268
21305072
22049795
2665463
28530852
43447905
40253519
41642130
4080761
41623517
43125169
17186876
33205148
7322247
16821825
13356837
25457440
-478657
24226750
8829556
34609770
3044936
33053815
11900585
23994779
31509103
33993766
38979995
9915795
26756868
17229224
40901931
9281588
11996404
42319275
36502346
5647983
35741956
20121388
14095880
12526495
33727393
17515172
12118512
12937922
25305954
17668801
8405254
23013875
-213534
21895481
26287026
4494129
18470601
9560902
-893746
29944288
36681543
20368479
42419366
31403197
21502780
37204632
28691748
41665700
39887654
24743019
7326856
15835089
36111193
17641821
3480519
40345323
25960832
4089811
10400763
29596305
40496877
34545794
21903163
5439379
15173601
63957
12486848
21937702
19979090
8964528
19627228
35084226
32339933
13070337
16587842
13899879
19364375
5771149
7508256
5505986
32044447
12054951
19519713
12405432
5856006
36665838
21389015
38245607
28814673
41796358
32018371
19015379
-693984
12651738
38659162
41872191
26123600
4670970
17346572
18120990
17264946
1595152
29407836
32902436
4378445
2731561
21764961
26087992
15079503
29228625
-886363
24712436
9952412
41170852
38202691
1278819
19472416
907628
1829073
35335901
16572985
12401800
39780551
1790127
-471860
5500634
18067760
24560394
15725743
42424338
15422648
21040646
16246312
15835720
27416304
43358726
8490520
6161351
20574430
23473169
26331000
23019758
27957044
29073106
26341268
16146040
40240551
6581094
16370500
42053842
37412674
42038522
33261546
10203550
18856254
16810822
21461216
4631388
15262586
8411934
-749084
43528127
34547683
5775442
27806588
37303911
28913492
11278495
22458632
31548306
37366123
21975332
28864030
20639018
22440449
29154899
3017831
28899988
24883391
27805466
15158567
8093833
4283532
17497586
15816275
23900676
42218045
25975306
30188094
42308628
31321552
32487184
29731382
36965579
4546145
4356718
650341
31238485
6548384
2131531
40422190
15880805
24593040
19135852
28603524
37691220
34880771
37654743
5283528
22978954
3862523
18167982
14055484
37110523
15971105
6049738
21808499
27959369
22946478
20718026
26813819
27027100
-677994
18316640
7155803
14906465
29715487
23312160
39562618
33439164
13948670
11487286
34879757
9076104
30975636
24935427
17687590
41901583
38682710
6833119
33407025
-64152
17303855
23701185
19887176
36086295
24752600
12446106
15187015
35288920
10107575
34733275
8814399
10716280
38889019
32704306
9030500
31643147
13989850
18630934
22020178
22971230
7687476
3575013
30418409
39148944
12774204
15879571
14077047
36548122
29361626
8143240
18850476
2398165
35464122
8597127
19552782
21396425
26349849
9387542
27409280
24814034
6919893
39313835
24257668
5955121
8243007
8476910
36891298
7158521
16434188
29887745
31091901
3740521
1559562
2937265
12154423
17455201
6145308
6166854
37834843
20914404
642118
40037166
3693774
33648922
34245457
17007947
25579923
32391030
2016774
19138199
5863276
9126473
23911092
25444572
6548648
29216863
36936954
13034979
6637413
40555272
27112101
33647005
5174128
5402856
31523594
6402403
25523529
7836973
7065014
23656076
10475374
31298576
13091237
26628605
42395993
42116373
26441469
19904141
12236830
17686433
11160740
43496350
-424251
3350262
19130201
24358234
9203684
24692447
21372651
30872422
2044619
16951167
13395975
20925640
39045222
24150400
37251313
6385031
36263830
5655369
24337535
134741
22424268
37867003
38825341
9974995
38305163
21400395
23896027
10303927
29047822
35999144
8376584
21218097
29579391
5890910
15709885
12332065
42395378
37593671
39056455
38622193
20374350
40540008
12918765
4735994
8414045
36551840
31306219
27128917
23980794
33939082
25227397
35778866
8858548
14255512
22180129
36044173
5429653
30491061
36947978
23900571
8481823
35844098
33503562
14916496
36120999
23077262
25154250
4274346
5599863
36742895
36218008
36839192
16655981
29261620
36714749
12277212
26575482
22142183
15419788
6804902
21229149
6225970
36768598
35835008
16119545
40992603
3561219
27138889
13801153
24069644
18594638
25673805
20069291
20985997
28487862
30346208
8084841
455616
30505327
38896503
14189387
8396104
707030
17747737
41841963
26321087
27091644
15450902
22142519
12624524
24267071
3803767
14836428
26876506
6792311
36111966
26672463
5832789
31376083
21006916
33876727
41212798
37298005
5505082
25723234
15042931
16357317
36631499
34638543
27383666
26219733
36450228
12008919
7544439
4210072
40458272
14191103
29890223
34224340
31801710
15315773
2750376
27142152
25296957
15732369
14050538
251949
32695646
21272698
5099760
1376438
43285022
33735536
14128189
31343160
9390041
31804993
28688569
19009951
20011129
23357842
18232035
21039779
16822899
5789054
31144864
18449228
10313868
41941442
3090812
22753644
37317579
540764
38547292
25008857
9845886
40075078
30875150
4855680
3299515
10761638
6907800
39921148
26784685
8376424
35191392
21918735
11248641
23820749
26378077
27129467
4033378
22203390
32326643
41573786
4181039
2641189
24981155
106731
32472714
26226062
5850530
6613893
17325669
33330906
12876195
25613398
28737265
24077945
1579464
17809808
-976482
12750594
6536791
32356344
3868001
26089387
20932992
25536296
5463269
1903497
39083065
2670522
6260442
6136696
39704502
13732027
34352752
31081989
22422408
39176715
28822695
15807746
26490345
7941794
34883677
35366094
23371860
8163169
42560592
-814627
12488956
7837661
495874
8821542
23746305
34591750
31550293
28795178
35699255
10729026
25288871
-191049
40710951
33166595
15909203
37345773
5441127
17202742
33089080
6196556
29029324
20516918
16268658
25188942
36801195
16895256
36875598
18468897
16628182
31881945
10515286
1260271
19905661
42523211
12733817
32429867
14369401
28318475
12045621
18805051
11735111
22148237
25268655
25350487
19614827
19358243
41167371
3224660
35456352
18577063
41954226
21715155
2962708
37430577
15918202
29206866
20744005
17181913
7000994
38912741
8451374
18197179
29254168
14507811
38080055
40692392
10061199
5739076
25949420
28986780
41520610
37138105
9549811
38794151
23207393
20281415
25078516
33490051
38832232
26290128
38333472
10382404
42348013
10889535
41591929
-447498
19286817
4228818
32525511
35081316
12491251
25888138
20909280
7084053
13583845
22142108
-563785
34003810
8398830
19421138
35020848
29849209
13901561
43462870
16527932
12122105
17768825
38942487
26377967
36846089
29777936
22567095
26939243
31802277
16221789
16467948
31753790
38835638
36207241
29998965
20171701
5187684
14623794
24628549
38175916
30967440
151772
25628302
25486529
23767796
6043046
35802199
30298872
39969698
35032482
23891725
4490480
13001952
14016877
20474342
2044101
23145000
27625215
8758467
2802298
5462540
42706937
-924689
16958034
42953597
17213852
10362910
36630887
-126587
14373641
21534410
15201580
15263136
31061140
43456289
19842256
31418272
1874256
7281747
22953683
11260158
24111665
37915987
32228583
26934687
35321945
2903916
9258768
38121007
31106985
15352918
27300743
20234022
8959415
37407431
36201578
33535786
5111469
10551795
30806256
14874977
5973260
23413949
18278806
889387
21313442
18118340
43171658
53662
30533990
33736111
27605136
24201523
5002779
41551979
-436437
25126085
42686422
21161644
11482468
35658396
1273529
17636331
6999753
392621
10016693
8279014
34523963
26777957
19206372
41551023
17866370
40769119
18747993
-945753
30573744
14750393
-567471
26111365
23437294
28199294
17957569
16547857
20325143
15396714
7089083
325416
23196118
9651002
25812992
6165131
28829218
8103916
6000770
33118082
4014086
41247639
37926926
26472651
39206353
3264027
12616261
14157248
38991726
30906061
28769266
6899968
26943366
6685196
14610933
37106577
24251998
35728868
29926875
-923111
32924141
36731276
1387158
37703941
33767687
26002921
3128363
15422790
43034595
17411993
21015866
14719195
28580452
24025714
33994293
36118036
19618570
33767706
12714173
41478608
36094984
17257692
20242826
29690356
13980374
21400893
16067988
368733
-653174
32526064
2794733
15324272
24713096
8775776
14741089
22993009
29216166
39851026
7756234
4965374
11892173
3475932
10572659
35830609
34842944
12247720
42274129
5981638
7681071
32455968
15027349
33365306
25149204
21307902
39785558
30232561
17682452
41378816
27276230
28217632
37643181
12352428
21565644
8383846
15949481
32362123
29579680
9537398
21319051
9071696
19046137
4780423
8759377
1022349
-890734
10429685
11014097
14212695
5889425
18257790
18711583
11791510
10221992
37670590
19876455
2827993
37114156
1789764
7641790
-667805
36053320
35247128
42470282
3283314
10319300
3750634
38845342
37680309
5841110
15591102
16033943
24039876
25086662
7456378
8991736
34528216
5070151
31276268
20855193
21342226
40390649
22960371
6901129
2036826
12085978
14614524
36403961
21072809
15255590
29568417
10148992
17165353
12502495
23853987
37573518
28751095
32028777
10098449
42923962
6718376
15975847
-211062
5893955
36995606
19299289
2099382
514183
27936623
3937381
39551514
7998818
35856876
31406935
14728940
31481687
27453907
20074532
33889868
3662495
8317240
41086251
33650899
32049401
33085162
30223014
11212544
18990149
19510236
8626135
23273213
-41821
37710242
14258449
27691722
14233572
40077348
34020024
20194255
34856316
37904101
28392270
1465215
9645099
19876714
14461496
17368374
24383192
10368380
29996274
1617621
33595878
40944601
9855155
11415460
5957479
25708459
19133028
21882449
42920790
42417383
38292135
43490474
21793729
43025607
41880324
2255550
36305418
42430415
3753286
18265452
39766650
40798392
30143997
12495963
13043029
41970983
19548117
986127
39451960
32101501
125433
15629116
984045
8871208
14782884
3217760
10087489
8894681
-29031
23127879
21810197
9100028
18059950
23895036
8703646
12581416
6702169
2112888
28918086
37638970
27073227
9997089
31332358
2860784
5617308
32856607
15070717
17283940
5204029
5259061
3372949
9552575
26571169
40857411
5203270
15560741
41409944
25498304
34752863
15695981
40135060
9133624
30908481
13881647
11943082
15158986
38017801
26456601
14406275
10779139
14351255
41806604
4253464
41105633
1567696
12337685
38434707
24969589
7141524
6130827
33383480
32953656
29324269
19983784
10865697
24161706
4172554
983018
31717832
30914569
22211751
12592838
2641762
26206100
10264834
42388044
42658136
4141017
32550298
-314280
31408000
7768292
24404714
14934090
36154780
42525208
38352324
12941125
7109984
170056
9689883
19747751
24390590
31051424
13602103
9527376
13545607
1707814
42255705
15609938
7115784
42348536
3279870
38711160
20070624
41095858
41006121
17824947
28102620
39499509
5214111
17141890
19615600
42663792
36010870
12215545
10618582
42066895
31900579
19964056
41233621
11298337
15769475
10192128
6863539
36414631
32753719
7030381
35745583
42103439
-772415
13144606
5200142
18643367
25399388
27145884
38477653
42623506
8576247
30608450
3757035
7753898
18192230
11428781
3729341
26026971
5120576
32157501
13679543
34800974
16435132
7359678
5811148
12749895
29457796
21491880
37300381
17181824
21549942
14557030
36111541
24109932
34299077
41934680
13926225
5013816
41935468
1716338
13894087
10279452
21852365
42447504
31465457
18419269
40078666
17848270
31761605
19968900
20984210
12101134
30302165
17382668
18520270
29510636
38212374
14686506
5934115
34844765
26097291
15650152
13545256
36608137
16863107
9246452
24034034
21374310
38088414
14469133
26351885
2304372
38557167
18472898
18687473
37724711
26054684
7689804
40691008
5761670
14338210
12299617
28417034
506355
5914552
5728881
42087189
26682005
9908731
34808610
1380480
34071694
11341000
-328758
40954532
38153044
32633535
25000704
38661640
32356933
26820959
16774902
6284144
27700912
34791779
440748
5558610
17066963
24825552
15345482
7340767
16980067
43384836
17514742
30416220
38191824
35764371
18426143
24116623
21419036
15279251
11052031
37310875
7797485
12218880
25819844
20146989
38393423
25689328
15574147
3851992
28067545
12378396
15681191
37519686
7352777
11864194
34102611
8961945
2464662
30839470
12391201
6538785
21115629
10192253
36019466
13753039
43373620
13273639
35333567
22318207
11543824
21696651
5494727
12701881
7461889
9651988
17878079
32946729
7790471
6864488
18889102
33814622
42199996
25724076
1198883
19933298
26754621
41229237
42574653
12917382
21770791
21981025
27520388
21382489
4423061
43107233
32617735
25016078
37609095
10124026
42518988
24823408
18665055
14661045
12955776
1864878
21683381
1444343
35976625
19092090
15605645
40615135
31674916
8106184
5256633
-492764
12946896
37144002
25315005
9809796
32627056
5276810
13088574
42830676
-407971
-763277
40851699
-544823
783490
26534938
14859169
17720868
3655828
22797861
24923940
3387716
36555459
16914548
36628160
5594111
14907217
3257644
22958687
20104321
43262295
34146795
18750726
29769823
10306636
32686065
11015471
21436108
-631764
11413532
36792512
15877304
907821
33643021
40227096
25167418
9457305
4803991
22244206
31556199
29924544
22036966
13846896
37477277
6648779
10372236
40260863
39784716
23485951
8857505
31938434
29982873
24464603
16290707
36351046
42917961
25551930
6443444
41217020
22218547
37933153
14917427
13110588
25937399
20435539
1300780
8632695
41649849
41032727
4327056
16294501
-723145
39102088
38970763
2321663
18539466
8583328
13828882
11250852
9051454
23805499
9031284
19659481
26688084
2321866
37124153
25785639
-971840
13384639
35254760
28266558
38925838
28977770
27975130
35751355
14044044
36550365
13435487
10805178
4055014
38395280
17412646
8947546
17140482
33066464
12368189
40281930
33780554
39011786
2680739
4479811
38932526
29854392
25790663
7374376
26549430
31424821
10039411
-800800
9844634
6031723
43100599
31424841
15234261
34068156
13527104
36801144
625217
42224432
-556764
5725178
8028299
19784066
14477580
38862042
9080500
34759595
38934048
29913780
13152002
38727957
19747041
14647692
34906691
31126240
25425957
39476734
39495939
9948055
42447354
34835025
6018790
1592016
14992128
4351535
27794851
-993380
1495949
25475305
25776591
26481152
25522907
34007812
18989895
10848475
24340648
41820776
24559493
32931944
34321943
6615419
4231808
19758428
21686116
17884364
28504401
35697615
21113851
29746515
15493108
14739363
4765426
42469025
31413093
40653450
33843308
14170863
3248335
20158943
36224828
12743482
9005332
21296846
13359253
14813115
17830779
41978757
137103
27691815
3100550
41298711
23551504
34475044
36660707
3688887
25407753
33431523
27202746
7965925
24182756
19344946
11080822
31857827
11185709
25530695
15037746
27686067
38444027
32843048
3894151
-565482
43165817
30025777
7920181
27805735
29203809
-903297
19409703
8604571
1734233
3157454
29087672
5841673
34693851
1840825
688108
16109016
20759758
22310175
2109587
4029980
14128953
10798453
20570561
8146660
15004222
13343540
2080085
6086265
8173968
35701712
18984030
43503900
25563610
9900992
13723192
21859149
13344170
1262360
135253
1088596
20587095
-964321
41579888
39768826
186061
19885548
30384721
22906113
696963
3577912
34418014
12170093
17675132
25702241
15887247
32306127
11287646
8897116
24839628
2443927
25593892
15859188
-161624
35331573
25523140
8289581
32056052
22135994
12285216
29488530
1422713
20516662
28799891
14907018
35220003
41254530
7221513
2278428
29439004
35232585
39988031
2713833
8025646
25399420
30940504
5843872
30274738
5386566
6396438
6319058
19870200
18470966
3512912
15356096
8222920
38736344
37239462
43412917
20030814
27483174
19716293
9867113
37984197
41524214
10271509
20500909
945815
38039843
9042839
4322427
15216400
29580942
15561503
5378601
3654601
21142235
28945030
21853032
9820492
32604768
24803848
32345856
41887937
28082384
20074860
40748581
23072380
11448225
-588607
9117227
40149271
14434756
10132137
33978483
39049907
40695892
10148621
1575381
21909106
23067594
20297669
28817536
29989212
13520980
26247472
9421594
1328353
7586453
27667822
7758866
43083120
36541996
-822486
23593120
15395129
32972153
1053034
19026406
33299716
2163103
25005976
19920673
8608972
11177169
25864518
41404043
33341209
38311021
26584400
37038883
17797247
41203203
10402263
32605585
33641315
133873
11526388
18272788
10668808
27475124
24981137
30378644
1708605
38975687
9131535
1853087
7308209
27292960
21410210
6497131
2781681
33703940
1697088
41896165
28054519
9949508
25552623
42111831
4250819
10196600
20961273
3542758
40976928
20924191
20435643
29621580
19829920
4859075
-94448
39855381
5940542
23193787
14557661
39811002
15624763
39614386
25556467
22090597
42297709
13736242
41747044
4201312
25401442
38235564
18683137
28798483
20912136
19153373
16390444
8160838
-879212
25294847
18416555
32830627
5882414
36167657
42739963
4566571
22714661
4818867
34149343
21512265
12346632
22111655
39097029
24554988
2385018
5214063
11432132
25019253
9910371
-408745
10513503
27994367
24282275
10212193
24213430
11742682
28687938
21066651
13644492
13746114
40368866
26043697
33569375
9728946
40225806
40956482
28586934
22740824
32654105
10898158
18118315
12770439
20269662
31010979
13142926
35496079
18855777
25735299
10631844
-350201
11599955
22651541
4595209
43130399
43420674
39561373
10337758
40008982
11652560
14363008
16776772
13249852
20983604
35970229
13540927
20886543
41660407
28671628
21502281
27680441
1471973
23648330
20041410
28287123
14340867
8585346
41104939
22568008
31780904
9797098
32247199
29882403
35008922
17924000
33655406
33878007
34781831
8873454
13091328
38190281
22222356
18272253
27198251
42196051
5055390
30136698
37222363
33043708
39115790
29328144
39865575
23229134
18325285
19892481
21271871
15624551
23413945
12663090
43184101
32573175
3752131
14597277
30077128
4275578
9676408
20746284
33990253
16334106
12252358
38883269
14587454
7498171
36871121
-163184
29033787
29745228
17256949
21582193
43266835
20733581
42970420
25944145
31781695
5578997
40734603
32701043
4201735
14961934
15614764
30827080
16278040
8319486
2886041
35857272
20828469
36341972
41933560
32527258
987531
27950997
18433999
4565052
1046075
8898863
41747174
38029610
16972812
7586531
32725911
17748803
19802463
19092353
13335569
15773539
30189719
35108741
34493583
8095548
3231420
17646916
16736738
19715647
19747554
26956206
16354977
19792412
32159423
20024606
16561518
12636362
41160386
-531521
2636109
20879242
17695548
26245962
7197200
1179667
21125335
12359306
-890074
6327815
40881981
39210103
11231409
36024281
28426346
27786989
16611251
-182852
24949645
2448179
4696715
36453226
20865646
24703863
29419662
35330749
21533739
21093271
17941882
38385774
9678163
9547373
16061858
35408122
9140921
30351544
5222070
37754948
1380236
8769076
3604
18862155
35613243
36948413
38273082
23042835
41446003
37257448
1879211
32575869
32915903
9556518
40437789
11410937
33575684
781207
6719351
25303761
19942409
8622378
34912814
630486
4175469
35270718
17705960
10671253
13296970
7706399
41977587
7703156
13198335
5579760
25245241
29852573
4862355
34266318
21647433
11660366
16023444
11538664
10077344
551059
43195011
25284853
37747191
12092777
-836175
5428341
21463714
31052424
11334127
12600638
28134629
27127912
19972959
43053748
26688164
26183152
-14686
43242954
35171770
31774427
10793492
30613144
9084738
16423633
36705225
2431204
16141546
6995568
1775046
29691500
26353934
22461122
26949042
5422665
25056137
12959830
10511584
30824163
28378270
8776091
27101552
26317870
18600710
32456569
35212883
5105420
13554390
24910628
27648870
9658088
35430579
18794457
30835292
2152336
28090219
38301357
29007109
4394471
32864862
5972532
38685438
9205775
42392411
15241512
31985111
30001661
32335803
4109356
5117263
36178735
28523247
27004565
40053305
19112073
23970980
43127529
29462666
26447724
88368
2604717
16130125
34416642
27383334
6775034
24260181
2572293
8381293
29662074
34120828
17398977
6753475
10437680
17756091
1028320
41866327
-38675
10229180
38200066
10548891
40697498
8826169
14174240
13468738
13640142
40743283
310811
12127101
941755
38117103
5254834
36223636
5244301
15210773
26761286
6754072
12513634
33378439
124218
27195382
38707593
12419830
23179014
19561866
10608212
30072562
10111482
17466787
12241989
16163981
23054417
41944349
17435939
8517428
33705058
35192556
7550600
25839005
24875736
4126816
33498378
1004093
28706100
17847887
14689706
19624295
7723131
7009420
1295920
4014766
40478029
35751167
36820416
38878970
28204738
8237816
301041
-598087
12251217
33858303
27189571
40753520
12250697
41120827
35829392
7895158
30972456
10973040
10460440
24379082
32491767
-742478
13379354
22301538
18698049
12704078
19560102
3863401
19904696
26920570
17753830
21421789
23939677
36159890
6697274
26984279
13387406
14897792
12787576
40731237
21817645
12665761
23825823
29935220
11618788
39485007
34949511
6643728
20447032
27683113
9928978
19995223
39061408
37399609
26127698
28426111
2793819
34671802
3104454
36058030
39344387
23704286
4571649
32413313
-50180
37183294
27716587
30821152
22877197
41024341
28648807
13675663
34414870
15751035
9400518
6552129
38539911
38334781
27435948
29875751
26299475
18933386
24039668
18262798
32514945
2278725
8851244
43355786
32539243
37998087
21920698
16498427
41284911
31348536
2354504
33301598
33119238
7698859
5202292
-521847
978959
36491808
37118583
690996
503094
21295280
17105142
28185676
32199466
8085521
36561442
17709079
22154863
21826207
36973583
3200439
36871014
-786316
9813777
15086238
24190292
13716299
17843804
15189025
12075197
28568800
27671903
34470840
3999918
25394441
24485535
26943655
13074354
316967
7102815
8078762
26876666
17441252
13101706
22621761
20528494
41683584
28457439
7088768
36241770
40706567
32785431
37081120
8890258
19041940
3763783
43292724
21649966
23458126
32642355
30384449
6777712
231430
13173394
16072243
19366626
18433903
35912128
43174530
28382684
40818337
25472488
32905245
39373375
6387272
14976741
2911400
26223425
7797172
20195943
19769210
24720024
29989290
10218533
31265961
30310610
31474244
31877659
36819905
30871376
7310617
37963952
24402343
9203875
38620513
20581415
41432588
12303968
14437797
5979098
14997114
4131058
23605304
27983672
1925273
36660058
3535562
38265970
36461154
37678171
24019476
2988923
24479031
41991013
8124331
19236411
24051789
12281280
12170724
10982406
39985534
26969812
32174521
19679503
38448392
30026581
35581816
24923895
4681418
25237691
25092415
25548312
41722721
16834192
17020169
32348765
23710243
37677763
4315328
38926242
10919640
27299624
11501602
818945
2423484
31328491
32047338
32698010
17944519
37283626
40078112
29429485
-442875
22595121
36118803
16591186
8348406
22612036
38928610
33564396
33281635
29482251
14959379
41351312
6588785
10635806
9336642
16683128
16166548
38462519
2529122
3530139
30001744
10829449
32848783
13044316
8040574
21965663
-923070
17493632
7172344
21521587
22387841
19511865
35006370
29419245
24698267
-491943
42983650
7260002
18625253
-397869
23667395
-565087
9276874
35190959
34156534
8428999
33862213
10507892
38088914
25587620
5769814
39511684
41681373
25638172
5190929
16362772
36038098
-322903
23860040
42980646
-197183
11096362
32572635
31550015
3978128
15721018
24593019
2253298
33882745
41109873
25799995
39448221
9463916
26139222
24655632
25876947
38181600
25157217
3958311
28053909
7831565
20373210
3990220
23061045
38883449
22036146
7459872
22481198
31640646
38153378
4661127
22452525
2613609
21345661
26907412
15600746
15937936
10419694
32851920
35608393
6070868
7135467
11037838
12090654
12948201
10387514
17048231
41040727
34420523
30192159
41425661
32998549
21930290
41769372
19607951
21473358
39346711
41687105
37856180
21171953
15945418
23548883
26522680
35609729
2771252
3836922
3860770
28467998
40590576
24988338
35211687
18241626
39460281
30995391
9019919
38918821
3250222
985022
19465625
16408640
19662378
10687088
10498980
762129
29840640
22740185
20034922
28045398
7122903
32717139
11435849
11318043
34974554
31662719
10162714
9319437
5873957
2215512
28144913
5525576
9592843
28532350
16122358
22076684
17574079
17553323
15095273
61904
32726415
35777182
41803691
11119282
32476430
37292156
39212955
28784026
5402362
20229582
42049688
17086066
25544020
8719362
36867465
12114359
39724420
11510139
24839838
25479475
16938653
38519243
15755485
3771562
3347671
2315578
23335801
6591295
3095039
5436828
40572464
22341030
26242819
21795061
41894972
6558558
3873439
36441397
37654474
17072314
8897753
26386820
8293445
14503235
1671816
36746760
17186124
4495017
29340979
6100107
31869891
13381961
11582089
37829320
32694580
27995394
32325267
-542219
24060787
37144746
43044071
13308371
23905907
42668744
27392286
19409479
10201589
32030115
25641875
2012109
10826501
29266381
15091897
22174147
-19224
3752637
9323271
32586780
6829458
26941146
22858534
16752434
25384609
3371273
1877224
25767197
14598742
2117438
5292889
27384885
26784969
31675281
29077436
9376603
7833682
9981065
27141411
-995901
1773299
588896
42917996
6588742
38852374
3295060
26072765
10653835
2052327
895288
41064306
17514320
17279101
42717845
16550455
2999449
25162870
15802648
39512854
12276480
2707661
10682523
34456305
20139956
27469022
30458181
8555346
30027017
18837598
32786304
35357143
17024241
34298646
19913647
1098861
1617325
4486346
36735500
15579583
32028389
21202911
30092342
-339327
4712870
43268362
27446595
16245634
1237138
29281560
5227610
43341247
14275991
31847369
10175636
6372387
29653232
10162794
34620435
38231846
26075000
4319231
30377673
22798064
26159206
20834382
678399
8374057
16118640
33361283
24093891
17950713
23811073
28987156
15329629
29832841
34935742
25108250
24395218
12877925
489641
1833467
1441927
2484044
2473644
21625072
21859870
24389735
41041003
21861094
34766931
6473893
40714207
23633559
7389825
38875536
19135253
41679403
37149550
33136423
24107764
21676932
19684047
42741576
5707571
29216097
15519956
2696314
40281345
8022893
13847811
34463921
313012
13319484
8500726
2751716
42320585
-212286
19436964
24147378
24038706
35050577
37836091
27431419
2721592
10045265
5751391
21105118
16176779
17835107
28376276
41199224
27471510
2025334
5747921
4392865
41838683
35591535
41747014
19645669
34625663
31954213
6376914
37779754
27369747
33965555
42117598
24916707
27308141
22559358
27542592
20247718
20856465
16909582
6475090
34292051
11491216
14539874
31922806
32417385
40887620
15862454
14899843
26669132
21473399
26685021
11084114
7153884
3726797
19553003
2946913
36001114
22531068
1050853
37324680
30123548
27248739
7119738
33443314
1541689
22245866
15669608
9448045
13904234
9781900
26067212
43468274
17152684
19712527
22112379
18520258
23598066
14151754
24537520
28318963
38726895
20997915
32364593
35971725
26750914
10006631
10549641
38636304
23364454
19033293
7218396
30508647
23835525
27137576
31487705
37889489
14135759
19614707
23936740
3118440
4084291
-854367
24469860
6068212
8975688
38586609
19566964
40271271
29936852
11194824
23272219
26205372
33671537
15417970
1211992
30493205
35028805
42599246
6785540
6538335
25339268
26389132
13882515
5833145
23507326
40161199
5013758
6186394
38714660
36296013
7369782
40989377
9722045
2953417
38926865
8588454
12974907
6183620
28109549
29663590
1177508
27274840
19332347
27274797
34876604
13146675
6940338
43034002
40269253
8849141
18657419
38500028
10568649
17738984
32824219
29302957
25247993
30131027
32455030
12407184
27230303
23114282
20603475
42375680
31799627
37824929
15531677
-84242
41719392
26625530
31312740
24434679
28455577
19789427
35096354
16670069
6576273
18188447
5595951
40240235
40822670
31235396
29599378
12876520
30963729
1074636
18137136
37622290
804351
21235934
21145053
40363252
13345352
19637368
5769515
40401173
30764887
29893590
17852490
41603208
38458133
14565529
13166617
13980279
30184312
31924089
34971392
41469846
20147351
42527239
27296011
21410029
20058191
5654300
1315066
18856006
32463931
8655139
14744977
33698658
19494578
35566071
41032600
34015705
34934801
15121949
18059432
19826780
18632889
23496851
8411486
25393781
21316077
8014846
29057623
35445833
43466035
18324898
39431519
42875208
28714399
231502
33998085
22962045
9044281
33827770
36016433
42413314
12285374
17965198
16424972
24834770
41023830
15856851
36990508
30387808
21238919
35007583
25110675
19245248
13510291
888908
35329661
1831376
12220278
23511097
19905051
33860148
36451645
28052117
1582525
8506624
31188261
426179
37839821
15154264
9983615
11896789
42957846
14545623
3316698
42114410
8952122
34651785
42743360
7411789
37208717
9996736
28898334
34412543
29655598
18733250
30204245
7609221
12056863
3365235
27582616
11532490
15261534
38868111
11478624
8344329
15164657
24682772
4492449
33489943
11758205
35212340
17463057
32155420
30070403
11861857
-386716
12158870
5223618
10026047
15686981
10482018
32015705
4494030
37523631
14964859
524772
31936970
17959507
22601811
40684686
-81270
13901239
3232246
16795004
20132698
43349808
17340742
25305668
16236438
33408626
40389336
39509479
42965774
24442286
18378997
3148231
39139702
797289
3114734
-14665
20469133
6907931
19521367
28198710
30676322
36663758
21625738
8348739
22320095
18833868
3554144
28447827
4268032
13643763
32673348
40529897
30874065
32279648
16501268
28107962
42504928
33857917
19279978
26140615
35270020
13439045
24215267
15774094
27262387
43202584
10502532
20128058
21248882
4328011
26087858
6291510
23689943
10240985
26558978
8016644
21642695
39212552
1856179
22840985
38278389
37656426
2584138
36832084
37393414
39147304
38181326
6077502
40964106
1950057
19173562
36757759
19070003
10455095
12282342
31071102
18183393
14806876
25077125
5655045
39144684
17835250
23951731
35969441
27099835
33722401
39030115
3236697
8655795
7133319
2091997
36832696
11591867
16064941
26447796
11295807
26726000
10164994
16268951
26440594
41816471
15978606
29236467
33506606
19182749
32485383
4831472
2029085
14300286
9392146
38940056
23785038
33732192
29529669
927885
3637997
22546425
23486351
-744103
41486822
5436508
22570893
17174081
9682091
4975322
18515744
7583805
38618242
16741113
41214928
25226369
17896202
6777759
7290161
19571169
42416063
12338182
33039013
20043609
17873993
10406545
34628962
12656455
11357339
28050330
18308757
-969916
18763133
18928614
25389096
14011907
-596883
38847524
19301775
-92693
22848662
20605318
5266353
8739980
31981573
5401390
11726546
42703199
21383854
19931877
43496428
20900891
28556889
34307093
37952369
37965307
22084351
4239115
22857247
22483929
14348696
25875529
15312164
9828790
16885356
14048968
40445619
26928666
3856106
1645309
24703413
29578238
-17082
-74613
21194935
4208847
9119699
14418726
27027278
41021550
22374908
23407987
15987375
140964
33055337
585357
41554773
5515842
8377407
6238484
1152080
35496674
38242649
33372341
24575317
40971335
19499161
28364489
14368143
4551861
10740247
10576429
-331364
39441745
11318137
32839474
2379123
28011329
10265356
34028441
32710246
13283470
6250633
25055688
19094751
14303345
35537653
32479818
20829948
43387349
35966075
8957668
37746646
3501333
13039100
43419265
20807819
19385547
43324385
30033662
12924707
26879107
37079828
34788418
16758969
28021462
29896257
21564326
28856374
18458666
39386278
12594538
38277254
13054521
36975304
1928413
13723268
22247435
18691384
19587192
10229398
3120522
1070509
11066847
41190018
28306193
13522828
5550143
2054904
5124805
43049649
294668
34764261
42543319
36103728
22449612
-268553
20490190
14722250
8199189
14828195
30864547
32763251
42353487
3611627
36480640
36627644
39352146
40504060
6764557
5115716
26883873
42190613
14739981
25628823
33501224
27302217
43348121
31828974
37710148
16390739
1253156
30308940
5493648
2419149
28428125
32206177
13546955
28036251
13548879
9156451
2710864
30007842
27719861
40552327
6936500
39089243
9553176
41610063
15965513
42318706
16522787
26381277
31017297
4954172
14300509
34737797
22452039
15770714
40750689
26986593
27330829
14861350
12014182
28950401
36107788
17719942
43490769
23074030
38611973
7562926
25477295
21452388
42405013
22553884
168552
43142709
8585536
19613333
10685534
33535876
2411085
4715360
40825834
4931095
2933247
38029774
6445514
6886878
18211048
8151279
865895
17074097
259376
27644406
21700925
31247497
37050633
17720600
1178891
5081570
14834553
25898242
6177696
7866292
26465664
9721988
16973192
41690811
32457527
33200596
32496477
37747056
26842262
26568639
18239458
9859691
4831635
516218
16463929
13177176
29891381
189308
27291155
40666876
37287555
3414796
18766848
5264615
31303612
39472007
37328817
27274153
12442202
32550954
11791891
38168061
32807424
23512632
32477841
35767952
31673410
9141861
16091838
34014887
9520417
34840184
4702673
23899493
6108325
21227221
16580545
6958544
1747764
17400030
19669322
28560234
18884711
8461354
17206404
5221703
29341757
6469081
34655763
32827076
18217340
40237299
1358079
9965816
24902582
15727447
12497114
22111558
4942494
16887542
124082
-384444
29208008
33155290
28791541
27397036
32267162
6299018
32093455
17777964
19459430
33047541
36196625
41699087
12742274
3835924
14952705
18087527
29670711
16892380
9998261
7174299
9806159
24323442
16346916
-596222
10022615
38139439
33766303
30066994
9588730
41294311
12966138
10302075
2039952
11998335
25936626
16596582
40034763
13976989
23869691
35587042
14138873
20256905
27835950
7663964
15862960
24776666
15600162
42732641
9104257
6598672
23906300
11604504
27704060
23069564
25651162
8178360
3897325
5645574
22928527
11720804
4041193
8908201
42145352
6247812
38431973
1849621
12977070
22959965
18909106
42616165
38422321
14738627
20422280
9296687
19562404
16199871
40635730
38818182
5306964
18681514
-683010
8825331
22654595
25608197
19990737
17816549
11614547
9205458
41301532
40360586
27855876
39277793
9532227
41112063
35433444
4609396
2940
8827961
27248236
43526799
30117803
1725468
39987313
15512
27108599
19466472
27224216
25013909
8991013
4002296
-655802
17789520
17065950
2716213
8839571
19597766
41809483
352402
4853450
1989227
21050623
31163462
43451925
20681262
29327547
141856
7749315
5780874
39241829
33247522
15838676
32413237
20834475
39022981
17521954
12254797
22794094
33514238
37347247
9965332
37963788
19543417
22777245
12132589
38365337
25715804
9004836
16720462
41788272
28301067
17653187
28953513
13224203
20015748
32082552
33507215
25607987
5410579
5165727
11641062
24290659
40689769
8775699
-450948
4388153
2422018
17495727
13894641
23484166
12663994
18904467
34329424
39724316
42061643
3573268
35958808
17929597
20916462
35631820
24530146
32426578
2873515
11393705
31143653
32963402
26527673
3468729
20318373
34863779
40711507
11719144
38595991
29053453
12954698
2750607
22028489
30588789
3747428
30275499
29711579
1701112
26553740
38325237
14786433
34621864
12318266
38053553
11786345
24920312
6264503
5161811
12317352
34252880
38077401
34544675
13228209
38471976
28691020
41175095
3092337
34740855
40028476
32962644
688359
1811248
37485400
8823758
26930889
4333580
33170594
29789327
35265613
6379888
33403703
20493555
4513468
20642825
34863158
43479630
3538538
14357656
9067514
11284190
19437968
30139287
37722152
31647307
45029
-246435
17028160
9728328
1009851
39442964
15560606
31197028
-390890
1524518
24404258
26817696
24349087
29854944
5461396
18928081
31171254
18775164
8440420
31367024
36629108
31702196
24343051
7667513
28978805
222314
41303113
19895344
27127870
778599
40570303
18887087
8530814
26158995
27657352
3286894
18221186
41067432
41022484
13953876
10587383
25949610
-565719
30139969
26952242
11537119
16632894
21222669
17421990
1037008
6971858
17274408
40804300
21680854
7678075
35933639
30513942
12427046
-459835
14916905
16742687
27691686
39660483
39166081
35517103
1115257
29659115
22056076
26256998
31775808
19657654
32493049
32297384
6980064
16602723
16463510
4266350
19033976
25611282
39027746
15193924
24473731
41211464
23123371
24915360
2265502
24286939
31096381
29958308
2186238
32131262
18728428
32795303
5175881
29624251
23838135
28721466
20537658
33502576
2534592
3691302
19579773
14215356
12009533
35368804
40919684
9298601
9002279
43131708
28100509
26269937
5006809
20583699
13671191
41672270
990403
18757879
18828356
34616553
994333
6807293
1336603
29446342
33001679
21207767
37152950
26664586
18601709
24096066
1765244
10827562
110585
34492692
30454631
18949266
35553481
8760637
9151881
10691081
24100466
25956559
33994732
12260442
39204856
-1985
20755488
27247146
18124039
31749574
26870644
-243115
38181288
29273163
1227694
36272172
29546313
41444380
7656179
38485938
40838386
19430207
29720601
22066934
38709450
42540041
3525976
30066499
18922813
8261963
19356445
30964166
33412298
31925536
18540033
10823738
37835996
12740101
15016787
10484690
6593179
20071562
41799725
19422121
30196382
22819667
43464618
12854343
37351715
10334644
16358562
15656622
14614376
38635003
4540594
28822154
9899660
19921596
5511474
15283568
42855275
19486560
41925416
11738029
41677600
11370627
2491219
21816944
6044842
19154595
14710679
7563008
1844180
27791176
25233229
1143440
42717645
18930181
-23531
18559838
19135805
25196714
9043547
35291775
2544215
42469175
24615712
5208300
26711910
43326246
41637560
343959
36788639
19347619
7800304
11076996
16758057
10284007
31896536
14157026
12937311
31136033
10126128
41726077
32033409
26322414
36095322
7946481
34093125
9885268
27409192
15575243
29186231
28657848
42061652
16131310
10099551
5227275
9551803
23503761
11260509
19604489
33464599
-200362
27133620
30192850
12078692
6388870
37801323
42385938
28113841
28960548
11623795
22109556
16216350
-895641
15026323
41162599
9542624
26359561
29563196
23330056
35399838
16941209
36544874
25157275
13348464
20984864
24748289
26447259
41892071
26451882
36566578
33844687
10503672
13739122
33333243
23181608
23639061
16075305
32357294
13837643
2429191
27089447
13944886
9534218
12846265
12925494
-826413
22997676
14180442
43211465
30778021
