30514167
15094305
26512580
39169899
42502338
36529363
29952856
43009323
40292935
14639232
32522625
42586677
8883769
720957
10623138
43246289
35830456
33896114
36524334
38517526
14561067
38477981
21815954
11891494
39614503
35794795
35854955
30155764
18842474
-825168
18926063
33301593
18186658
16501158
32633620
12133641
10554723
5584097
32010088
21079363
8119098
20533206
39192739
43454522
13591881
23087812
21958981
37486372
10966073
36649539
25071324
13797645
8684093
24419848
3791947
20260542
27398007
12721163
10149144
40866063
20916094
27612241
32104965
7181460
10986516
38216388
3184953
3942011
8873033
10750434
28879980
19167526
-820852
40186264
21291282
35228176
41633763
24301043
7845573
18610901
32499878
4400113
35622895
39920049
10151102
21014781
42461975
24892693
40525820
17253280
17289693
3465092
1714882
9228153
31065832
30620785
41411816
36825996
361229
3974352
16108271
35405683
11695670
28774456
2244481
17524356
10051219
41754849
1050812
41702033
39510306
12474157
10598782
27368870
11450251
24701856
10947897
12130922
17663865
33390127
26622217
38450705
16256253
16794268
38200502
36371330
3064742
16434125
9666455
16975539
34592444
23590715
36596135
30285775
25571106
13615920
40904003
42747171
31970249
13317243
32177929
38743638
40139383
35880042
42312595
4770592
38307283
20407699
27958437
25444208
6710497
22955348
7525852
35399493
17665232
18772351
34736538
7013879
-258754
16937078
21477612
37594887
36242259
32681648
22103605
25555697
3066174
483782
22131563
32565926
4390178
3012576
11682864
30614564
15784696
30786857
6388695
11148239
17418423
23873482
8267397
26896354
20333624
21363701
22323383
27484086
28103390
19501731
21215266
20089150
2626105
17505723
13319046
2631947
35342196
11310797
24580595
36276073
9354000
34138384
41037862
28329294
2522397
33369056
35424780
42740309
24560293
43396804
37810421
19844337
16323297
38072953
17545545
29766070
25926483
6351039
496967
34556799
16693258
32426244
10392213
5308524
34871424
21106341
38309990
26078173
39746693
10397144
20491645
15354312
7019324
28615046
32795307
-670266
19900197
15786901
14531735
2410825
32320076
8328683
35545706
5470526
3583366
16264378
21480644
43229474
3583124
34987731
36343428
28290961
23337833
33564027
33631104
7220450
30783120
22267124
13441878
1297646
36505212
41843519
37876701
6282862
9207570
28131789
21692410
1880551
29164906
10423451
6322442
35062534
19929474
29500542
3659762
6344620
8707462
20707603
8341020
20213415
33619806
25840677
21655712
29903941
17150369
20754969
43355402
33630903
3025368
12401110
33083261
10781809
29237231
18788518
5800153
22505691
6347148
35744753
9966685
13894485
13516437
42788582
27394783
12484819
5234417
15008105
8877618
16058888
42505499
11891838
38187085
36291271
34935889
14923236
23762563
843836
25172084
35012908
9506109
27236188
2996776
22830851
15644260
8217080
15783821
10340583
16919229
1906308
26992959
36895205
17825039
11495516
25054646
32738908
15892986
39871755
10696322
40963610
22271506
23987092
18799360
27263724
9598469
10923548
6901307
4036941
23436155
23992225
8991389
31846395
17694380
20640263
14376235
1281977
30490188
3963633
35142019
12870168
32144222
23655378
21756836
28914636
5788463
31974645
12409186
3978084
33689641
18290886
13699959
22459525
3683377
9740442
40408512
2530771
38879912
465002
14094489
33881266
8168989
8858551
4857232
37846511
19032043
26827396
29449406
20245947
27072332
38059477
22620801
12324073
35784651
18894331
37079964
11232791
34746221
29167896
35449706
30077921
17573755
9407771
23150785
38844683
17732805
21931093
18941471
38941300
32049135
269662
10458170
31827926
14647016
37540572
43413495
26398615
8324947
13626104
23498542
23900940
40364615
7995056
22701638
19491018
27038777
42995605
8918793
-387022
14968379
38981434
11328422
41638524
12128533
24811580
17000914
43040775
3187279
6028799
9326251
7265140
19284495
28576014
40971696
30241004
31295044
38171273
13554224
18679222
1527286
6470702
5884348
26571693
38270397
5238430
25235209
25015409
9134219
40984461
12833826
10036911
13927005
7238834
21472761
4457614
25888081
20003780
34340485
8794053
5907570
27460492
13538464
42566697
32740172
31085910
17380431
13910607
42608541
29651523
24956790
822926
10127432
20463007
24314190
9440414
17001787
27328668
14985811
41086568
38675347
20055372
9423967
31522066
3014739
16720565
27051545
28309900
11803272
6985888
1332497
14602085
21515108
12817253
8414136
36821764
13130908
41849657
33183858
8836995
25593284
7294460
7293685
23273273
19020656
-803624
16150525
8536298
12343632
3463581
35423401
17581807
31926408
8299213
24385444
11247832
3469761
31975484
43172460
3839555
32609240
39745115
9809915
-741485
20367926
24308767
40558777
-792459
16398443
17850373
23801968
26864510
21581241
33105303
19473845
3742310
25897507
20669821
33163618
3456755
779750
12817509
39142514
1290004
26621515
24422536
34338003
2756728
5442100
8631885
4689154
19550282
32280451
-252285
13245418
42659500
34577020
21989260
41682754
24273170
7268474
28243995
40964109
33828187
29971034
7242956
40408354
20160462
15248878
36711008
898220
20251113
31837759
2182294
8847111
22713625
5222410
43043914
30784233
34916142
-937160
38665226
41101106
36925498
30367785
430
396484
28648072
25241758
21745708
40277153
20493314
35785073
10310381
16207282
42259547
4922860
1707540
19384121
10528429
16458728
8432737
25194288
11004022
18318115
23959769
17974668
27587336
11668298
37384814
39393990
17393028
27326268
23499981
5563496
40925718
16253362
39034017
8791553
34096678
21766952
8201144
38215921
43348441
35771890
37912558
28093120
37666695
11938358
21178687
27581014
18390861
37055661
4100480
19045324
18480204
32256057
33938591
30521504
14882066
41462464
42553114
34299156
37314211
6735124
42683970
32591518
7493689
17722845
33774726
24648968
29156527
6541770
22263962
21007178
16296141
23700751
8502215
23919426
16240930
31003366
34606770
25608515
14055775
26025705
14884637
30365874
13700441
669889
2297747
16190802
14600404
3891692
25644767
11915034
2222142
5324685
13452677
4169623
15003991
450197
33760839
32531073
32959316
21484114
37411395
6056285
5712100
32205319
17380019
25578458
35294878
32290379
39728629
41457080
-43793
19734674
9483359
41739164
26315884
34379872
16364371
33150025
4171959
22613410
36222093
24249506
23883182
31933822
1075312
2615871
21939211
16465941
21654421
12482912
25540347
34424875
-58536
18532151
22080573
21559466
7831156
32623462
33391386
35399619
4949357
21941109
34172855
34435328
9363807
16994057
9365910
41403028
39516717
25682758
17590529
7650435
38364708
1476435
15594979
21211273
36211694
8289385
25088998
32711599
18218407
626851
4563079
7714528
12724784
16177810
31547051
14179422
29389885
27972980
37525645
25599616
10762786
6817126
32354494
37915310
6657439
23530675
18773255
13235657
22809089
29574928
24197810
14493467
13667512
4992045
26251744
22267428
35742355
10795045
3328310
26413776
7024919
31460593
23263852
18982248
40887466
26496779
6820795
14999170
21635470
37136273
-29384
16229490
10117858
37280206
16074998
7842893
26161404
784497
41389132
22474139
5327888
32044912
2187076
12329634
4744395
5543909
19234387
40931013
32792925
9314854
22979864
38785827
3396137
21343644
8872876
31279445
12998077
14625286
27841449
33728428
41623571
35488617
11300452
40850046
7014952
32042857
4837295
18635892
17148863
20701398
12707268
9671572
4621700
36384982
41059791
18299517
1806994
8537792
35400935
37659039
20188331
37374709
39077030
15447458
23103472
26429103
5697497
5486854
-620738
40201860
5963864
10444705
25822477
1256370
771092
15065552
42376272
14496627
30341823
40407546
38903234
10235493
22669216
1476022
41561003
39798016
39498445
34135996
29939283
12485172
39653481
29230458
-591114
31079116
1249371
32354889
20719141
37455498
5258205
3285019
42247276
6185305
17610266
38219694
35751850
22322017
42019919
-359480
9585923
30952775
3421394
9783750
40287423
39381412
14566513
4595164
29548338
11610166
30446193
39611067
21298281
20974339
32436522
22953703
25355290
14907928
33101939
25070843
3950696
33296600
6497236
14531951
1235322
18265483
5467882
36551558
29037439
-429099
41828391
22074254
42373548
12504460
43295807
18661154
25670229
11455661
37420219
29839816
8190880
35191034
17610127
9051959
32181976
12883808
11406070
21529228
21502363
18123745
7653144
-155795
34217798
16971446
-239326
16948013
39292624
12221009
26227595
30185167
42533508
33985272
963023
31930868
35512382
12308380
11208769
31586719
3557203
11912425
27705874
20404079
18316375
658405
13894260
34868019
23900565
30066823
26289568
42884216
23116446
39740048
1432383
18170801
-833093
40859451
25155131
4200749
38692317
18772233
38160034
21413693
30100604
23213621
582936
42761114
42170777
28686520
33900305
8690072
2112919
390935
12290852
9130693
9969335
19788937
7820610
1677387
6827120
43144796
4640679
22232552
33431199
39429617
42407600
7285212
13193814
20699174
34634390
34315496
34328367
15997751
23569579
14589447
19996899
43389612
25500558
31213997
37455307
35118521
11676558
5808385
39611236
3653449
33338484
19867855
3448509
31593416
13065939
41966905
25886080
6060921
20938040
37292999
6771438
38499716
34289258
27456971
17956397
27150861
31616973
1737751
42154179
37927761
28440236
22321210
8880396
42040758
30558754
36978157
12012179
17166761
40375270
30516648
28987061
18225476
21816268
16804965
18390716
37344496
31650449
23861349
4171767
10399315
7487289
40713998
38565550
29764126
27345825
34823169
18581056
15447257
2844054
24054928
31650317
19596614
21879428
11068230
18552154
1702542
12980657
156611
38123494
41738704
1012851
21535435
20426970
26782002
23741092
27414583
39063020
2959284
27466777
20265383
15725693
8685090
20884764
30401277
1147304
33293241
3146972
9161072
26707280
42037236
24814622
33343107
42014947
30516313
9248481
12309328
11403005
22675137
16025558
14078158
40361394
5197044
30395770
36371244
5842252
7825874
13864055
42351485
23587369
1981683
15189210
31158709
16929288
26670828
20893028
-166173
-168947
9271342
7394857
39845494
4803166
20955333
39098320
34029066
9668626
8564195
15100576
2103496
26040980
38762252
29574332
10444925
34196404
3653205
38072798
12545886
37103823
35476654
18278824
41728709
8175306
130096
15135329
4237657
29775288
22339130
37242224
4164653
5598003
11796316
16303497
-338936
29331251
23598610
8834237
32910979
1042075
35343865
35819060
14684708
23017167
21939022
1105137
14805298
10730626
32696332
31006905
41424973
14716575
33320397
6278395
15816561
23555030
1870682
27444542
24231156
383363
41296506
36285611
25631508
3256685
1868579
5031823
38705044
18768082
25346137
12012884
1617028
3051115
23332572
3497334
6465494
592456
9812808
-781497
25625977
20613693
36323660
1013049
43469648
3583039
6045443
20865895
34626006
19307767
18082531
41249786
11810278
11090525
6270941
12316124
40604965
15745748
-41853
26064674
1045064
17211833
26810958
39517631
40904086
9852965
6632036
36240932
2756109
40039185
35904953
857172
41275775
29737250
18985535
30681826
23993439
21904595
12354750
17338604
37797461
28504124
23221350
18517117
16867620
3926549
37509071
37355126
39156426
15180235
1107515
1854996
20953241
38589853
3463355
4188894
23639721
16380461
10312764
19296966
42524169
6691033
41790810
10976245
18351935
26428529
35190159
28150399
18794551
2125080
27692261
38330493
38604276
6068064
43047843
42846583
7598048
39105626
715988
11879874
14137049
16159430
15883981
6137877
10578929
41093676
4408207
14939199
3100910
15672281
13012851
12412458
4059763
6809377
4425927
43079497
19444088
36428679
7837124
39983636
40517850
40953175
11669231
22397357
28088449
1057027
7281195
42012673
30433565
6192946
42694774
29455021
8360619
2189424
40460261
28577635
32533442
29229389
2007849
1888947
19288994
21231515
39869825
41224879
18945914
13712863
11945210
42108751
10205504
32529780
23641173
6653675
23186488
18593220
11777137
39896137
3984385
40483537
9533812
32997225
38159820
874798
35389789
14945600
18971882
13107016
26026903
35968758
6479901
2834832
3098290
6043494
1976029
36806291
4216727
732170
8489529
8669953
38204057
7846097
28840136
3613321
42109333
7553261
10283927
18288299
30747732
15001909
18254041
20222202
31096294
37182129
24699325
9116651
18072007
1568977
5184363
29281199
34301953
7709439
19149966
1217516
18761198
39525009
897112
33175834
31537809
29399123
35926484
37367575
24772029
12120100
29543872
21726979
29699047
18622472
40967370
5187399
11109957
15049068
42897198
9521051
23064126
41734330
15876721
10227774
38134749
-547654
19651811
10619319
5223020
27993729
24372385
33034073
25669091
38864487
25546546
34599618
34149520
34192102
32112560
9632620
17713660
24058136
12616904
19531596
41407656
12983958
16159846
-168957
3367749
6792478
13632902
11137993
32935668
22009769
19318424
35146691
8954334
-135938
13403141
2297125
8014097
34131913
34292419
9724558
11529548
22464672
40549328
7303582
19370778
38635449
27101682
35752516
37730105
40543405
36192904
31969834
22722901
15397538
40570993
33612708
5691260
28166987
32922279
21537663
38776321
31092069
43311926
12203488
29249582
27219060
16983911
42571789
34422078
31867541
20132232
11388480
30552794
15829280
19107461
43283580
18090194
15159237
8855975
42389263
-585047
4616243
7435757
21049365
15838232
7695521
30162173
19329683
42673155
23729536
34103618
25005449
29253693
38420606
21500806
13605257
920828
3639982
37485580
34250311
41079589
23430524
41203362
38500200
27487517
42058080
11321343
35701040
23179415
32851688
11467202
27907345
28050671
42416126
19401215
32334185
19146474
11816565
42011096
25025929
20549495
35742801
26873290
32553715
20394818
34539944
5142351
3470336
1467792
21770047
39725968
41034268
9578954
33859018
36017224
2568460
5828441
22543393
42454463
10420536
30744553
5417956
8960952
14824274
12001063
17072089
15420987
3205686
18286928
37407555
31992616
4776357
36409649
36457403
28171269
23430198
19920409
14527589
13887373
11023086
5360700
19595041
34209385
8858887
23629807
41765408
40595528
18565076
39726664
35128017
-672266
25525968
34268905
31941626
9657440
35955149
25593706
33838998
27050697
28047135
41198685
6694790
41777645
7577638
2103632
37626653
7230714
26809511
36168849
33164756
37025880
988994
13450341
12069419
26482012
17856619
22303711
11050712
35269685
5197983
21899067
29494560
19593471
24653009
19924082
32578143
9069703
4778785
38312653
19464084
15718934
43008794
1853606
13744339
25400357
21855656
22612969
34783159
15052479
34499673
30163397
19390262
9852458
17441972
4407721
42276657
6201246
41158080
3442335
33453094
22731316
33649647
7657036
6890394
3240952
25665012
-535914
13306827
17861803
35975680
6445577
-955204
5087705
6308633
15629332
12065763
16803322
3431247
22333071
7085821
7353799
18435375
9465692
7213861
38424374
8998750
15576160
40896398
27373059
3667919
12013453
14637445
6186387
19265627
27691969
36645002
5485184
40707887
38063037
41459225
2879599
29247509
37379515
19371430
24604207
13215031
43288235
29822533
38515179
34546927
29860930
21878327
13811614
19302264
6666959
39324647
19436106
25276330
3458532
4415443
37930753
19274764
22427339
28899028
13811357
23380019
40228705
4625555
26397087
20978899
25502495
23722830
17552536
17259269
1854738
19767407
6700159
36514930
34589862
41858948
33216010
32355987
17757122
30981855
8267734
25496749
14554990
42001082
870421
7247387
39256675
32053510
24836192
19861753
468500
27543154
10786389
12919648
22003705
28607164
8284032
17061235
5698724
32618800
30124098
5234858
13389545
26211236
1965671
9271802
38689964
34666890
20537191
10099170
26403319
24883135
30191942
11020168
14871866
27106169
2026648
16715706
29264652
26056085
13768096
18617402
38121744
36169632
7151055
39248555
31120956
42604639
41766166
31592202
31082065
9975877
24833326
16377114
23616804
12012171
4606634
32578296
5214378
35459221
4714889
30207942
24405223
27981250
4093461
35636575
16531303
26696164
15542962
19009517
3194349
16847494
2852032
30029348
23323335
29027908
16088348
8429226
5891330
31907463
34780337
1749111
24936026
30285967
18233181
38438648
12737303
31663931
32168799
40526804
20021701
37388376
5906394
36307499
34751384
38234140
6896813
28712781
13107282
21585207
7979754
25324604
29656580
30230827
35654879
1537543
41057511
5710060
15645953
22916362
13475797
40707175
27977646
38837440
9297725
32159320
4012340
11123881
-253078
27055917
15911783
20013712
16822903
11689524
43361871
37865295
24238102
35001540
25455791
2066555
22427414
23587340
27502657
43327058
30824895
16310150
18774031
42590640
19229651
33854301
17162503
33519921
27765599
15897570
32921664
20490667
30088146
11568794
38812813
25694666
7440931
12770361
27350746
2579023
39512867
24340952
5054819
39404799
20749234
32634235
7215658
37388835
15155143
21834992
7135702
21864342
6592417
14120786
28337770
42989971
25605581
34898537
43290718
15795879
25968923
30565762
28557027
43188665
12870006
7429598
33830559
3240059
12008450
392044
28493177
30756090
28876807
24699003
26556923
32997586
26297135
14494677
1881282
2140406
13382157
28619923
2339880
38185113
2242826
15726265
7216632
37901426
36808383
40548547
4078482
27744226
18861783
11445258
36616529
23498420
23230507
3086816
21499875
10196348
3683039
39907705
8356221
23130401
5674617
21413778
5162019
19748800
-996908
25556570
42487542
3884205
14492384
12342079
10509318
41841573
27949265
39705149
13394030
19108781
9181094
28395768
42440871
19876985
19387378
30768953
12984067
35941770
-432019
-81172
35545134
28931113
30710786
31947417
9602313
8699059
38455697
16181077
37645060
31164448
37604513
19860733
26495544
8120915
18998674
23090442
28129932
18432604
3089811
34378268
18523116
2297247
15332574
15786754
10260872
41375118
30624832
40785994
12195220
28273756
19119113
35870370
29774011
4938235
11434693
-288095
26939648
24575956
41107647
-496696
2095442
10982068
15028624
-167131
10308831
18416646
16611434
19362603
40948421
9099992
25782827
24486564
18573223
18133852
13088816
25773948
14622479
3437782
29721318
2760047
16442268
19208939
9182160
21520669
21887541
21083974
17594726
31887365
35390332
43398400
43445856
19377879
17199993
28284134
3593141
15595699
10969076
18567806
29881367
29592471
34436654
36582359
40440023
21875764
37753684
35772513
41615592
27245769
20462289
32106923
18175752
10668643
-104439
20319636
23625167
464269
42664369
43184741
20416538
8814717
28745066
38924969
26364908
18113021
1417570
20739867
31016020
29285072
34057453
9850216
21071503
2729717
42058925
24751322
41410646
40361697
41056547
4552427
36966543
26132875
-925290
21242007
22680750
42874323
7882421
7787653
24249032
12253639
36262902
13854033
35258222
25066549
38250965
23051268
25197424
11307268
4516888
6741534
27234628
28691979
21753153
6484221
17194795
18014909
35787416
31993421
19284715
11906041
35956343
29672154
26533178
19527460
23576076
20749267
758719
4201569
14850699
943544
28573727
8702496
780222
35369148
219485
12784271
1606628
16251733
35801890
7285275
5548767
11072250
43161280
25922293
5971255
29108956
943266
9747754
1371118
20313568
6179734
21606164
21005143
43123126
29844218
36186473
33344050
26327471
29790628
30219772
3944273
21446241
25116837
38733150
32356486
24168874
41332720
28437808
35025753
35870772
43037876
2024179
36952146
23261875
19450571
9288411
32006090
23156900
14493929
6519791
5200231
22839474
43179794
29936955
30534743
26748386
3369935
23594571
209066
38800950
30405025
13310521
40115873
-218966
7885558
30290673
33127799
29026533
20702205
3011353
3403346
26536791
15797044
13066460
34924219
20088610
27992520
26821632
39407116
26507492
20921218
29587825
2162069
29540198
3164227
-307289
34721262
8962075
24002954
36200312
10700034
40238833
41765876
36719759
40513148
2421370
-243364
6165594
41634031
6849896
29282267
36005707
30597837
29725509
26420460
4644353
11230924
36416877
4289888
23910449
12118274
5414409
15002194
4736887
11547592
28621012
22193061
24064212
23044930
31667894
12788449
15709382
15690201
10434437
22685251
37699585
16388472
31786416
-793500
4041689
15991427
24855894
12975788
37000156
37273282
9601544
30963916
3818276
27763612
31886520
11121478
29871623
26882498
6332968
16424535
27482071
24764252
2334765
1777927
36501085
35228102
21616728
11885163
965758
14896530
40420486
40580633
41066206
36091566
11196539
42609922
40826287
3934118
4338924
30384228
36141238
4326623
7928778
11064840
8543801
32128553
12289552
28225620
-590184
15759327
7440021
35122282
41878937
615904
18380339
41739574
2789939
8033678
8134252
20864937
9555053
27839005
8872811
33410562
38319607
2722487
290260
37446446
-654846
21524651
6488913
23673692
-95807
1602896
22666948
37869053
22891145
35714811
32131754
19817683
23986071
2902179
10742667
26570386
29620920
22155661
26747472
22563830
22450116
20835957
32681312
34826998
7501746
39235289
16289673
11447929
25814881
34292579
28232811
19504446
3590517
6105318
14678403
25208899
8201268
10242278
10815592
15277762
4548209
18465096
35615583
14687580
25961140
29216430
24586231
32651353
36622722
41219319
43418347
13876316
24498848
21398431
31658651
23926304
23084831
3010567
21133190
25691700
13084599
3776861
43258001
10616970
23762164
22969454
6157100
30163695
21611900
28132112
40009869
26583730
25585043
17062330
14947478
34048530
5790202
27772353
30243354
34296387
21958706
41704915
30936878
19855072
25800029
4246373
5544624
19683570
43429372
32384929
5013884
1676717
27916631
24309265
5579447
38819865
24671845
-753880
33506908
16864118
5174227
39341272
8967142
35308482
11226865
35948257
15629664
17290913
25191912
-556077
42177581
28085966
32349643
7487000
31875142
6137876
21270382
8379681
8342614
35431901
12895281
12656997
43128683
9586164
6049307
29682358
32605217
24955288
13376278
5378436
28412736
23517858
35559085
16788266
14175693
4030571
34687919
16769700
30920681
34551822
13323769
11921625
24490007
5864293
38595991
17042254
41806919
26244305
25795480
9947951
23342029
31344963
310730
30503158
36586458
26151630
32943941
30487525
28762171
31041315
11527798
20644799
11094295
35090330
41279908
-550754
13435756
33377895
30310959
25540349
9607531
4928111
2453271
34104738
28240889
14128514
13066653
36035368
40655337
16560252
24130852
13521718
35831933
29598937
2662869
39904995
33573072
12897908
12726763
16185329
32277136
7088012
31915536
31835906
40075641
19299533
21002659
34020154
8872416
25010330
12198056
3053110
32175543
15819833
5159896
16073339
17575841
14112729
4102161
4440623
6822141
24627649
27941895
10549999
15250802
7704609
25024528
30713769
25515685
5535536
26917421
39131200
37629255
21813164
14482208
3765737
18850605
33505057
2799680
3838286
10351845
18510570
14238618
20553659
16959136
20853019
21129847
6215787
17018153
4228916
971002
19422274
3189464
4138877
9958614
33535967
5073939
25961796
42031797
34173325
42194872
17381784
1560249
15371066
9839096
15198723
-624369
32254772
8576705
39540098
33231808
25040709
40290755
26858002
4991670
39414544
2381483
32282036
6135721
7931769
21058671
40630022
16070951
22859450
29225460
18298504
43486246
13662396
30692678
30687139
8036746
35454298
39242262
9582007
35002550
37628449
41417946
6143520
16212949
14787766
5252875
3612338
26433284
29434189
21785000
43101434
3699809
37024956
18188726
42671869
13693329
17502515
5811567
27764452
33667290
25268831
26561898
5274342
31807667
9892956
9282898
4363320
14478366
146741
27028767
21845506
12008281
10229008
12237828
37951011
31124520
27940273
28931051
20542518
18022400
11269053
25596440
28987521
10859250
8523975
4565424
10777275
10908985
4367171
8934560
978475
20599874
1861862
-653547
20901932
16441120
15004023
20472485
38264203
34161859
5329185
9808723
3183829
8269006
11819950
12972439
42129707
40068224
-391263
21193155
306416
20661568
39791915
10221767
35677794
6060696
9659026
3288557
22448753
30287544
16838629
20822904
8230885
29414467
18772783
35372869
299007
40756033
38877642
26579554
5411732
9373638
-487010
24020741
31041173
29138863
32623350
34305562
7160713
14913289
16591249
14748006
3094346
31009174
12676620
32480205
3772645
23295140
13234676
38355004
430373
4227638
-509261
30428654
12992050
35706598
25770594
14515458
43222069
12683945
-939585
10466699
41181243
22839981
14713402
7890712
2351037
34285825
32322019
30713285
27181738
34133461
35074000
9230298
29502184
25872412
21879357
18223054
10115175
16126577
27866869
36517152
36368160
33529698
26379513
16998021
5680999
14457777
9612144
5243025
18649406
30255817
22718469
39745144
4543017
11743731
14082669
40349524
36219692
15606621
37594684
20344999
34192297
36369864
30496411
13063167
18420804
31867916
20973756
21567141
2356642
42896532
40881159
41080835
23609165
15780973
36239509
19783080
4536868
26269659
12641492
31111472
19040981
32061505
10966314
14944387
13840475
1886658
33754936
7938238
10991451
35628174
34010803
10229199
30036966
18495951
24969791
14564862
40930685
2703376
35209966
8548399
16985117
21707661
11346264
43317704
7049826
11880140
41921903
20340473
32545450
34486639
5783538
30788153
25331004
42535457
18441406
19250629
20702538
31696907
10793517
264524
17280936
3745505
34919062
13189274
35534971
31168873
25288848
29731939
10035341
9238661
18958151
13456467
1306328
39123333
8118119
41056883
29865875
13250298
9375483
27758308
30124505
14271491
42018219
23445977
42814814
35935092
27007136
28277637
9088830
12723325
11347056
13539526
399092
34182794
20224630
37697529
37178669
35495381
1246139
32794244
13529688
1170848
27872149
32460013
38087736
2523445
39252526
3682519
36900596
32235349
21444739
20264326
8891195
25342188
13269487
20648815
37890756
20543342
8358006
30795195
21337334
7392067
17601828
38869790
29111376
30941205
31113460
9630165
11411734
9112258
40093167
21386050
33583777
21166429
20335851
14883504
27805767
25316854
26391049
2139490
41072978
25374766
38754736
1346247
21731711
19744466
41872388
19859967
37660654
36037126
31841674
30988185
7599396
30653690
9655794
8779497
20789471
39112287
26135104
35440927
28220028
5614891
1631491
7226973
10092178
41660300
29695396
10568196
37542429
13522729
8962080
4441073
5416687
12940834
31493470
24369985
27488663
1249485
20274874
-481835
39859025
37527950
26960687
34843805
126931
3812470
2729342
4018109
38166858
20092213
36991210
28059965
14346085
40283216
2692608
9841354
18622041
10443440
25537060
7619972
15939699
5194663
16831591
25198032
2056130
20427634
38199522
26919056
26164532
31128235
-310950
27972976
24260224
-342095
8428725
-200994
26995167
31280839
25555400
13081362
24000917
11714140
19044600
9188691
38834388
30614057
9656577
19799665
-693940
2691108
25849438
38664344
42506177
2149021
2163396
14397478
3149875
39054082
39463453
13114035
35618411
4497360
6762097
42056962
28970593
-341501
1462175
-985033
13297264
11189655
5138624
2652302
20278018
13441623
19680171
6550901
37989287
41781967
2849096
-377869
33475345
18181811
6296365
20915496
25285280
15339823
1589079
26931850
3192844
23804777
29778285
11001250
24362721
-529788
40151423
11925378
1772818
43252312
3372369
8934565
31230484
22406555
9369891
36984662
2542686
17935366
28105727
23220109
37486980
20484028
13612696
11756222
2689433
1106392
6949676
9609919
11517616
43313430
-991741
14563588
6635832
5370070
2635155
41755088
14223628
22334287
21052322
14611255
30848574
-402740
10455500
24001490
37517779
42768370
14935621
18562539
25866638
15563453
2231385
8389070
8462357
37067571
42348006
28734469
22408667
13662666
36436892
4701768
16429703
26910686
38268369
4648890
26252750
31248103
41802621
24423997
37772073
20807970
4815807
2796658
22519920
29335230
15684000
3166032
22381916
38657026
30112461
10970348
29175827
11466359
12981197
7423094
1849054
28965332
22746677
42295140
10834142
41348018
19404051
8576864
11510440
40589007
2535182
35117594
8554497
31624124
25965698
11121737
29602631
29321439
22784154
252972
7583375
38151780
21888425
29686946
15217203
10693565
6172082
2046757
40691716
35891802
7347326
10283422
31202476
41819440
31106172
11024748
12719546
22645317
5722817
12563358
25070674
41944726
34167100
17141127
26510761
19811941
33730717
29814731
11659621
27108924
1212157
18757456
20458002
16966484
6296241
30968011
43120953
40174264
19986251
41261398
5460054
39268314
11406050
8178782
34363464
770708
14860456
22692500
27871424
22468903
24222547
40532308
29865363
6532057
2388867
32301860
9104388
10208679
13236416
39398258
40379584
10219360
12864645
30291171
19494670
15134073
33079055
15393
16069071
25246980
-776029
27483288
3184964
37732288
6964818
15398290
5925213
17043879
40527670
37954374
2585620
8745475
14093278
-356745
19095184
1106452
33941700
28008505
17676531
4043252
34322497
21128499
7289514
27333093
20982294
36871903
7164916
18601035
39347426
12034529
10874558
3369224
11252705
14923308
6402492
15351899
26530513
32613069
5322931
35554168
15293408
27507679
25022355
16776283
15973244
25745986
7073955
22061184
37586575
23515359
35636569
24583045
5617561
15432440
42083526
41272528
26633299
40866957
10421275
6740009
5263978
3649644
185728
28588464
39068485
33303532
29236646
23247858
38549065
13353402
38301162
25489049
13626151
42664412
7621174
27997953
35757947
13472589
16503863
28859928
17435050
32132069
32037917
17458997
6522955
23696833
59663
28756102
6812345
25082507
9901796
-952110
39533037
26155501
32746388
1952378
26035802
25610167
1224837
9529254
6776707
28654016
2110862
28295974
10558559
28857893
19280290
33407208
6280553
23986955
765719
13182906
37692480
35619726
5716250
8701241
20292783
2284343
17173072
10475892
25005855
32644944
18666374
19630297
18892618
21558346
18796658
30300333
25363371
28705616
8992271
41654101
43496818
18296001
-215366
7255259
25679946
10288521
34636086
40073779
38113471
656760
3796410
42510893
15117783
39549372
16872757
22858393
41665651
26426170
35675029
20872031
30454155
19257044
19695114
26421885
492379
31126276
24737926
30337101
40152893
36054297
22881822
43119598
23277020
27897405
25725403
3323024
26267573
2419567
13558270
41759283
27363508
24661387
14656908
25741432
36852682
33557270
18053224
10165909
12106597
17306600
13700663
39265280
33271231
34599660
30289696
33345166
31873349
25526160
13042766
6697326
12059884
624400
17475639
28040291
5605762
42612250
39166544
2733696
32048043
7975402
39774514
32264560
27843607
26913651
10245520
7850386
32241711
8444816
12819090
31327610
31148979
3106375
11780898
18608419
32895559
13690303
5326740
18397970
3717268
8133877
4577733
17072535
7647934
2914394
6049971
30381354
8333632
42572124
37138005
10646794
7647068
3717848
22243184
8576127
20266822
-666325
15511898
30461688
-249370
35966521
16538769
6242484
31170842
29866221
18694013
13917114
35148750
18782514
35687051
10272707
40045708
26330433
27041747
1074927
12790858
40873312
39256566
39698232
42360612
29562985
15005567
41188467
11423701
-160553
7139925
11865473
18470547
8359505
21867518
3151764
25956180
40011064
6519792
30331088
-583647
4219626
19424479
36310119
39538184
33732954
23277002
39969651
3943796
41730591
9812132
10724861
43061434
15812265
6797026
33875494
4664565
1273694
3548653
21835598
35014568
17038233
9723181
41886904
42378042
-546171
20558374
23369312
27222199
43385638
-117579
20622051
31692391
9495413
40924845
43379844
5711189
28501092
40348413
31105089
41909373
29629501
13522375
29780366
11751663
30221594
8865459
16520962
40558676
8138912
4237451
40945920
1262438
11486633
17459204
18335412
38113402
2328828
7898580
9441273
28634559
31379933
16242924
14102166
34088997
37946216
13854946
33339527
11816066
17192640
18929421
5090240
607148
18312173
36256085
14396382
32906333
1180334
13531801
2588356
35545769
984194
6641873
2918611
5632803
11402657
37342846
41335038
4418951
12522589
39532392
23740424
6417240
33669149
11568669
10807617
37743479
32226961
24802384
1618982
35940207
26167857
62393
15808721
2978478
14695537
18340725
22665416
4182778
30146656
6367992
29442451
13958179
29900636
6604038
10046008
7265970
5112512
28935590
21477410
16573521
8736315
32521794
17557281
11451905
42996079
14405248
23751695
14020320
24534819
19710407
6447603
19034894
25611414
30303151
12025585
27407805
23464136
17154987
40938562
12952561
3436427
2441273
18162142
43174719
22213195
37793620
18352099
38829547
1109017
20472521
854374
39115972
6807810
31592107
27913991
19534131
41993846
34140475
41403291
12298131
28976265
11272923
17464581
14022652
135853
30798789
22092334
10948420
29905065
-171578
8500360
23914615
42231159
25789322
35247910
9283882
-511558
12893441
42745357
11808196
9152939
5502989
11035997
-539959
24458917
35493368
3696743
22514763
14813578
2532607
43108041
40613069
-778631
18240530
7524317
33130150
5202956
25984249
176743
5151463
14271935
13401318
40157003
35295125
33496833
42495785
20343432
32859493
5223639
39773994
41967918
14895268
23144168
11580582
6247470
19494595
19311758
2931131
4704348
11217833
15642949
21584103
2668227
9973067
21484784
21407457
37267078
18344513
-664842
26579304
-482797
11419371
7301494
4613224
14496642
6627247
24918904
42026307
24986330
22795168
27787988
35836165
12806896
25947705
16175708
314315
12816468
32477231
4899937
12274715
3702391
2358459
14829577
8043545
28101112
25315815
629976
1414009
12546633
16172962
16090531
33200543
15415340
40297272
7255810
30153288
11980968
61733
22008664
19341897
-514216
41790652
19121123
42507376
21817003
36123848
41724964
40874239
41778095
-830344
30379611
917077
3513070
9276361
12855663
26879410
36173507
7597952
16807988
16506028
16279697
10242829
31861323
40790712
38233292
12148557
927959
34867383
5536595
40956069
41451500
32143203
6854078
12640206
25764603
14670065
8587163
19044879
2047529
9167358
27226766
9612934
20334915
4022356
13788769
2931873
42425650
40899196
38406891
28343457
15999520
18758863
4701810
14826384
35998107
42486618
17672295
16798446
26085598
26464029
26210657
23711120
13267023
33809289
22117892
38640471
10910574
1610095
20507652
30887076
9801756
31706202
29781131
13092363
15270543
12177246
20952888
29586278
7680164
30274379
23093705
32801011
447789
5717615
11392814
2028178
12093712
37575324
1510774
12298992
37467294
4948806
25370654
30317368
1703498
26263681
30734867
39214105
39273001
27797258
28026814
35359547
-764029
21652111
3909837
33709005
3861981
-288906
38451945
27939600
3646582
9219866
33102971
32282325
31162512
39790643
3548926
37779885
11038158
41094948
4165662
-442415
30098421
39788895
15481653
40673062
18912679
33614402
8126186
39072618
16609108
34797893
26148298
39089796
14140194
667969
42286136
25945587
30329226
41360098
18599868
-211517
27053798
20666284
37435285
40976970
35897286
14368292
23812591
25449778
-336510
30961622
7563071
22965697
6344437
11743530
30158040
16164532
8465302
14267335
18340584
31625929
21077697
32402937
19486272
11079447
5126137
27737546
3426430
3594927
27849901
15194339
17012653
37642337
13126186
11181936
41098477
6377149
13754176
28525151
6391697
36694985
5436873
38052511
22962727
24706714
14597010
8075423
37015080
34612399
6519763
32122004
20433586
649252
18709539
26777896
30298005
10101866
29912571
15939996
9151483
33929486
34999057
11753727
12516626
33220892
3185800
41012128
39310064
28633279
20437981
38693995
9394779
15880186
19452893
43513276
27960502
400921
42350398
19177165
16072993
4288516
42415259
12090873
33287939
20694297
34352654
19014213
10012840
38492326
34290408
1618416
25640865
24602588
9821221
25470963
42511808
14420084
7791449
12957396
24576486
14462281
34370801
14997308
27958443
24616566
37988926
497588
28542500
29549223
12112018
9597253
28293456
31294985
20559978
42419414
3444609
3831502
15578162
14377661
414354
41323045
18102644
25796018
35670882
31676356
23944757
11962348
30061523
8986401
16927100
1684036
40521994
24312988
4008796
10012735
-973620
205525
34474629
15239482
10495381
30826979
8209088
37171054
2710053
35860394
7616164
28741337
40065630
37722325
2115729
-905647
41850602
34287592
26374977
4298675
40611389
5367326
142537
-615163
6854433
39362743
7568312
6611425
35990800
23383630
35385435
27883223
41507050
37241754
8996468
4124242
5532233
28807088
9569753
6245190
33660639
20750055
1929680
22861637
1689352
36982278
37398595
399064
4699473
31825522
17408725
38083602
26313714
37485828
18664972
21039612
40843246
-541139
3792662
24971452
24906134
33235768
27182989
6691849
8916552
27315558
26441588
1739270
3833380
11312328
33590902
14983570
14176225
4642759
41847709
21396772
19011147
202380
20431009
28014750
9209754
23658124
19209466
27901267
33215103
25537538
1949502
6083357
42743052
37428632
43343105
22514150
16406008
4232304
43302273
24795264
25502308
29525093
42206323
33333800
18193451
2007651
43457065
26234527
19253388
18559772
37732841
29817779
13174983
20786398
26996456
42737241
7647439
11489232
41676306
38041277
21350971
31501158
11881014
2679332
19423351
28458699
20491176
18875241
818879
22718118
10449754
42149984
40479886
20972075
16025522
23396033
8304401
25106837
26758178
8611714
15653279
25014203
2532909
9401764
12410560
35297773
1314555
20485754
12579188
5732066
36112587
38451377
17517954
35652398
27766187
24843158
31657090
36328608
35237892
29567572
37714841
12327915
5130642
23460027
13440143
32232633
37849335
38191322
24321546
30839439
1319404
12444201
17101033
11952976
34427908
11376668
29917194
18230902
31299921
2234953
21792574
1292695
31870058
39569582
14337821
27699189
6062935
9368279
6524843
8790163
29426108
4063088
21402644
24613800
36279356
35698486
33175699
16538026
28545980
36078927
7558948
1396840
10199409
16426270
21182067
43468296
1271225
6955043
543993
23797398
-366063
42014924
38491162
38482409
16957283
43024582
23729186
33971838
28240432
30746034
17114792
12292225
11105606
17467126
21628537
36531347
35359441
20419587
29920762
26364601
41261491
20971020
15451748
7074098
6981229
22081334
29580732
4558323
36020919
2771987
26197902
20920924
4879015
8810861
6728633
26961966
21294430
7815846
24163682
30649867
8089720
4607422
19743566
6363133
4966640
12380594
38402615
20587756
41939643
13118253
21057928
7109419
3500572
9422975
11503915
37491744
1677286
14157073
29559728
1427529
11423226
33703995
18341402
34590477
16313803
18000480
17745455
5239445
16533296
6362549
11444574
8353830
24603090
29620619
14694102
31285347
38325504
4464088
39321135
21010884
22185078
35098841
1422936
23343172
24695314
39706240
17188589
15014015
390777
96372
12366539
18970150
15066711
24473408
6131175
20426662
4912227
4437662
32525296
33943818
124791
5803156
24186455
32164739
17083289
16523080
16864368
15753356
16183618
26764690
24244027
6399707
29784596
30663272
31164704
19558219
33661557
7882438
17681790
25855756
10391649
5358641
15527182
5540357
3584612
29412791
40365839
25388914
9260430
8371836
37157081
24251499
32633389
-240860
41037558
30544180
19900313
40054748
9443163
31851418
36121934
2414584
7870154
26332324
19116553
28223007
43501688
7622167
35577807
19663832
43500119
3019016
32797164
84431
38981257
-722418
15017053
94057
23688122
26782570
32428617
25528799
21004803
21533990
18928699
42776373
25084791
16787041
4028469
30625566
9314255
5239619
6554448
12322098
23478385
174397
28813047
31555950
2719778
41496243
25500749
40099837
19711245
9755933
22063969
39525352
40666852
29239167
16360776
39299959
27194050
42229791
37983062
18530853
36013449
29422834
32955607
1790215
26116816
35113607
34628494
41175465
32649655
10773714
42983559
26912993
41193291
39337693
31515048
6025141
36107032
29534787
18462746
11875052
37789734
19755737
4959196
33794233
-344202
33788920
25091909
13963888
28957694
26562852
34049307
21527460
4276513
12872899
32480872
11378531
7199979
11405345
22192575
26612070
38523805
-735316
11464266
42886303
11714922
10904585
10973269
8694994
38947814
17946480
30856903
14202945
37695628
6187073
17914203
27262210
23346208
34911219
40577174
21707293
28080312
18852396
27680997
28776411
22633721
13264301
14849569
23970136
8569447
12239725
26399500
24739616
39283232
37450854
13999961
19810370
13455487
33077727
13399566
39247990
42069599
40722179
9016531
42144063
21484519
8417954
35041192
27956621
38635474
4295799
5859889
37601814
31106697
39656271
33098272
21368859
37261841
15557882
17838998
27748325
18106694
21896263
19829314
35325713
32682688
21861103
16285318
9249471
38090543
2552279
9602421
6431420
25961219
-597851
2195098
41963003
7443499
40999357
25363335
39116205
32000180
8117508
4962118
14784618
7386140
37523206
-809185
6406642
40470896
-429266
32195297
14748580
30172550
7493446
10247748
10263468
15416971
9437135
20081997
12924269
17331495
15775965
35959573
37259810
36069095
17668821
38717901
22751427
5307523
33051824
27657465
8193945
4358111
20002730
14639798
32261714
16221529
37860510
1502402
206329
21546781
39015984
7839326
9485331
24918943
30108645
34366688
5909005
25463338
12340580
3113098
37693209
4930560
26112426
32516944
28030907
15481800
41666900
32879898
4330668
38147811
2866856
3810547
32819743
7954627
-900211
1066227
18779718
13859968
39913929
40689061
43296512
15630640
-469464
43348423
-711985
38026499
4779957
28525196
26924679
-928848
611765
43425097
9170045
34616112
6000205
41122735
23022437
39401380
28004059
2745582
12124934
5214929
3035919
5150585
38469933
33232051
5903232
2928087
15747687
21879147
23198417
11380670
11178470
190183
33616051
16385800
9928843
42704414
11334372
27996799
15164328
36113678
5528168
6740095
28310269
24276179
38602439
23193547
35610451
15569230
37345610
26435463
2413827
19456462
2784118
39844352
35340965
11133345
23351567
23579224
34318610
32692565
33318108
32970187
12552133
20767812
20694218
37926715
20173700
29541340
29333322
30705997
35180087
20789114
8665404
29408318
15710408
30120338
21046023
25702083
24996979
3660846
32485655
3628015
3999369
-42080
15424647
29088671
20363540
16926325
14839258
27664181
7626450
39927533
6524899
34947146
29569071
43412670
36487572
39660341
13010044
35873127
30783437
21306362
12573273
9686661
-673898
22946172
8102213
35890019
36751793
15397126
9521413
24025328
41483665
2344864
36188982
-876082
7367006
31061951
38548839
116273
16275385
37773365
19340666
2602731
36408509
22190311
4247083
12526397
-694097
-974047
1189755
34674803
20098016
3438525
24056118
20365392
31851019
24936011
42128028
35528007
15314597
15549170
33031650
41801958
15623838
11243472
10385970
5638098
19778373
35190668
37564603
14487229
1712370
23401153
26475957
7779111
15994503
37911548
16113906
11248189
32835299
10571264
4128160
39813969
25720918
39020235
17426793
20728927
9680142
34175985
38277630
32777718
10056017
22807082
6401976
5859376
25641636
39051603
10937109
-562798
20566375
-433640
39033150
41326462
28415553
26921620
8425074
16115726
28527759
43415652
14067585
36012820
1242286
29181613
994187
11051797
35098229
21221018
40375297
39113076
179910
22469844
31468900
29381828
42268132
10804248
27570089
6827816
37314588
28927311
43039593
34552148
4052217
18005501
13943852
1066764
41102095
38336931
8290477
14120489
3012199
38988807
15233860
38447928
17744108
32017428
19834777
8673423
1955622
10623088
34806284
41247902
3750496
26145004
31539571
5412480
22907226
677472
6000372
41249772
814769
19234198
25571678
17457030
8685382
43422073
22927287
-96615
37819781
30783873
31998907
5808171
37999769
26608815
11146490
22501352
26024537
41323076
37152663
9775400
15353747
24290228
39915898
27415832
30693695
4364248
32960733
29190476
9857897
23867423
9520189
25868929
362049
41367183
39564808
35714226
35809229
12929621
40360302
20863534
38382944
4041085
14380800
40296622
25483400
14582708
14156919
17091393
35123555
38674848
42005817
1624497
2590430
10617866
32441041
-607533
33949085
22491235
3685448
13173198
7392396
35063556
42866901
22664775
31185060
31852304
18822066
7782356
17967429
10952579
6567145
11703791
29249158
37408797
25831366
28210124
6754992
39619449
13090936
5793974
4694417
38751028
12465621
9038848
37352672
43269620
-743249
7624563
18139193
1521902
17683689
12956412
36567854
34562486
2755527
40207397
39025016
33597747
35177246
3882536
14963566
7330056
15479641
10043493
6757214
42016666
29608816
9803190
1105686
10716094
2531257
12077250
40793071
20712430
28063753
27425308
12831082
13836547
41754516
8426241
26142935
15605021
5332601
360091
19791641
1188947
35430315
38307643
24250800
37057427
14530281
43450417
34435595
16887984
20594560
32457771
18329365
9136033
13021689
18251418
37146758
36290648
21724831
7798778
30800765
5113973
8678711
7114999
1989525
38871244
2865409
33452643
9554872
7350750
1035874
41297641
13473766
31605635
42674602
28601981
14993264
26748658
38106778
29141040
27425541
8719881
7110673
29206644
39970185
26525089
29330564
30841521
21966977
5085640
5572753
15634403
30944145
257721
575727
11506538
17547535
36883839
36744317
18017563
12642235
4704205
35197869
31599703
5836787
15026771
3302963
31008685
20375371
1843246
14675731
40666420
10304733
21596357
13334866
34178391
8300009
42992640
31041910
11472076
33734181
9149991
17864764
21291472
1942080
25545719
35303394
40866077
12405815
3735407
31662901
18939061
11149128
2754768
21703408
42825407
18870924
22584762
1554104
29587996
5824593
36836356
29742964
43111854
26892152
39972067
38228027
7607172
5132614
25778465
15398073
13707514
9263227
24141989
11692356
29767905
457575
19993883
43222005
5612160
-444685
43394964
7308892
39834485
219843
38166110
3181448
10030613
26493429
3891501
37152061
23269922
6907836
33890677
37784911
33964950
33572068
20558703
1126219
8692251
42988261
31204226
32578588
9706564
20851116
17938657
39064691
14116660
6922927
27143039
24615565
535426
29947716
19080943
16604640
36062707
27888858
6280267
37495270
21848338
-538970
18410097
25627036
33467688
28576101
39214011
15151566
29902476
24268924
42671712
376825
28737252
29702330
40006279
8524431
36547255
931919
3076602
845721
37767219
40268712
41980081
6940022
18190891
11329032
28128271
26250988
7082310
17225680
15632892
19544515
26722774
10072976
3162752
27283742
-288444
32528838
6986519
7667775
6665488
8395829
2092009
40047348
32500843
26477928
491056
7098371
37106513
22443826
22488210
35365569
8082130
24050224
33350070
4304178
26207330
-324503
7089100
23760629
31336246
27218096
43507068
20979402
25559737
33592984
27812433
4853716
25010380
21268224
18322561
32179083
17745111
26175409
22645943
26174946
42141387
29930362
14295256
37907186
27520364
19465228
41695508
11701134
42614315
22651137
30361297
3705411
42603516
38219154
14400327
32815870
34977749
38927881
42827799
14718829
20444395
14455632
13430181
19887322
3985231
29930562
37584028
5526803
30000759
28775958
37249105
-470274
28285829
9289397
34504584
29869143
2537545
28794112
12203723
1584075
11741135
35463828
29311995
12574416
4962785
907502
43066314
31118121
26475005
24270108
5856964
16257252
9924153
43510555
31810734
19011761
10123287
28463810
29592416
16334528
14110415
41455398
228455
20285845
18618770
33717064
19070239
8919870
39850844
-653220
27569838
23020104
11301957
39155416
15601537
11788565
42172755
6159215
9832490
4863445
19934308
35151055
12035121
28712844
32917669
13566054
23045782
17030485
18960732
3650817
12717927
31968458
33863044
22966755
30063695
30106699
21666897
36615679
18872195
28795025
1343187
25943938
22419366
7551944
5792760
33483368
36160701
9426403
10029929
16967580
21953637
32804732
16872773
4451004
4600644
9449661
24477129
445785
4718518
41290435
30099173
-394626
18374949
180971
42428823
35941164
42481087
27304243
43199792
3594038
11810872
32485056
20758546
26802493
6363570
38251210
34812661
2461192
43534103
5638445
37049548
492893
38686766
28352905
43255165
43450890
38787444
15440633
9407525
34756881
1859896
40668559
39253709
38793896
31402727
29424764
37502749
43353579
41811713
19162456
15415104
15167965
3108945
18475366
40757521
31278638
6320494
32948566
18947818
27692032
6760408
23807777
39914368
35457601
-759023
41921191
17909850
30306478
34718702
28894275
4679774
32758428
18208650
40134565
30292604
36235856
29368409
31938643
1532722
6024465
38256063
31953602
36092175
30985361
12320033
30239557
19813579
333126
12812964
11494152
11856500
3939707
27116332
30483877
18076893
27856413
4682594
26363604
34979068
15167237
35291299
16076666
4078890
17066214
17846118
1059884
32465738
22100487
13536202
32664678
42423819
10755735
6842104
4147110
33579707
13441075
36534940
25878628
18828359
40626770
43422317
23851470
-482804
10107243
32064515
32799152
18641432
115666
11544123
16414628
4928212
10309162
9948451
19908533
13455426
19498595
36450823
3905992
27880414
34593817
489841
11135675
40185287
31179061
3185606
8693371
16137690
37113450
6879355
1993273
35010024
4936769
9448390
40265386
36604085
41946941
38670327
37098017
11991291
16039222
12127860
26954134
5208311
24525720
-17224
29458627
3634163
29123425
14899955
15165368
7910633
42335725
38421671
22223107
42690552
11572565
1082405
20201834
3772847
39175283
30924474
21891630
34415845
30651601
7111631
6244262
10677405
26744450
26260589
19074171
42414452
35716238
39582732
25140240
5757548
18638096
7558284
42129508
32003761
22224655
11090099
9573581
24443000
13320005
2708244
16874883
9092502
31481724
28867032
25275380
23524826
30867752
4929040
31039997
25194667
32940915
274234
31714137
43403356
34774937
16632757
9132840
36778111
16003340
16568208
23282074
40832870
5873483
33927906
21598453
31794913
-40684
42030639
42429319
26077345
28270816
35677659
35764250
28039920
5691500
8405298
3989957
43093578
29517697
9511798
19943843
29030581
26279636
24067701
37397908
20481335
2510972
33109495
42679875
24051981
4657954
32431062
29478800
1908309
-930075
29111224
24315794
33995310
32704391
17278821
27409156
6257610
-258772
11430766
41000017
31102087
20151347
27612782
15881054
6353015
25291034
37989451
37959552
13008904
37945463
27769991
12205061
-704325
30630095
26616025
35727530
25251892
10912701
7121780
20107392
26867587
9084810
25701741
37768651
23982484
24305731
32155618
7163441
25470767
370177
6977245
17641115
17556106
5874387
41670472
30282013
26351578
20894916
17923453
3155245
29547234
9240196
83171
23128898
7611434
5180200
20677106
680157
6910974
17557229
2156694
31564249
1746360
1265741
37580028
10525886
11435437
8656010
28126660
32647305
23500807
2812508
18015911
11915079
14287143
21084887
9684882
27174505
34568163
42677607
387810
23343722
39790269
20168508
31970410
42237807
14690980
16720392
41222618
19303137
-929035
43054182
12867090
28887955
3035317
8456080
15627862
43408242
10176925
4400402
35532300
11570432
20077748
21318747
943361
7195130
1186509
33664192
40958142
4435073
-780220
3676437
27886690
42383340
26442349
2462540
17512411
28901562
39671779
11347270
38364241
1187702
28702302
38997238
42244627
36356318
41323527
29442832
27554010
11354770
2166657
30989226
24881541
4524766
15647929
3620265
24655307
5170662
674364
11433895
19803605
29689011
10089101
34541638
28804178
8756700
38989755
8104586
33782076
4452884
30791019
31380742
43360795
1826532
42964206
42173557
40824071
33766356
22920539
16786447
29701257
1487384
4192165
4109295
8294969
1373634
37561026
22181496
31703215
32680773
8036430
19648582
11707549
40242543
33628610
22256371
30404784
16767364
33036090
1402674
30473416
5411604
12835347
8607049
34178420
39052939
3499979
38334846
15806860
28478038
34827206
41683665
25778599
24768918
18273161
21862176
32066891
14134693
27997555
37328658
-548575
35267304
3539680
12904318
24197379
12966195
37283910
38215824
24403447
13686868
29566896
31240275
21037422
8822998
-326676
32200643
33282632
41874064
11297237
90085
285572
18050104
4592352
13388976
10843921
11930521
41601108
31398584
40881489
39790615
5200751
35570297
40319742
12815458
39732854
43295874
8590723
10206984
41093198
14868360
13175573
39905362
15154201
3280770
910227
20854920
3552839
39853854
26035398
32549098
39961583
41040007
17590501
6192334
3918136
16246294
3012152
36166026
4446891
83854
7062189
30535403
31694290
29287497
35518864
38211881
8649733
-364010
3152679
7049878
34117187
9767502
7227130
41419566
15984804
19379734
14976681
5855072
14787828
880784
24437334
13860918
24533007
38663415
29313156
23409775
21141528
34035422
23811806
20522254
38851466
17277044
8275436
37527425
526826
21607828
20261837
19506374
10835160
32974092
32345161
11318283
12477468
7422860
6662056
32349982
24677193
35276268
41972280
40896261
28212038
41160792
33682000
31285404
25695171
30293308
18513521
18879892
19443552
132920
33577781
11501062
1612185
18822984
6794766
21705932
35250271
27742146
2166733
40388850
8976704
40705260
38356833
25271120
2135666
37291118
42803302
7495884
40898000
4916873
16028751
9656232
13371042
14042552
1572862
34513795
35193692
43268564
38644783
24890438
10799234
19524183
33411787
40225629
32993451
4266958
208078
18298074
28359178
36014587
36540140
19238932
17376277
10179735
-616006
17285891
41938030
21624519
12187588
31771465
25102375
9189791
10645497
17367511
19954043
27094680
20860924
17298164
34474227
27946147
6891191
39741539
11339608
198445
20953514
4383272
18570966
25830385
34514291
13493422
12786016
2681827
15300646
39050420
7138190
32895294
9192160
38791196
11649863
25889866
21840924
17807432
9613477
2110074
37696417
31989259
20140259
1895763
16809555
19323173
34182342
24135566
12600148
42531026
8421578
12764005
12225070
35105891
40996191
39365275
20470841
32208696
35837776
36592574
9686700
498248
22404122
2998184
11070146
9804622
31693771
27851504
41126685
42925768
24767019
4737349
38340136
40465944
10462074
7038542
34667675
6297057
41914885
5036412
42170255
36996532
33236566
15027540
22115463
19067107
22127017
35518392
26363458
8362938
14301896
39017233
38234532
4330528
29912209
38891798
35275580
11561273
39741828
14167939
38503418
29838308
1893066
8656426
34985924
16565669
4295126
38177894
2329515
35473445
4778269
20286678
29802839
30878765
23448159
3402070
37300524
11581814
38726160
25786093
637106
38455291
17222794
4713435
14902872
34163625
17548576
16729666
10732076
16207212
34518690
-970198
37839330
9046497
7538186
3316730
2986535
3803746
11783415
24317646
24341004
24716473
15024118
33219077
14716440
3947159
42809255
5760148
11365323
34717953
34312479
41584588
17933815
34947407
35475229
21189301
20477583
38805871
32280271
23733267
7088312
37227759
41232407
1207710
9025995
3488299
4664866
39828001
5824842
40360044
5016939
7037540
21336291
19840628
34643714
37726496
9763308
12219721
533799
21777217
5545326
16607448
40481985
4893388
3150817
13235607
24809357
13949682
25821507
1233021
1108809
33284591
33383682
5090975
36397598
5074620
5533482
33581471
7753071
17901221
36532814
6834906
23403920
23141243
34676314
24729942
19920122
34266506
28012558
42784897
12819546
42271586
7122890
18652480
7721087
34152039
24654634
1568168
40455731
22853764
4039029
13138114
29440175
11141740
357965
14726698
3085340
15714636
20551019
41494297
33640806
17165944
22114459
6777443
13403534
30666011
15039542
7445080
38800404
35317324
28207018
40121419
9981866
2292322
25549363
7475600
32185231
4659133
39584530
35148305
18760522
20390781
26643450
15942482
31757549
32195004
30948069
8222550
25058252
30240297
22705351
24269961
27598479
34104799
6113090
31211155
39684302
27338008
6957632
34639086
1812552
8360703
2567568
23378334
13193027
4326849
25562445
29261921
17921319
37600956
22413119
28516878
27754205
2581021
32715558
36881995
10756855
33187854
13064028
3263131
29829677
34923087
37589097
14815658
36242142
12819988
18244735
39217490
15312094
36287350
467281
35511547
28781761
40586213
42092714
5208532
42054018
5003472
36436857
25956375
5739755
10658073
43458117
1979679
13425182
30018170
8472251
28850787
4632503
39588477
25223677
14318248
12079042
40617518
3072031
40172591
29359183
31686576
24940318
557856
19481975
34839789
38462846
29185264
27138912
17149574
16837524
5137300
30492990
43262377
41181683
10022475
7213210
26732296
25251235
8456649
30328473
40830551
40185217
-325727
7892903
13988750
3288492
26108279
21469966
1894248
22425759
27131959
43454218
2722385
27819328
28677603
20978622
35257158
23194639
22587611
17057518
9518702
40369163
19558932
39060229
20070484
25364771
28994762
331605
10531175
3338024
30620766
40278375
41836078
30530689
12822069
22078294
34201006
27751181
2847152
31079719
12190197
42996648
25556667
1589299
14059071
43041573
12685153
23119490
26842864
15849510
34844434
17491296
42743355
5984406
34980052
11435254
20452959
18037240
38176787
32417000
23132235
15845171
35408002
40656741
2165918
30597747
5208775
40463451
32782517
-666006
33252341
25112509
20372617
8620728
24535559
19117834
6340279
40161694
39222041
28607479
21574294
34399867
11653532
28905136
37699263
16604881
40380896
23973104
23278204
-668656
42458597
21831516
4178155
31991096
11695609
20535484
42988208
27257921
34785063
42248603
10440263
36390296
12012077
36246568
27558031
35951598
4502909
36781948
38674699
39704857
31435671
41572159
-609509
3435223
35010153
31213411
14131604
14803209
17674281
19361559
24055077
30332127
3529466
30613695
40282946
24334211
13010127
21700370
38928023
14009870
15682565
14066548
27583772
27181103
1326287
971593
6509075
13744510
42544755
4142897
17341911
28217614
21860434
29659555
11001829
7130883
38469332
3096655
28552763
23409399
14710391
31174131
20692811
32379320
5804089
36798189
24596456
4359572
-811359
-451352
5703963
8873883
21675666
23980299
11850974
22937622
40490711
135439
38885508
-600667
1132946
32088607
28632878
17976424
3637178
19134734
7695348
10346686
-492741
26544444
40389688
6208360
36617313
39501189
24034110
24270294
11190451
40876991
2258826
9858035
31240086
26842236
