29606798
5091171
38216377
9516099
911911
10600183
8588090
7829470
24976376
17654739
5014372
8249234
-763118
34035679
6007026
14224295
21142492
10729570
26936010
22097476
31970312
42781763
39313433
28600178
41492568
41219494
36770918
24213457
39966491
-589017
15601242
-953501
14108646
15978477
20945837
25288886
35998634
17493018
14484285
13867330
33887532
38460140
2237558
41774966
10695967
31883428
12493509
35838071
37449537
35606353
23174716
39492079
35942540
17322169
17285078
43501473
2181391
38064934
42327217
15988362
7598689
34576032
14633111
35593531
11055871
37641927
25896597
32088173
31557779
5212428
23977040
24573380
32654366
25527645
-236512
3121751
32998103
40588161
11387006
27808526
4287710
6322254
33796091
20834880
23321646
9896133
20509497
38902472
17629364
15163746
35593364
-751390
27093753
3923185
16134442
7077415
11261134
5411392
30683390
27931533
42801300
18277225
25129422
40457561
1106122
17488987
14841133
14394809
42665751
5389382
14457543
10079788
13786280
3054448
36343679
19914522
37792402
39631667
42803864
33085625
21741344
19576817
7325668
24432888
6539654
23566863
27398587
20212694
19989670
11128346
9576736
30892614
25844969
28063985
14821993
43208041
10023703
23297736
35812567
15837067
8138734
23084240
7990228
43321597
39701901
32782582
36073382
3192919
26139996
23370510
11066688
12698037
42404014
353025
25482344
7504698
8204434
13709995
14883266
14996315
41477182
7216706
38926441
36297167
13943480
21540724
25559116
31843670
10307044
27772512
16863713
28037580
11462139
40939780
15972898
24290024
9226996
2646147
28282154
22498684
34384941
13961605
24706847
19286981
29801927
24175775
13552012
22377322
33643184
29347371
27070042
37478057
6576118
19387655
21249907
41701154
3997347
17486808
12213592
19643965
32515097
40256364
14019545
33125035
30008125
22643704
11609487
25017738
22322113
40867417
17943535
1305262
18404161
23135487
24926986
38238305
28319565
34747090
11091726
19974680
42434382
30629947
23303105
10186041
22906574
10998422
36583946
31950416
23706357
8318221
-716140
6912538
15258413
8440481
10053375
40856084
37327949
20902788
41336904
41402934
3443740
34476128
42488100
473387
28280746
16534177
1495933
33993667
27375384
38079362
28515638
5106567
13255857
11514197
41470447
19573886
7877388
36897592
22642044
43076382
12761139
38765166
23457737
26147352
42698812
23179583
27120504
26218729
5451710
28205866
8440183
16181112
40766329
18082483
2441995
12120895
10042376
40208380
8322665
26886339
11274125
31794665
14756527
40142041
6270340
41335180
27499672
43150054
39824056
22323527
21129181
13642981
17595017
14079032
10042739
14369406
42740845
8101594
2937649
6493570
26379688
25125897
26791618
4149699
6678547
8763182
4980161
20945306
19044981
33615940
3236132
25648128
2276521
10239378
6820144
29730514
23057375
41622115
4652695
11384249
42772369
39760416
34819088
9789783
8123252
8033848
16134033
35137961
17576300
15508379
40446087
13866151
31861862
37172154
10222550
6326657
26776142
17277830
38181729
18376737
7044249
14179533
27581819
6155036
6796336
39343513
31478626
31120290
13892927
25800360
16432638
11981989
-759224
28733606
18085357
26103676
528173
33354714
31709392
24106604
20221133
43001010
38860011
3397368
23878334
22365420
2189909
11696806
20366394
30711639
22186436
34953922
7920779
1153130
10517130
39432500
22893481
480758
8114817
18327403
854066
24820317
42526942
3461454
1171085
34424535
9133168
31118303
33148710
20323349
30916287
22333205
24531106
14840113
10684300
39310301
31365742
40160499
41821813
16354021
32521150
35964979
3330057
12572663
28878167
16814925
9033029
28886201
4459998
22354221
17190960
29763224
37639742
36242698
19666437
28876464
26961085
16502416
5306571
30420005
17414855
26622882
27139935
3666499
42891851
23050871
777188
27884790
1630846
17829180
22923809
18528822
34583812
37200408
21940430
917658
18527458
39718018
11215343
20251676
28701396
14708571
2433729
37808656
10316183
10825455
1751114
32510515
38612495
25915573
5317324
30729842
1936931
29505278
7604211
28644425
3786520
25036446
2536633
309395
29203274
39884146
40416250
-440532
35087584
31218454
16291999
11950107
1333452
21196315
30643267
9358815
2235517
10633160
25775657
10592728
23745784
5845842
24175156
36693770
21019981
37004874
42454082
6889617
10545951
20091571
1258872
24185782
32814755
27418464
18061940
24307472
35042192
26761998
42836832
37402423
36368781
24865873
19149086
4392382
7164322
36827044
23813657
38154962
800709
30075113
83196
5220441
3808675
15581802
3001200
-262938
25891499
36919659
36508735
41644432
28486482
39857837
34124184
41151773
11804479
33635010
35844522
12853631
21238625
37315932
40632737
42213282
14143485
23377092
453804
6385906
35678624
2856606
2647997
18881738
36727740
42722231
38080233
37738858
2404780
2386757
15808001
30163962
17773742
11264541
13858162
19763016
19764975
-712614
2403469
1384793
37229676
11377537
5566939
8723868
8360714
40828876
6454124
39392999
12079052
18734630
37484375
2333053
23070195
31505767
15835154
1069439
5047350
6131505
13527399
40937586
22338022
3034652
10689176
37537602
5516172
30832607
25501696
33426435
1867500
24761407
8313593
38066211
3352242
6300628
-989628
24408376
11596124
564119
38932432
6635297
38935499
33686001
35655933
22330987
3202042
1364546
32725705
-966773
25207181
33685714
1950540
949227
8947068
28645417
43176227
35507340
5802027
36983026
4945853
40800669
36523119
18514250
14536325
19142598
8276814
16350003
8057539
22854168
13846662
14248248
35001761
31600087
28550788
36975239
43030291
26605511
36323282
31998114
1693622
16852613
39181520
4243017
34396803
19043356
42133974
6476062
10240143
-945828
5089155
5743755
16421462
30761365
22590704
25192922
3287798
3244642
9474427
6420042
21390646
35547179
22861912
22793362
38752247
28792850
8171562
34836980
3556038
1763411
14097384
11156723
3684016
34734324
25908447
6437943
18963942
43495982
9194077
29380685
36801432
655511
5918682
38344497
38040286
34864704
27849333
32211974
436258
36272054
6862083
6561456
5462308
10048902
19168755
30310910
7426307
18684198
9846209
32047033
19409144
19433189
27076200
20784010
13703655
42372363
15278087
15280624
6308905
12809170
3503340
22619481
32009656
3818193
21707838
21783889
1139798
32177968
17037469
7399781
21772121
36113595
6833381
32022100
33572679
33914744
7211199
32881805
33432063
21598133
15165787
43487017
6262816
32785400
7126957
-252898
3933069
8096695
36624696
33262107
31097984
7200894
29363610
37210558
22093214
4179436
24527024
26520707
18714424
27126297
39292577
6003104
740907
4243531
12197838
24732148
34290944
10202413
20435861
8679829
29810802
7021643
24570541
26973914
37775340
2851826
19706989
5311815
34196904
9059918
5906094
7705134
3066974
24639115
27527065
37067214
11488299
29727212
6815625
24792358
3459252
7479554
1582559
25706410
8989290
4641877
33657205
429444
4066030
379826
2410075
37365526
8767504
27746453
42539727
28804120
18904651
39318406
8662130
24554467
1109525
4999785
34258199
4593972
30850967
22940228
36322128
10351026
41358598
16539064
19419813
4176356
28281246
27459127
4620156
24808162
35241484
17770099
11150838
24599464
34297951
308677
-945723
7782263
11582096
5775431
20207123
34316430
32893751
12793025
39370960
16352759
17183334
869914
35460187
29650321
25617491
25114176
27039700
37946321
17595535
43227177
24573988
27155450
11616552
27108118
17980286
9868452
22048659
10379912
30572165
29585384
32694365
21405708
24400501
9212396
17778368
13246921
1145268
534543
22806353
2014148
12785019
39696420
4863210
19634209
1065064
30156590
12144619
17300298
12615742
30283528
23285381
33191982
17313686
37532862
28978528
9041276
17104579
16826678
6548215
39421703
31377645
34051232
41067412
7074136
37009806
43103217
15299304
1246119
36579748
27335759
17814045
17036252
42544469
34050551
40387645
25753891
13424880
18802572
13840732
36220778
21776042
18606568
30019438
2310219
2181846
11932434
1375044
16391809
22088759
33105889
2961912
2405668
3126936
9941648
35392819
20878269
23985841
15263879
38448468
36131378
6159981
29660199
17754039
33508233
39024650
42904627
13909000
25092333
34168744
3250910
21213422
645121
5858170
37848197
12483296
13083196
3281034
11418243
10643854
11681589
39249248
33094125
17102788
42655154
629840
23789772
19043367
28758291
30141218
43344145
14251921
7138918
41127947
31131991
4135374
16371571
12649611
10406663
6670788
6546697
23161620
16856656
4231814
27192568
7403777
23566480
25300839
14487423
24118986
18403075
13881904
33289282
20146725
2122204
34855536
29980246
21205403
16132917
3602557
9728178
39042329
11931371
25394191
8647324
31301659
29307990
34106472
11880246
7692315
7608021
33781484
9063311
30189334
20859977
28348383
8055293
25013805
28225791
5145707
22111434
36144035
660336
16088464
12299885
7329797
23390161
38843282
24382442
13684116
42166920
-743845
34589853
40846082
37136539
10811356
29672565
38228366
31085440
35203415
-715044
19232125
29891309
22369822
34965382
6399248
6791654
41261960
3772334
4442073
26746190
22868516
16119434
37771531
1037853
42132707
17680454
13676496
31679076
16338061
37400982
9162132
13576244
21922290
31577345
32121650
38994683
12322785
38751700
13082932
30539415
15227576
17491842
38477108
42235469
391326
4184311
10111866
37573561
22380934
1964815
30042316
40281873
13160298
14916993
24299047
17495296
11391255
3948316
6266813
10654234
31554104
2820236
15117464
1869985
38972976
-560727
42049333
-124761
21462431
16170659
34747949
35302564
6460863
26581256
793680
28010006
5116271
37632887
6112743
15721581
21861630
2311706
34937485
39737858
22495707
33996477
37946490
5544117
16805599
38797096
18224434
16604082
42419712
5736498
5072191
1985086
40442762
42317263
29609212
16449645
24569965
8691426
35621356
15321687
11572592
36662962
5740628
6196964
42891137
34512798
30112527
14016959
35327266
1010981
23496709
12057375
24354988
21263138
22250700
30460436
29163817
34309810
5719746
19142672
32630848
13219272
43374167
10509821
37791528
20049434
42574780
21028036
32474882
16377344
36986062
3446017
25448926
6277119
12488188
-957591
5537448
17035166
27421539
29445758
3263434
39557583
20121642
19447446
33487723
41280846
21853881
24311303
18578260
35179119
5077926
5434096
711506
36065735
40540296
36322513
2275649
27694713
42031744
39188958
3775810
16126077
11690960
2545801
34856374
3055444
36765332
2596170
42559682
29944972
1653858
7418196
31324031
24787736
30841135
14730773
7082614
19450288
32261957
22204514
12838809
40767868
9590819
13706389
29827264
5364082
41443070
4424535
1719410
11919062
13423770
11422402
38725881
2385887
26386345
18684601
13725819
38594779
40519009
2245960
36364642
40948933
23201586
24393044
3609983
33989676
41355206
9504066
34871399
35551728
31621443
19449029
37956436
31529815
16236059
27679967
28727001
40050905
9710098
4684786
11724860
27786904
623249
15409835
22631215
848
26779151
31880528
12583532
28285313
1430291
26563879
34243446
41152151
16329884
5130923
22757068
12075595
27386972
15582189
20969923
4474132
16456453
43341354
26162651
25558725
12719298
31118766
11532066
43175704
39288417
26483770
19196802
27457798
-643288
17766343
-943593
12542082
7126584
-126717
7261867
43288148
1087030
20586596
34025907
2528858
34215926
35240226
41060234
43294241
-415978
4842076
18140632
17154891
5458031
41468225
34545411
29152854
42344765
33958518
13825267
9402504
33847538
11156748
30562740
30976349
30655733
14235507
32082675
7007522
14380750
10303891
2715714
10105968
24095354
37092408
30011002
35532935
18040430
32062215
13288377
1123951
40559744
17261527
36920696
30493199
16159280
30701614
41706591
6172498
8807839
-422707
39608602
25465548
42546433
30679030
29429149
1746914
26749753
21576636
30150518
8386644
19288726
34444848
9715080
2190501
8033628
23837823
26701309
-326749
28278666
27313631
24491031
38209712
18061289
5643886
4141972
18875761
20256781
38929657
291647
35131211
486105
42667984
11783414
22536345
14582434
41112387
14205945
9088411
37784451
35259918
7898315
40293327
19723987
23837993
-800813
28173034
43067098
6275169
15463923
39278815
11655794
22670741
3705420
21769153
43478580
-984263
7081976
38255434
2194586
6359155
39147485
20582615
25868825
11169200
35966163
6468335
1467266
14362638
27693253
2286162
1743429
24600834
10431177
11775821
34812212
16129663
17656012
40996895
27391612
4580580
5350775
16424334
42440771
27242561
7247444
24873226
17701978
12846700
15930712
9479657
43525383
37398298
3513562
10836072
10289845
21880574
41432281
2604171
18141574
33475023
36554168
42408402
16890384
10318300
41566094
12915896
37951478
23491839
34497395
38457725
20732796
33599870
41664580
7932607
27872110
27719340
6549791
4572024
8923752
35476401
41693187
5697349
25638699
16480424
37828622
36709184
16957200
31248200
6665563
33077833
16671880
29953169
28629907
16395518
5260709
14278453
21436586
10664996
36658210
34335037
19281384
13632424
9863059
39945804
16039647
41654399
41204889
25640538
39725341
5975635
24969512
30616098
31975778
11890275
6004681
40050309
5359935
41604836
11108978
36259887
40846280
8050665
22558873
4189636
30207439
15052128
3914151
39565279
38945786
35867078
24237551
29324772
8511059
25278153
17652903
4556404
3125973
24876772
12847533
17130419
25182078
11932755
12498435
14261171
-823670
20148636
9041019
24653614
22158729
16333725
5907100
28721
30062838
16298768
7685406
3036525
24354975
628295
24062000
12792430
31346302
33877852
39891982
41705673
42164529
40956061
7308833
42500029
14997791
37026014
4317175
3556047
14239583
25606913
21682482
12473529
15080099
16941648
1244267
35626821
-499039
956889
10922282
6042520
3965673
4943433
5659754
21687637
19825762
19508671
37145205
7177282
18174996
36969042
16837183
13386199
3649336
16701029
9011907
5113417
-490430
11103110
19767856
18843300
1983693
27559368
430922
42548105
40775990
8253381
8821084
25483698
20410337
12979353
39615850
42667513
20450727
14911121
26088607
23804381
35887715
30115575
32708747
30853381
31142028
12893337
9427716
27504162
15878603
17894898
-508601
43153993
992747
14714687
20565827
10232296
23119758
14349809
15309180
8542909
-534698
25902250
37506697
13094744
10475411
21487077
4533629
42479042
41531782
24487934
24605054
12177992
19384119
41250786
2957958
40515053
19899884
2515558
42543254
28662515
26624492
42673300
23573054
37655297
739832
40721592
40993610
33402683
14045265
32471094
2618899
21176330
8156562
31690830
38294786
7831435
36824971
35358926
34436536
3264460
6147039
24201576
12941853
17969965
2863128
-519877
16824016
32464986
34051998
25509236
29028745
30232619
6408353
24109792
14142867
6916634
12755265
16688307
27345792
8878533
27070586
22443968
10198878
26032035
4304262
41476161
34392633
40097230
4569293
42899047
12421643
16806113
9757907
35774017
20737562
40466339
28723888
26731777
4056885
38728613
15558344
3268010
38394706
18588123
5606267
10157430
33400051
21866283
1621256
33381041
5823729
15554372
4409675
79885
30302989
8374755
20651762
12930938
29228565
34715398
29443653
4243073
27564278
31791250
27867563
40970260
16169451
32583028
39887431
18001592
15457788
3641457
18055193
29102425
13351302
13253934
17018846
5157987
38794913
41373145
20221379
20775064
34735348
2682483
10260992
11457508
1605624
22856167
15588190
40277306
30123827
14693447
37254324
1433100
14623076
24052200
13491975
15152893
26820565
40705383
4709579
19608147
41958258
37768554
6498281
20097213
35884258
8142431
4474848
41351684
28323974
1833680
43284643
21758678
13748031
16001816
40105127
40812185
19463759
30668465
7507388
15158896
35874609
31952932
25742113
38416739
28670212
16073390
3076711
19027000
43183013
12938079
1593702
-242647
11245934
31922436
1999279
7061792
118616
20415729
15356087
38253254
26307527
21778157
3895144
23664405
15634406
26948035
25912775
23989704
28120244
26831920
2488611
38656121
4669887
13960147
35177669
32509767
19038286
10962187
22448963
11244006
7991598
11454472
8976484
28441455
11350638
33938656
19491343
20412170
34212927
29934821
35788362
5709471
39349803
30139754
16680061
25397672
12496199
20826438
14292945
21601286
22345063
25182865
15286807
19114272
43093792
6806771
16602998
12295463
33583120
24703408
12706366
27783544
27194747
33988687
27704206
33241303
20036154
10684410
22331173
39074210
17325165
24400164
37483138
22939399
43467638
4906577
35078451
15365733
40615059
30919203
24690305
32473343
16507042
37387319
30006540
27474276
7724847
40085918
11402191
41136834
19223911
19379818
16026072
22959281
25234953
31283845
41653122
20651986
5550187
17447164
14077642
36326708
13819088
31150856
21025537
35631587
29576222
32308271
21613910
12521484
2110176
7392535
11322497
21570984
28907549
27173319
36113346
22171211
7291106
10334154
3195146
2384162
18538588
10349515
35681948
34991380
20528839
25315045
29163882
19251248
16192129
-961603
15174543
36210260
38377432
4752658
-292871
29967584
27088145
16197557
419278
28415433
35307051
18243262
30888372
14084966
12307160
43238354
20500666
15233449
26336212
25563530
30469577
35078526
36169812
26794036
2187201
2087471
-290718
9554523
21581049
36424116
35281233
29194521
29123300
37447833
39413169
38385775
28636802
29472199
36070217
8685634
42003336
25200363
37451651
40286577
21637123
39893612
18236652
5440310
6728842
13932085
36413765
24233813
8960111
31315902
34646640
13226329
18142723
11492002
27858341
30297997
8029337
42881673
-454969
32486697
34192812
5379942
35583667
34798583
21494699
18527019
21095185
29820802
36443700
42961791
11767958
33296762
35888037
1492329
25853793
15141002
42483168
10584929
17847976
11638205
3349668
28417176
8954860
5844927
24671734
27493224
9801835
42671040
1445316
42904509
7344975
29889731
29707570
32012945
15467540
5998443
5423840
28902406
42714760
21089128
43268844
27686868
3987974
11134129
6675965
26333527
42986833
5319160
-351821
38171737
5074077
23169977
23721435
10815965
9136731
12228046
14049743
29494983
32156206
28457486
32669859
8165094
10821782
13229322
1066179
26583647
39425795
18537608
21236524
26049882
25401065
40067526
30845143
12330203
5535521
24615286
38434707
34550955
26161193
8450578
27938590
5821026
22528864
36114317
5995047
-661584
38972925
33801097
14631420
1390035
-45471
9617961
37608165
939217
37224058
42071142
24273190
2377780
40571545
6556410
14651653
39782406
19871845
16958555
36717645
42756502
309431
26386555
5611073
13773297
8165931
26284716
34940154
37344245
29798430
9931142
21381690
41549085
12412245
28530111
5447749
28798305
41165664
21435462
37782168
5526660
43473987
41631468
24896174
18295371
4941375
7963391
5532897
35506464
40036910
32732812
39801975
19240696
-225314
37729713
19835961
30363200
28463615
42787858
43089222
13379168
38691215
29237850
1663804
22435153
33356004
38096197
30023814
1479094
12135289
24923776
35106218
11808126
26201147
4807452
12709366
38068241
19315456
33170949
23590327
36749802
37913782
8172840
32052068
7283603
20010835
-454142
19772150
24983529
1486058
14992920
31374496
14335585
28542887
37777128
10031986
29376381
39149460
25057932
41529341
-220500
1450780
23219835
5197108
20880528
36073376
14430301
34955226
24540733
27275643
33512293
26108167
16623930
15974402
11765192
8615366
40266414
1660519
4253746
19082251
11318710
37165096
29743689
11128250
6876588
7184059
12576811
4400900
33984034
9490021
34276304
25129873
17032660
11078601
5568687
2940325
26844969
6924138
13351575
15955270
11346848
25938592
3296986
26508472
30626568
26794842
14560536
16143991
38810756
30335674
34747270
37933356
14884056
2204264
16869923
24106063
15326908
4883660
37506457
38885496
35303769
24856221
21358258
36760885
15733892
26413062
33569199
19746296
32449360
17266908
14965746
8297429
34795781
1682431
7916751
17848796
25634038
6616074
35153044
18156976
18428461
39921862
22643064
29878565
15098951
42358630
3214717
42049022
22579089
30965183
29422371
5162078
2498762
21154399
37342667
30443576
34007031
19309135
10221065
37114892
33072236
17274198
24739687
5166366
5740175
39656895
24467602
28429538
39701704
36514729
10065930
28601247
18747637
40921316
15459555
34848962
32340688
31103446
31796114
14911392
27555515
39317352
35479397
31519057
8389884
11817914
28129702
41292265
41778668
23406118
35013273
16181746
39925697
8864550
1074107
21491685
13205890
12790198
35180173
27764828
8415443
24069310
34383811
28436760
34022902
26747918
41492856
3022883
6683167
30970569
31162646
19323884
15530972
15637615
27798125
26492485
14384311
43209143
40255254
776872
6892309
21798278
42496632
18113729
32802758
1911234
28079174
38941888
15526368
24235641
1345944
8324678
9609375
9959604
8189227
30802519
23259228
32118564
9261387
30494991
40050587
4428046
11329090
13763904
7653101
4457641
7422297
32134689
21719506
8705529
19840513
10089280
11027196
3486236
33841863
28849988
28597705
13738417
16515094
23383876
29932401
28642046
19362337
16896140
42097735
33299710
16348059
36268465
10309494
16383210
31959605
27084784
31846125
36111807
11018153
29206048
-744043
40073801
35867188
19277917
31127639
39551365
11691319
37075628
27924437
16689645
12093323
3615678
2988477
23347953
13650528
20173512
5606772
32554068
5245596
36300879
31063691
15310051
8870640
41039549
13135823
28035299
15395844
21987423
16789882
8025506
18102633
19168630
28413424
7985054
9973034
12122288
2962877
7236257
31364312
41007129
-332552
32521315
22275807
17991306
15319928
3480421
39729136
23831677
14020792
43143763
15626174
-727684
-879081
38298067
35395915
30879370
23322862
40930073
8770840
21819685
24916453
23166621
25168884
33968804
35437550
25488162
756290
26377259
34048268
29899755
30347602
41659398
28208944
13997113
8708218
28071444
23096757
10196357
7463297
3695820
33935809
4451427
17574917
30898793
30950937
21180973
17377451
39123203
24100921
5742887
9535702
2280024
4412168
33648050
10427306
31744429
6221352
42236356
33635915
31327901
11709058
40029105
16757773
20582989
14079722
32724159
12650772
37026091
25990485
-88190
4525152
3304185
30171650
15422976
25173382
39527749
-727743
9485037
20274990
41105671
35271312
1264628
27638730
7423591
37683936
42202321
12693189
43522747
10432934
32622485
3817435
35429932
32558725
5552469
8499616
1299526
16943234
34378769
22611301
21734636
31061966
11962181
21840113
29071260
5913004
38056434
20229249
35212693
15855803
29864692
13397083
13077481
4310732
3063286
25952975
6780279
32644072
42929135
12360505
43369140
23980209
19979403
34154069
39565921
14614410
13517590
3901939
-205830
36483921
15854380
5457862
25200925
41919639
14001909
18313250
8070342
162123
15815611
24463953
35367954
18319450
24842357
37829868
27202900
7769727
42295351
20054043
20997670
7613190
30089823
4798236
38414007
21395469
6857835
3421649
10766693
40599305
23887680
9232554
32887134
19304729
26565135
23308326
18720397
9453979
16276321
41740320
2206407
34610855
36172361
4575407
19378843
18029879
35094256
1861414
24768353
40800015
38698749
-246030
30193111
35779827
10863261
18311511
34135601
31430084
24233153
4547419
33541067
1824944
25846056
27091500
32600723
26553015
24633574
35588280
2942112
2122014
40860452
13496406
17667062
43244441
7323977
27859382
23135546
19202113
40349800
14917345
31556458
9003304
32443274
25334111
5772213
6121249
33681873
23598994
26918540
7591458
11252287
13824447
4683669
19986922
34576036
18784977
15943836
15038410
27417729
43286575
18514027
5637841
10956176
11332058
13702605
-532078
24940382
27373182
38249109
4884373
32748852
29939954
34170552
24220271
41747907
8380852
17136112
7898208
22082284
15297473
22728119
16968199
31635908
42649305
29210199
30764271
19485944
13107395
38787727
8530920
1256805
29247596
20648443
731711
28972030
10733881
24957788
11203803
30844991
24172791
26745248
10108949
41926911
33393832
26718444
7078015
32267306
10784339
3425496
29840964
11986639
25836553
18878806
24226805
19382901
30092782
17762648
13912074
13882826
12679342
1532665
1502546
-54926
10911341
12882229
1665238
39650717
13869846
487758
11202032
38196958
43154006
40782951
7448754
14849420
2986098
1093736
28455923
28418797
7822222
34784226
7498609
9890618
24203715
3658252
42773405
13290924
5041027
23927963
900391
35067788
18543323
39753775
32903136
39522857
31078093
31606304
8301335
17583520
27101729
29538179
36726729
30293378
13055670
15066260
43202428
9222857
42993367
8256628
27991272
2399074
22316848
5134855
17285525
17918090
12204668
20605715
32066980
5443561
36829916
6769398
24676664
6182562
9057540
24959154
15623446
29429998
20540695
2660265
1782681
28750170
18067894
26909454
5228055
24837856
-661150
22612749
14263270
21580577
11897298
2494719
5579312
22671229
10485173
28285575
11468854
7552518
42001745
9938697
21243009
22793192
21605915
5793009
31519304
9465306
5407686
12267254
39081904
35282485
35477265
35449213
16465164
10408395
23521110
6726996
33491735
28733454
3464413
3956051
37968639
15673001
33718786
33634894
3218991
29055406
7405734
15697797
9203866
2745550
3073091
12931178
7738539
31013688
30650435
7592758
21154895
22922141
3558438
30430625
15102956
38176263
6926525
32845212
2242608
677209
11203192
7495378
2741204
17200939
16989449
42087167
43286590
22935566
100212
7915786
23828295
8402309
12442590
36829155
34026999
31789811
17600351
9344217
25247458
8431701
33100252
12271693
42235164
21518510
12144732
10972919
40512581
19783137
7537658
10283775
24139458
10415048
1006902
32875200
38044438
22718824
13004540
32222761
19935098
42110003
10489641
28366742
34316478
43353599
3154316
9054631
30473272
5495143
30235434
-702872
2346644
36231353
12245779
19715254
34832708
37023807
972321
22532338
38186685
5785577
6415229
29039697
3245290
33001218
24178150
27845326
22373714
14262489
15947937
41639843
6529552
22231955
19992036
-49812
6598177
33009389
2866885
34354617
5852216
32729359
19773872
6462799
5578008
29995038
18345194
1925144
41961535
5654242
9529554
32585847
30436161
6114315
8713197
12003571
25635612
21090445
2802097
4424837
37707567
25761029
27612374
39819790
35192616
4734283
17035192
31547281
32934881
2520260
15615615
3058022
27235363
36490670
9616862
36684081
31536899
5528988
11110372
40365174
41862622
31195983
12136973
-743822
33022485
31722006
1033188
3736752
43199118
41911887
15885444
40790925
22054260
18957526
25524379
2092708
25879157
35291535
19094582
32254314
22826046
39575901
29367882
14048579
28613452
38476210
23424312
17827191
31393291
38155657
18301437
13379994
27471386
8947528
35265994
12205993
3891584
17550143
11230298
31503609
13649419
11832601
26542747
25751697
9983280
43132529
38244403
3251148
1855689
27027376
20911754
20699064
42094103
28485643
1652865
4579442
39717236
15779746
39814206
40015446
29029800
12282724
1519677
42931792
2966587
3786947
33413412
36160090
17399853
34567036
25629283
28343979
4864989
6033141
27512923
21134485
23836496
34889055
18625018
9275769
22850265
42266214
3247280
16591928
8684260
35515375
15927057
-965707
10625783
14634732
33990550
1516540
22217852
11668427
25268778
17149777
13911786
4528667
28797790
16215758
35633742
24908996
4284067
43211690
8221490
17947757
23149314
17148091
43360385
42926701
7382647
35988378
-546266
19688665
7199059
42127442
779371
22659521
22994355
41649181
9231781
7799699
35558832
11498799
21505981
20679749
1380780
9745601
29133975
29386027
39828931
30779979
26910196
21671123
42438115
9337290
22438208
36595836
19063263
20843870
22124535
4065250
39223715
16133588
35022436
18910738
35073039
33441404
28208375
24456515
41255842
39971593
42997312
24462962
971941
40754899
19120060
28098600
31340534
36296452
11811514
21432096
32069235
6528410
42065982
43397775
12225962
4780984
41340802
9314820
16108719
26206509
39506044
30821567
38286533
39368851
-972294
11567572
16695504
43128903
9526704
23585294
7870451
26341075
27471016
11161771
8551030
5108040
30736800
5211978
33551142
9737643
28198245
19187527
15291412
7507956
35920715
30120943
3057201
15336450
36437325
40474281
24533633
41314780
10903156
26136927
22910048
6049779
35387002
30702918
8896564
43304918
7980469
23119977
29192520
19853468
26980853
39919966
31129966
37766743
25579288
10511992
38073740
28645689
3570462
24602631
29265123
31627645
14225826
39675153
39836892
19188853
20000567
20325474
-501589
37737826
17736264
17182186
30299064
2085792
9196070
36510391
37009181
13161220
43285665
14039189
12779026
14650405
12690654
40152595
8456231
30530131
25074423
17566250
15457807
3322094
37815642
26824178
7017367
35552143
11089131
3758470
23485323
7260180
21908767
34041108
9808139
16007680
43173394
6279947
5729719
29443263
36813792
42770062
16052864
7646174
34602358
35704697
392390
23454345
3132235
27486581
23112648
5518672
37574386
42547851
30235981
9443268
26534798
30147342
24882656
25251681
41580617
38885490
17718973
19215106
411319
22985114
35305669
16821507
22306895
42548451
35384091
8632170
17172324
31506743
40397820
36401554
13372069
733347
3203225
-160586
12831341
27900804
8927457
25476962
3700779
6258986
12945790
35372677
1350382
24867808
14618854
33271547
27336161
16925444
39681039
40824857
42197554
35164478
35347572
39757061
28644593
29260487
36700315
11111630
10974625
41314401
39513778
41185777
17522812
2196992
33276375
33454924
31323271
19342126
10709089
18227065
9128538
42251754
22614104
21734858
39523203
16483886
15817025
24095757
20190905
-438940
10006852
23489802
8997015
27739171
30631730
32478398
11469177
41978452
32024989
26044474
12193341
38275173
28204081
35350490
7417235
7253017
27593974
18116819
8532188
21145909
11165409
14355321
34018870
19959240
18312864
20293887
37312201
3970710
796401
30718399
1903496
34200190
10002842
21691094
33290474
7361521
517747
11543827
7710329
13190523
6936769
27167263
17058418
40297750
20658283
42033925
12059840
37707907
5518039
23132261
373385
6107169
20557721
38542355
6930747
39990858
28061605
39606965
25362233
24350463
32050688
3708909
11319450
18410184
28491997
1683533
37531416
37920065
16501288
25033921
36540807
12421544
23890541
42923692
38850702
20668302
14802096
6293219
2453258
21598995
28818989
903219
27741617
15437625
23265963
17788403
38373981
39114974
28733867
29179871
20049894
2935913
9515909
39305506
8094819
29333742
27441010
12611158
27603007
32111523
32196764
10952679
42666924
40160663
28242981
1250736
14142512
26483430
-616678
17780889
13121237
18881776
15302020
893905
5823072
28632082
27645388
171921
32014375
34086619
27763836
-866403
17105394
13017
728939
25385428
39658324
3035143
2388147
42924234
20017300
11344941
30211880
22981401
11552279
1068621
42618562
7108250
15708441
33395097
36798167
26320109
-944455
34990745
-349744
4745258
42872014
4291410
24527918
40545720
17575464
14114399
42910623
3729852
16049773
1558498
38075992
14916547
42199527
10910006
30058812
37403142
41951368
33741787
34461376
31029945
37888398
21083613
23728779
24709065
19966376
41494147
33770338
36971421
41055744
34662925
13448275
43039887
16818002
39005983
35600156
29142520
13257575
12073522
42060624
43164330
21600226
3580430
18331591
25900362
41733567
37135298
25893067
13471415
35778943
12229701
10026315
13506849
20594270
-685218
14308089
32433770
27067344
3763890
33817453
36516320
17171115
30234599
42961200
3542577
1510111
43052595
218037
22450010
19407018
7243390
20236895
19075205
34942793
995672
11156887
4090778
-476053
41041796
26710159
6428962
41490943
15213516
7882143
42574632
40667560
129833
3441448
35775096
43158404
37239229
8671721
10733816
30363116
11395698
5643840
16905904
33541218
11543008
25441856
32680618
43331816
4632778
42791281
18810327
4813770
39086526
28819556
6153993
24355803
28680707
24456686
22225762
29664494
41351563
25384667
-234563
29057131
19328131
36550039
38129019
42415951
28363214
10152619
15757515
18234586
6517156
30447586
36417442
33597356
1904418
31084159
17968099
9317166
13305990
41428489
10455362
41182516
4231240
15539136
28570749
34588575
14694492
28769720
25544627
42837464
27064288
4896531
22200856
422043
39907931
19919036
30288813
37005291
10992684
24361827
29705430
20734024
458911
30317469
15901567
27333255
16762739
6249646
38887303
15792992
24411048
19722406
43390288
37758914
34906061
8629849
37194415
32737984
36309499
22266889
11545775
34373218
1712534
4269237
27599094
7038347
12500159
3825686
18357879
23518846
38757821
38845945
17760698
3208947
36443928
5033591
19043706
22742704
22344150
13865610
32403669
2478790
31370765
17418422
10448682
28784365
5023271
20913895
27217377
30069173
18044020
31777628
39312573
22585163
37192335
18699122
17261213
23159480
40378028
11377140
6527963
29640203
4080184
39382306
12689651
13299910
5129802
2998118
12160719
21941066
-437935
193662
20034272
11711436
41999544
4717595
26819737
17887078
30179019
40760871
41966237
28989994
18770953
21525523
9395929
31820255
30392539
15627106
1853477
5670807
14872821
17773001
21682636
18107635
3333805
39570063
42985853
1209600
40025173
17604154
19438463
26885497
34838881
24402565
2273500
9766154
9938088
2498688
23067610
34269988
39184832
24721100
12178781
29176861
41992122
5275848
26459863
32540449
26247556
17580543
18787931
8173492
23069798
3697628
7423528
34846005
37973142
6660775
6164256
18873934
6124669
35930861
19260385
37796713
22422796
16357809
10225047
21187714
13116971
3931361
28694761
29835742
29166100
7955932
19537018
33934617
13227287
40220575
21190871
24492101
9033123
28896284
14712797
22220423
42145258
17834547
41178420
23589990
18585376
15134507
20834776
37020207
9291866
11588011
12231048
1311190
19865470
1923853
41433676
26309168
37695894
3897358
9284096
34152314
24500935
30998318
4197949
30557982
43240579
30699718
22145213
6315520
16887119
13226076
7865585
28138635
34844588
9042739
33354055
28059777
28787423
38173563
30436622
1673214
41154019
34850942
1367108
15698555
36991429
35477101
30714834
17004599
6374434
28764935
26372696
1468626
8312417
40636013
31997881
20256465
27415014
33773549
17796139
37166099
9764952
14757352
27087563
30372585
12494479
27593779
4346639
37517162
22677306
4324293
902771
43388444
10770006
43266347
9919640
42454330
20907839
20307056
22925961
28428495
23919044
23680255
32422609
40750032
19927084
9672800
18136354
39344921
40050593
18656287
40494726
-239744
12267753
9170225
36705256
30725733
37170791
26286684
1943127
24381499
15572302
18532087
27402492
14479719
12420851
33967900
19426079
40425453
6846444
2734866
10004286
31518909
5646571
30410108
5451614
15452502
39066810
30114090
34160601
13369463
42660149
35962328
31919204
22880369
8730636
16767763
37434435
12095322
-544081
20275745
26472203
25070
23589179
18243429
30084043
42715856
4069770
15835898
9252996
34049172
23728729
28689579
9117534
39497377
1699953
8301691
28136851
2620673
5165024
25665098
10000314
14760943
23726347
2367654
39900279
-822570
42755228
43118431
25382631
41822485
34002865
4245687
30777086
39882166
21377169
21392439
26777786
40921519
35324422
27537636
36796746
-210460
4556772
20316253
43342873
6856989
4115123
19808721
12805421
41516386
1615664
792098
17725938
3323454
17523832
19303314
12599168
16576652
9529971
35379622
35639580
29223157
29976598
19056229
13570127
668731
10569271
43226978
3803159
8074192
31455911
41260857
8570673
8664863
10352575
38482143
31820342
28835899
18455224
9632857
8577784
212020
18809492
1023968
5748704
3227313
42827849
10989648
905831
41675620
21803111
35167680
26358966
14773441
8978216
21756653
14253908
36485862
30998560
591625
40680506
35775977
5929161
5119617
22304351
5448396
21639784
38834039
8142227
13618034
17313661
29193292
37399424
40642284
23593211
18739314
16442893
28638614
41194717
32920631
34323489
36880519
25800646
37385798
9026040
36567142
27778610
19900088
24216441
1038819
39331635
8077221
16484803
33698269
29936307
11562087
26839459
5908495
5521729
12416680
20644770
15064240
16481207
3993929
12253647
37752597
4947016
28258927
17499526
30876884
418314
37692818
1649837
13144361
42987674
10401797
30109615
36255298
18191195
27819953
5967436
23713540
9389066
33341357
31386450
26807675
8989110
6941650
18111679
23116459
5154636
42841269
4260665
19189506
31837716
9566920
15793850
28845004
36578037
24874069
29459395
7155893
36692680
26440412
25418035
6768995
23399769
33031839
39211536
40236678
35549128
36788798
-606583
6748091
3596656
16062991
11982920
29017318
5493476
28824624
33750254
25484192
43486743
2950090
6567293
38645399
34861335
21473521
17937350
30065
2799275
5735590
11356601
22351919
9094327
28001429
13719559
2693934
39333872
26353323
9099314
40782061
4623361
14761608
20039208
23694775
35083758
41516578
13650844
19056352
39703531
29396628
36060191
13502418
17046515
16483446
11414419
6006343
10525703
23455415
29327515
14244380
25923065
17310058
616304
27983105
40835549
13651494
9095238
23992184
35039994
34846413
32763155
33428305
4307993
32078493
6336449
35185782
5794528
7381887
27604613
12853152
26421644
25111865
23996779
14790677
554755
739603
39330202
23026185
9471959
32758836
24081001
39727426
34957589
13134399
39040797
35293366
20142113
16552309
25015974
33572004
21264819
2536932
3360114
42028461
39483119
24035220
28964436
23991265
15770037
38189657
12894491
8743168
39709640
28524758
24658091
35521010
11458160
1908489
19661417
13190963
28293527
16568421
15716395
15529691
38659456
38667929
31235187
3657647
3899117
6806409
27931762
11659218
41810590
37957845
33284506
30890755
3286614
1009544
19781470
24474367
14872141
16355295
18026126
35045790
23000038
41656476
-932023
16258161
-495759
-64685
15327999
9434392
1866352
10429179
1702550
2294677
24478963
1489862
32794906
23727841
41537944
13786043
35905556
858448
2539402
20761717
23877515
17667589
16924807
11399320
17251929
5101310
17254496
34894544
21673251
1537827
21362946
25065539
17909905
39366654
22736943
2625110
43322838
186386
3500213
40464889
26382583
12184925
41080569
13623112
41941393
6911953
36272594
2766358
12573639
12843651
38031185
38045575
7927394
42719494
18989058
24737058
10265340
16685860
18726833
-694058
38290415
15562073
26821326
15581725
13218401
32766865
23267124
20437940
850794
22713210
8401811
34883190
13294907
10392652
9050310
8799108
23441790
11294799
28006117
17229234
23988584
12395152
6982201
8295434
36901078
20486370
3561701
419184
19772763
42976702
29943614
16681890
40195777
33927811
10099332
4425034
12958310
30347277
7722333
19573754
6432921
22186165
20716014
8239856
41640954
34835613
12139662
8245512
5522142
16359868
36252461
21133161
3514246
11482158
25206684
41244728
22237629
-353044
35436113
7705148
23468335
-366404
33593309
41252261
38351606
22737742
21337381
33619761
22338395
19154805
33396190
37432589
1888984
25924833
15516177
29085989
31110197
10395447
28853020
43495049
29829885
25845471
18884309
4749534
27847263
24291695
26053928
41639712
22535002
13191750
15849667
2063685
24102795
13877258
35200802
3249443
34803859
-559480
37537887
41253714
13168766
39979594
26603348
14534772
39514972
21833042
13125775
5459538
5397929
42642913
39519441
27991934
19200384
205515
40774154
40950708
1815711
24550444
14699329
1179489
19765719
31025595
1177235
21770539
12200425
27709831
9498596
36507866
598733
13689137
24821396
22035727
242014
16895716
499453
38159636
39125811
14645974
37024325
-270950
34178436
7808443
6579743
19585638
35102336
6855008
35356918
21257414
24339268
4279882
2954091
32340780
34596463
3182867
22173292
22870689
16906389
27384815
41002094
38307432
35546207
36444659
42748026
20319790
25357574
21314838
5955997
29127447
28640227
810133
32698444
4544236
34176893
28807084
8826654
12526701
33004129
13058413
13495926
40171665
22026834
8543816
23253328
3324555
5045771
5932476
27298707
34810275
34005184
32528531
40781665
16221488
36495899
9449135
29065451
16489150
37513879
18649408
20750546
1756822
9985895
13040973
7304787
2153326
37718857
-205100
10192843
4003825
22736498
29827066
38171898
19127099
43473915
16120794
18773896
2306742
14714784
3510513
6983330
11757285
9901415
27009515
40986921
30967283
-227625
38595276
4446117
12864314
12722617
32811154
33511943
4527661
37664697
14586614
36707844
25172412
15483261
30418768
43158350
30975654
1162224
25662478
29582964
35455708
26131635
17109463
41472806
34572184
16010497
26745222
41894317
11661647
18598541
33183072
36995419
15865123
29333392
20659819
-742586
29295315
15755261
35387143
16051593
36734428
29997831
31217416
36551029
2681218
27887321
10410036
39914201
39380254
12571650
29282302
33274680
31616364
14332199
30780000
9585040
6938534
13479263
29263108
39019410
15512163
25217379
18123448
39418468
43149301
25856161
20572303
33515561
9067900
12387370
13539414
17686819
32048312
15419686
28124951
6149834
15570193
24222950
500177
14280437
4119522
8426342
26067263
24237762
16334330
18850668
7990520
30897610
-240924
11313701
34704506
22924007
18896565
19864807
22755952
34953677
43431733
273859
23031171
42686226
34799362
30809006
32414339
12104409
3405458
21122932
20835370
21578814
13940525
24840526
13781574
16163294
21327803
13821661
23751731
38749904
9914491
2634568
25135414
25503307
5563879
30390131
25567049
22721012
18116171
14554462
42754141
32650224
15166862
36221878
40569341
17311014
25028410
39593480
15308347
32541252
30166076
28765004
9990233
21736423
37911756
19313629
3912999
34519268
34562939
28266408
1234645
30002189
9579128
15849229
7392987
5704641
24779017
39166265
20699433
1971286
42305749
2792565
26954014
24783708
38663924
17453024
10637096
36843715
33760831
37631938
768718
12478231
11998991
37190321
28210885
16486273
9486931
24594098
35843799
2066921
38528170
11688585
16542904
17420290
4394577
6030071
15335948
3466650
38451733
22771673
6424504
18990609
35887983
25209279
36508040
5102017
16697263
5800890
27747763
38070259
27944866
30898018
39514255
11062629
39113143
20028578
32278956
10838445
11371125
43462945
3402844
20874482
21856299
16524013
25736212
28006050
8842381
21474128
7432074
39116488
35007509
30308217
38908666
20629692
31278731
31866993
28609896
4527413
14123710
38218971
23777486
26878547
39518356
14261121
12931171
2615253
3000241
7539791
19967413
11537564
14612374
36693096
12490501
29158596
41445787
43108690
34347606
11011558
40542832
-963124
41576575
20720599
21628850
20017521
132080
10626388
27341302
-423053
3357168
9379393
4404375
8854381
31555931
25823501
-524476
23777359
25701004
5394653
18495537
18844501
27152392
12210522
11580302
1412995
42332065
29880409
14267698
5080403
42066769
5374522
25950481
19852443
39488716
6006776
9635741
4758611
16276822
27786500
31676808
38357456
12530572
33488185
36645848
3667153
1795140
8603948
22220257
6394303
-819996
19849857
26534945
36952828
42650757
4278114
7651898
28929058
38963869
411082
9442672
33448225
3805159
8554042
38460794
377237
21183820
1036714
42583954
22786461
18650080
29903991
16486090
18776774
10567794
25309053
3456523
33675506
26497779
10978034
31975707
13595219
23132616
21062364
26155504
39910265
41997564
24875184
10116433
25194983
29933073
6759744
20900091
7942922
264275
42417516
30475112
1189421
33907299
42803938
3848396
3093803
2901892
6402293
40278731
9652978
7427331
17422887
41761030
1133830
32306823
35211420
36666190
1585772
31364434
34366489
12333285
27631686
12086979
29107967
20745442
39998792
35436908
35163984
39674725
5413960
36641737
41729258
16301982
12281775
33407058
11363154
3328319
34671098
13325430
25257745
9806648
14887977
17745041
24707143
27335402
3952044
27271393
40005350
21430747
14321552
7736220
16754954
14916440
12211599
16583587
28151566
23726203
4323883
18848329
16454608
10599552
24990959
24461192
38978950
37418449
26228893
22390440
10735846
-495752
21858155
7120007
34689253
15779524
31284574
27916152
7756905
14967189
27013589
868206
17213033
-272267
14170102
39470935
18761488
37901425
28342651
15974346
25428268
40691776
37193800
10255851
31355674
39791053
110033
36429254
23482935
29626847
25273411
5764200
1246433
37398870
32412943
23151469
22422262
2712369
41065371
332821
10460273
2275904
33211772
8501599
32303203
21260691
13795682
34642882
811642
13290344
40812945
10048159
13044300
4785298
5372896
11422345
15312132
1910520
33480229
13051025
31907533
29185021
7297302
7375054
42177161
26310561
9677512
31389915
-208233
43431730
14802630
24275267
15630015
16248809
25185520
20440010
20449652
6706348
-901437
11960747
37963144
8972260
36119146
41287287
10990870
14300680
30392048
15434903
11841465
37053856
11860612
28313237
12026630
34358798
1822310
27486125
38963589
41628267
34772587
43517109
8275751
32508933
976179
37350893
14918711
5903279
24302490
17832329
-978197
39987175
31604662
11723099
42315286
12993689
696464
31159797
33318155
41867587
2825184
26855540
13569249
27035469
2211240
27821135
37457713
19311437
5246579
21019781
24836244
2321812
24697322
43113532
13629990
6966558
41345438
22574134
42940156
42541912
18713179
5545305
31053202
10369839
43369952
2822452
21974265
5541643
6698320
38679841
2311350
28202455
18642707
41185195
13318166
2541218
8725245
35501441
11549237
38703997
40234022
11252494
40077710
39658113
-923799
10168626
39170555
39789895
-480392
19685809
29999791
19632724
29744020
30722214
2929839
36939873
41141395
38825172
38091488
35722365
36907962
40219491
4317303
36315181
23235295
5181866
35548986
6981508
23085001
35752378
42295787
21204819
25846556
12261607
291599
17758409
26780317
3465197
37962634
15111468
4290003
21753712
41205015
3210618
40711375
22977035
22040587
4493148
2482771
27865293
-78861
43275097
37115099
2511565
9962275
8710208
3899450
15119013
29446428
27568883
21818193
38967625
1549136
42765241
33398234
32387648
42940227
6891140
21860435
-607902
36477885
19712945
1911044
12667919
20217365
14383072
20993802
13286367
37595247
3331504
42934225
26974918
407909
19802194
29173712
25738125
7279112
29831500
26143868
545836
23530950
838997
38227339
26607961
21934732
34131675
31605015
8285565
17618855
43099727
27036061
16001134
2283230
27293989
18325892
20481885
35399284
39380529
6457714
27073568
42526341
36663365
38447404
34931698
1148977
10470589
40727375
8995166
34919357
15475881
34666188
41988295
42675102
22455136
20844115
6037228
43213036
28952968
782470
16221422
37087049
21528873
17652028
184012
38087535
674447
19419756
2581151
34245219
4943220
-731215
14555638
11074539
9990868
5018094
5249641
19469930
2468135
32404248
36957509
32461210
15079792
42534490
34733308
33906148
35795503
19599594
21436061
43389563
18397244
2436360
29749762
-492294
10458642
16648780
31230024
34594566
32589844
-975158
26450992
31275902
35510512
13107027
2997234
40059666
24809958
42774333
5194153
5863303
31392697
18137945
8817226
9757139
9780168
13513935
6673072
36455080
27059396
43474367
21258946
2830345
18688538
41777726
23368217
2712641
18459132
9384352
41338097
12923911
35110183
17998520
3568862
26490941
2458660
-536916
37664387
36459689
13690715
9260077
7063713
9559771
30276891
16030120
34075243
25302764
18095450
28975010
6263692
19252978
15561225
-689046
31433900
23678492
35182375
8015046
33288761
8286333
4078097
5910271
11757566
5668606
15991791
13318066
41523604
37126055
34287250
1605833
4271188
5944073
22363198
37081059
15533356
5347385
15745688
28833373
3808759
17494609
29200600
5826269
31323796
4170922
2965871
11008571
27810927
39306810
23163169
8749632
12563776
8563397
11962673
25966234
1763320
28084735
1923939
17648519
16520866
19299635
6629940
42863747
851921
18259784
7458810
37167042
39152593
23167178
6727968
23793802
17635250
16236055
40461030
2202230
7727363
25937319
13065662
-859841
2956899
18046127
37326709
36966854
5730593
12809138
5768575
40109553
2234879
-2985
-452407
4498198
30676994
10946549
809833
41221845
11731397
5452408
30162393
14338552
42887142
38098232
26392377
17703036
32982411
6977201
23067287
26815162
21741969
40244313
6572468
11809472
4536295
33518979
1437873
29392451
5791457
33955293
26573771
12142436
17162233
33136260
-69029
13268462
20499938
671204
9862392
30165445
2659575
42678930
18561820
30019869
19386599
5580015
38904499
5516279
26455414
11401694
19517288
8561460
20488149
10483193
37720616
14133043
1001326
38266678
1899733
30050608
37206194
8049614
31892144
24943217
12902833
28392934
3909441
8423847
37670779
18220514
12869998
18818529
27056376
36694644
12326183
17265843
20711462
4595018
30685173
34879291
22692825
28863646
41672378
27054157
22812961
2022787
17508636
2525759
756397
27384680
27167424
202221
18652560
42121542
14044575
14563942
-497579
33954277
1099287
31461457
24333801
13803479
41931132
3175901
20750782
4937969
-267357
29557211
8164435
28611152
19645078
15712533
37944985
17527592
38425300
34294384
12853957
26239599
39278366
37895686
14434786
8724103
31189732
6221760
21495845
23282836
14949153
24333256
42638077
10656323
4465894
29141208
23936921
30917728
43184218
13815969
19124948
28638735
5239740
37009506
23833251
12549215
29520497
7422772
4929712
18718771
34413416
39265753
41644956
4792339
14951875
26901147
34162736
2844954
10284863
3614039
30463337
17455999
33872963
16277683
41209456
24114096
40492802
35320726
6225358
10489282
4593258
2592198
31940809
17984348
20020048
33917020
13473389
8650565
38043866
7583100
43306030
1488109
16250955
18634811
15855057
714475
21239148
11998227
40766178
35947809
16286951
6085251
3601005
36991507
7397792
8534853
6547854
34619535
15609514
21386423
18351552
33688631
11888320
36244943
16667599
11492866
13351030
32880991
43190384
36308822
43495182
26599034
32991527
18541147
28694012
19368044
5198019
33979942
17173996
29979097
3455447
13227778
32644592
39399955
34783573
29756123
21054661
21418347
41570343
4127654
5277786
34198509
2535414
4359756
4207530
42291258
4597062
5636922
4120943
31836802
2105487
22781262
1497283
11707342
36493336
41102599
20737413
6703626
24068814
18530257
8731067
29409965
29034668
32774184
39726998
13635691
13914546
32818069
42476228
15717103
21311435
20164634
30021005
-425958
21888983
9193372
43067077
2297552
32886486
39476476
41012440
23126923
34485999
7731828
203128
9314726
4908156
40524137
25556210
22707709
37392449
36309881
38837083
34396855
30501253
32577666
35830126
-105053
8854409
30917306
42446177
15168868
239492
30415819
7851114
4426962
4020096
25555065
41367835
19439879
17989069
-34445
1597571
18825120
20272316
31947865
6673643
39262970
662109
30793247
23536576
16641680
8018272
13271695
22975236
21827832
9174913
307102
30510060
27070602
31334419
20977007
34976013
1268403
28448176
8358384
31986150
12693785
8343646
29590914
12925953
26243940
34071489
742104
31542536
18400027
37195789
35712926
36122853
6684632
34220256
32177958
23845842
18157979
23123196
33462299
23833974
6959878
15464094
10113753
3053379
30575078
31455863
13777372
31708641
34919036
37302555
28469954
31877275
27803902
27867752
32426479
29111779
19441474
3832709
35027636
20908940
4630320
30518747
4058703
9669375
40891801
18687098
34595252
-630387
6747834
23643447
33869147
8541088
10352832
33125293
24602962
38565047
-837135
31469230
17729350
30962046
20795970
1368699
41919606
18080487
19513245
37264960
6177067
36940968
31548207
14420506
28776934
42233067
5053998
15122321
6846161
15680941
3784967
11125590
33653132
43164107
12352807
13046493
42853359
15248017
7179665
15821362
31757020
12504789
15224744
30759874
12051271
17171981
42930229
37149043
11026992
8831912
34735214
40666244
12663015
40916326
1249348
36821952
7396658
3231124
37403287
26075039
26317100
36197958
26958814
8038320
28047885
27382077
10230002
-797004
40269514
3141350
18109378
1338624
4423001
22242123
25982776
32430290
20221838
33349122
27467359
36449458
36283149
-935945
3029391
42368914
11766002
31434503
41822055
7089700
27217722
33291623
11972133
9160649
11252465
42264908
23906820
38816262
-219556
38478011
5344639
28083394
-532488
28186180
17420715
26340451
12412335
40048942
33504968
28000423
20259230
33892615
5946828
26989042
31674167
40007535
5699403
21628492
14399132
7505877
23315766
23637299
42548089
31575094
21730812
34704228
31345544
32839436
7735946
37281068
9176319
7461991
3147136
18318189
1080575
22757507
34605687
35946716
10426500
26575489
35810152
11921846
-892843
29903107
34414887
13060835
41529278
20941887
19524828
5868733
11312217
-337025
32015684
6835819
38996639
3721786
1814369
29237332
13203856
3057291
29571440
8983958
42011510
39307059
24017970
38986068
33772336
32270398
27838566
32522728
29744590
28564566
4888521
33062145
21213372
15452049
21926445
31034794
39585633
23603687
2943257
10698041
1407628
16921141
9431506
5463066
20344199
5796738
5544168
3527849
43480773
2712503
43019781
34789663
17837517
-130041
28851949
42726959
16161694
24936893
6588997
9084860
7184141
37492260
19760794
1384502
36092094
19703315
15564061
13956981
23363701
27265895
8323998
27181672
37702440
28001911
937076
35209601
16233706
25161155
27748051
30532892
37302506
6013326
29647540
25392597
28616768
24405908
9900602
30402934
27206820
10754463
6989939
30471083
30531609
11958753
27033482
31167795
28804965
37968973
37530896
42744976
16095838
13643779
28979741
16510122
34321632
33835546
28631540
19170700
22674067
10147368
1611626
35504551
26512144
6763419
26069655
7017968
10831977
30247327
18357648
25983887
34774942
34639129
33083592
24995851
4944935
30730364
33302093
41600624
30733138
27448022
41556735
2972936
8486764
1995167
36853107
38766057
20172321
21328811
37230054
25537940
19112709
27215747
13474830
21647137
7855831
35065994
20192311
42333487
30344840
35102842
19604645
27877027
32110036
41509475
4935994
26177404
14843479
34891335
9449888
37658387
18722672
27457494
4736551
40446876
2113377
13144798
41504242
43372898
9445810
23827714
1104749
42815131
26585940
17713832
18900986
9761807
33145083
30530383
3393491
17306213
19724999
13726699
4019468
40644425
26103723
-897162
23780750
12739574
39117099
5275739
2215088
28351439
15590518
31700627
38752242
28946413
7371060
8269347
28650888
11443401
34017532
35297128
22117370
3732744
36920527
38066372
17905151
10627766
-767213
13434864
24341821
34064082
5648473
27031341
5034188
5673144
28101747
27384569
9284742
21527654
3800004
6115621
36979876
601718
5779346
3339947
7269725
6039913
27009101
12662146
-607568
2245919
14263372
6850586
16502794
2573163
24939689
5726477
25268296
31105019
35386989
7010137
32081183
30773116
31968820
-42606
7391730
7718760
24182131
32862719
36804783
22446900
4715083
33238415
1613596
3280865
26544492
39767001
35089866
32937738
18327936
25399414
42470742
23240912
35094071
-952028
5611465
33581699
30209917
29609240
3105004
33361843
23486974
11154179
33869092
27404206
5874898
31018500
25309038
29186108
31830157
26008019
30431249
1513991
42903622
17133111
20070568
34844262
15469121
35106520
3301463
41331316
35497771
43306388
23033579
13341709
13529782
35095012
31746545
28222647
8619869
29880957
1043824
20660641
18685956
21275455
7667157
3125324
7504743
29165522
11291455
10466647
17894333
10607067
851136
15070207
35269895
2345922
25551409
6247787
39795074
13902957
29208223
23509397
18182255
4386593
8209318
22038780
26552064
-890093
26478004
20231150
20580425
17756824
12586092
2281259
2758184
39731322
7527707
27632108
6407540
8886744
31271850
31589604
14712706
20022016
20907848
34285134
37569354
29019926
7713115
12107793
8952528
30712294
13258124
27992316
33234892
41082590
18504845
19247696
7130866
16999600
5815784
2553748
18697727
43131332
774649
7777134
11424587
43210091
21455958
21041381
20647304
22642276
37103960
37400606
11533215
33932600
5866620
24630487
25667961
3236491
-47724
40917054
2074656
18312807
12057154
19089243
4242771
28009063
20828916
3802426
17771847
17469550
18299674
3344807
9725843
7860539
3390017
30621747
15271265
36603227
1664678
20585647
26698178
30310401
9439411
7534969
21020239
20094255
10370587
20134756
5116942
4563958
37263316
-579184
12352125
19518075
14197359
31304877
3072252
2940277
8131794
8797308
19586706
16799978
18590909
37617612
12555586
6216628
21507658
6674632
40243810
12154118
17044957
21327931
7866263
37215807
17395253
3504029
28116497
63078
31975480
26458204
1715430
9183938
27957303
3124130
16335835
12547864
22725750
7812602
2195219
29128984
35446563
25782423
11985930
17459821
23781769
36901179
6413974
37130911
15180953
14493609
19813751
-757173
17941559
21095438
10667900
12994354
24677717
36195345
2832724
6647439
29172406
4805751
601707
7350189
35173541
13086141
15622916
22713966
37782507
39067917
23865570
33912043
22508361
39992592
43510562
24211280
3427492
15495504
12691967
28161756
37548246
8442144
29514034
32407009
10837354
28001082
34108508
13367203
26439817
10159364
31319572
27577764
10680168
345636
1220881
12578178
8486592
1799855
40171458
36479487
8630415
21371690
21821109
1259352
30033146
21769234
23061528
18682555
33479499
404230
13044440
28897678
16374377
-755511
21521076
14889764
2949626
31399615
23277472
30930955
33585867
17342874
7030914
41745307
41225920
-145028
9375273
24740314
11350016
27141293
1713808
38078742
9942560
6291695
26772094
24352880
9730964
1813605
13135024
6441435
4417387
-465633
3669722
20192579
2340092
7399555
43152453
43372206
32633484
34854598
38730461
17517260
40718421
26155768
24808153
23103843
11331673
34276763
297315
5424645
7055848
15510333
14352100
20014794
25321856
25631279
24865493
17333108
9584829
27354885
24922376
7920404
32332224
7781812
31946320
33133905
9366967
14029689
17123687
29509915
30016191
21215173
9897576
39263049
5790175
7376405
9524580
6002845
16960281
28355584
16392269
28813992
10446534
22716919
36989530
28960168
38151425
12325546
31641337
10227063
42510096
12855883
26936618
41176708
43528783
6756055
37610213
12566988
6539362
28824821
12333559
9635406
30711734
21909895
18761706
27938056
2613753
180590
