12260321
35162490
39225190
40299910
35426351
17734738
8911463
17411034
13701710
31209504
22207601
10179013
22629373
316092
30773398
24538469
23933134
1861677
13882586
37354379
5752235
15774374
933311
31776828
7125754
35590142
23147233
8504657
13524553
4148962
5964337
5936911
9769959
39533687
15817410
37905383
17144225
6418553
36070363
-528893
6663229
26173478
1505810
8809283
28979905
11283329
28498167
24793627
35001257
1215178
21020021
35772054
35334210
-391480
5211206
14640541
-753229
5184402
30587829
35341277
27241328
16747460
42603317
38641126
34714902
26050241
8258747
32356051
31235035
32374504
13612215
28221225
36141718
24313386
29184434
7060758
10504155
-552430
24888994
38084137
36046376
36692904
29257990
11816951
24853497
34250545
3788645
36072147
7414325
33289593
18225851
20442168
-507774
28564115
37242856
-855244
20946436
43499385
8166788
14088677
37201251
40916108
20308565
23285005
23112427
30893350
1188503
31876143
28936676
36211429
12206455
6747303
23567533
42951354
41721787
20905177
8805761
12883019
29735503
12192196
16012081
18241611
-333093
23728862
33974398
7580601
10932347
28906808
41446014
15023168
4441780
9608294
558014
31712120
13057335
30283451
20029687
8368099
17877386
5824697
23455564
23559297
2477361
18573336
14692854
32209382
41405993
42283109
33629860
25417699
5288254
15226831
30050466
6105647
33878722
34053631
31044395
33168065
39963827
2304282
30109822
20806838
30168064
42647235
6362567
17833731
11182078
26592682
4917863
29325588
14856026
31992560
8913276
2641646
42530349
38009378
35002001
10712957
-123220
10515191
40960832
24357362
25468637
7925388
17850226
36654058
42548186
4979748
10499850
19185167
28031532
26457164
28392728
31769313
21694374
34352672
41805016
10492890
4410633
37737674
10511845
33653018
36508271
3441832
6797226
39131784
16037072
4556942
1799467
37413577
25058176
2065316
10504664
38377217
14976926
4370595
20715626
11835693
18093201
18231160
31925964
33747073
43004810
4915042
16973887
17954905
1939417
10086705
34132515
37281436
33256397
4239525
-923008
4518535
15924142
30242511
2659627
3813278
30825113
21651278
28673240
4403391
22165493
26755923
34303661
9053007
20446960
27171691
29120999
26835672
36240924
3933367
15160012
19320761
14593874
19428748
31301617
31225613
43168841
43010426
10439419
23714955
26769477
15505659
22262617
35618996
40379539
36153628
13370908
13219999
41853941
38748120
39640270
19890531
25309442
34644844
27904968
29182358
42971604
25672420
19667874
12249988
20772733
24584366
24842339
27298198
-338225
25857552
6023678
7056355
26053765
7718140
33847451
1091788
8501406
6485662
14578229
17312401
17690831
17321254
18578133
25331699
17059352
11302121
34602564
29079697
2340520
3284701
25572044
38125134
446654
18555712
2884500
40685975
17399530
37052620
6501283
16156407
19501808
12994001
8378061
39317551
8646549
40287121
8992632
1790259
17682085
21291137
29453294
27495850
540314
9852988
23297013
31628819
24620127
7852629
5189893
38369313
23656103
2149827
12966554
13260881
5092129
9438258
32742468
948677
30015429
38541108
35556484
4521527
37662541
4177778
29079025
72251
20920000
25012409
2806751
35140409
35067920
31544835
17344354
35337822
13268228
13544702
1386819
41237230
28604090
16594539
-970255
40434638
22367086
27925209
29955894
24342771
24386570
20730981
3034277
33269897
-617618
33827816
18909745
5325169
34542976
5887958
12687748
4479406
25770150
18927664
5948626
19954393
16951156
24284638
38061557
27359572
8528476
1247557
36987273
17365947
41752480
6551775
14513407
28046403
19003992
34572175
9487211
24101060
5468804
34139858
-472537
5785034
30292116
33361162
4602633
24803496
31234268
14728882
28521466
32099206
33495130
29803869
4634890
26826658
9452544
17027906
39338855
19436684
16150079
10963069
26875163
7504322
1005686
39716482
34293922
17975683
26609117
23727936
21075354
15051899
35679153
26421458
8997262
16124714
27729308
33621681
4870787
20218300
22630845
19349920
25310676
4854902
18563903
26681288
29666733
19746037
19440686
42020867
5649311
34135326
40478885
2445781
11866755
12846356
35806786
27164755
12410867
39411015
-287065
34899887
30225559
41297800
9159850
33324792
35746999
-95259
42686157
31005830
25796013
28907930
23217533
5115251
19346160
39245850
8700270
14236922
25491373
13714110
27432452
3312701
35854437
21906290
28782448
24688569
9790094
18669594
32929553
5412353
28967664
40565344
35262993
703856
17773341
10729659
6327724
14142128
10034149
2431433
1584910
39606259
39391649
8170860
7759778
37618616
34863510
9963047
22038572
28202664
19237250
28817758
21562768
27380299
22807594
1298001
17260927
27590997
32865269
8548425
8911857
19871315
23157944
31450565
2679645
12717611
42089494
14669080
11010702
41026667
16032853
21754851
26087324
28801436
36333871
30462684
225019
25574285
39385168
13109515
33987423
19018924
4150938
33219135
3405784
16568370
18722592
33013731
33260068
16771958
17023363
8872498
22758496
27891162
20591489
24507213
12980346
8393140
38749391
28300194
4793866
6732182
30822746
40121285
30397158
23652547
12931496
11924676
1980532
30720029
34470820
6899260
17943737
13177321
9952734
-447379
8570906
15547160
35046614
26460344
35837530
-934868
4963840
14342255
39282620
20096145
18418901
7985877
3412949
11872052
39830901
-580784
19215956
41649145
-121301
41662591
11148863
13278280
31976309
14820942
25767909
29060746
13834621
12317981
35956250
8925155
14858498
4797305
36938929
24206451
4950965
26354475
39446069
105534
37118791
43484216
2465429
35579114
4509449
3865762
35732083
25082579
24844935
36502024
28618251
8746096
16803472
21485585
38287958
12047153
30222327
513960
28773264
30887564
27154291
26378047
5637979
3467782
34377721
7711865
14223406
5280860
23945036
42753501
27884383
20657344
21948463
28840049
37368783
14280600
30550647
36445769
23774610
28104977
5984665
16460276
38751108
22914213
39776530
8121969
43107937
17338187
34290815
17425938
15388024
21083224
35639746
27557021
13210730
43410216
39965880
29474430
41779786
6615341
24132832
17322807
2982597
7641804
19214576
28860380
3738686
5458200
1053622
3992182
15163167
32633483
16768854
23171987
25241469
41103683
30355990
37207519
18521995
8090954
190286
14858698
14866468
20139934
29608566
27946578
29602438
858790
31546823
18986907
17297129
38976874
38346780
29555996
15559898
33515989
12111190
26705480
2296326
4053664
9884291
2318970
314506
24918889
19794795
38768379
28193665
10004233
2849171
37802879
375895
28742782
26753689
27266725
34452951
38033470
43013744
33714541
38570166
43352429
7340951
37903658
32532982
33027330
8889848
14300353
42961971
25666902
33704029
11782202
1760771
10748096
41145683
42035824
21152885
33494047
10998990
4153036
38212200
508128
20744811
21833033
5517149
25815880
10234348
6506316
24509757
8174615
3609887
16870610
21996373
26653372
35779891
30614424
38241257
21831532
10706785
817084
10048741
2337222
28964199
4073688
24958427
40380164
9855769
27014603
7903077
27488709
5699700
22179416
25241519
-131518
33364109
24090356
15284287
20838895
30779249
40332607
30867075
29695586
5725888
8922218
15659677
13461875
26215265
29578086
38245826
27201319
3763709
13502992
20840968
7437386
20345166
30694284
5714807
21336623
15010576
10943191
2014158
27560917
36373474
9741214
28027865
38626977
27037648
35276495
27489660
28538281
27876339
22801271
25371276
20012073
8754087
40172866
16962616
26313396
9296058
40810972
4498846
26425092
413281
22068006
13411462
29341776
4973985
21125218
30206311
1657614
8456884
698597
3931165
37868881
42018031
18787975
18351826
8321245
8479718
17547334
3877301
42233902
37076987
3985883
4476192
16878885
36880841
26169324
25974211
13143235
39326074
42341913
7162320
37965845
16860396
35575615
34672434
42321152
26327051
4766525
40403663
35614654
7771934
-33673
16479979
1314717
30600434
31716291
12949521
693122
10594616
19598399
32238731
2383756
19330438
19608521
17130800
30126615
16811798
38723035
37618661
29719223
41084544
27114779
38959347
40063750
33457766
14206971
7761290
37639153
32117971
23680079
20235248
20296602
14501058
28856752
39552675
26307801
41416921
13060357
40659606
40241305
34672448
36465038
33778660
12099967
18768988
23104609
35926690
6439034
35709847
27016275
11835550
40819170
21762743
31078079
28683539
29220226
34811894
2945741
8597666
23986738
40264751
1248556
13136723
18801806
-651265
8007480
14824015
43238692
17882163
11704515
26055913
3320572
18219913
39019570
39810118
8561830
18544696
17050022
40978104
30247397
18463086
40308285
25095016
18803326
5123439
35160637
17672794
33239130
34837933
5402021
13105493
13916006
14006706
27021980
3878386
15844000
40947610
17588397
29176725
3596034
39785465
33018348
20783442
13419962
26183555
71681
35344301
36413680
33614442
450200
37116602
1837202
19471236
6134519
34472030
2927271
37143584
8838623
12304541
6443440
12328322
39144876
35057369
5271855
15620179
41624392
27589439
26482924
36691157
28424532
18077842
6420980
13674904
23075326
22335453
34656770
3983518
6920008
1582507
36888428
31681545
39038506
10588982
2916753
21925059
33199298
20374162
8667483
11038130
37405654
31592239
39020750
-103863
4448179
25733703
12686045
19254171
41601338
5320268
21227840
18162235
42059269
18361819
42561937
23153791
41749574
38852321
18009633
21714489
18089625
31685297
43168041
358970
19764690
4425503
40805606
20136107
26360366
35234794
30616486
21612533
39300005
9866060
4016598
5481887
35531360
28881267
29442399
36903518
763720
10540992
22961627
27134643
30453865
33343906
10419634
1373393
26202977
11223099
39979119
30217891
25444145
3814842
35963951
24455888
-461242
2903406
2923786
30057438
39719899
28194363
36127534
18958651
29411221
28095653
12505900
20226638
5555916
38382393
40249657
26062867
34010655
19145808
6218660
21966523
18269229
19752338
38168448
37975872
8715467
23459325
12956368
21295612
3484927
8148639
9269129
25000576
18317785
43152094
9054048
22670751
35893450
30399668
34424781
542272
1722900
30419325
36216323
6919467
31861811
877225
18908211
39000469
40675057
29795449
8748123
23423251
5358888
16407404
13018907
19763481
23092340
39529327
18797881
17770119
26518661
40710652
4518267
17265769
26331253
23116731
15042932
32530101
39686861
28403238
21373914
804364
35826960
37451641
4538660
7801151
34057814
17622342
31047328
37482739
3341947
27274481
27270245
23043564
11662198
1936718
16092954
18140448
-817809
21641349
17093540
34890505
32949477
42388601
31603758
35978084
40047281
9648454
26509658
4941364
7952020
37268878
18163768
25789062
29366147
7046470
-315686
20594644
34586334
16946091
25856731
30681104
2477917
10816757
22396990
7229471
8835778
25551650
24675973
37827546
17948872
11002273
20550910
24918097
23135374
39368392
38278190
42894498
19041659
38623108
6823323
23962347
29415573
2977848
7799787
12904521
38988615
15888074
30131903
2497715
37156734
42728927
35456495
32046596
5780577
37080109
32320080
13155809
12256406
34142589
25053489
37124072
35383126
13704797
19215338
18529265
14763767
25815854
4864536
17061965
42358810
33650341
37674899
37825301
12089908
63560
33952507
20293032
842680
42637151
26675144
32026856
41924992
20607558
10728836
10381276
11073675
-538862
28259961
12641379
25011954
19804799
12289744
3824914
35607021
27055656
7916309
15898496
28772859
31051491
36050482
31140728
10078464
1345564
37213298
20020900
5545053
5626986
-372551
2731991
2133601
11844113
37818464
9980370
33043065
29900792
28763572
24685363
26703926
31396098
28345753
33963380
36392522
606067
32181359
5953388
11596813
18590429
12974525
25988714
16358756
36962067
14710391
32168693
27061246
40227176
24347859
2736263
14189668
29078168
2824151
3367262
38268344
13192162
42367558
21487444
43294230
9833168
2829246
6809965
10327399
15985352
30042921
-253245
40555108
-359994
11008088
26834605
73578
4342950
10927959
16857187
36312473
34796080
8645608
28638804
26832593
12734784
34399761
30633186
33786290
13538186
34756632
31561085
25434531
24006421
41539230
25058957
24958329
25728696
30804184
36178408
27986183
17480815
4957175
13895940
-921470
30719681
10430474
928266
7148603
43225489
13900483
27707387
3186999
35985262
13009438
19655699
39498369
1783511
2684115
34587219
37810935
7928834
30731552
11570556
37890075
32160657
18300660
29129343
7325120
26591845
2111315
42668738
22938128
17116497
10633864
12892983
41758616
26730924
26930912
41301250
10887712
38055368
2257279
23537177
42033267
30854418
32152016
1671556
18425111
37526902
40158802
23059962
7169991
6061046
8520972
9302441
4976850
13548171
30947663
15152870
43491863
41695419
29919634
36974015
10603902
32461008
13141543
27566567
6869679
12936336
11658304
25950754
43503841
13543083
28295996
42674804
24417607
12116419
16260763
41570388
27486366
42051907
18325795
37279367
22173575
9187943
2557340
3963457
14742442
4574204
34758098
21213084
33824166
42385505
19777748
38875421
39951337
10789342
13759175
20553796
17590687
36709847
37957144
21557066
26978180
26025200
5210791
35654573
-37108
1335002
41526212
15331524
23607456
16640961
3194601
11043624
12339193
40437498
24363544
20340530
24150697
7798630
8111081
6178174
21342339
22740382
11839362
18974702
31489447
349639
19368522
7910859
2302352
33207139
13688048
26470656
17500941
3430742
19564992
33174448
21275337
19300095
6944121
33375000
26383714
834363
20764123
35240171
15992681
1594740
27194013
11841555
11586029
3337250
34434023
8671084
4333853
33592257
36275507
7922572
30098869
30020444
4272131
19422612
26651529
28968163
36361702
34255171
3371843
5746513
40033332
7638561
9863197
32686222
24116864
18287801
22489571
4497015
36337548
1064159
7064153
10649066
19740579
4901170
8473410
41921176
24200957
5797794
24032191
19088577
19379690
33929235
17582210
27430386
23351770
37717499
41730840
31061296
27629620
29893777
5773305
-355579
37074743
42683126
9985822
31812376
11532318
26121212
11621546
31930963
7437105
26226873
30834363
27630263
2839220
41682183
13042960
29641210
21836189
-74371
10548322
42597622
8758836
32348268
37099230
5166780
27746302
3017655
5067981
2675796
33371507
1269673
38611666
42660165
5884734
39197278
37284803
40853207
39866301
21077128
11035157
17964655
2601380
6434566
17047123
7077896
-191556
31983601
2430795
10074617
28485647
3597828
304639
13058982
34080988
7435313
15733963
1599608
29220848
19536446
20468088
2547115
35626121
35486831
29177865
29959560
42750056
43364320
13203061
847040
4973526
36443289
35461879
14392343
9697779
17852306
40752634
41469092
11615875
18975951
27018054
26318725
39934523
624447
37115831
-174950
21703169
19198892
1615852
23524874
36066513
26456111
4409683
28299864
41337949
3008999
15090032
30886928
42054355
25909851
26277847
32319617
24953280
37620618
-741549
26300437
27485124
15343364
14716415
27964203
7122970
35689676
9936209
11139619
42800728
9959377
21636984
37731068
12576182
24102400
28972540
14757066
5076392
6604206
35685783
36918148
40333763
26479996
42555455
42846435
5728802
2725129
10006652
17955808
40425388
36085399
19544231
21356514
37401846
31410796
19007575
-768709
26387877
25054320
39533786
40148329
28687333
8342584
16481864
29349566
-207832
2723133
22479770
36495726
15007170
20909671
32226499
26478991
21137297
14303902
36013940
14924105
37211360
17502648
36386605
35750873
32370317
7152555
24108448
18761922
5280549
33071655
16006235
10308905
-133705
11826536
35555617
17317590
30272709
14630674
7580602
6686190
8150150
138341
33221661
1135693
27500468
-428865
22197755
884064
39272040
1034822
18074087
9195212
20803545
14950944
41158477
1447095
12826839
22984656
10079296
33159593
40562524
16927518
21375722
35960537
27135295
1599602
19083021
40449180
15562364
36030218
38647435
12410969
25509715
3515561
11179499
12412776
7815181
29639549
39027073
36152560
3875320
371501
31212686
40976115
392668
11309190
23014431
19265664
8828526
36082072
25479410
17892160
42915237
36384797
14941797
43099358
35600781
29584591
22840881
23468531
5672121
31953868
20792705
6432286
38913370
19382978
20162500
23746929
41824128
20404696
5232467
37574138
8020217
-815130
30340249
18131151
27540832
24773073
21791074
29171364
10364276
27963606
39380931
9792250
11040258
3461609
39694526
43405451
19957085
2412268
6072973
5485949
29287550
40171954
37916689
602565
11196882
30911592
33378793
3867817
13778205
17966142
12167161
40922106
37948258
22675752
37581346
32272535
4031967
4788710
17572070
26227803
40351003
25977495
35669989
33270507
9589673
23888461
19602541
12210730
34134550
7249512
40541389
30415221
26337087
2020347
36914175
10902657
4308209
39525317
36762393
24921867
18636556
14720519
20859532
2052725
34086532
24684817
23967226
5814432
1834645
10090756
39333943
26119424
31164343
32836803
7379204
31911398
20873495
9861307
12584252
2047752
3409723
41393064
38441547
31155217
18890023
1117091
26084706
41049766
11768863
14521207
33232804
29383009
4898888
29203281
27325856
7322120
17554298
19387581
22750629
12998793
-36761
38306568
11833146
38968666
26238931
8847338
953185
36099175
4746484
36388356
26654683
10367237
26336820
34862063
-806296
12934543
7761480
34531170
-887452
37671253
21893605
31630054
26712067
29662566
19956436
34747491
41625939
36507110
27762276
6297246
41474672
19066700
36527720
43436243
-155446
8371178
24629793
11513070
13186639
17335361
11296707
11614343
15825193
25471147
22744270
34884153
7996724
-557962
15079326
40024829
14024118
40522068
37532140
19779705
9636591
3119501
35460361
25984802
28177506
20272368
314961
32938215
35546157
35995699
3669280
13727959
3174041
21830888
40138256
18101607
17894353
1601694
5148648
10733304
4692593
6530653
29411507
8764197
24291155
27422841
17968044
19659444
7401373
2274833
35947018
27799086
34200500
11622103
7068727
3018017
4562462
6192457
874467
36896417
29188208
32412227
8446798
27873662
2050597
34896814
9684119
30435596
8248429
38755354
11869093
18903148
25423131
25390156
2969801
24473256
33268348
26060621
32512597
1871808
6487103
27611163
20719271
15247523
36796632
35858193
27941636
42348579
15063461
5008145
41832952
29498244
9073103
42169498
33130010
10406763
38810998
31252273
11731549
35055654
13262291
23080215
24661476
21366969
26732495
15675307
31138109
25320431
17175109
26937022
3974308
23355059
28609888
12314830
25663232
14698335
32516191
36746058
38304810
27476903
5430355
36684929
41940478
29761842
28561920
342796
24154792
11894485
29434593
41525432
41147198
1776461
9783624
4236729
24063263
1484908
30557157
29474114
31713566
22740661
15524184
1867827
26898096
41111866
38190651
2568445
21475463
8457439
26213449
5541905
34820082
39270225
19933188
3288399
24123713
29030899
8186194
42389771
5185987
10854203
7983042
16981335
17294576
17108935
15543764
40299934
2272005
29374088
14438789
11410327
36882821
34142632
5103001
35211827
-305590
34247852
4515126
23833106
38573122
20575314
7136510
27913699
29786255
10691622
33620982
23062264
1386009
37365221
13956487
5939303
10773588
11109142
34391847
41365465
7451897
5646969
22490595
33323853
40845953
15877236
19863936
6914295
41759007
13742938
701960
42438270
22497107
14155041
37095418
20317741
31112985
32668115
9366207
20425647
1810064
19767833
26898552
39794402
18374828
5627015
12777556
12839033
27105841
6801957
2629265
25595252
38697679
25713885
33173998
12244651
3959835
18267773
41354781
5635175
6427617
6045828
33744878
17363538
5251403
28872721
-600824
6415803
36719813
8520176
29237006
15414966
28191408
-914841
13271158
40876121
42563833
19896576
37389834
33296597
4410013
37128482
23422036
28343071
6188350
12104356
43248907
27596048
14522115
36229850
22925965
379264
14852955
18139905
35240151
28979258
34343079
23910688
2202003
18424903
10515752
28005897
25167886
19597353
13498237
42416411
29926382
5417150
34085726
27708820
28193859
13080400
22923888
31268569
7553863
38836702
2620151
37490728
28767301
35065706
37435031
28058583
13089325
13504340
43157625
6609107
10287175
-50165
3980297
5829668
23650312
-313338
27620845
516340
749361
21342260
35386259
3453882
15820574
4605397
5670431
31216321
12264029
5054333
11343041
11576549
42665923
28327009
39951512
5139715
40307779
28142303
-894135
36552471
8542715
10480820
27655248
7231184
9310451
38913912
33817369
23573131
14023575
31572854
22996850
42646033
9383702
40911723
1784177
22044872
12947383
36170650
6799067
18774618
33640794
1151515
18097292
41268681
13381897
23319290
10676164
32383305
14232862
11972717
18436526
16330195
9601039
15439038
34929886
12179283
1814315
22252715
1737202
40547161
41989391
39448493
33452327
36657856
7690
32407370
16880788
10139990
4344415
38684223
15923591
32510327
12580992
4619311
13478146
117460
11755352
42641821
6147560
3869465
30460385
20626460
32702211
17330871
4097921
11930789
35042624
1416139
5515483
14999635
24787305
13784798
34216580
7943770
8722414
20888092
27729611
34045157
2998863
24402792
34818339
40528336
22081157
9116302
10201269
1422068
39435213
28673694
40435719
23311020
17222371
21931218
4141452
39992486
21212075
7412008
8222531
30830997
6977127
28230283
30963352
9875739
1698910
40394610
-731154
40224088
16083265
5507734
1921291
3193645
14332646
8770774
6572670
15205348
32378089
3633638
10638707
5733212
10242579
33969336
11976019
23239919
22120755
23213277
11886300
22473643
28835843
2210782
13971484
21699444
-396617
26021462
3593084
30654347
8459490
10966006
25283718
23555014
25118619
36447467
13997785
10493820
15652386
10672057
35590521
4568250
43406550
27933318
34831718
31234951
42590236
25628715
30722438
18177537
15209785
8587430
7704470
12851133
27179994
22998238
2259320
29400240
28817028
1316990
11822534
16431857
35831898
5745665
42566332
23904392
-374503
1397181
40021896
35905344
13186797
1442493
26543994
14642093
33399512
28330116
27655251
30301897
12525555
16333762
34382064
7873820
40049649
3842219
4657948
11653559
41058706
21651935
2312980
19797398
13178211
12888721
18279464
22707310
1004812
21609513
7199954
24725547
27701680
8995241
27133371
33574383
27452675
5607662
40600689
23091099
13774655
39001732
42501583
-505379
42750515
29597780
4810319
32679793
20066038
6138112
7582198
21252218
4390369
19813225
-721392
20226850
31808429
8953488
39494294
37783376
22045123
9059181
15418064
3988251
30033490
11652142
3951034
26632881
24265816
30930486
16967002
6133619
32312894
13692258
43193885
3685545
3304650
6241459
9922354
5011445
22221640
34603
38327808
40653618
28806118
12226263
2067595
7583478
5060301
40554489
41304329
41604551
41554113
14520050
41477488
23327163
17975520
18993803
15508576
6557527
37437588
15731994
36933714
21618830
26334980
16123468
42490119
41986948
17016089
9460814
29444562
2132422
28668342
9515405
32775411
5040803
23864694
20336326
9592552
24138829
10409390
20247125
18788746
39652780
27954326
42605565
38791882
13344568
13378582
12255737
35482998
27078861
11113648
1941758
18706648
34117251
11034994
24251184
11249841
41416754
41713646
23137294
31182527
1189772
38996973
2031799
12071934
-129150
21567559
22552890
38524248
3612247
39282222
36248424
12487771
20901376
18348259
27282610
37501599
31116072
-629579
33750373
14684326
14750386
9820242
22475433
25014434
40517231
34513111
22592081
76075
24622301
529049
16136752
14083655
20755108
36429156
1726065
33144895
33829847
39986419
12758653
7309142
34101795
335522
25583915
31227956
18696027
7348758
36824910
40588995
10791623
37542558
8741460
31237268
29375323
20679646
27402105
39800823
1165966
2193277
3485
28479685
2603298
34177775
994735
7071637
16872804
9618788
11041154
13448120
27427897
37057406
38912631
7282893
33519262
9232315
17901951
29251023
6549280
40428472
35178891
20333302
25360483
-726167
22269175
9829592
8571411
30198893
33654686
29644471
38072437
34308233
22681898
41655288
33488561
15351982
17582145
12772544
22492204
384258
10664907
2340580
7956151
13394336
2347970
23323485
4478250
30197206
29005286
25767928
38760459
20597331
10593359
28052316
-390975
17511221
5520383
37762089
13735610
29123107
23965187
16865468
30619960
14825792
5870886
15078958
28367479
13076213
15041958
24380792
13275997
22213619
4926504
37672349
34926512
12063968
9883496
20307184
35983992
20874229
37886280
28781571
37705458
37071356
41062566
2002427
9898685
20360571
13850657
-11250
-152713
42855812
8263480
14376470
25066489
35670564
35658005
12886918
29349314
36142023
13814117
34269722
42498209
39538843
16282944
39696930
41086351
24081833
26916112
5953836
32994796
29386953
19671295
42168479
26634607
1552164
7589997
13059701
6887704
2812178
33285543
37012977
34635672
6521827
20087327
70828
4293579
2138055
110609
10446947
12179826
42148463
7222549
32567645
37331046
15905342
14593360
31882845
8858855
17089178
41699206
42382426
14973933
12222999
42361623
4862048
7603642
3179086
3336095
34036113
37780366
34239233
39449976
28773418
23373690
20821441
17058188
24875356
5310750
34963147
24598060
40212792
259311
2143463
8052649
4700424
41027172
4435705
11852101
595874
6827075
18711903
-532667
31833663
6106324
26352314
17894893
-17430
7870718
21380898
13139905
38496342
37707048
7730401
43089693
24421812
19175502
11193251
3211901
25632888
15323971
6097156
942480
15957602
10515157
28924629
13475992
20231975
8893589
16992544
28659972
-715520
33381620
29884899
34820331
25187192
42194898
25179642
10459973
28757448
784806
11309561
27476047
38986308
26814033
77262
10437452
21855765
9621521
2625281
9655995
9719084
5423495
1589183
31949083
28917656
18056274
717915
25731454
6547990
32778506
24369640
19851959
3980930
11637898
8447841
11774258
2839088
10929062
24657729
7347541
32539408
11894955
9297025
13391590
14589799
13057458
10935750
1444426
9715823
35396567
-850157
43267306
-332693
25576810
42102132
24919138
39175003
17661191
25520129
5267151
18298253
10457138
31025011
36067808
30392691
14017196
43188491
30065618
19118251
13066656
19795788
7652352
12019788
7907351
7934715
9083745
36186994
18211242
18209866
15763013
32634026
1191413
9377390
16282230
14348383
1146431
37379395
36713622
33352324
9830538
25404895
33805929
37101549
423664
6051277
17960398
22542811
32229776
33402009
7796980
-583094
31682070
5795326
1904626
42859849
38109459
15388369
31264853
30137918
38049721
16579665
43505519
14594505
14644264
5828888
16290399
24367922
39906229
22500710
2024995
10823474
39710541
2847997
12791390
8365073
13178220
1254745
2344369
17857601
3381779
33598401
2169843
105446
34956749
42368186
15337314
6520590
11676814
32036021
20818137
35969383
25319992
39001184
26339432
11838083
19066477
4821011
9072028
12519587
14341773
16624105
10228789
2900120
42571789
40007953
32144946
19258735
21072198
33825455
32360371
32310144
13000254
42354979
15343202
2848522
41470789
23906787
35806115
528062
25524279
22527104
41916667
37858185
34840938
41647201
26370070
19679352
38242029
27163673
38387891
7173841
10741027
1120400
16922759
40096611
33571085
39426143
42000700
22820188
3979820
38411232
25676771
6925473
19651759
36647980
22065066
13925337
27795444
37908327
36804144
9308157
15430490
27310296
40294132
27657268
24859005
7833482
236042
1454816
39684254
16840848
36674461
37785727
146783
23840840
11713825
39912038
40510095
13634673
19989569
30237184
24058544
17626898
38830601
27417013
8365905
31150288
9250852
26007968
29100164
-870981
1696655
3360623
37529312
2575106
25375154
39311291
35861310
13520509
1677450
15189929
23362960
9049827
7356948
37030348
37671516
6147632
7627865
5774757
20283912
1740508
13331817
13799828
40644073
24113435
16991956
14738507
39278828
29113848
22503345
7538124
12345476
43353603
12118762
22525612
37530848
12882364
27827252
41042124
395169
37358505
42066566
1306110
16582596
42374488
15523005
35653027
27503965
1004998
26976015
31709213
7736953
26452888
18167846
15348791
31308395
21275389
4867049
696469
24224151
43134252
14190209
16055974
18980691
21121241
28716695
40504048
20428744
-95232
14293661
5331569
39383527
1854226
10925604
13832475
18049100
41344692
32213511
43130037
26009767
20122245
36895511
4181450
21173032
37490857
15150192
11647140
40321310
19929630
21091656
29920394
32280678
40586834
6226354
4120935
917373
32246749
29182809
17971880
22123637
40091810
22657489
35455289
34345474
611426
4942928
20700710
9454585
10100783
33556205
34063433
528883
24815707
30306477
7116501
15623709
28709109
3321438
9126173
7701960
995603
25533325
25342717
5764954
42478540
21979099
12335811
22813890
28061466
22750631
43317818
21000543
33243773
32233820
22390480
20166001
12074227
32512040
21578214
8017114
3887345
2402303
28390263
26297435
12313473
19807519
38888565
42440867
30324050
27216456
30171936
31415969
8008506
27709120
24736321
33157431
29442142
24198395
42810274
30648814
19857991
38568749
16262836
29650864
23681760
24668907
33742884
21302711
12096734
299602
31637919
17234130
2764845
13361567
40990157
16725665
39494356
35274966
39096386
20152357
35369109
24408570
15493433
37563339
21755470
38507873
42368073
1629972
26170713
34710894
2023175
31791118
3842042
40713914
9593174
42428751
15903498
38299366
12782423
41210046
-837582
21374044
36215965
14532235
31002953
22302892
42744429
25811937
33091198
28693564
32099144
15337977
19422715
10236293
27331835
11511764
15949418
3848596
16594209
16316517
43002936
13285529
40601884
5465868
28339328
18320505
43281102
39971704
26716528
-583588
5275779
23875976
14860632
27065544
13111853
19670096
21288404
16727144
24199575
15090116
399683
28842951
13884474
10668416
28017142
18757957
23129447
40769216
41078012
7982835
35624025
15432757
38087603
1295714
20770832
5894167
13048343
27806978
1420384
18462967
12454373
36739637
31737682
39589822
4070454
43288198
5150370
12705752
33300862
11216109
33537081
13156924
1694217
39283908
14962780
42441338
35676123
13167360
17906529
21050996
5320870
3729685
10384533
12705889
30054346
25963586
22249199
40048793
37471030
20564711
39644596
26458757
10126074
21553363
7540851
17829201
5289471
10280542
19435864
16543702
3696858
17254193
13663591
33024378
34017873
29108747
11395543
14947935
34395370
27874894
36395294
7813729
30250553
9584541
3256752
30686122
15543958
13259574
15819357
42601691
30389603
21596331
24255846
1401271
8193321
9232125
1164782
27839201
8042229
35105096
10562492
42463612
37906382
11390257
25440035
29149913
6338682
27508839
30384589
28822146
4606453
16822507
11971428
10410264
12973327
25373978
11674644
8001481
18690331
43478223
3849232
42528433
1810308
33982095
41096512
14455724
7208123
36759596
38837321
33671228
20149578
19187873
34204561
32708587
73301
6126187
37816688
29180907
15016959
32833057
31322503
18193955
38006758
31371155
22528701
23180388
19660669
14897734
4082526
12571555
17535427
41158597
17595919
41055180
17531643
7448361
33883147
22198394
11345260
4094504
22007426
15150008
34156278
6620867
29540005
30325464
35952154
1735309
30200353
28820102
2981305
15723485
33906394
20881623
27734703
11119966
39825609
1518541
31794070
13641734
24088145
21786841
4214059
22317117
8006406
13749395
33166750
36556693
42890711
16518330
3779490
30886308
2580489
28042880
39405216
42839231
15368793
6018686
9767482
2420060
8827498
31698707
-658112
38534380
39987869
34249948
16658977
9551187
23341480
17849795
3379939
29460533
34989849
10374369
7519046
40437171
16837930
28084741
29011638
25960497
10546248
42762115
302943
482890
20902862
17250727
4421798
29572991
28008459
43436582
23367734
7982321
3945377
36772440
8046268
32717901
40822015
9586169
30868455
29512681
-481073
4001809
29602784
92782
29536119
33695159
16540817
23196963
1533036
7379555
33697725
27908165
25275934
37382546
11897681
35248174
7517454
11803548
14020049
38492042
23783236
36346357
16409390
12277737
26080610
10918761
24672870
13755973
26568271
30155685
38749328
29406536
35635763
5683971
18641135
38827422
36723042
31219326
10489620
32819116
16132528
41574932
42741190
27749883
34219293
24137710
11154220
21031604
37972428
16170473
24322717
27635630
6622997
34177921
25840379
11958475
3584719
29829898
-507073
31799045
8960151
7348170
41924532
19098920
18785021
36223222
8005923
41262434
38337637
10983634
24524019
11497898
6503526
33060662
29608509
4510679
18879022
32407906
26497465
8603324
28033841
38672863
35391290
206824
31838813
16567542
10768279
12748028
8421215
5140924
2679010
38841583
24222510
12341182
2698025
22547780
12227431
31436908
8000593
359084
32214262
32209402
13660492
27113010
15986302
39684907
17658492
39630082
7106553
1919735
11758345
9394314
7637541
43450420
30170092
5654090
7735903
28123791
8022865
16471554
38658957
38196705
43177743
11807985
5186982
24624952
26219872
22908618
35230677
34106473
21822099
7372774
31298293
22053449
2565355
18089678
39068886
3108384
18200505
15250773
22633834
-765658
9091419
41867560
14616193
16167319
23749317
28186369
2196213
41338929
40291487
13965573
6303388
38665812
9202629
2087703
17896747
1233839
33828837
7942451
23245565
38515606
17435246
17084137
12400276
144633
32204791
30575011
18606915
32835742
6758762
19061855
18494853
25825029
21635332
5258146
25084929
28153695
20047021
19944243
9729323
38870590
43526230
12987310
20440449
3829645
9197129
23013887
2615269
34238189
39376331
-957227
38718420
18568396
33674442
20906590
5449762
18437507
11927971
20136728
7293319
12727145
23248264
25224612
32943057
19106980
2928180
39526262
41637795
32782872
28154997
31761271
4458022
1350734
307704
811387
26832529
11566702
21772658
27635052
27089124
26862330
17943894
36852267
22528476
40400511
29404860
13526023
7381563
11084230
41990664
35591281
24073870
31992168
4030240
30678077
27890860
11398462
43340258
26613616
29500914
31959179
9820319
30961971
31993371
27312185
3677403
10207922
15841288
15804011
33180887
16293943
18655362
40943261
31264585
1449908
35066891
4111652
3376796
8806533
4921715
4226940
11209045
33067170
2407843
38143338
12097568
8528985
33452467
32447613
38785643
16199180
27587623
2962610
8222231
19259367
39331521
2233406
708589
35065705
16281038
34087931
24522115
19880239
37375919
28102330
9822309
32954970
26057003
10740105
21705727
17398906
18160540
35966524
2558576
13559966
7994519
41269383
22658591
3631455
-98076
7789435
34376187
9591303
36255031
-39495
589448
19601095
8868971
41890154
22982941
28952953
2023296
30490002
16183591
14756249
31125305
4303033
18884348
12155247
41559072
11901784
34846650
41358005
19896167
1278107
20398221
13672425
28544457
16725814
7376165
39094894
11607364
7897464
2316916
12336021
14860133
29475231
28066300
33097984
36336380
35075950
6619511
19319617
19146171
39946273
7532171
37565309
20612797
34921173
82233
20597346
577530
42025548
30813153
43269136
7882412
2675081
21423439
26379700
37770050
38403784
16557491
35014016
9317200
16159879
37618230
22278860
32281343
31192917
6016390
22957736
9823119
16119272
1857960
4696431
24117236
10494906
39516171
21191032
30421764
37591089
37811739
41238655
14062191
14131042
42838947
17898206
37112805
2743556
17189906
5925582
43255243
24184962
9712619
39651870
38990357
3327096
15590178
14286335
27047227
16775232
32057472
12397787
23113250
-148750
39379618
25656288
397260
8174464
37638417
31469855
17008673
18792081
29919658
16958594
33370779
11461065
26704631
8544068
26938610
7900879
13845249
-455703
10703005
2157364
21452822
29118588
14320839
30177987
32859117
9423540
771463
18869412
8102867
28070957
6319751
12162824
35374657
25754102
37080216
31896859
41709565
20231043
3117280
25449869
8586569
22251637
36370506
7682140
-762407
8985851
9862869
31470136
36069273
21622586
15064254
41000655
41925532
25335761
3024271
35703851
659784
30252452
5178560
11183200
40957182
22525889
26090187
12743550
29849954
39487168
26044168
2815661
23387179
37115308
721022
23693302
10591060
8504051
4180319
25439743
4810614
1082708
1282513
38269744
39606027
20868756
41816962
4478711
1623750
18827800
37087577
34901435
13322779
1540987
30929695
6352792
34374682
14696946
4099703
19391902
24968119
11426816
609880
18206440
28448917
22610133
42516366
25675237
26116128
1461222
36324817
3164464
4023941
19136158
43482946
32187832
21657799
30032005
1259256
38647076
37480159
36261438
26011382
28744394
13345286
31128565
23007112
27576191
13354676
13652599
21144497
16431204
36501566
19513354
11669044
4085324
38463314
27403938
15745761
3754633
37742100
29919321
11877685
23870809
4270844
40207145
20450035
40199655
31710882
3298836
27155465
9384670
12928498
25056175
15670447
35421853
35620002
6862005
17712646
36034662
3669348
24921438
6705258
33928133
6979250
24568929
7311822
28880264
3353640
23814756
19307291
8187379
35990013
24386685
15638228
33471307
16407564
16506218
26051821
11029137
12279822
22063420
11946901
34403555
6341582
40982814
28998317
3407762
32072832
3369456
2482978
33523714
31281743
21373776
19628161
11663688
32612493
38956741
19702308
4373429
22752315
-958225
17617939
38926891
41367261
27198903
14188382
29480762
39847482
35854885
30240035
9348372
38029690
38162521
28911946
11205917
16756343
16449807
13320694
26955997
1064676
41018346
30713090
39229079
12686523
20724273
13073669
10895893
15772591
25862179
8948568
24871773
13032702
11135465
41866114
40234038
25564424
41522331
32930376
8759191
11063052
21894179
6756323
9523276
1328845
27469749
36315562
20430304
6886741
38097601
14853474
43316153
29436097
4951195
-816951
13256523
33981370
9572993
11216716
14992441
30363776
38552746
27325441
2197175
14221811
22513156
31823106
34458293
21484279
3080446
5633537
27517595
527743
29533631
20784142
35725707
29646540
41446971
24313580
41024822
12282464
9552751
8084506
21906578
30663775
11376811
25586335
39050812
30395517
29259470
795041
7397022
3093610
25385311
38952153
15503762
35467384
15720476
25569806
12436337
14875163
30436993
37135794
37463956
14026761
18254671
24370686
17151037
4584003
15857553
35749265
39703685
19754685
36327671
1083118
30766381
19914241
40886180
19663654
38958243
35675409
5085077
12598043
1832756
40992169
20417985
4261805
25453118
31437566
27947885
20265040
16091391
17912603
14336103
-176850
19346381
31194386
12768011
1461235
3011278
33504696
33652604
12629053
8617445
24937489
25966343
1941597
-190886
12053251
11047251
1434335
31045692
8447122
19299617
14088988
12114024
14527689
33503476
19187770
928686
14801312
30917032
17234844
3221063
701797
14156050
26422202
26275366
31402819
-138371
19254053
41466219
17482057
22266276
26799944
38582065
6650641
30673423
4317388
10770764
35075774
35112518
36630336
9392193
28629922
19549502
35574772
11796346
14268231
13008454
9447290
42664923
32112721
24235157
15171916
35266085
12676668
23466307
19577964
40031784
28227736
18634297
5223672
33877484
36259168
37999648
19442259
15154535
19412300
14900539
19526215
40600400
35286771
31588504
2431355
7661660
4634973
32790637
16867290
6100511
41149321
43391218
28471247
-223187
9432163
15908808
29268052
17983728
28488202
10492055
4878680
14648857
6228589
2874012
12820031
12876115
40276538
39386338
12228190
39731219
41473496
674558
37855730
38140522
37579412
19001556
10694069
43341024
19685118
41485389
26231732
38619605
34773282
30860359
42760919
40452232
2285905
5534260
18278828
1931084
12993892
8990518
13726079
6297577
32138560
9538097
582627
32942905
21479707
24820202
12958130
29578147
33884523
3447024
41356794
36819191
42369998
9031723
4581596
43491820
7265611
12077095
41282201
13241757
31051926
12799104
36029407
4780816
34817046
4442804
14732306
6222766
12442760
3456350
2347500
2955680
29844165
5396762
18505635
42576628
27062517
30982626
26677139
32209702
29543265
699260
791137
-353065
20174248
38200350
25508753
37755257
12200159
27610419
8300286
26582359
1338328
11391839
43266398
39290843
15929139
31174672
12055712
22059984
8828377
10166666
22623551
27713898
15937801
11692148
34651440
39911568
42537403
19406996
30522732
2292565
40935623
25396459
6899994
12534876
9342175
9069789
6996349
42844594
34330931
26373337
21411770
19605322
-911201
37008415
10742383
8551284
-369873
27920011
25639038
5470002
41298270
5644205
36044376
41381392
30595374
32701374
27251402
3576792
12620136
25824423
43239890
24569615
10599350
-324938
12280413
22399666
7241495
8625109
2845571
7046574
26716567
16289353
20484628
41674408
16469727
27187564
25248917
26746247
26791387
38254463
30285369
6991429
12906182
10553425
11606825
26883721
1508876
32979528
40435434
6785938
41686868
3515644
24400283
29791168
39644357
32357764
36591534
42790927
6224971
40238022
12531544
393318
16283471
33693948
24716330
2877214
5550610
19176601
27256386
25273375
1973322
13939196
-926534
32160148
38439779
43099408
25680880
31638899
19997566
30231798
16265747
37793248
4108115
31446802
3340883
13030038
29694533
40818455
22700823
12158583
23840836
28265481
34671364
15594009
21527606
25164898
33854262
3530788
37241374
28965393
26085619
25149210
39599157
23727268
189098
14340875
19984076
6280677
19306798
2744488
15775260
655198
6431603
2461295
10450607
23085749
42254338
644223
34799858
9002079
34056075
34699630
42563904
35920786
13769473
1113764
7814814
7996527
18551002
7350511
43274218
7155883
30782927
18720864
31984965
728
41228428
19751534
41451339
14005690
26523997
21978795
17204374
37613447
13459053
15664138
108655
19545
25312797
28164255
41945189
19683328
27343342
41908147
23890657
42765405
34139810
30168944
14151961
37681272
26770062
13810973
3462224
15503791
29108947
3502778
35537951
22742158
39572207
4668896
37908046
37939523
10926433
16788255
13776798
19517908
5615792
14698318
20440835
29628823
33178148
1162994
31139650
11209123
9250537
21950386
43428004
35791672
6838292
14252861
30536952
18817379
27149011
25343924
28471156
20289820
35787882
28732420
28882478
37753256
40765878
13774551
8494962
5723508
27214265
16683640
36684617
40085873
22172106
18255571
16049685
33555695
40452022
9024140
26511075
2182043
31005450
28946473
13811198
13720978
40259530
39773222
32682175
36468778
33697881
42318194
27660266
10891455
20636574
5624660
39196106
14360326
10475783
24114459
40769609
6312143
9912886
5468142
4395709
19677665
7832993
16544500
32370750
1325267
41122116
7942872
39062665
5674582
33659927
17597666
2329552
19835418
8258957
32941361
23687071
2673928
27092197
33292709
1380472
5018246
30558315
31256794
18474493
33517014
41834950
29535320
35436976
3662490
16311308
38491911
5954004
8505901
16464243
26236325
18804248
38005311
23690339
3043630
34203652
37728345
18186509
901968
23581786
11019909
32851567
37808981
534068
20832141
25653202
7095944
41461524
23697421
24944543
16690817
26279454
27641600
37862291
33373270
8136874
580442
207922
43188654
32664276
13776689
20926669
6584952
43397938
2329646
42324592
-983928
-119268
5878743
14768228
3256531
6767775
32088237
30325518
26256683
10818095
916104
38926098
8954227
14551339
41292388
27925353
23194862
23417923
25492440
22388522
5813739
25660973
36573472
2193052
40340518
6717447
26085407
39960552
34150087
22666084
43223640
27934856
30389079
14608725
-566055
29576757
32505656
34524781
25620040
-712176
37056793
39928810
36822732
8190482
11966593
38297097
28752319
25402439
39908764
7013376
41290798
32884154
38160329
19245252
33870543
26469910
26283112
25574590
2503795
29414732
11271038
35812622
25776379
40267476
6209583
26946936
30708310
7775292
3667814
23488107
10652846
2690232
10498592
39000598
32765966
32031551
6201935
11447922
39563845
31481040
17062953
25714973
42164108
1895165
19773904
4308504
14763947
33300415
5236258
27838742
21138812
13006907
30702108
43443282
8570546
21170612
38555264
36881757
33082979
32080209
34390735
20167790
22195915
-156383
17803692
7051168
12992042
21489687
25749668
13658238
17731093
175525
37879727
37024887
3606091
8542883
-159327
10134337
7848626
20085959
24702489
35412264
36414748
17802444
32867033
26127320
28513266
31307950
12852456
107280
12372520
37442350
16984535
27113531
11918398
8440437
27527266
32609782
2795495
17720780
28742225
2811615
31272329
9985510
39386822
41480060
41721305
3999391
11730166
18079227
-328265
82813
1054291
15458737
18686228
14840457
37321131
493970
10543498
33364542
30781950
23916945
4715673
36432412
22386922
8620624
18787089
30357782
18015415
12665800
32450642
10013251
38092608
3203853
19777
11421535
22499193
15102885
13727688
20568637
12043891
23471674
22301783
23992407
26319460
-311429
23330280
6499800
12974018
12854365
5153956
36170485
18147643
40248695
348883
10014662
21541784
5763985
41144861
13935443
16251873
43165946
27485413
1982232
21111024
8988308
15186690
17332010
11186230
20006442
42454964
42174914
31865116
1938571
28590432
38214987
819502
41860534
20119086
26309715
28118721
42703223
35595820
9261163
20718028
34949235
4632150
2390285
31076443
420428
30577749
12621770
28484440
6395505
25353369
7822366
29456570
428237
10060664
25502771
11298935
9376547
26380632
35397121
15446465
25663478
38181578
19500860
27815041
26293062
10585467
27895054
28699591
16432889
16472163
24752829
9144395
1827358
646854
7629575
39268931
1625220
19688372
35314380
13413216
17903283
-242027
15023474
7052492
-106106
693281
38851122
16102489
38283856
15939836
5994482
8951490
4213932
23489109
20863867
36292179
32777003
9999106
8134435
26660403
30725244
34800564
35644639
26019716
31859496
28561549
25537528
19785223
17741894
6655870
6869213
14885075
21605060
13509890
32071910
31885819
16270830
40259131
26748319
20655534
34576025
29057926
17331973
13136424
2692828
670264
17309835
42736705
34318383
33298274
9627202
21271500
39570898
39744633
26243810
39713411
41954035
16552473
35391262
31178061
9720232
28935803
2260784
30727385
40096866
7118291
29352002
42982973
15286682
3229314
-150581
14846359
6287364
13599617
16646356
3977389
7556868
-440203
215005
12074634
40473069
41049021
7085856
15883302
35260236
31221256
15763920
552058
37494374
449541
3374541
14889861
28311083
27974541
36591198
30154697
19618359
18094224
26892395
41519683
8697612
39755892
11809042
9541210
14525081
38959793
37095517
40852143
5477300
22678502
34260471
5813054
2304000
37608088
24482213
30954787
9268472
5071055
18818612
10155036
4047689
15992041
14378820
9309077
33535192
15896652
7692818
9777881
4870347
-389643
19101008
28648848
14431350
19936039
34051981
35428548
32604470
18673297
21980712
25944973
42461001
26553477
39194044
5543117
18160202
40477537
27449222
20404655
23213721
28265327
23093585
22265826
11701120
42596706
23913381
8509640
16680184
21071473
6174825
34504374
23617252
6691767
26100093
9667306
16853435
19897049
2866516
-836386
5561838
38645137
18367238
20217069
17498185
9256736
3211250
37054834
12534564
22996846
18250755
15870117
6029932
25981281
20768176
34893453
38178305
13848320
7344744
29999174
22958159
31583652
21788835
37194988
12685605
35066412
9304202
33731737
20207895
5871524
30857101
22646782
-7387
26357806
37943492
36965719
7709120
15462334
6001683
13565016
6633514
2408426
32367569
15318080
10167496
23634996
2366492
2121103
7692522
22269820
2555492
28457912
38477000
26761588
13095895
31428563
1363144
15692924
6973052
-737243
31350655
983572
13674079
41179313
14795399
16939829
39183686
30197781
2149573
14367907
12795133
43374470
19404921
32906183
8397021
17450362
22664320
29576145
6275906
29649370
5137409
803353
35672073
28168908
15309595
18306964
19648787
32531790
40299171
465742
32422874
6972472
33071084
12820168
35134942
33194140
22389470
35569555
24624740
11152013
34349261
3938541
41836020
18743462
27569895
30905016
672221
32442575
23133105
7652559
847432
11941900
27446976
31171110
40230535
39456756
42462705
3924344
26668176
18859067
1574724
26697003
29788898
42261644
28258268
30420775
32983767
1118297
31085786
21354362
5641506
9442713
1201174
8680717
26857895
12074552
23813488
4859300
12409830
13104726
26568933
35638253
12052308
14189241
29303450
17879645
27087330
9481690
31083841
37835703
14765058
3573296
1698351
-33615
7080829
23785086
31217459
30642118
10719848
13049417
43320570
38279377
24059901
12437595
33526872
10307115
34780175
31817109
22912121
41523394
38480226
7764402
9213515
318349
39500331
25332431
36359545
13226722
1245697
36289490
23476929
37336866
28017880
19904015
5887283
33683615
477084
32573149
31104328
35139103
38893831
20254204
19183503
38505892
30281717
34129170
29956430
42071102
17611508
37481508
24770651
8649269
8548688
18948702
19729423
40749282
39086048
-15938
27779968
1529719
21338857
35195904
36295189
41490252
26480803
37450691
28746067
11981633
42365699
23682154
31644854
25984670
15185409
25137971
35960841
27791083
5721644
6609123
27086182
39062840
30360068
17727778
27647423
29714583
6794260
12219159
19068840
36234404
39165849
19217110
23468480
4999641
755148
19337291
4427104
7490708
10700219
10515015
27644417
26705242
8453353
2418115
40670965
38354435
35102557
6384225
18371497
35766205
24425988
15148806
38847844
41699274
21215412
24551160
3181212
10847271
30019975
26411864
10263517
27600307
22269497
41433502
1377543
28394140
18181812
19415758
11134580
42151861
25763559
9897346
42797601
5679053
9212527
17776756
3353868
2543790
25153022
27131192
43446497
22197244
9319203
19903557
41437452
42323464
14969964
29158014
37799867
33428249
3737993
15378016
10513466
40063858
17216752
16170932
11684231
22024245
12742679
34451527
42530403
34112304
22613966
3976740
40332697
19580424
39954385
18953127
43303601
17716731
9446792
7550887
16689666
10900812
43261136
35472131
14500409
38281824
40774514
39747953
5807856
14416534
12369542
41095756
23430030
38290865
24776912
38990658
42680045
23969896
35488675
12860658
1388001
43354829
31921272
4573345
40660523
25880912
14965017
15438660
17665816
23068676
40965795
16599690
16893383
41658458
1343020
31652495
32585427
7389047
10721324
38942885
40097956
12352358
40047065
26437759
16129555
40292216
34769082
43014805
-90797
29233935
6249480
2867293
14240151
39788560
30607970
24883960
27134324
3745010
28397408
34124148
43471385
7276589
23865480
36620011
15988662
5193071
571746
5523631
41244379
35154491
22206035
15802172
27314600
12632903
42515376
29762120
12242406
32952686
22015057
9522236
26409985
4211056
5726555
32355039
43444134
19148905
18539683
12676158
13359621
39196418
21587943
33479497
10669263
5259226
29318824
39021813
43087354
21327564
13283198
930438
9914146
27242975
31460730
7264329
7900224
14563883
5892799
41373728
8606786
19171900
22132926
14619958
7969890
14829344
2065763
43070900
14832422
2024769
13528468
13747588
25464531
23896085
9413483
3927106
16027297
21635747
32176607
26249030
2194511
32621994
17258972
35376225
41049155
34253064
12681580
6528606
30841238
2854838
26919873
34748958
16411035
7992493
42434676
4569194
10829298
38835107
3664991
4366077
6736947
13698478
21703450
3064395
25997158
34656772
4337344
30990118
34058559
15482996
39062140
10450586
43035170
37744019
12929911
28455066
23960472
13252001
25858892
8926211
8753048
5635669
28989215
40170040
4647257
35218469
13028577
31285998
16568259
223575
5880844
37831840
32150478
2345906
34809587
2200176
9222139
4064328
37765008
10095997
18719817
11153691
41220401
4957419
38994508
39606815
36111560
15901820
42871728
3941317
23366469
30357544
3339767
25048288
20459518
23665993
41191092
35892884
7266154
36939170
34076016
27776843
34262458
29396738
42724900
28963225
17176805
43028913
10489800
2859261
19058142
19360876
28912225
19036869
14137543
19091042
12268325
21487916
14747431
16220617
37769943
11191230
15539421
31071757
28901739
34539712
3323983
15904276
15462799
40552375
28979799
22830803
23906620
28347252
9979167
10925555
41248600
31303357
10557595
26094899
1320584
7936488
28541300
11117667
17084868
36952009
33077308
41810068
13329661
35456566
31682163
21727678
28271720
23935879
35410930
2838812
2201613
11110925
2396258
2437416
13218339
18171723
33127999
20349631
1348365
32789455
42102441
37228442
1010512
36726610
6248259
-605785
38311392
6338955
39284282
37884840
37015932
39212047
41305990
29805654
41148623
13185793
21627532
23159358
23632552
24025615
34115160
8470332
9359938
40689937
13337495
13936812
37704973
28172767
38912715
20248178
15906619
7566593
10712685
21056956
31324626
13174902
12916067
42117649
43505692
15279603
5106418
38678634
41506967
9951449
28717181
10761150
22801138
10060569
39859831
37381275
682710
16692568
21418348
15314301
43072585
23655879
28155488
33531786
5225914
23379093
41099168
34092401
31597192
41327980
41054596
39280215
13742788
40931959
11875515
39571929
42281886
26254898
3951961
33432636
37994855
41179795
36759045
29382140
38823313
7717674
18438171
32469819
33888497
11957196
4254719
35032121
41307807
19483854
421227
8886229
12671710
40506487
39991295
14006369
19434389
8159826
31683378
35073045
4964749
3073783
37467162
17479652
21161823
42691351
39657532
1962787
26538873
25833388
14877028
27220653
7767392
3697501
27388438
41604046
-453714
14142555
41301772
11932989
27181977
21524952
3307340
38709890
5760950
33654611
7139871
28541626
704628
38016615
11345220
15350258
16912051
3247327
20736444
32385381
3236809
31204101
28554450
15829073
38468736
39060353
41985059
16297892
4644929
34761471
30882739
32333316
30771238
17547620
41130558
26251384
43264479
21412319
6097860
17361752
38291142
4923122
24152729
16614464
29147311
23491331
20799044
13593264
7913175
36301254
39038382
24289331
29672109
333977
40100422
13377338
17481853
8310650
4327898
31286730
38752092
7458205
5237704
21174986
29152387
38848631
7500973
41966435
10600717
27768049
33444649
39839234
33325082
5271363
18065213
29219698
28975815
20401273
20633458
16971008
7869973
1950854
39730917
29359484
27774921
30637456
3328101
27308120
29197795
38820003
15560175
3619632
29922671
35718254
18113664
18856181
26087318
9061097
3755554
24199181
6437973
22742739
39053501
7649278
6803120
5347437
33212626
16529497
-610580
22350618
17114928
30175603
20748859
12289452
17986603
33892634
39376360
14515947
28216808
31750536
9316304
10981596
34329405
27088222
2791207
16937664
5878967
-852640
24907039
31773101
13468162
6430991
38055076
21148670
1017733
31555898
17088316
4555234
14130780
3376023
11640582
23202084
29619181
26976959
9044340
19959278
32864273
41752988
18007212
41816942
244036
20934470
14477870
14372592
17394636
13121795
34580067
25233985
3227620
23835604
8703577
40537434
7857995
582606
20471176
41290570
-637149
36698107
34977940
14811604
24823328
17110210
13734100
10070626
42429140
2503953
30785089
15277378
35973861
-527211
24410938
18388891
37892490
34120817
40177942
32029409
4974870
22140288
14559245
30175392
28952250
13448950
31930327
21823066
25948428
10771878
23444060
29847499
1630118
4668727
42293095
34926670
13436732
29298835
37686915
16863081
37147761
22221320
1803339
29618358
42849749
5266628
27187886
32728884
37950409
21619696
16744091
2508216
12199698
40427501
40608569
17981548
3954435
36340785
40746996
23865592
30938358
3452604
21532789
15647187
25705061
34654182
22525826
32819475
22339377
30249147
13919314
22737630
27940851
26210297
8318484
17011385
42647790
10288911
20145158
36194029
36999622
2728980
42301283
15808442
34808431
17957794
30242804
27509777
33460118
28156889
4536933
40520007
22699355
33969839
39024430
24077465
33273350
5214139
31332761
30015667
14436715
32206107
8434638
14681540
18258120
10053273
38368443
20976708
8782870
28279268
18338366
32106881
7565866
825779
28145179
41628429
181349
11041785
41382363
18901346
2154058
43169387
35084597
38763860
6485193
9743697
40856354
9342009
41942113
15714031
16815963
25727027
17139504
8140660
16620100
14118140
21827067
4767487
42572323
33733567
16679332
450309
21508151
15175326
3251190
16562422
36833319
35677334
31618881
24266347
30493373
36125339
4942069
8653442
21680061
20520323
24186935
24898762
15334319
2127745
16487746
35028968
2736242
9198346
33957313
38033421
33694784
9704530
23131550
22719314
3111627
28239659
34292294
38954475
31357671
43112720
32122098
37580315
27769358
40982312
42668560
40948998
19241245
2327406
6174086
18823793
23404889
32177097
27442167
6825165
38260277
10619987
40539641
35517720
39376484
3066708
21430048
2561678
26731853
14583558
1826025
23931744
8463117
33553656
9845213
3443389
16232481
8246992
20897995
16571210
5347819
1366321
7961347
36076883
41455101
31574440
15596236
16047612
19531569
35040202
3804816
103849
3295295
13805219
28065620
17676996
42373381
30317894
21139291
6036721
28404085
-257921
11149384
27854472
3275671
30266516
21617620
23816511
14215791
40825203
41918810
16538906
7143723
8988575
2077432
24950479
17143508
11489274
18953424
38838247
35845896
41603720
-258201
18318965
39427337
12430785
15466201
7388622
42999729
28325368
27767774
40569564
8539606
35936418
8476436
29312
14480948
36344374
13494815
20958606
11039401
19238733
2831233
2162379
30943297
38422654
22090260
3121175
32856221
18319753
15564015
23726116
20426828
12823222
-674956
21650883
2682923
18834615
13549789
34444532
37269273
11747213
20393605
39109736
14724286
20041699
33928771
10685993
5861154
-244186
3662711
36486076
8713606
14019988
42136618
1408799
12193420
11613512
31432853
36662725
1530885
13268618
23598169
11720849
10981156
41368292
4570727
39846338
39346590
5307267
24880444
28101435
17205981
17944588
31104617
21681543
1667578
14851442
21043422
28743940
24570324
848550
6500782
36836149
7836853
15276220
31841868
9172202
37467166
13881744
38877848
38726719
16221188
23875618
10694846
22381767
9490844
25114081
16075807
5212869
42078180
30354167
38306710
42629550
16551171
24747311
32213174
14681962
5570942
42274059
42545090
33181220
28365090
5560559
3326533
18909338
6710756
21262445
35919187
40611370
30527840
16735989
36044544
24058907
38200414
39424776
29274021
25868189
8373094
40177437
10802126
3528586
20897085
7117464
24036038
35401153
15591625
12565144
23109068
42904073
1652178
