1934621
39627354
24925893
4349387
1655485
42184349
4332110
2927634
11617379
18663895
26096850
23712641
17251842
32368105
21354878
21801060
31901267
29329569
35699031
6417354
21520367
27877841
26826252
41426811
27511302
16222379
23156077
17973195
7445944
28990561
6408017
39613476
19715519
39645253
15925276
5834145
10280765
7538933
11766490
23685796
-340839
31212904
34413946
17170535
11087658
14101257
37712379
42180708
13514288
695261
25948788
36139185
19093590
-938852
33824555
17911808
29637164
17362001
17097041
7775539
8539000
15024451
18373643
42854112
29204161
-610718
32766285
24330568
41194858
15935937
7759619
40535347
40357699
21710343
14590498
19896467
6111027
8242660
40908169
40322903
26905684
15732764
4083244
947232
31495711
37765294
6774289
12081859
3601206
11253897
17934787
25788315
35162298
4075304
3934141
10455415
36679208
17762314
785597
31056564
21663188
12013049
28634082
19194726
32241497
15946565
23507435
8140140
27706421
40179604
34475966
35174504
13487745
28835280
33766633
25493793
20208551
2322758
6008866
28892618
22397947
26016147
24042703
27896477
16800312
9873210
20150320
39343233
10052144
4242274
40080867
10189953
1247941
24703702
27556893
41300461
37949500
35672841
9779976
28947032
13360528
4924553
15961678
11965137
11718413
31261552
19652726
30610113
3075899
8665988
22846581
13054631
38240880
29449197
144356
22170880
17989634
31033796
30479816
33765574
18057077
21305986
26874932
9666239
17153974
31886940
36486013
33900645
7513494
13278966
5056656
42711701
10877795
40861879
22995221
10569132
33832501
42675854
42487503
9534260
24142849
20071489
21390305
37810544
26524373
12418354
41812650
1637023
42951465
40111022
36675682
40450987
12485942
8118516
4121803
9262230
24376568
36837019
30880546
35028847
34054230
212050
37783122
36164303
16900908
38689512
23529063
30555554
14029456
18941724
39415086
39565890
10865561
15397404
28744927
30034456
13325913
40827237
35880869
4055054
2762801
1350249
30020813
36136218
25782108
13279112
29032897
18943210
38289381
32150315
35379274
42771804
40478495
25903069
7863972
3635004
34956417
34806742
17340898
35896678
3355974
19994804
11270763
24840576
11774827
5864922
25989906
713034
10897996
8116149
30052117
3914564
42258235
12844178
11832822
31978951
25252238
36175039
22098572
21521954
23462678
36108775
26013620
17481558
29763549
13590468
13843857
7315328
-477486
39491982
25757020
11325403
16143584
32780571
-229389
-310078
34737636
21919708
-421049
28175291
2589090
41946327
30639254
31534912
17331856
8709460
13866879
21394396
7987954
31786390
4339543
33613261
34918270
22305478
34278148
35499451
32206193
158468
41823124
5229707
19528492
3013296
42101050
37898373
30606596
9537138
8771250
11111631
39472472
9965349
6255451
14171452
17635995
3326618
36016855
12717633
1661882
39805999
5981255
40205451
15017410
33935355
22317789
22037795
24236623
17231690
1402193
34860179
24084208
10569296
40670325
6306148
40371600
17189100
24657023
34326429
40036864
42512315
8686392
41867893
10242800
8161509
-182864
31482104
14531592
37161815
27727454
39095551
23306731
23931138
8996917
8921779
4236987
10575053
-522900
25901581
39192819
12148475
9271241
14589961
15365437
33126557
19087094
41952392
33327364
19181257
15370311
19303935
37913066
28353244
26608369
41250431
9779017
5877865
33968561
6566906
33733085
24434334
18629781
12270781
26734417
-912083
42869397
21112800
14788025
17437326
5912563
30218295
26174363
21426732
27729700
22902312
18781987
1875764
12355448
759997
42757418
35117568
19232999
23404354
30623361
6805727
38582363
7871657
6596332
33609956
16787646
16387954
13595793
33391448
-158773
2746109
19548277
20189883
24036428
40404053
15433701
33296839
34433054
26246047
21248882
26845714
26057981
38994709
14697721
285339
424396
41325579
31377128
3079790
24477058
4985952
23496615
15189949
8681273
38182767
22803050
14084839
3108254
22291570
8412071
24666993
36871370
18299345
37886339
36465161
34849877
31508084
2914916
29942282
13597759
2924788
20937505
21962321
-276514
2613193
27700990
30733326
22441749
25040526
17026952
22508486
28170182
22093973
42224268
889448
-625690
28081740
1706945
25687626
84366
33061391
43445763
34781850
40078582
-56752
946423
292610
15175677
16087791
43495394
40480560
41597801
23756829
16408436
27502646
3517666
26979096
18397102
30360698
28507583
40595806
22814096
2988381
35276930
33226773
7506373
13020587
1788968
23846537
29350217
2107040
41989398
27926143
11813644
4581079
26433401
4087932
7460002
27286441
34192461
35742061
21458229
14989647
32590392
24276562
25668226
21683024
6795218
25552682
22759326
40551936
41858719
39647285
31886007
18933019
36318356
15708526
40480396
40738983
24931928
22373257
19858992
38842204
9963057
33972338
10471059
23583350
20351235
9472203
13460048
38363241
30270808
30194597
7345731
14254463
38829822
29992000
10870037
13916602
5239799
3203530
32041299
11071271
33036291
36253383
9646729
8188707
4435650
2165034
36854844
10326544
18627652
11528598
41471070
13551455
15563118
27206850
4783170
7129327
35218463
-129924
22641864
22968401
13309605
32781771
8130940
39044952
16412879
32720080
37964342
28399010
17552689
6099991
25177425
10967056
36380851
40074699
14846329
30913659
26913701
39898664
25601897
27078978
8407967
-413114
22625930
15477638
38923488
29609229
8404209
19849347
34991383
34030888
31615388
19120526
5890160
22247362
30798317
175344
5547261
35326129
5598037
30582170
23925790
27107022
11539301
18644931
37282389
14921267
34273044
6114377
28883323
32676267
32846984
13784496
37876779
23235203
19235861
14570765
30666146
26054420
41822283
41586090
1736073
32485433
33649876
34649970
31620119
33055556
27619807
2509229
11922484
25629457
22156252
1614128
17039854
23559120
15630171
17484179
10882971
30849628
8196087
43455471
10656979
14893145
26163698
15455597
10050337
3066670
8787279
15552068
38300751
33046042
3541445
14248496
29380549
24839555
27921408
38513640
38730431
35096823
42199170
26877851
20920254
9524326
20257772
41189468
20674209
38187117
34544690
21609831
17473203
41366487
24227052
12195562
23381030
15955189
9876780
37175714
27903264
43443006
4569472
12446063
21648630
20428783
29198162
24068269
27091079
28013458
15762118
28165797
11355099
34168547
16089444
7812146
28006715
30588035
19805665
27774224
20479230
15054707
31233904
10608142
41773447
42831882
4049358
19737083
40652197
12787408
9243243
23407945
8899901
31620441
30987308
42498893
36038981
24229809
11870563
6889438
32709561
24694673
7667356
14280319
34660002
1567551
36487049
2277128
4197477
7043271
16935110
-55160
31927767
4405100
15004316
6196093
21103489
43178544
16187114
28443644
7599748
11422508
26032256
23312983
42226265
7268479
8807928
37574082
18375845
41647805
701709
7430209
42669882
36454685
19296773
22640460
18382749
33055095
4139479
29720737
36284613
35414568
40597488
39104824
30207552
32148451
40182816
7251398
8306457
34312735
36764592
31275150
16318142
37970599
24780386
2962081
21398344
10491502
2019240
20148696
31567756
23613813
8514711
12837994
20888067
16310189
4036054
11001858
6517051
5411797
30713586
1189553
15819889
41133899
14692827
39562457
38461635
26866668
27009924
26740341
31037705
7615317
39362537
29802279
13224923
31411280
11525492
11782336
41797031
19683746
4298121
12042260
4541150
37367352
41847649
19209803
41389716
7757225
41435102
18230888
41824337
42168260
29485561
18381602
20357639
39811076
24152850
5679504
-979642
19491879
42925848
25272195
13237055
37091290
26156660
10142140
37960712
35158429
38075500
13099141
6018127
3394013
37268652
6586288
11308280
36574083
9968238
17676464
36065446
35756080
6576634
9037906
7237350
43254411
34533782
20603797
2844153
23437266
38404751
19833966
13619732
11482997
22222887
41061084
36698027
35787134
17222152
31944780
41053922
18073961
11485850
30438125
4853287
16507822
5569292
16548741
42437851
40003152
-362977
26184564
18070455
14735544
31872124
18631875
9145675
24150592
16815218
19176039
14126220
28997563
3090506
319297
37708282
14894465
36121225
10986437
5697121
28344996
5136603
33505745
37374423
22666297
19193649
37445892
30462880
40378366
15006999
6356138
21156139
14169799
18887778
33461134
4636499
5360587
41711958
15970020
28386870
20285027
31685133
40310291
7251103
20444690
27066411
42635139
18231400
15179502
7350485
18194653
42079543
1926854
28307216
-926731
769938
-549097
38739260
30773812
2353291
36326661
38932940
30719437
15980554
21814966
25579505
13380804
3891429
10475605
42100597
33908065
25438315
38112218
40809201
13967634
29475913
16540469
11469304
42940824
5856181
15248381
3773596
30051555
14608050
37417880
30844772
39068576
9456536
43431307
39183791
23224173
5778749
5452961
12209429
9887545
17969040
31815060
1203564
20156105
31699433
9439096
8132608
20548851
16740692
19692607
9471683
2266511
30822347
37392728
9623941
18053006
27096262
30743401
31583818
107691
26498552
6541348
31830259
33649266
24175398
35569862
18087576
34026293
5743589
12176394
32998514
36892722
30735648
16937365
14833793
36408966
4399317
24685462
12349789
29358100
2255083
39632424
12208947
12766135
10632899
29899854
12314199
17157313
32062672
36288237
16826819
19047079
36828224
20664299
29783718
28416799
25679045
34367172
19137070
18807652
840486
10098496
15782415
1133760
1193709
5010449
33987973
7767543
19102662
8315939
18583960
15312320
35081753
20212154
20866469
1241771
14225846
11200011
32717965
26123359
1131811
27514012
24172672
16255045
7791412
5878722
7113298
40862443
35876612
40408087
24052299
24306686
43523633
3175693
9154449
6514801
14385965
2923083
17538390
1650611
-580115
28222900
9323529
36411353
28560559
30539217
33403137
4263440
35562430
34787439
34807814
18936759
-660034
2553333
31768518
17256544
20209762
36953306
1308421
41244170
9690369
40150819
16258662
12925462
20590354
41462110
31383810
19824734
30463056
34301112
37267975
41632864
29595190
16008550
34517793
-778355
19482124
42010327
34816855
12399893
30026509
24085949
5278712
4407535
443502
9476403
30432057
12010873
41032226
40620143
20052355
6889876
25044102
33480594
17901721
32128334
38509739
41120782
37335202
35823813
20184535
26829036
10103653
37544589
29390194
14675090
18672957
29850895
2578372
26726109
41375555
1893
40420784
42985178
25746969
37658903
12144537
5551225
-379486
36242936
29323576
32423337
61709
13051176
5094321
9993972
29882463
4752436
30522608
40067373
33096894
7467736
23176306
5015908
37707112
34330365
41678184
35099528
20964343
34326308
4260633
9815648
23685387
27280991
17733319
27364884
29933129
15281776
36249779
12959898
2121825
39939181
31978718
7009449
9171754
9054986
17075542
24103416
23876288
5263833
18661463
16867306
28995459
37303448
3359036
17087355
-290600
22630269
19509045
26708309
33870356
42195683
41024656
9180169
33397428
21921850
31573392
20324330
22031532
6003015
32347538
30535981
41024892
21923335
2714307
5245370
31109282
33360884
17683624
26003678
1563250
41600258
1061834
13279865
10555470
37733353
38368265
8701464
31284697
12369231
17218447
33477689
21543374
9498498
17170114
22899824
12489276
41086742
19918578
16031523
11796774
22658518
4561609
12108907
17689376
33684849
4572406
14885146
7215744
36893894
38210679
36710377
17591989
-844344
8911345
27565803
27544738
2512267
24502033
5837574
8400153
36839634
10823557
19362997
17754159
31903657
25994177
12111479
4067263
26889647
15721234
2946877
42766012
39176955
-10991
41707370
37170978
13042128
43500505
32889918
3214323
10555065
1129982
391312
6834545
14890671
29306698
14418574
21885774
31660537
1870863
5033234
12621512
520875
31201201
21034785
42395736
7030554
13208724
22688515
40276183
11042946
16122721
34004372
19001695
25941881
18098094
28448964
22725576
3085391
40356831
18607304
4140105
34407776
10802802
29141737
12699093
38956516
39746199
10506602
28128340
23212659
13687740
11691816
993599
13689180
11023668
39011188
41556108
14430905
35550276
2053701
41181184
29811216
21098790
40072515
39267047
4088593
6536578
11350431
3832006
13951828
27554333
25753536
12919329
30771079
17815913
23636006
36077194
16033992
8035392
18692010
25341807
11257228
10326401
11031437
7914739
3486392
6341756
6740445
34857230
18709319
37911368
2834362
23669775
273357
2565901
34216896
33898308
15951320
31411766
35590070
38772237
38864422
36963298
36151676
18108955
8657281
-194928
9588516
34937352
17849410
34454161
25182095
42463018
14899388
21191804
322710
11690305
36306534
3113781
9315576
21262288
32366604
32967625
41465195
731846
17305123
4360754
-157365
42964442
32681557
23794932
16196648
41658130
-856125
42938256
1390462
13463616
-131129
19210804
19829306
12737546
1910567
24398800
17425320
24616439
21206974
40341236
36166827
30408450
24492650
35729367
38658088
5959804
37728740
643672
1584934
25092893
34343626
31007739
14359306
22819107
26497868
37158721
23872231
38672741
36322945
19832689
30103471
37083321
26400352
15403945
43390718
16620685
19547820
10337005
17015740
2485429
19405082
5021518
33854666
30349475
-777748
41965798
740824
17570981
4429300
15867524
6341240
1645825
34658710
12350522
14817894
29683953
8884988
1729714
18249734
40178279
11163646
25682638
16192180
22868905
19920830
30618648
33037739
43029688
11874920
3814248
35192663
42920601
25247917
33419556
39819986
1613751
-529812
34589230
10124380
29182795
10779676
2228518
36606396
4551872
24094787
33558592
5517619
22632413
35528400
2123975
28051288
23364609
28396325
6162781
4174672
16965679
30169373
11014273
14420496
17064989
37074065
25246025
19121039
39813268
33203293
38751024
15696850
21655680
11754019
20871444
896674
38391539
23024801
36915276
10241333
43487214
8042003
27869496
24940857
30055337
6308673
31367984
11813896
33726555
-586112
25203712
2130728
33587216
20128444
1397038
6187147
16386107
27243690
40039878
27965483
21267719
20958922
14069221
19606192
11994033
13878848
29789437
23917743
11055194
39013167
13350189
33593455
13372240
20815352
31413735
10571972
22744405
1294865
23465025
33004942
27877228
25805001
12774165
22731972
436654
3022252
42763629
10777637
13209335
35810751
11436387
38074158
8966314
11035312
38109110
25437045
27564593
18652009
4211363
14328655
9722917
29827562
42443107
7228136
29571952
10474820
39286221
1535493
43334912
28388960
7751860
18383858
18077619
7667055
12824818
30485550
21762256
22730460
27533831
9301288
20829716
14118159
19273031
10173466
38790661
24312829
8581826
2452593
31796665
7011134
19644448
3929754
42671530
29158057
29253862
22388356
6784932
14133008
41416123
1683549
42049142
15911917
23368532
4435106
25262145
40966896
4426115
27228367
286652
38903455
18160670
22940873
12661976
3032559
17991353
35332880
17372514
40875502
38032809
17287868
32164101
12850239
820048
16608086
39398604
41396950
24886176
17530286
14303420
10902094
12640045
40480023
33544426
16635810
34601411
37164418
613752
15260876
22019953
33687484
10402496
39634926
17968863
41725079
42521296
34784047
160228
5570298
31936947
1164670
25734150
32007521
4166474
14289056
13306172
3628598
4694311
38160350
19413878
5305288
5823945
16215687
8761638
11725564
42665894
23535170
26011964
9167044
10614534
29112566
33080594
24036512
-205000
24393140
16327184
28282989
40192720
3059633
26299354
19571018
9438315
3125451
5341382
30167695
13159953
21661319
40407864
14049773
18690238
21395479
25070515
25323573
9084492
39097855
39156039
13770912
14095685
25852436
20722771
38842283
13791339
33110367
8508351
33979293
33621030
5537122
19797093
33245377
25654363
29562306
31152297
26138934
2361225
42938909
31721365
38115115
22548321
39542684
13614360
25039927
27836036
31906235
22624103
30497964
16858513
25272561
26613821
41104861
27394367
34112574
3337975
43520341
34220005
28234767
38888365
8808608
30097278
21577958
34725117
33525025
17522230
29130831
37627579
24594256
11378241
36952556
3686729
12039063
236735
13615793
21798654
532109
43271284
12158266
25804590
10489342
10436708
2778191
238215
5991159
15496683
18493767
4067228
10569000
2551327
24585684
19226206
6909733
24827740
40334054
42879326
18114401
23994102
17548839
4323305
34391113
15176658
6673811
34327767
42015440
1308700
17123509
2943302
26426752
18022843
9528949
38764054
19316318
1823465
12431880
23749124
38856847
7798703
32620211
36440483
3939484
37913547
20164971
29513491
12077103
34127643
7803784
4531715
15957766
21907311
12230623
40981407
41129160
2932227
8790377
11150558
26279507
30726513
42376045
19584339
7722476
12599060
38229446
3288640
42043411
16989366
10101962
15846118
16839141
12938294
1093394
23325594
34329470
23033352
36824779
32822792
24231879
37173470
14662493
538584
43216620
38435050
32081756
31379308
36724900
26213454
35911057
25814783
42989110
9003636
1283068
27260486
36857248
13442359
23106429
20909344
38879653
2311593
7859148
19354179
2466103
32857067
40613962
14903523
11379016
33259310
6808380
9250129
34248318
41714155
16585333
19098807
30417609
34706391
40335794
18165812
40296364
8213910
27359254
28853342
32098875
15093227
6502343
11036672
8473964
6183650
13338881
40618047
10536472
39378402
19572919
24240399
5663226
19756176
36435760
33088930
16966170
17644226
27910006
21752902
28033501
29467003
34981801
24289110
3855191
27244843
31363423
16534772
1671119
16411704
11202737
24038225
16586276
3201419
38779954
15721121
8669155
12569104
1476708
12531560
30141659
13460528
22648054
19701561
34277786
3116403
39337707
18306664
23145313
5807345
39818423
33786784
25400077
7837543
7443364
1277668
5019927
7304695
34569995
23518750
24202907
33335958
21264594
19363146
3272949
37733836
32038001
32986794
15114916
34416996
17672983
40802735
43053462
34622144
8441904
33110282
33003651
20527741
-50188
20041059
30030165
-245037
7531631
15676177
3357576
37401839
21111049
26170640
9076987
39343790
24633068
28849822
27644658
8718586
4057756
17117078
259103
40313067
29156489
33318884
6461167
39928071
16727235
27280584
24248461
7268350
33508880
18335714
37494799
10679093
23474086
39384324
7671367
1861960
23095177
2846060
25707323
15520466
9581829
17948413
22223430
39279922
7584226
29157056
2122867
34678974
24524092
19646050
40102135
42663544
5170306
33857581
43101608
21073337
12737918
12960092
39312970
20560961
8465744
36660179
-156878
38854582
17056203
28596178
13069287
37182411
17849527
13050009
28466815
35468201
-615871
40231778
2631183
2364934
7871006
11588078
43255630
41841423
6213840
20586129
21009826
40290424
18770796
7250328
3769937
6922992
37970693
39171122
22498941
33168678
34814040
12986843
36337255
23261648
42191209
9696621
39893742
41290874
19911368
28945293
24412221
17288650
43433067
14225626
4560831
28450943
32695658
41927652
20664434
27381862
9649028
38533679
10832509
37279067
3677753
35097687
27947519
1867641
18160440
7130347
42374752
8905824
7715145
3898186
8636626
1643590
1724951
26895871
14811183
26347586
40055708
14476935
2326743
27404544
40175364
26546294
15497172
42681098
41289169
17414761
9113123
28498428
35454179
42506750
4129869
8443422
22878606
9604236
6088307
23294113
16539389
13562931
39460168
25737591
23457680
37064747
34468742
13859137
35358317
16981985
40738073
31655002
15182138
2387925
22966563
26701977
28123381
37338377
6772649
13284196
34361849
13217856
39603348
4024997
13337017
11491022
7892407
37070606
30971163
35303262
21340672
20543190
5842875
37538958
19825444
29332943
5075512
28676935
26137089
21865051
1980044
14314762
-436853
29871613
17395731
10469737
38585546
6580957
9056880
11603503
41456434
39426927
20453441
15444098
1095934
6219646
33666177
41113419
10806033
5518268
10012516
6835535
35880467
29385204
5529655
27516974
20141947
41166959
518730
16563335
37187725
24868480
17729131
36298724
41763573
17562217
-97455
35642224
23895308
34014183
15566080
28729241
10669785
32180071
4431183
10079174
34194510
26856367
35108173
11180508
766011
494207
19889423
111176
5636402
20787470
33432487
27538980
24308418
23551239
12499647
2456817
3471410
27253506
3618453
12420089
36831946
3981564
17657315
20347831
14050711
13720392
27996414
8743922
35616743
21660424
20876321
18560662
42386151
40952835
23930851
41930753
4718785
18301942
43165308
33041244
37846258
23659565
34287733
26047720
31387283
18910488
39326082
16472452
6036836
16388310
14929660
27804565
11481354
25769019
28801772
32754150
10503613
3384250
14151776
3235272
18441223
6696735
26283062
4579343
43260500
20470806
8433075
18046559
2943752
41296661
17954824
28186659
41758917
2861888
30219701
15213290
33844612
13370789
27435853
28830929
35623259
37393678
6260084
25236838
4816818
39889761
14996328
32857228
36094214
16185602
12695388
23374380
13862404
32054023
9632575
14046256
16441446
22487978
2824674
38543913
5143661
39760492
8960455
26334704
33595010
40973850
5424182
14536721
22666753
24052648
9836305
35449092
14361518
20759198
10654269
6279755
25626718
2457828
6600761
4494863
36094622
7782734
3123856
30917396
34426128
40436487
38631619
24594806
33236821
11376927
6086191
22219325
12893456
8788060
13540031
3106213
33811281
23713980
30263842
32373622
25755816
39421517
25449364
-464404
36570162
31644752
4799187
25547836
17731415
28788937
30821884
11852518
5291087
6490553
-436033
6035345
8018007
30990494
3171306
23821995
39061250
8840383
40621415
39182744
5928985
20633235
5145890
17093865
38851597
19663819
19102118
41276449
7086216
34299184
18855275
41879090
8279634
27762070
5913583
5408988
40046579
30968161
27971475
24726843
3837641
13441374
29831104
22878462
23783055
19707526
28726141
32952201
28165669
15368923
9878056
40919533
38138450
20202415
-185251
10586781
27403991
920486
1608980
8187583
12656202
17061165
21723414
15390837
-657773
4202253
37939498
19799448
33657718
3781871
28157871
7711378
27716783
28321030
435098
17680339
25462599
41348063
11575606
10939679
4128321
42125508
15312601
31034672
21452612
42267573
1512209
21171549
7940435
33491116
-962309
388109
41524841
1076387
8647015
22135027
21715964
30898275
-855724
13351748
3307185
36650407
33701344
25835721
19653444
25197336
16932725
18997700
18468699
6965125
12919717
1605001
33396958
43202670
34368556
10278180
41562056
435903
18842963
13612557
27441966
60781
15760044
13710542
22184751
1489639
41877845
8924314
4843176
21695664
16939172
10890858
41769452
13727931
38622839
43436290
4892670
25768562
9500840
9511847
20688845
36505781
13458223
15062138
6974225
-284830
10495656
34946665
38843077
10086366
42127893
4370223
34518684
15224656
36099833
15376570
41753600
12785535
1939051
30865122
23233674
34393757
8594906
21904148
41404777
94300
36342132
11058293
9442452
33903190
19787724
18349930
26505742
29272248
40746543
43171116
19887182
33890143
41434200
19289924
6191420
31342029
14811534
22527329
8319160
19872316
9445395
14680365
10112090
2819643
15960857
-898359
31110476
8537690
34453666
27535607
33324925
9520908
39801230
34856591
32589634
32478597
1589743
42533392
16545766
35319609
12236439
29123220
31737574
8570374
19029650
2133598
16297067
15562676
5997946
-199109
41827615
16594307
19418537
11233462
39771988
41671068
34086596
5125454
38308891
22346932
10896012
36884497
9094561
25033634
32949666
40840193
27997116
12624843
11792694
27382375
4198577
405666
3183803
14505100
-14577
29415132
25340113
6814959
2194450
27997992
1345869
14178508
26771371
21617699
35207032
12051574
33462889
6377391
22869896
35569164
4891228
42491750
13889948
12180513
26597349
24503411
9358497
6272964
6034660
25015283
7867023
9717689
41945257
16956745
33987480
14118301
9067401
19397763
14753673
15502403
2959339
21284813
27818655
37104232
8168154
28133693
39980585
8975954
19179688
14403151
14005724
5492958
39501543
33370653
6771123
20693371
40724753
25578078
-344501
2239302
17529303
2899716
36945726
18873970
30157097
26043531
18436829
34861542
37571067
28385239
5179738
20869587
26685630
3808333
41549246
27986200
29560078
27363905
43428299
43277613
24688299
8362622
10888196
24796402
27604144
28983501
9410799
27017222
41244236
33666302
21669662
8341151
39709306
25801140
16245219
11898522
27275985
8138361
23863030
30682824
40468179
31780984
25227375
27451830
20700506
8983375
11709088
21744967
26277991
218531
10146765
22721832
24265690
14430404
624593
29076927
15374187
31406228
41578046
30227156
10034633
28180447
8544663
39486229
8233874
40404574
12781616
37867439
23259344
13147198
17211593
-446398
13589307
24384658
37578107
38601107
25734737
3355392
22296240
35563500
20540670
36430620
29093003
32410165
23626392
19268142
37473986
11836973
9108334
43104680
24667492
1393173
40039954
18769495
17780084
36726420
21654880
18305408
21548632
27281520
4383058
41455413
42174857
-964831
18242937
11495858
32130570
29728391
32648806
19044224
5415790
17701928
7492343
10317780
26219422
-826340
25550984
689058
4681969
5564735
32704460
39300910
36497670
1418037
18845856
7522830
40137349
38972880
18391223
41126245
15847543
10626978
36707102
40426022
6715899
5541225
1762173
38493330
18577138
31452467
40654084
1780113
14216063
12299925
39231199
12036188
25009460
21210747
-164122
22122478
37255824
42098701
38690123
36029627
32848927
28932166
24574232
42825886
8678892
23944979
29663805
41517617
20933278
24137473
27712588
40362549
19258293
41819548
8639936
1491437
14211630
36875339
30933808
3211914
-15566
33720082
394074
30191706
27360883
-699574
4946434
17035124
38673120
37055
33319071
32504153
38314715
41982018
21151696
27517388
42002376
19776468
32827169
34867930
33352014
30460169
6427958
42304497
32653819
36902319
18002310
41826415
723444
11817580
24607245
22455826
22742217
12404589
2486508
4423844
6445416
13281023
1029983
27508808
923581
36253580
26780074
17467628
21041613
-823854
20955148
41858737
534152
25289572
25740608
4444102
18929330
36238201
32074710
-334596
14870585
34620948
17130685
36485897
4486672
26339941
33471572
14248230
9780248
29942237
31703023
19753681
25066817
1153350
22030103
29170902
26797658
31381703
27858899
2048716
38967828
3267568
37085033
5575612
32405827
15708897
9083485
20816914
415807
35888145
25592288
10532254
38360507
-305746
37012682
6986998
43033083
41509833
3714643
25025265
36181481
4533746
107721
18195275
34973936
170306
24878911
36959141
10829037
36047978
11367646
36529291
17686541
27488466
22852767
17651230
14352953
10572433
14456145
30464937
38248377
37362945
28874598
35541800
31704327
36783037
1357268
26281805
4583295
4624068
16579638
3286462
39902040
42964641
22638874
6824273
1975727
34927817
40871658
9469394
8330332
16384789
6421939
1271959
38426772
43491163
18391255
4375688
27668296
21555893
8753905
42029899
19391386
17193299
2235925
40411191
37394759
39726318
19106264
7492692
40530458
9004965
19878869
19919940
16753466
30820075
9775321
35637091
35446013
1884448
8857019
29470957
5746503
4344898
7427460
20414615
26634080
34266506
29273597
-813163
26581760
17922592
9826703
30670843
21537735
1061198
8392844
13754674
40657035
38416303
41067447
25213615
27162973
1004305
34912437
25344303
31733193
12725910
37360483
13914469
20528485
18983160
6105791
37059711
21458532
40771077
7879342
11952943
235965
27049849
16964829
14358036
37003084
28957452
26722042
3577984
1905715
12671556
37180651
39140724
17912433
24680102
23703959
9594563
11738403
931815
18472798
31207470
3932743
38043672
7170283
20101959
13293604
3035355
7768177
17404755
32611151
29275637
23214017
28627187
9609139
39498464
8049422
37747539
37989217
19821422
12827346
24482862
3675514
5869310
6892703
20698636
7609387
5055892
8411700
25804412
18667685
10525991
40211949
36695830
29409884
35906717
10679476
4663208
30229947
12139045
-620619
39997763
21991858
8977565
24166561
10227392
12256889
7016197
12440005
25113864
17680421
33328133
13554492
12672456
4048696
13997855
-865781
9787778
39445583
5980941
29176595
21469807
32399390
7470998
27770618
14976740
34842735
42729256
19589172
7552730
39336416
38013893
40952325
2868850
37608853
590727
26602697
39460881
-437216
9541371
8706986
2474795
26831857
9535294
21071488
20232441
-476596
2554866
23861126
32829900
13083982
9315878
1567861
32000174
16517593
17744349
11471727
19767345
4118725
37202492
7225165
8223148
32985457
463571
39934455
-834053
3126931
43404529
599934
18369653
368951
22406876
41452112
35531971
31705354
22851103
20211834
40278580
38768882
31336249
38861069
17710863
22072408
18097234
11334254
10091688
15230427
-303404
3326858
25983070
33139447
36028494
34227616
27802476
-786379
41846780
24866413
32696287
6053883
-279447
39623722
730262
16225986
34802287
23821785
11968382
34878038
16255518
17703259
6721503
37375672
38667429
11810847
36582408
6096553
19477000
43483257
27729614
22631917
12441161
31703890
3655560
20865388
22736303
21691441
31353065
32811396
10481070
41268720
37884628
27979096
1500545
42183770
5525345
23886645
10706498
4468700
39622750
5082373
29001517
16138955
16479815
36704749
9710366
832301
6267737
6849110
195128
24519031
6357462
24022256
32896928
21930921
21809812
28146144
6590121
9221509
11058157
37900488
30570293
8878144
33607802
15363301
11323021
16105826
27670004
35133537
33433526
6252649
22124463
40517800
2515982
33586328
36716613
22306595
4730915
26726197
13437646
5826035
42720338
22416205
35543579
11034485
24384519
20872751
38934815
26251744
30694735
4092985
13646751
7317234
41788373
42080927
55679
2949512
23277326
22300996
24530805
25249624
29880423
31041136
14406878
10530342
-908070
2506777
33833218
30373368
16505277
8716548
24773677
10318958
21795897
27151901
28441102
34144774
23361054
21159690
26657013
35680588
25390715
3360349
10162248
6720153
11080235
40167743
17675419
11181806
13016863
24134045
6623366
40500298
29037698
2749236
37598280
41212110
11194537
19560505
33573082
32625372
38714089
1390526
9427078
37153395
19151429
8745078
37396006
37852449
7290307
10955045
36092237
43215202
18250289
32334082
37583039
23159080
27841990
-759468
43433690
38669996
14183586
16313928
29551533
42049005
1352481
14645685
2679326
19056952
8904855
42643882
23974804
-517458
13101888
19971368
17440449
6424997
9633516
28519343
25356843
42762823
17058107
10625911
1980994
220903
20724930
41899530
32354195
42676965
5673899
18242595
30040747
11442645
18305325
12074732
6289269
9209269
-473793
20431424
18329219
26431995
38687408
31571461
8266420
10159270
7652720
494120
8273658
23091143
19989156
33111396
13069455
38715143
21669973
20393041
16634103
29671383
-388743
26459776
21313548
29698986
11989973
32650835
29057409
344456
11903389
19166027
24898506
-355734
23023144
43067200
1229094
37331624
13556663
24107381
19091200
37350687
8621842
12516404
40458763
43494298
4884145
3163337
22526518
11519554
8498539
17320303
11002398
23992846
28311636
27463578
28390758
11668124
31693064
37074394
15825919
20850739
16662313
13002754
7873727
12033865
41745643
33024152
16848152
6872981
23786113
26229957
31995019
-597214
7644541
33046779
30624523
41098670
5903349
30472222
2950958
30908627
17931684
36321788
13461001
1943054
6127537
40193203
9344795
18708811
7323814
36124960
19206870
226096
8167382
8075090
19587558
28340880
34893796
8483919
42840832
11252024
37671002
4951401
20604654
819855
25126089
2066722
8609484
11833349
3800698
20151777
21533540
6607139
14723884
37702114
24202944
2057029
1573819
9976854
28407865
25154595
5628776
32844975
18856160
25669724
18533845
19366503
22162261
19764230
24828604
33505592
38560812
41343520
40235531
19415883
12447964
40627197
9375640
26606875
28647834
32408649
38250405
21195238
4939745
36558866
-113788
12155449
1474333
24988509
22261277
36649467
11121740
38704754
20050583
39500136
35002313
42943972
28451503
14168270
19775302
29300935
14329836
27778765
40260591
33470188
34760781
15293381
18109210
23792183
13138534
4442650
5368434
22839418
1089874
43229149
24785663
5124790
30940210
3731664
16060534
9420053
14590822
31824692
38541087
25224036
842322
18974365
9625364
11142784
28799776
6683571
9031899
20555716
36753129
11939049
20259799
40258526
12638864
23566372
5452241
16733253
3354443
23870378
19107699
27260213
26979522
35242760
16943959
7607936
-305550
39103951
33996813
4023521
7129211
43458347
13937694
12569034
30031313
12932256
35487200
14424318
20766926
19082039
13329620
12327687
26910154
4889465
5636230
23244147
2701793
40658238
12454693
11537352
19044984
34077665
21745882
17385072
24301672
26046913
25858789
37264976
25267708
35591652
37278031
38468355
38814099
43269937
20868375
432463
32491800
19297254
9848117
36300116
25166151
19530692
25411517
41599261
16385391
37675806
11335296
29199659
9630423
20370859
22332505
17256861
41969094
38869859
23664901
1274989
9104227
31984424
8179343
11166426
29482071
30363668
14215696
4573454
6202584
21411119
24793506
7719872
17443027
15063580
14292657
36858424
19490491
-983673
18371282
14934364
36716627
24022921
35271265
40443285
17778402
33806787
32301475
20231543
848885
16196943
28063842
5710480
38367186
4856984
22677820
22511903
34037269
22316494
6577033
11159487
26232074
16060770
36761287
30354166
36108041
9958772
38494673
4396169
8313854
25825361
34198045
21865796
36125383
8791695
786066
40397986
6188004
22486693
4778170
12525466
24823354
39162839
36464432
41047052
13499915
18345553
3798471
37190497
28896783
33950340
38746319
22862511
22130272
32769117
6722036
12530567
38115080
27304042
28383936
28488656
42309746
21198813
9664948
3942890
-821051
39567182
20768961
29913915
17695532
34369905
29907505
27083957
41456208
11431945
15304304
41016296
18643669
14056174
38606052
34891907
11568042
11583142
35885239
16173898
27860113
15097356
22136192
6109881
5622657
22856223
14670303
18928872
12150060
9633676
32479158
4960297
10958223
15825849
38370399
42774629
15493121
16060964
27792463
35141034
1514220
36628933
5536280
39156438
38473338
9707551
16998473
19463445
28327954
15658531
17815445
18067148
28081435
25577176
5216571
24744295
29537161
6201880
11633166
24221309
26442455
-596435
41952946
19747838
26366030
20607136
41770796
41055466
15269572
10136980
33403104
40750681
39026131
1571518
3226991
29716684
29944706
5989472
23859823
2430103
4114081
16163557
31310268
-737096
7656723
19668354
39325841
22598651
33950610
36208308
11112671
22179589
28673978
37622506
8230656
25558520
11399160
15902817
41278327
2446151
31311076
8704001
42524263
38514333
38703222
38797557
38074152
3777271
2384169
31420550
22632198
4320682
11296499
42295795
17171711
909650
11266853
18445753
36603464
8877069
30426103
11031511
9716407
21688715
41074719
18051311
14164456
15572937
26895253
30368538
523123
21793135
27996321
40785417
26086258
38676657
977932
41083064
5409979
6048905
12547569
29144436
9010306
13018274
6040396
21590340
10257516
7914431
31172364
2133981
41609939
23253291
21717674
43264763
19701593
29737485
28327465
3752609
41995248
7212420
36597144
17754172
3676702
28255398
1314412
33613669
645592
42410613
24048718
18248917
23031240
42130913
-553286
29938894
-431145
22225496
9865911
7507903
25817370
2388291
40026084
41100605
26857056
725946
36762121
9463081
1380592
33300387
27521765
17954073
27657450
2958160
24400052
11891277
19859904
10729069
39985549
16182836
14642169
20485050
38082482
30053879
29449965
23884538
19589443
565561
27284834
14221149
10830408
11046355
650527
37435177
4774348
2951924
8824538
20377446
31002569
40372790
28455835
18965678
29102272
41873197
42083345
22155282
29708393
26587640
4614382
6156796
28490485
34171242
10801920
13405952
38319356
25175386
30559410
9154377
7578439
31529727
37299949
13484626
24708181
-991002
17061123
27440820
6571494
32521046
20691723
22766006
-5433
5828892
36602531
16733454
27066636
38894384
26646948
9878392
28127112
32580336
17556793
34337262
5389881
37114267
14533425
35385762
13375516
27122157
30312921
14263990
5969166
10703557
19245865
35202197
23258152
35225385
2557645
6228408
2162136
27034543
33620750
4086958
37195034
9281446
6229104
18437403
37519561
24642756
22142804
31763435
35648810
22607800
14751347
3606837
2833240
26948359
18685185
43305561
29341297
13197834
3596330
26971051
40568805
10936731
18929544
10605675
34573260
3489705
39586121
18978475
32803472
38727097
36555539
17435156
42502708
35750765
13537264
11566888
27290250
2574317
1098828
7246258
4599845
20715987
23256210
8987695
6881568
23203377
41051621
29882435
39337772
7796612
24229283
21341245
28527458
9915378
40599901
38694286
13192619
37009065
33780167
8787546
36982621
29523966
25719002
35089126
42976233
14265396
33790253
24015460
19600380
1942045
8081042
31279912
9939365
4011751
15699787
11296547
10304663
9091648
14132008
28779817
39225742
19155854
22530969
27585591
26356601
10868370
22709699
28241557
16057294
25537693
19544798
34555772
11702863
13208921
43306514
36279667
6930238
12917019
23736930
37581442
1487923
31985071
17994215
16380282
40730789
7245381
16389743
29254687
23191110
18403837
26576310
7773443
23270335
18935156
21342675
18100616
35833356
10570408
33900477
38990107
27480690
35821171
5214112
11558250
41758361
5944100
-109500
9349281
23805558
43193229
36962012
9211568
6031614
20930049
3902777
30259412
2070205
6692342
12559007
15743155
26013240
9344190
28667528
3817916
29526508
40793671
40877206
9185157
19718500
7080743
26302134
27197559
32345513
11867731
16411869
19724177
27324618
31288879
35352788
14541339
40037910
737012
8759524
12573102
39283198
31897909
38159087
39660106
37214741
13461229
41305154
2206620
24092591
8175051
33644727
29257549
40025977
13655678
17251801
36244021
16165968
15080314
21891277
29734171
6244885
38685618
7121431
3501027
3592329
40920404
24426520
43409198
27650274
8712676
2141903
38503338
27911593
27362761
39299235
39875262
23854153
25168106
21674676
42305828
40001129
27740921
40936033
34972446
33209487
30955893
23447024
21532527
25916810
19890799
782175
16954899
7746109
8914280
37861739
17567676
-611829
8368747
3171015
40295134
42728712
22655917
9527405
22947509
41454887
2679316
5694274
28417181
9185876
4348268
6937380
11484505
20374864
25063236
40400697
-448241
6659279
23169144
1953227
37156176
34500664
3451864
32626517
8138374
26445652
34060236
42124559
36787554
5028824
5736040
6182079
39889551
19956009
5981716
19809457
26606923
37503134
37447831
34152231
38171014
18452140
43403760
2249262
33592505
33010357
34068784
29752805
30632516
40906345
40070229
21583346
33021000
21580651
41257121
10518333
18691518
16559066
34813466
16259523
24452088
31307431
23749361
4614636
35210038
41341715
2881461
18084876
7814768
28843756
36429552
13708475
11858221
33250224
36275264
17310949
8520314
17082302
32027915
9746377
26836993
12101377
12975634
3005127
24261179
24241046
39502074
2314744
37325899
15055263
33829721
27131504
14208189
18906721
31035216
28563618
12800753
30253212
17812480
42266874
16279290
25101578
8728545
25911931
5639965
946982
27049581
21793714
16452806
4792478
10584863
22891835
41907591
16513306
32736177
26062945
8035839
40050466
21545413
10867724
2536005
1149197
36667483
20263635
26934855
10482330
20212267
29432513
22812597
11067236
25759233
13197679
27729470
38760438
17570277
11790345
38259094
17403318
27913085
13868074
9823125
10165777
24086984
29152848
1984002
16043035
41024636
23955525
11019511
4732007
11558124
-105372
29408142
5374710
38152901
35897810
24787796
23133464
31735681
31791380
12841104
26186872
21402534
15596426
3967637
29100992
30100309
21277053
24144713
30691409
17343346
26077172
39990977
42256768
24649472
42994638
36433022
15800847
37178023
17740038
39356788
3515754
40122497
2326725
8580934
4113694
2447173
41751485
21418901
33177358
875043
21984349
18768681
7637463
36711512
35911556
34648925
4765884
8187741
8763053
27524227
31272502
29853096
36361173
43474488
6256826
19395133
15328272
24861668
2213381
38578052
36754707
24371130
40707551
2068179
42184648
24315822
3692604
37926202
28846800
4143267
39820159
43193721
1716127
27619549
17693307
13286202
11688419
18773470
16220114
42594036
10322590
31695690
25673944
30505590
15555623
38217829
36359856
11081165
36087699
21434369
6841252
5082451
21378385
40600838
2790978
11302108
25517082
30569498
26888345
14392337
33868479
7099665
7878327
29060305
6639878
28118395
40703825
27857987
4437341
27360221
34549002
40858768
7926974
40832824
40403583
42731278
18260965
29315996
5840790
507643
37430059
21632180
22731786
43339223
21110060
693410
13225836
43200866
23197454
14307794
13502238
20320070
25302206
18018294
17018095
4299859
36742809
691660
35875375
638245
29392789
7033972
42993842
35752197
35398357
11082868
3268322
5832198
29905639
35358761
6063524
9576677
11695327
22902984
16343987
42051774
21036063
23348909
31899927
16288531
31778682
1292862
40223771
3306078
41764428
40712425
26210036
26649968
20107013
24663827
5307620
-796637
25650369
14651357
35505522
13625706
31418002
20439288
1535066
14204915
43444936
23651136
17738754
39617307
6723688
36446474
20744459
17632725
1119418
31189748
19914717
33192065
28716728
3848762
15160837
39810439
34799781
5324373
875937
32493262
12557123
14402906
35770436
27313271
4539008
34213244
35376279
7432465
42556626
31242041
25788994
32519233
19487496
10578028
12000664
37751734
20142975
1577070
3712397
28521508
-991237
41393077
16587471
1141450
24825206
28162211
7126151
-750719
14497244
17882402
8577715
21800294
30083586
37196140
20993839
26880812
41703469
15931223
39860051
27862258
36779734
17652974
39105713
13325835
5027805
38695280
9841120
20343778
26493213
38821640
40010968
22682913
3629446
17804266
6216821
1433172
1997785
32406599
17308902
27182835
16036922
38821057
18460036
12538316
15414203
36297693
24065971
16639210
8159241
35397039
-49055
6187233
21770122
43335526
14645062
32673843
9553038
13381756
21274544
19250703
28795354
118160
3757717
28982207
-733329
11820665
8480401
26496970
18602681
23074678
38195606
12487828
13004860
22895183
35819739
28863764
41765390
35567271
38146662
26213687
28445936
19173972
31948349
23539277
31325813
38225009
14246727
13180070
4390431
27832369
16865948
20794895
28387046
17306032
24561318
27825263
36407023
34258429
38488315
21183027
14110067
25472419
14772406
38636315
37939504
9048627
17376186
28967131
36144607
-488297
9624872
17716892
18158800
38594789
39616592
6745162
3844059
20927178
959507
11682616
13112570
9160036
22090120
1391787
19809345
7655718
12562735
29584344
19345551
20222218
29909447
7617680
13050451
3900779
25387449
9122996
38896415
12732443
12886812
17088460
-49064
21744061
3606175
27636479
40163841
21433363
15546950
13302412
19961742
7351482
17321478
11563922
37919214
682299
7370450
26049136
23456514
33869364
6700667
36920276
17653502
43487962
36316739
13247117
3454961
6667793
15553023
42391045
38548072
32381687
34625968
29071244
22137749
6074391
10208970
4640884
38201241
40637948
21668589
7392002
6932008
26238386
11589188
2016476
16307629
36357937
27171146
28382734
16646672
6455172
41624727
27069995
20758267
33059279
3580596
31933036
9878910
29276370
33357099
15259263
27435321
8912541
39182302
9385546
3246313
26737537
31424012
38477682
35997355
25799603
26122722
21649815
26933692
4094527
36160732
3443988
13617938
36071540
2346244
14767396
24386217
-92755
18924591
17271939
27493610
13552437
38803415
-418877
41009564
1873945
20317794
2013184
26852413
36083711
39991432
8600942
17485202
3243454
8802254
17679307
23194913
27280866
6582353
27975373
40022492
11543256
11784316
5818650
13357389
22814814
42481056
1313757
31928038
649854
11569156
29900168
3292556
26108258
21919832
26960603
5145329
12099284
13888084
35112369
42286262
23029741
747033
24205728
30121867
16839216
23814671
21399798
27638186
29139253
647115
30757656
2813792
23048971
31065289
21084642
32989366
34183116
23841915
4828060
18672024
40279374
24918156
29751104
34192007
43200482
29079799
14449732
20918900
26051121
33814726
14699765
36182712
41220117
43340724
18314174
38118715
6991701
4460483
24631797
7984282
29335376
24802111
2101831
35117282
35145907
-471225
13727384
14584533
16816766
20274053
26777457
15826973
29434132
9237940
13947976
30885838
23210091
37956450
16414996
6390571
19794689
16044775
31699310
10941310
15487386
39195535
40467199
10565146
2605600
864911
11293199
25569996
34612523
16929821
17750591
4604554
18198550
22182825
11080637
21958449
43369719
25750065
10829161
14920157
2063121
1278098
2810813
31798583
17232087
42308323
17349487
985290
12208390
14033129
33720768
23468204
22373944
4221273
34051441
18545388
42894376
42255204
7326399
43210688
5181433
41841471
33570762
6185596
40709038
42644677
40750072
17295862
1302999
35010310
3380999
32779681
10349499
33423898
13391662
17307071
39091076
5368715
17527652
-769988
11701891
10951665
19734405
15647876
17486341
19547667
27873314
22927461
15326174
43182033
25563124
14626136
22446710
30053509
5632295
24301809
15289367
4373573
14140672
43193362
30502371
9468071
19005721
37452689
810014
23802907
38615940
8267261
29156498
28680845
36749151
7632401
41706983
32397526
24281
15899236
4645058
8453188
39260182
2761765
28015099
9331952
27172508
29489264
41114025
35271637
35996089
13931618
26816726
1088132
17499099
7177644
37297781
9424754
26454759
32666590
43283246
25079651
20598883
32070983
22841852
19763068
38982827
20940028
18680809
18100584
38634025
11596111
28297884
7922123
39211350
24042765
13680814
21769982
35469840
26464051
17289915
26476064
41290131
37202738
13364493
-906427
-550542
2248108
20208468
16486839
-497567
829278
33658329
18290547
2067400
-87430
29819863
12394710
22737217
42551728
24586084
11476860
20805828
22259058
11541644
32220638
20524078
7661213
14561195
5137944
34893866
39530630
12192404
22197195
33156704
17655546
905888
12995377
17089214
40620493
37728611
16025818
39823897
15148256
12166232
40738819
23420003
30634835
18888546
31924444
37637761
16853727
18677429
19512889
38240729
17885252
7096854
25301762
21064723
31524598
37981772
40386625
4341052
21529364
17496189
27934443
43075781
8565133
20295897
2977901
7791706
8861675
19194582
20880713
1905753
34254524
20076016
419277
37568732
29770543
33076365
5942556
17989240
34709055
39409136
1551703
37958142
19284095
35371930
38728669
3365134
16181851
-610102
21896870
15457504
24053583
29241400
10554010
10679255
13963229
18687705
20294955
2418648
38107545
29155298
30351831
5030425
31720345
17178101
28405427
25662736
27680195
-465859
11580987
37539568
8392501
19986767
10745565
43025234
28990382
-279075
5798830
39400312
33609440
2038150
24408490
21606958
35791429
36410275
27627542
23187021
39274107
37828593
36822577
8525049
20299742
3426070
15238752
11154310
26024591
3365922
24196936
2171775
19207148
9092609
10432873
38209165
11800915
4697806
40867777
14426944
25263556
25234260
37048639
15240245
14524367
4475586
11990682
29324239
39373266
2853315
-373175
1460130
28039449
16472409
39576681
38970528
17074560
202454
2794238
35549895
40452877
29762294
767291
17596588
5949274
28832084
33415478
38858574
323978
20613580
40207663
7766676
33081725
38335863
30659728
26920531
15410769
41327544
22582322
43027877
10819461
40175794
33692241
4719050
39193452
20611021
2469035
25011293
18088069
30587238
22207238
16582451
1540942
38075330
20744262
9186279
30042220
20116821
17537104
14618
28896046
2977607
29201246
42449234
-629916
1644012
4851928
34841509
19784825
25775719
31820963
43279121
24028542
12617195
3061649
28331596
36087322
11281803
16287034
29846495
36065826
15721473
4867863
42795964
17718397
-574415
353691
43334517
7776033
25753199
14274188
15391485
2175974
30025997
26603256
8842197
8893073
43514522
35412691
21510656
36503613
33210724
23770080
2761536
25765917
25775483
42893327
3349042
5091311
10848986
33260601
17853660
25522860
39636241
18658693
8443509
9583929
42981210
39953729
20175678
20873983
36616901
8901317
4572418
-878493
24067091
39946704
6519418
19631328
2952669
17121728
3289424
40182977
1243568
33143385
32736543
34829468
17467356
43028776
-91514
25630768
16808946
17610203
2078721
2750288
24803279
1529899
38129397
31306709
9125557
21068504
33854761
4572546
31741726
43176043
19082923
26697001
21113987
13270575
7231861
22569320
37390929
9613943
9566885
10522091
42747278
42593568
13289119
30631487
3337165
7178971
37476084
17110965
12397477
3886340
20966819
33494717
29882917
27933704
38519922
43029824
1412258
12665770
9930439
1119831
12861957
38007963
23495842
20974935
7048273
26321918
34901328
38260932
27238348
1831640
27874070
21906114
4254677
39534710
42162450
26535653
40374274
36764889
13734531
20596556
42431972
12429471
886573
13936397
1866921
20171879
72265
37075304
20347558
10474737
28146974
-437152
32742798
38358983
5578780
-7529
14787272
34329600
35204467
-490811
10257149
-480538
3812995
29549358
15294527
1000093
19110698
13758737
29313062
17936366
3049184
14541317
38481982
4832675
19558496
12982989
17719680
14626151
15833239
1825097
30525983
38698010
20277001
2733003
29176729
1427088
11972724
11913323
41357477
12287258
35563802
38159434
40170729
10208453
15353014
39767012
21025966
10597906
36589538
28153393
4683989
21407914
35486483
20442859
17500689
33489002
23569025
4363137
23120510
13594152
19860627
28588525
32594838
29394175
13658219
27662477
14110303
31759545
10633418
26566316
-532963
9724800
11485200
35041885
22617698
3620188
35021721
13377713
42411213
33177531
1768054
30713442
40651125
4331626
25513852
21064735
16233245
25195937
31808827
34817415
18787416
22197437
12122850
26489542
13650775
28659755
7308723
24450702
5750649
38236029
40875347
1895991
18762712
8880066
3603235
36853131
9728684
13560207
12365183
26862298
33007884
21244551
21502471
5819559
6488904
43147194
27843878
4813469
43152549
18208586
7606878
14229564
27018240
26540999
43110167
14255682
10156375
41301785
9723512
22346550
10430040
21579677
2554354
33472950
23201615
31803153
32013206
30253956
10802161
12915504
25336726
41284213
2607830
18967065
22148918
37092234
30638347
39474585
16851389
40665916
38689014
7796541
12235743
15455921
22818115
2573829
13671749
41742209
39279603
19379246
36631846
980914
1354111
8379869
43335093
10095767
16083894
31353905
12016405
13823169
2628098
19237492
10930882
29441731
21048965
1366666
18405804
27281375
28823539
40227230
40963262
20866833
17665544
27637354
17914108
24021966
34122316
22088850
20049878
23975643
33804125
8692533
7343588
11887636
9992879
11134082
7100207
22098948
31947263
31417985
17994958
35785007
41319494
3486845
28794355
34635425
5268913
40455505
18502304
27364946
1736711
8779487
28715677
15585823
11599406
22197774
-827048
11082264
19497743
40096999
25656313
-528265
38197392
12189598
12554755
26713545
15699492
4465987
2790096
-284589
8734419
40886806
23370729
19254674
6375479
2927337
17771436
39556441
32891205
28051284
8281640
18840781
23695424
7298639
30341777
31972579
40664538
-6936
25742495
1304975
13360345
39006103
-719067
12516666
6755717
17223833
35561119
27223376
4144526
9606231
22707580
27533188
27665469
35885488
21009540
3443627
6193757
35986545
35228510
19086100
32599284
14835581
38331891
26621392
21415520
22124053
8679574
29979054
38733842
14539007
14192681
6763901
9074983
796453
10669253
1915925
2794220
41824137
38156382
35638483
20173446
8716411
21387751
22612899
5700598
42356293
27195120
24071470
36420635
35530009
19067669
22876206
19665445
18500690
20940103
22386100
1474872
36316314
1790251
8950789
35510173
33275073
19130596
7755983
2275686
15013166
22629081
24315323
32997021
37247807
4138665
40752086
38473026
21140129
12610431
22744192
28949634
32629025
29029971
27164680
36245677
15037438
42282602
14691621
28015925
28440859
5698328
27210990
19445328
18633153
40265110
1522713
34936836
30588011
11902265
6863785
22236731
-886224
8248701
14793574
13996966
20332399
14318643
33002842
54579
12627916
21014570
38032322
8584101
39746106
27462396
35254799
21726295
24485151
39543223
31239872
6264583
15162340
35977105
5609674
10331744
1249863
10807715
10189597
7833709
-459196
29818589
25241963
17171860
8350836
15804234
40504618
23395123
21799975
32001355
30449716
21132258
35146831
6413433
15612027
9402278
9877809
29841915
30201148
3535339
22123386
9034697
23658507
2464015
33107910
26597930
20437779
40130142
32470924
4189051
42540054
4719518
5454445
32859067
29864758
34800543
1073708
16525935
13189604
32599838
22953144
36975915
17664918
14779718
38871431
16258829
35036619
2610035
36744762
37345150
32084125
7007993
16970053
783518
-949724
19920920
38100306
31675833
20661210
5130388
-663726
5847605
12079199
22122128
62539
10467579
28312849
13120705
14157197
8955640
28946366
28597880
25396696
30834033
10147263
4476895
36792461
27034773
12638468
40705393
3251686
41252130
38806819
25459164
33872700
30594382
36669032
29715170
33629204
35161955
22967902
21499448
37357029
26414069
10602266
30277024
5777578
42644825
27156221
10523349
26958283
1157472
11875852
39804822
29103009
31594495
-323322
34137046
3785197
20619376
4319267
41409904
-827873
22576519
34693817
2305275
19783478
19785448
8115627
23235390
14537423
3508724
10502382
20504706
11937591
8826821
20061705
6629539
30009366
25054941
13014730
23583215
21394349
14645148
35680905
1172170
32697068
3551885
34469115
16991292
26143876
7530484
7966521
41380199
41554571
2634281
12437179
26590108
25187299
43398915
8646727
19752422
27419907
27731781
33063527
20712572
10481556
7604604
29288834
40794196
11785335
17086812
16340708
9905109
28817719
27478525
25931597
34436242
11088332
3970008
8274139
2626553
33477457
7156462
31866870
11857785
26757117
34192319
36435291
21854123
23619954
41114732
740022
12333600
29044735
16701199
5340794
6385509
17202815
-768037
14111279
35076166
13424794
13328362
6807269
21456754
10689097
40162289
36697118
37432213
38780869
31445759
20214066
16677092
16294726
15559569
-668804
13448990
13165397
38809898
5675910
35723811
24163533
11168229
17239102
7447363
4373536
20617542
29614963
42842234
28608737
18234602
40854833
11060762
394002
11767963
31480352
42054165
40281046
30333922
4947570
24121193
6701684
40065473
26126425
12238268
15536284
19267552
9160771
1149185
20809370
1133427
1722607
38692878
37937594
7623411
43262201
27481216
34058200
10080108
37532953
9023990
39698924
10478285
4484787
29381123
28384577
35501464
26958742
5998691
2534505
20724477
9395746
16569362
31298556
25891837
11851236
18961640
25111447
27152628
22646045
31501123
6001950
17755303
36897548
6684600
21736775
42129758
29079916
35804384
4320511
23780694
31724611
17791450
39723207
39574188
23297078
42943591
20599429
17621530
38778178
18642812
333735
11556530
11587672
23162688
10236279
30022565
40838495
30778937
40937696
21607898
18559638
35681725
15045504
17328382
42598730
18030051
21518828
12149249
35331505
19631758
-557184
29282874
6193724
36158968
37318805
2931323
38405043
10792389
20098311
14595929
42713972
24736230
5787922
9152508
16492127
16824065
25195112
7156000
22940509
18194827
34477088
29298150
22429402
32119188
15971893
34310262
26595315
19994349
12532497
15885474
20147582
6098048
39002006
4926769
16059353
4100269
41028718
19618436
34032483
29363645
30660756
16299639
42834304
15067548
26603171
21579165
21482233
36958662
33438355
24315752
19518251
9177608
32817098
15333996
39958962
13510720
2351327
39606871
27661082
22482999
29703712
36488641
14588120
10988618
17981716
23293020
10350711
4892942
11810194
36608833
25990324
42715507
40472219
25868311
34292970
3449822
8922160
32870508
31827904
6452760
23903821
14417193
43197219
2202455
5361662
28348613
28797313
42631571
19504336
21433867
-516212
34986766
16187958
8287447
40080910
36674465
8998389
21579760
10914495
37118922
42216878
34391196
26949506
43254515
36138733
11361231
42798374
35268752
5386557
10251777
6863879
35595216
25238421
27267077
16149530
35173218
35539126
41813161
42132717
23797059
38730254
29136092
26247874
36340105
23872858
1774903
10417697
33997804
39603994
41991888
11920193
34326666
20144850
43522608
35165678
24156973
33613197
41281290
37062675
33041899
21188898
25641542
24882782
13794419
7229146
10176908
9294398
27723126
23984071
29849012
29704086
2147556
5090627
39903486
36022196
26149609
4554948
15039504
5369117
6618918
25998350
4320356
36796849
42488700
2866155
4533765
21109965
18534643
22827422
20081739
38997705
4905023
28427694
20235881
30270570
2958392
13954911
27873333
31322210
29778290
35764653
34869902
1143455
38109858
-375799
13631309
21837024
5290871
42446551
10706990
10148441
23138478
39625791
1698133
12253213
16072533
42587217
37879995
20217444
41852597
3251027
10048027
34541430
5593391
24527778
3675882
28535284
17147571
29591561
36357182
13549472
35591034
26822090
4572887
22682659
14450121
22756175
31640776
2468872
19693991
6743316
37510843
40406192
-832565
4307064
1610289
32403168
37596580
29735094
28148465
8933525
39871719
-490499
10465974
1392615
812648
241691
7092710
33813157
26208836
30003595
21108587
17692891
712621
30942202
38893966
21889348
26519318
2462184
37942199
40665677
12535346
14161759
38375443
1493749
27671557
31240516
7201060
24231631
394416
10291955
3593312
11729738
38495366
21287213
41317353
6201184
24402666
14916124
11326663
19917648
30363999
4257132
20385934
17175830
1162038
27839493
18624454
15476558
12427460
871868
26553943
13911268
42318359
23936092
8292285
15667776
32427153
22838152
30023665
15623283
3216751
5230983
29595297
37142306
32288177
24897260
35918965
16351848
42684138
-309398
30574207
20154932
26273282
37325750
21571742
3811296
27039113
22865935
35882784
23140231
35763162
12007176
26644345
444932
36449263
25036801
11736245
26028663
43135273
14781552
40201815
11580361
22946493
4420525
34905889
17969348
35214612
19158998
41565898
5645483
8369418
7103146
9926874
28549406
585688
26221734
24838140
17533392
23706112
41269540
19170568
32137319
26250370
24828491
17719881
4571942
4546839
38916299
25128502
5341901
25149228
42918470
-518103
34426634
16897225
31018909
5720829
