9497172
29003237
7286499
42644711
21088922
34879515
36669740
37647713
33403950
35216504
4856242
8581259
19633626
20473
11770737
36999139
28106038
41374428
32985441
6650205
9365396
10194061
41271921
16123418
11879585
3774072
19728533
5861663
1918550
25449615
12872108
29335126
31397309
41543522
15392795
40029364
6483702
1446224
15844247
10084634
28762130
43132404
38711815
1171877
40168367
17755908
14375025
8000153
23636531
21618632
34765656
33175765
36601389
14260909
30487139
33349375
13598019
6621330
13436828
26155093
13901891
38454932
15558796
38921234
37036811
4174605
1510692
11442651
36197264
315492
12180469
24249960
18597718
29255863
23693057
19616155
8856439
4670050
35464654
17728149
20641396
22309084
21112600
39698627
36314971
24858323
1178799
26283162
6622876
36873517
22253457
36920572
2763065
10292282
30650142
9329366
37407212
19071245
37865898
5569470
14651578
18941353
1738469
41724727
28608029
14272404
23750136
33412331
5998104
-440866
15127271
11885189
39781415
16033563
4030411
30075641
5757205
33071421
22506178
37593594
25378884
24948735
38468856
21624495
39734045
17756423
27381020
34608263
5197110
24086597
3383386
42031083
37255691
24660261
34998253
10605438
34117152
14364043
32673089
37775583
774135
5992337
36642835
25468119
6600000
33966928
41667097
16001617
24542567
37669187
25789454
6171253
19298300
1132208
6737206
3658317
41176080
16438031
20929425
42378675
4141392
39580901
42658949
34148765
19160925
23886869
24125109
42969766
29632733
20852875
4255905
41325284
17181614
12082782
625391
10804937
6068282
17273437
2883661
3351613
1367641
5989570
25307284
21145809
24705007
22812706
21760688
8590487
20468629
17545228
-781993
35778732
35119207
15951915
12865657
27626800
38370875
29068168
26363437
32088913
20655550
26651891
43151337
2782359
27763569
35366744
16473080
3589798
36899571
3482906
24563385
35506524
26422038
15474646
17154824
1947611
7175029
23829439
16396338
17257425
12115123
34860216
23468095
28337954
25823235
38428773
24971525
41843226
15028690
32465983
8580151
4479691
34364993
30302288
38369530
14003518
19690715
19256900
22809416
24642407
6602991
23166229
23405978
40834511
41918578
11772780
35070817
7699674
9622281
13334822
3538992
7376199
42253702
5409341
33462405
1650432
24095372
32915039
-709572
25278604
11406851
40902941
20600762
34953304
5803829
34410290
12926074
3550208
9078118
14446630
20824169
40536116
11468205
38182568
16609624
27072435
25643158
38637245
39113505
42856457
19643203
19072182
9803246
28039148
11573633
37528364
31021897
19166848
6014263
17235059
25313645
27831020
20900421
42362112
32938990
33378310
11618260
17023199
20809791
26539407
30923210
18928386
23320417
4702572
466138
29321257
18493017
23991427
7620119
42271557
43503927
10030511
16357730
38041078
22357803
36931629
38843148
38654531
7881392
42767865
18748938
39274277
3700503
38368341
11616076
26581172
7325852
28435799
7495463
39408584
25608612
39624086
24276885
29197498
30598995
11770357
4604585
32865221
41567811
34853060
38093040
40412568
4730204
7103845
37892397
7420960
34393900
21670065
232437
35320921
21104843
12402363
32976995
2834422
24634469
26587373
26534075
27628887
24035707
457856
9355827
6955322
40216056
17950069
37789999
16345898
40769443
37693996
42291940
4456206
37243086
13282642
18143375
14757042
31303000
35021050
30299714
28883047
28913005
40372576
39080188
13861834
13280244
16619923
35803007
39398680
18360421
22469214
24725775
106508
1523763
3133045
18132001
31138635
15444721
19447287
25615720
17365963
34742318
-349776
40522090
24537026
14404271
5208071
20453796
42108596
17181774
9805528
19469858
34903145
3868737
33401395
4639360
22212632
23895794
4344431
32012089
21710278
1500136
42409206
-276049
4911984
9779433
32156847
41134341
33627479
8721510
33534591
8090288
21847380
42180832
5772953
20863123
14902579
38290492
-354035
33318037
28551047
37720521
40143421
24817354
29052895
42412437
42789189
9710497
29057724
12328182
40063728
18562225
31958362
29218846
10493402
18733839
8955447
4550056
25716199
35685998
4283018
17094468
3506581
41299932
-750324
42319456
42482302
29911598
10192145
4135687
31269762
23308561
30143056
13433188
42216336
26433477
31175493
29878477
2050705
28428039
35455843
1260360
6608800
37527151
42763722
25502369
41675000
4059997
13064948
38742518
3381893
7512504
16101954
19111258
29283469
38631126
32582912
24638341
9183177
35591375
25027953
21685254
26941657
41597552
9584553
31866461
22090752
41114456
6899095
21563925
10092135
41917319
19678166
31708655
15790417
5002621
9267078
9721436
33550699
32869993
10093723
-423389
33145906
41434633
6737060
38337124
36412199
28998234
19127365
20993475
23351012
42869722
9295553
1863169
8550491
29006763
31861399
31743888
10030426
32980239
8543685
16543231
41315371
18894409
16044541
27828768
-847968
8839235
1813391
40224524
32932579
33516022
17517000
23497929
34673933
26621514
36882680
35859708
25826626
10553315
32691170
5804665
3119767
13798984
39838661
3479584
26124857
18316566
39247423
25872208
37165677
24312375
38637991
23474991
18869517
13635220
16738727
27891939
12591383
37399427
6720362
41908650
42190289
3248137
20905741
6912726
23981990
3756827
33989266
2011109
21717127
34145623
33321070
40923697
-479195
15939451
81151
12933179
31787247
20000995
34579227
4510027
31986587
13431063
20300784
32667320
37673463
41176023
26929387
1757646
26675037
29766194
29144325
37357108
33540623
34435207
41112477
2325483
10777521
7254456
17343255
41458840
17729319
25758226
37945679
6429689
22011654
27285384
36633475
29630627
23252832
24840428
22278619
37392099
5888064
39170469
19675055
39496197
3414144
25989264
7051564
25000197
27822489
11682683
33061010
17488889
33134665
8916616
24021903
27952907
38027616
42431072
10225002
42751231
38507219
34200523
3681141
39091390
36185996
14443188
41823085
6292069
28414528
37707691
29062916
4153599
175461
1495495
24942090
9467231
14117500
12757788
38571353
38744863
16956462
38778373
2562740
24698710
29826439
28390826
41530540
39794599
13292233
32626650
34779838
2555596
41149600
6982355
27171279
31562661
23770491
27060103
14319776
21991845
17745772
34703071
9232161
4383657
5413206
40203420
38307907
16958698
29874126
29229859
2841154
31288294
37521838
29880087
23364731
32651695
3865375
34522931
22095089
23177432
39224323
43232695
39252907
17513347
16262678
42692897
22360570
20291575
5052191
2303222
10166926
26619048
6115156
35475199
38554516
36820651
15338426
28860113
10871641
4683981
23040963
30231845
20067993
37395821
6232557
7327880
1479030
24858758
28236559
14596014
18446131
26544689
31779481
42448928
35850290
2499650
12734070
18277067
31784896
22081829
12937137
23163798
27270102
19376141
29539483
4441232
31517275
32362416
15575076
5853553
14619628
39927690
19327705
17591222
41795934
17391477
38142290
21814998
-917889
28298312
4566360
39640941
23969939
33880206
25976541
23406597
7929520
22293724
10218595
6398436
4234438
17226445
1991703
21142397
7276643
17612990
4542823
8216807
27398516
42643124
15830455
27312864
23379669
22540475
865447
23163609
36016889
147836
13283107
20460933
31661108
39059897
32574557
6403106
14268505
37267014
25776970
17366736
17355848
5018269
13613853
12766771
8700012
27300107
14009815
41444803
27820133
11367498
38729944
26647502
24779099
16125068
40239577
36056451
27171121
10258382
37152199
31287913
13954570
27430844
22531248
13914922
23194621
16185344
7724766
39679621
-733030
26450950
20164188
31651793
30101040
35540859
34120234
39452046
3099171
3224650
3125503
8220912
25491424
33406169
5964524
19840765
35737314
40484886
41377178
13750240
22215811
9208444
38904074
32348816
33467668
38775172
27281430
29930475
28756438
33631301
33066272
11286566
14294631
34373474
36865610
-883614
29814768
20133891
22561271
2139409
43009143
14151796
22527522
21872316
40512220
23080911
18378999
26839001
38143026
26816719
6866293
40531162
25371063
41971571
24656004
40736554
30201574
3122267
4438461
-832555
6561547
43193784
37222991
17100305
31611652
34644524
-566917
39834711
3493450
1474749
25463946
34490597
4479260
2596434
7183759
8752434
23012384
2784779
6761822
20218388
10979002
2083541
6077905
12094683
8197446
1284460
8050614
30506995
22366681
41782235
41038574
-137321
29760599
27302716
2309485
29152588
1008721
6015007
40175660
30215845
13611543
11634756
20771951
28520883
40062349
40657328
3871458
37571694
17578162
29436332
38887177
33353715
39997272
25737936
40030977
8334294
39258632
9612152
29986223
21967332
18625901
9693939
18295712
497866
37526788
5180424
9410697
5690033
42892212
15693147
3892256
11934911
18643978
22877334
2903772
998760
15545598
31469674
20860496
29925255
18102824
40120091
20574789
32017455
31678255
-690322
37555346
9751736
23170310
8262761
10889471
38089023
22950707
3262805
41512541
42123359
1394396
8337084
14148336
27713063
7192575
5461581
37447635
27279765
29776027
1772245
420733
3157721
24216576
33990327
23128600
31529549
12623454
20834936
1274422
7122638
28847958
11846432
4156526
37937875
35995352
10162098
22154857
28551766
7255305
21526315
6516281
41277805
2654559
5433208
27284176
25467220
35179545
1666487
9554911
10471642
20218936
35619052
1430039
27478651
4134974
12485655
6163215
39281200
14528171
1157450
24608201
5666178
8551377
7872380
23697353
5708323
1125090
14243782
8768234
6293816
9065258
28531817
19114699
580760
42392583
14684352
18488955
13219287
12548172
25642649
17303193
20007010
31455615
17447325
33797663
29970313
17671116
36576045
30518675
6897549
37936283
23572670
42002670
7907252
21720535
41619785
1965144
32429976
3456725
21966005
32146057
30260676
27690305
11674867
42377768
8649766
-421826
6094188
725662
21339368
4072602
28497931
10747691
13797764
36632454
15360991
28240117
40468668
18085975
9120040
19984744
10780142
19357225
-991970
109798
33052765
20946758
9128602
24676642
28641677
8188077
15342990
26560790
13508503
5803683
40605898
19787190
31522242
27188529
40858717
28390393
35074931
33234339
42465643
12403448
25646769
16416936
15274275
23650010
10090022
26345960
10357475
39697664
29642235
14291039
6529912
9657715
17829036
19868486
7509140
1164971
2061686
9039315
26636292
-282640
26338568
34749334
14229571
13626569
6321484
442860
15754652
39290121
31937428
29485132
4863681
23397068
-48980
29140732
15491112
8376773
29627624
13766522
9136049
3300780
41087705
27397189
11308794
6109855
16079944
24111949
1460976
40312820
21801574
9756341
39031602
28850483
4186567
38107991
2908632
23684471
24055893
20953314
4835715
16481551
12463402
9606552
-783107
35204847
31375589
42492973
16578655
29682379
33375889
21674258
25654544
5037113
40395244
33557718
33040519
20946501
6889858
23487807
12075993
24871258
22632186
23599928
39209094
15042373
15276851
40397045
17484923
7096637
2375400
43508014
7967310
32823798
-185826
1727504
11858141
29300941
16455246
7337791
42693511
18474359
37328954
11712362
16241012
10745667
38608652
27388837
23039267
41474714
35448717
2442552
36875815
32190336
4124203
14414310
39568739
29024609
8607396
33265378
20480057
18487441
31287728
27559053
29162895
6123614
6866513
21013119
6918870
17793178
7418548
4757980
2363593
15857076
39556762
18343458
33868378
-961221
12270003
14984955
10249576
27228274
38241537
28182060
31269924
28721766
36801896
3671491
5585737
3986871
12229121
20376869
21295120
31813617
4550861
40199291
34812449
28466203
22188979
19576420
9654124
20210139
17098902
26709641
10563852
28729063
21412726
35414658
16760816
14633848
36042049
21903108
13512262
41819332
13782344
37161362
6667798
4462637
2531229
15457662
4633871
3250287
19839159
7165361
23709125
25255479
34214778
14505464
30577161
9571018
36835247
23099153
7568869
37238068
1205376
38968901
19118640
14879714
31227578
22562563
8946647
15680913
16758544
6222718
40362114
9880979
10640420
34853440
23021120
8405082
24454657
14671679
33294555
2920486
30072507
37673758
9011985
31092732
24675587
5314680
41473560
33459013
23799496
33104641
11330166
37528529
33673302
26020518
17198970
27693644
8767481
8355394
9088901
34469284
29192724
12714472
29954124
30064852
21322787
9136000
23239586
15224739
40500260
27338404
34837987
35581933
23220729
13560695
25208382
14200788
33173033
12557053
9677493
32328335
31679707
32590953
3784301
1006103
42971577
27200986
41698289
16759742
31187978
37258228
29345693
24624584
37056843
-276145
27683059
1819601
30992434
1849220
16167993
24221029
38792376
-335266
22812433
24069087
41783653
15736546
12963603
23722849
12418417
14211131
32044103
17004593
10383458
36744526
29964940
4480972
13669931
20296770
34706657
2028283
24813887
3033874
30084328
4519851
6488455
8876420
2571728
12993513
15751830
8528425
23952777
2149879
9609693
28722189
27585024
18079262
737518
8396869
1022195
34364179
11589320
29169000
1792594
9935932
26070036
32132832
36550997
19535438
23369390
9510920
12724003
12523705
23500688
14706656
20178084
185305
34028435
13716599
15993916
19010829
15919594
11175454
7315942
24857142
40570688
17713936
10024616
27980976
4704293
19174353
41212219
23198909
-825338
38324071
66903
16281271
38157646
11957307
18228491
41568006
-433169
27695182
1716963
39852427
11159998
388577
4956815
4656574
34106802
9936
38315218
20442420
19280966
18354612
15449362
13509963
14552829
5459471
20578860
19237231
40477930
22426640
12809459
20060470
-454305
8615282
40655747
16230933
6628000
677825
19111399
6807878
8590010
31782710
6712162
10045005
28372364
26767768
20865750
3796655
-490891
12489939
19474379
971495
30970452
31098703
43015760
1987808
17710088
38047562
23955591
7649020
16761189
24460901
19019905
22075207
36516754
41211505
10325499
38137063
31124720
31822675
35410788
11728374
36027592
21035099
16208638
19709795
23355953
22436760
31210496
38155671
4233968
17418469
1795833
17705834
34093510
466380
16246605
2864375
6060994
16079875
3441959
20349040
7090896
17411324
34704656
17788155
35601650
20606567
17013038
8358903
33242175
10916584
1056974
4860650
37380449
5422947
10795190
3261848
27824233
37263715
26286254
22486834
1849779
3292569
12112095
41698943
43432101
5564446
41649665
10220415
17681760
35515361
17616823
15756057
20593827
41618199
17017552
2007056
20999640
23435309
11383246
35628640
42839161
16803030
27103182
37207748
9922398
34926293
36589086
29326359
27376376
16058647
30902762
14014631
29015534
16954296
422953
17388244
32705903
2086842
39893990
34005653
27471755
22242620
20208834
28835399
11169238
13874876
181660
11790977
29965991
35128189
35034131
28775932
8266889
13882405
342367
35508080
43238022
37646808
28604036
9172085
38258083
326308
37637116
28632459
42162170
16506824
35536725
4070527
727951
9211454
23653395
30755564
42605745
30337703
23893360
15836275
35782292
42826967
13168107
28978533
40508747
1232490
3254452
40441887
37492749
14767562
12464051
2467131
30024295
17185949
36932280
2569670
8481794
12457155
34406221
37994012
21977672
21876675
42899412
2631918
42495442
28242364
33058464
35467893
8451682
31094594
25696844
41904703
25699945
11700308
20156550
16127417
26754613
31930793
17302100
15998029
22086743
3160430
26752465
5405604
13087000
22440640
4357589
38898221
41332315
27922457
19733965
38633317
19935855
28877991
13282926
16734119
15667760
3171251
4278851
11761414
27543728
12914444
5908695
23547183
10560602
26439947
18015715
30344569
23879146
34380422
33517463
20132193
12322111
26883575
34741386
38856355
19518421
23497862
-71654
39172421
21291143
3070680
39097305
18921281
10328295
18211650
-701173
4596597
25213184
1161646
2836555
17311845
32447011
32692907
10678652
31531710
34292546
8182522
33419514
40681243
14180198
10210637
27997257
10396819
34811745
624597
25356042
33227442
10990062
26853421
12657445
19283729
32246051
7741251
10883669
16497589
25528446
20668142
16264402
149219
26401065
7794713
41326113
21112990
18868533
26236397
1631820
16819097
1813609
1411992
16573387
33803680
30857968
3038792
1141919
31470235
40494444
2966722
24768422
6523059
29574617
28186695
30367349
16299240
23195200
15317502
41146919
27474511
7979500
21802495
12642688
16706854
16240670
5901376
37674667
23414896
41714605
23059659
15289015
35697864
40329632
17004306
23770719
15646475
23210936
27664103
4700838
10319115
23025957
18703750
14106443
21191585
36394547
11611747
11778025
13183457
35416723
14959818
7740716
27801023
37229821
8249353
13429309
17439141
28066198
7004984
4682372
-611062
4024394
2640214
24202590
11808480
26425508
6212460
10396618
36001984
41859280
22498278
42165883
20151520
16414417
7307005
3872776
23768790
37279768
42055387
21263339
22845972
5525453
878354
38129256
18497693
32775113
31751541
5460850
33205522
21739036
-881122
33843498
781695
666006
28714715
14812859
10149836
26836094
15131684
283552
5104438
16625557
9417844
26162945
26016539
24696010
31237889
18120202
11787248
18010324
10310679
24785517
5450197
42981950
32510220
-391275
41763516
12612265
34822245
27002675
7736315
2174744
29621723
10680284
9857020
9417746
29225834
16657569
41926122
7243799
5964373
31676313
32242232
8511241
27626033
17146950
30355249
37991078
16151581
19565284
2494389
41069464
39923108
23640393
43467807
31398219
31514599
21215672
4305837
37690686
23486828
35435468
36737086
4321980
40643245
27083476
34778318
10578319
38203031
6063133
37515024
4781504
42974687
36327172
13987997
4147813
4335884
14416920
4232731
24831195
33294827
13193348
20366393
37964359
2645367
6155535
13161029
31126792
7803925
29439179
9682510
33013996
37228231
13200870
13035408
23610754
18136678
628502
41955790
30878721
4407801
15047340
3077526
23162091
14563929
36733720
31679568
40632147
10223309
29476629
22733537
18894488
21013873
17736856
43328935
38645550
8028138
8889532
934517
4885785
15215594
28549623
20081834
23456378
33010420
22505503
41906980
12508957
25350688
18165905
41535438
24815152
37753417
37725835
6417042
26796238
36835917
14400394
527243
23083115
5461740
21150507
12798466
19679508
21738880
-375484
41600746
5745222
34517773
21281370
23761586
34583523
29556618
29434980
-622517
11563922
10837791
12253811
30381207
36577449
23180255
2455467
13925987
28651211
27644488
723604
14562970
11732907
8601713
18123601
21954127
18306568
-703249
16462022
12555655
23388345
40880006
14947953
40574208
36139538
18379632
835488
35559064
36464310
37582376
3483241
39055571
8143634
3397657
11237081
12623037
24039998
16199424
9370646
27758565
33862955
34077207
15792326
26813400
34036367
28994712
24096242
7029518
28876119
10782759
33811485
40377994
25890904
21264008
15633090
-622748
30348928
1574315
30293884
2142594
19186345
38920670
23296318
37582991
27685927
15314137
33056144
26659139
20975750
34899096
15555302
105951
35368939
36104868
41275910
23437200
32906836
17662491
13798054
33197999
9212148
26760642
42810185
19627822
22214980
30241613
31627922
37840288
8907753
4312366
9524259
2096141
15444751
31290016
26352244
9992154
26626732
21754442
34678935
33184936
2883700
31300291
16273802
8349574
952576
39465441
25913416
17956572
28506616
27165613
41438550
26342817
34451310
3564120
32007061
40541572
34189411
13070766
1580016
33596678
5345816
-375379
29876349
21462269
33955179
-193248
19278372
36965854
3289229
11568494
30817331
22308593
40239888
25785873
28023400
41550933
20930348
32023914
39647403
41778064
25121551
6768273
8571969
33395584
41115499
3780201
31105979
25197046
7602961
41164940
12279075
2366982
26499677
4904958
33765225
32257398
22989251
7858170
37937554
30881443
42837973
15207930
23245139
32899260
11924170
29974189
35290230
41247136
22349828
20347944
20709094
29793946
11760886
3652620
2807249
21916971
32955053
-157658
37136057
22455902
7390834
12968730
39672396
24657766
43043215
33220898
41786259
37564300
30348580
4433149
-431306
17855833
29945268
30406110
10173811
12591551
9065951
20499706
39847222
35082341
23055523
22700218
14583296
22099603
8292867
10059019
6478919
30420305
25200586
29521320
22930843
15915979
4989383
34092547
11777427
37857972
13028382
36643154
8766205
20534024
20795031
26063575
2521744
19914028
38321615
11545596
-418213
27184546
30471311
31765676
42397787
22901454
8704891
37508950
1070592
31424219
37211024
24433631
27860783
34797002
41354934
19027859
35085549
32570280
16133911
15927613
22400883
27853346
41970792
31764612
24257032
22394285
22786370
8551917
21835545
9710006
14829303
33980128
43124803
39479196
20686334
36136703
12209899
39316766
8177691
15222125
13866216
35515486
23689804
35281128
34957876
7307562
9137443
29545338
31282845
33157519
25777687
4158332
4924711
34346164
21144206
28647014
31967705
8436931
18412094
94461
25939248
38200284
13910526
17401646
11184915
2390033
20347743
32470189
42097751
2831923
41265349
13204447
5947698
22092680
11994076
36562868
42998149
14102976
23864049
11855405
18263513
33485354
36236687
40499366
36162786
26141065
20341690
14514281
19823651
27271093
29483676
12363075
24609651
7899394
1162947
19548238
24648512
38477468
39710288
10952196
14213796
8316283
30639153
35065902
760066
3636936
31910223
5567692
15659766
28074357
7173593
39652534
-846992
25085187
-500297
23634567
9318142
35679214
2270636
37316500
23589533
32999758
41345228
1454124
35883569
33469951
37280353
6610571
15619680
8917645
35584564
39281772
34343242
41635372
17731156
19141830
15927306
13948961
26693152
40734922
27864869
27970705
33254769
26915216
15711389
18009770
27106806
14845450
43198841
14295264
28523965
16645495
2477080
3426490
41200711
20370194
31624369
34676347
25561605
26972902
25812799
31075963
162698
-118451
21313997
21489857
22626720
37619526
33219728
42180572
5364773
3658011
20652937
16221845
42153113
13185349
6356807
29577008
29381794
16614181
6670699
18012536
16683729
-746250
26874306
33027700
16723790
7438193
29575171
42996450
22111154
38280909
32170322
18244438
21708984
33524130
-888226
26164462
41910838
19211644
25697005
6384096
-236543
14143631
4652685
32561089
36227183
29207281
36761916
8203867
24002042
20890345
5784873
27339642
10598450
43023208
19045264
42256407
25480465
1314518
18267128
14597421
29318814
22093492
10348735
21862018
36909797
16049403
30229445
19670909
24647359
19612573
26170620
31644917
33097957
16465379
35259189
37328685
23151022
9258630
25615764
13809819
25402652
9657293
36038326
1973411
9769390
38208112
1638954
137172
27165970
17919809
19579599
11962989
16020184
94373
24431356
37822582
4600020
36984707
30002000
17146323
27529633
1933134
18836896
3004260
43339662
19607616
1210025
40754323
26090355
35897084
8372193
10972733
8319605
34157444
6200134
30882125
23211690
16928487
315885
37506351
29000096
7118168
800486
14506678
33814778
17545037
14537291
13093
30096137
27759698
18228324
-861039
37720467
19188919
7786460
25764060
18201960
33677332
-921708
36482990
22316690
38191389
25778123
40464706
1573468
17328904
33509525
33052849
19423688
36406883
7471186
1587633
34403602
29195090
221292
1600215
29089663
28752878
26170072
3578533
42563642
28562646
34866165
13043004
29004984
36546005
12148795
39302597
7960093
39071708
10678470
5992490
2061661
27288892
5524203
32744561
4983502
23390974
25671483
42883599
41717000
32089247
19336825
37868220
12997794
28859200
14858570
42013467
34543537
22492627
7900702
34645190
3891754
26145126
-864458
10137758
5678625
1886803
14209142
20559626
28714700
29263684
11539342
5878193
34734107
38783185
42051440
18581539
42536659
30068981
38864847
25001585
33157240
18088800
23164527
20881785
41682729
34957908
29833886
31996168
879459
33289015
20431480
26075448
19031463
30261394
22735547
13763844
40996133
31681621
8374625
27800894
32208893
-494763
-787691
24501961
31814865
17195130
29722992
39665554
9988652
11812609
41108543
36571281
11265255
15991226
38492741
41658909
38578917
38294596
13318067
17927636
25402282
35826752
19212213
20304096
26600950
6691252
3808578
3412432
13331704
39336383
28444444
7522825
15964039
34755271
8725733
-948799
879095
10810395
10869061
34128146
19249401
26252165
29513985
42345598
3922978
14224323
19647367
16528980
7345736
28164170
12831280
32633626
27155705
8444126
10706765
8936038
36156036
16282674
30789259
3735044
12931969
40422428
11492016
15251397
35021645
28626578
18252044
20652446
26517441
1976906
30577567
34352981
21158935
34253246
7660517
19348619
26535583
3730962
39618015
23472582
23150762
-735555
8896441
8428255
27318754
20494243
15820337
6340114
3613365
31321062
33579617
10262616
36973565
8584531
5007657
17535158
26131181
7502927
29553975
37149169
23286289
32022304
25696090
356220
10505357
6970312
32529638
10779032
25317296
13656134
36215474
14831064
15408829
22254274
32451908
36183556
5028544
35260507
33719602
18640530
12824649
13436169
3315862
41858921
33700028
-395225
32883656
20617075
32142706
1453729
23827181
32073182
10516106
28674842
31752540
32834281
24522944
22001161
10572721
15234292
11587717
6586851
21499293
12716488
-428920
35894762
20902174
40500019
9398566
8032843
5744986
19945840
28305608
14352143
26745501
8530821
20538990
1970828
-398510
36908908
25572200
13132117
31848871
30873992
24068948
15048534
25608453
21147943
28897865
19779470
24766606
26136924
37244157
13940227
41096518
4789893
14055113
14459814
37070737
41233401
32424785
40937188
21586918
35515801
30196850
13273353
40946381
28569346
33683840
6174738
41950524
18445549
7678844
10517478
21873799
5401007
41687914
32450864
36587833
10276251
42552763
14704680
39081950
16436060
28200022
16272934
11702387
9873811
40923610
41647563
36081793
4304842
41580080
25209162
29963537
30492611
1208261
27590972
34821022
7590661
33618347
15147739
39906636
1213224
40859913
33873784
37098604
15030740
10471521
15793353
3832029
17410272
37338514
25409984
2617898
1441493
28652726
17437788
581540
54219
42858864
30653186
6626673
6346209
41439306
33558726
31231272
36960552
24433780
39747827
36093937
19336299
24359213
6606290
2572303
39283636
27178691
16602484
8797861
22249428
22735642
41542955
29717507
40917334
18519562
24152780
36445705
16785850
27378947
20252533
21733002
18812908
5339887
1646454
2096425
24252313
5522322
18706847
11748956
29026665
19576415
32429240
20446189
13582941
10695132
11103375
6034058
19431873
20521789
6119288
20695895
29870336
39768943
4229130
10004293
25015567
38582990
30669761
30046098
20506050
29959984
32968289
20773500
5513057
29401394
3579857
12718563
26974193
38396109
19930362
43064183
35618598
13681273
5978253
5716724
41986956
17236560
11738507
6043548
6410947
37193685
24028431
4365904
14032317
1296646
16382783
12337948
11364643
26349819
3303840
9912743
6067129
9072333
41951939
193457
1171625
25951945
71240
41378401
10502877
24750826
7482524
39667257
10345682
33131740
4993143
26539277
23669484
