6040646
20457565
13702754
10307088
24487187
1072397
36609853
33848983
11601829
41105545
27405097
27613212
43300826
21419505
36780724
80195
18843403
12737275
22865621
12933804
23867053
29642196
30428100
32341480
34501128
33371351
17101288
12933536
20752857
20302227
33007842
26119661
13367020
23055489
22821916
23669281
8741554
13549260
25938940
30511826
31480505
13857491
28693400
37596613
6554422
8122494
20367652
11710573
42038969
12777962
29889910
34757643
17488679
22849931
34944712
31898714
6724088
20796509
4404540
20342103
31718060
42911483
10938723
35378272
40318750
6237425
22206488
2410532
18412999
40981641
37849509
1154443
9062398
23993597
32970962
20957970
38801857
23007008
34244051
9295043
19016163
30895914
29239355
35829387
28551538
17773388
39635653
16799758
4573912
39732695
20628400
20038542
24396015
35670555
13575543
4710821
25473716
19983124
27041169
13409655
34604727
15346230
26348615
10731007
7079261
27261636
21148043
14523956
37092431
12188298
40817493
1682530
11779868
676234
41050554
30805523
29533910
34780115
19095425
31177861
38990106
16826476
25721227
26796260
41481243
10081861
30445225
20151897
35697594
6996825
37095681
13869677
20604181
34115554
6222154
30832422
13296389
14086280
41177872
29148232
32208688
24074052
23162970
42317070
19498315
22730685
6596217
13769509
15730346
16175263
19631575
11992859
36097747
14380157
9040907
15874003
8219086
3457315
37855856
40772678
35317018
6851857
19171952
19222816
32448350
4306759
20427976
6580779
36760866
7982282
25033697
18161370
3003954
35968446
27314315
12738229
7978596
29701176
17482739
18748810
13276889
10839598
16570178
15778415
3193972
11062542
3168737
15308949
6283709
1285725
28688471
9183305
33920849
15253291
12686395
29694102
27201396
9596726
33227436
31063984
31963179
19461964
35040472
14505807
40507712
19715518
165778
35609187
33998718
12901366
36738949
33398713
11652301
41206378
9012383
35516851
39300122
38504958
5739059
15151710
6268638
3591864
41980554
20696456
1588694
4192232
24098247
3894762
13249397
3562312
24201204
33960714
20478708
35136792
31914727
18524322
35770992
27173015
30355156
10752136
-861824
37688692
27151076
40902273
29142422
13653617
24143948
37036925
36610552
4276192
36907836
24577627
14353029
21635088
5500422
28651225
35464749
35213387
23067910
18710335
12953840
4268473
36420836
25895802
29758203
39908331
5155117
18330234
6426903
18725197
16240238
27253539
16737237
40455012
29308810
4748930
40161283
21933848
-395024
13106936
9587979
38221242
29187340
11073208
576569
28115117
14482986
6658299
13752676
29980395
37950138
5115946
14441686
8409824
38757962
14239284
30028819
42546464
29960016
35640676
6971573
29239406
6822733
11148066
25815414
24797367
5455991
36856962
13156502
17177680
42003940
27205854
37013588
36804267
41476962
3984574
35955308
37955400
40298085
20322528
19565706
6607603
28314732
4234007
1257571
37020805
34234176
19769859
38860781
10271563
36959239
34799371
30346298
34203726
2184632
17508384
19173448
35675772
33426023
12649245
41977015
43254935
10491533
28990549
41067050
38211315
3493341
68360
33303429
19826924
31451189
38173033
15881121
26104757
31184493
31643254
4261435
28718785
28630573
28823143
9583865
3781047
30879925
10168934
30454026
16048132
-323078
17038118
30181815
12321052
25768617
17060632
11460192
6747644
42666823
7004660
33502389
33359402
30273329
35852209
9275913
19701834
12505432
6088088
23412034
4953244
30503267
35044656
20637438
11803194
29053539
16823739
10157000
15159825
4741344
-331627
37829583
39640212
12007085
14209010
34534137
14413965
14424486
8346426
42795778
13519606
39489112
25906730
34877770
20881744
30011803
28586189
21110261
9535954
42164158
27026489
25202550
23052827
33866448
33588421
19588619
17961378
9709133
26664912
8875510
18075970
30488753
1614403
33394212
7076751
167666
43271746
28134193
28133519
21349023
37728771
774100
17716475
10804553
19668799
3688287
39181153
28209113
19030391
-368662
9540063
15747478
28851126
25669682
15219984
38441933
22465844
16559833
30880741
26472564
-596197
11488974
31179358
10795931
9526352
30997037
14810014
14243865
26113558
18781215
30597757
278220
34461587
15226154
14891866
23500507
24227392
1248043
14229793
3359306
35157148
24444636
15403036
19488895
30502282
39709875
37414876
35006886
-289786
5348130
26656384
29012895
15313774
36421962
15092156
35332462
40883115
40389885
18316036
1547137
7025543
23684578
38365977
40654767
27434913
14952521
8463348
14495215
21990865
12710114
4676901
14250899
39710292
40297552
42672553
19267581
19661928
2493294
28971499
18326193
29406150
40694817
41099597
25644889
41865768
13396047
19518411
10233484
21671500
27496391
40670903
25396198
17591868
948352
4367757
12540028
34770790
27676393
-237094
4165672
6523510
31587790
4112543
3710426
39854210
21616120
7820377
40042209
12651955
3168338
16646845
7030523
25439751
18365075
42942372
27000906
13621074
19889250
30040984
8041181
13015291
24562523
15569551
28716557
27194466
32684477
29005767
8124174
31381810
223194
801821
38896652
6632973
6951736
16543011
5515741
40740330
5993292
1170951
12759796
22616165
1709250
8074918
23816378
33290604
26549967
35642825
41010077
-619092
42263712
1234323
29245443
35374245
32888553
38487905
20567091
24787161
34941464
35936139
40932787
10698544
21371920
40307
14769965
13965816
21653970
10418480
10749035
34684623
39295352
19923578
33006128
9802969
19381596
22579852
35134472
20351215
37736142
19224151
31327285
34748404
33451941
9283452
42731241
4982846
24760144
11721596
13028745
6949558
17063249
8329943
33907672
17485391
17403246
30822515
3897807
32151555
25005534
415739
43232375
39069384
41145044
35089872
24533293
42002841
-578379
21612305
36906542
12512810
21571913
14701550
42057776
27950181
12479838
41076779
29904224
35645665
26451811
11980635
8924457
21346711
29975766
21939745
33307675
35212089
4582732
14367717
29767968
11770892
22284781
39877973
29175908
16521458
17795319
43498188
39688571
25576056
42109995
14117902
31538788
11565950
16968109
20776344
172513
-873483
27383496
22641176
11168807
6901125
6857487
14985343
43504385
41100307
13207312
40370272
1029543
10307398
31306933
7093793
36385979
31447788
21997384
9248162
10407537
35365933
40816986
39214661
32361333
14412604
14008298
7941517
39245878
6289473
4664803
27344370
20265179
29968177
15420709
43186165
13763868
6013890
5219401
28564785
34720955
27154877
8338980
6724841
2329121
25235282
20739804
15796334
23199503
28241628
38233503
30822886
9913466
25728986
8921851
17915899
1402123
20808168
33542174
27613325
15936357
26153894
40683255
2499083
5359451
8503733
35033245
11334931
28602080
5558696
5557061
29841004
35037342
31333507
9126935
26059145
34979889
32133559
28254446
18391534
25892068
39129308
12415630
18805263
36711886
26058453
26489871
30149143
42306109
9400123
26013294
14054743
33955365
3774109
3688817
14623854
953279
32658344
7461628
957813
17801598
28449340
39631773
19488472
17535225
886096
42373426
16141252
5382229
25410671
36779196
5840465
41574823
31545080
25691741
1286437
8398797
34015267
25280071
25555438
28161770
18394945
38950218
10644615
14543766
19191058
12202427
17261891
11305860
944710
7637219
6986231
24718561
6206718
42778350
36805692
15132285
14132862
41081640
11332015
24431584
23567248
15771236
37086350
22134761
13168380
27153566
16397858
31124165
9326680
33990558
24861767
25574962
31853279
19845891
4676768
9724671
21040433
38152636
32248315
28140896
16367154
31126244
36171110
25178084
27545073
36483185
1194696
38949951
10475507
38222018
34561564
27164405
30364139
14835880
1030065
3913252
-455015
29569612
22498908
273622
39581194
4072479
351878
11082607
39087154
3143552
42412932
4877712
16614579
42504744
15171667
5168837
42407863
21566436
40527072
41949547
16040505
5270852
15525260
3818965
2942637
9688340
5198605
9068479
36530083
21933524
12601930
24246826
9474760
7638410
22268178
5937042
20078839
38229143
37844887
21527279
8429006
9713480
19548500
4628881
3499286
17317783
15431918
7940747
34974964
2990975
10261803
25813520
37430034
1195338
12389803
38744573
36603211
38218685
29270870
14426705
40625411
4393671
41424892
15522354
2832371
20160766
35978559
21871600
40453718
27782665
37965709
16384270
12904774
8997869
27304582
-856835
19240396
6949296
35679284
9198419
2983827
4804157
14798277
39756261
30815448
8984461
1020288
37104025
41695547
16754518
25916922
11961023
31060385
18897223
3123155
5116379
15692538
36308493
1012148
32385227
38172191
35635774
11742377
40186136
39046566
32292588
20799161
34967140
8342622
28890471
28314119
9716953
455896
42817472
23958541
25150103
28466211
31865787
13098609
15852724
33478053
13790010
23653992
11251251
10750929
615678
31743143
27910550
25164509
39681796
3151370
38126388
2060928
16524686
13807186
42081437
5312757
15220814
37432435
39685616
21043602
9186064
3339566
41559887
41118008
26917536
20794241
34099168
14013510
9950410
41370952
26831996
26260641
6789817
7558842
21126035
28337580
20403001
12078738
27767457
31585528
34858863
28718166
30952411
23015208
15230686
3615289
15786413
38551554
12181749
32596337
23060864
28628055
14480950
20576233
8013758
42713440
19463602
24021680
28306368
11282915
35925038
36630537
16815391
7132588
19944312
5332120
272590
617593
34495588
32302684
6676110
32323992
32923123
26205817
6609950
14444738
16714054
30484980
2311252
27427509
-990289
20056222
24596829
9795856
28387879
31391208
24668242
7637276
39161273
21529441
12371855
8053803
14355832
30801277
31896006
17905943
-823712
41372016
19851732
24747296
38978683
19227860
36049643
32730656
1550825
14516381
14529226
9215422
8104723
18520125
17934140
17065435
9060358
8166432
34814920
20025798
41471328
35551341
1513711
21490554
26007372
11448147
30315441
12632280
29483546
11764438
33273156
19420959
41728104
26544708
21954656
13187277
24984403
26010445
7817379
13921394
31950178
5585421
10050335
11586168
-317024
39992748
379242
11166733
10512831
27566492
10932683
10047339
3745553
4376322
43247631
28133651
20601380
33696695
22658321
14441092
38781341
25022482
17809698
20536776
6123090
26792265
27954000
31096010
39056624
42296944
29737991
21376611
9987414
32184977
2237198
30866942
32603028
18898968
25628061
26665077
29608894
317415
22144868
9916481
30936968
29073663
30956895
9660051
7713493
42225801
1277539
8850116
28549239
16475855
3734404
-592587
370988
27541842
835324
25805977
14855345
13743743
6015181
3961054
26681061
21185500
25431230
35939236
9791222
16844203
42609660
42658221
38243269
4970589
6949254
36941217
39412612
6701463
18736625
443477
14775234
32588173
12935861
31742417
27995022
23381954
8364365
651060
17712880
23858266
13468683
23971699
30289289
43151390
15057327
30912823
40322392
19181131
30946234
28256314
27847483
27170487
15680615
41964260
39257646
-527342
10917006
19104901
33059411
11732476
37606983
14491472
31315217
14621686
8701395
14115056
41025297
1540197
36132214
83387
22062789
23402745
13165256
18109832
1847503
25595793
38374380
37875277
21665890
34994641
19657611
11758874
17927561
43144321
31557903
24386206
25450179
23271827
42937127
41896222
16749445
16595318
17887994
15561000
28327216
14946937
9778846
13022536
3525225
28663433
18759405
38193360
34343874
36139790
7548376
33852545
13989941
40839000
-385396
4690017
15366043
23303483
2230353
5488909
27597737
41985619
26836205
20159885
7623818
38050401
19585338
39644412
11912704
18379006
42608285
20946722
-143850
31314289
4855577
30193448
36524740
16366016
16817766
37828614
11841756
20201534
16204807
8128879
7975556
24031655
32611918
34365511
26512849
37010133
22599351
2188957
31217504
40076213
36769703
1054398
19660923
32816609
41549943
27997929
39386002
12738124
10088710
39540350
12896682
19575419
34043550
28409311
18915712
346343
1400502
15628392
15649710
5710026
19059828
27311639
18533561
7688334
34075311
19937155
31387477
26108954
14528542
8387883
21502123
7622365
14038614
29474555
3511199
14993260
5390124
16616452
37403601
17915030
42664244
18185948
16713633
35436
27760706
33248714
20582184
28817720
21175972
39933363
18831382
15283579
16016947
10369295
21058891
32417166
31287013
40376356
1299681
808577
16351542
35867988
11482898
30024254
12959359
39193837
2167197
17151075
15879930
27602571
960932
28072502
4553600
34877513
7491870
21152591
37136778
36368115
11439968
31028215
30692157
16679781
11362645
31420105
37913695
19225212
7268213
27582347
3663173
43437032
1055695
25483206
7959036
19784997
18800520
35766534
14633918
1533135
18500058
30353541
6158276
14993018
35075016
16148210
40538129
25348866
43259869
35647487
14485261
6984346
28766525
41851802
11600652
23896469
34150123
8628580
13748437
23524505
30749454
36146300
25223464
35105274
1890136
33585673
28780875
16043306
-142104
25763990
40592816
32737105
15502283
21268710
29975904
5663736
27630611
19366133
34707923
26289144
31784919
37700551
13471285
5324629
29205176
28588064
43529207
16878250
7686053
1996311
21206371
32617544
37093343
17727450
39154756
25775525
35905205
29584049
9652519
11040222
41062185
9300459
8668539
31517986
21983203
23774249
30821778
7006817
6042651
7648485
36247000
5826872
26723427
38491998
12191087
39802735
32385390
14174458
33294947
32069548
20581107
35099957
29108061
1675443
8138890
3455864
3603392
-350286
2092772
4723188
18071076
37387593
26718798
15206341
22435042
12832526
16264463
20756638
29293978
6339061
5830755
21262093
39667610
42714589
4315962
21376867
18423228
32240114
5815882
20968001
34904526
13171449
23422598
29175949
14195081
42443137
10530798
41875270
5705488
23043545
33987452
-412858
32459930
35453055
7486868
42616973
39298266
24347201
32162776
-981235
9701685
30149460
37687974
2644634
10965192
16598722
5705879
40738073
20117682
4727381
38406039
43147732
31972204
36351791
13970901
12468449
34006089
40644649
39762732
31408798
30125348
29369959
10131056
42230665
11313352
19910475
43214959
16229532
29204527
35077822
11300607
11322940
2237898
40779098
15619539
15038878
38821744
38261557
17928446
26012245
18852547
35120189
37217333
15930705
4454688
31964561
9460115
42530393
4101941
20225405
14358801
5996940
13558046
28282943
27141581
43493770
25421141
20738087
3210537
8101626
25372200
22384805
36609187
7783429
14922018
6273997
27742750
36063798
16772479
38909843
25482355
32744685
24536178
34165396
7742250
35749593
33335659
23942297
17886795
32538845
35138433
32921598
13602071
4546285
41816881
35044734
26747527
31864
40798249
28412495
8963574
34311012
13182290
21169631
37911367
6304425
27681984
38303793
11374762
29021506
12244181
40413966
-690993
31482944
18584518
10423426
8029124
33611437
25907043
31570019
17289561
20262403
16935974
18694353
9170315
6488198
39678480
25736192
6391315
15821035
4218703
5355240
18785584
8750592
16858877
35063030
21770757
29224341
36008143
41144973
28418645
177682
29973833
31878976
22588985
6937843
8525167
24350983
8490806
21818828
18377892
31966093
10619695
34792395
20490570
26338299
29321585
9718174
3711055
19740623
36551616
35076459
146559
9196871
30210958
13202442
35143800
8555637
26459119
18505538
-972178
29912614
21114093
30723129
22141572
27943627
9058605
18581417
39976836
36894687
29734252
33527217
13685787
8813411
18049885
32671884
24291735
-840148
17232654
14999507
28583275
20246201
-531756
30826057
30422633
8732487
32922847
11359649
14961129
1661998
39044357
33439883
25196991
2982784
41391781
35392037
25179250
23552417
28702240
41723563
18793602
14661126
26394899
36883208
17532781
12656277
13235713
985347
40812156
5401533
6350666
15631249
32287842
32694893
17510820
25236332
21965266
20985218
30184010
12607706
15017548
-96678
27325482
36676384
22271690
1971924
35400594
22981551
5512728
6445554
38473177
42731027
23266906
5567013
32045153
10365050
12448280
41479306
6667021
28648863
23637733
-982719
8626190
28019177
20721697
4210254
16612315
98262
6568686
798878
-230055
28130974
28243778
14015017
23203071
13573695
25774645
36679246
26295449
30334389
21304453
19570042
41340685
8511701
23813725
19806170
21950981
18753258
6530770
33685951
42702957
36132095
1626308
-296015
172960
22171917
6216264
33869490
-699062
38045233
25897067
7063211
37705906
6937773
26396704
37856991
20281700
9181414
7159465
39363422
31536445
33026979
13290658
17673315
-18983
18806016
31781026
23249939
31409551
31480951
43314516
25436379
13342165
43269818
9262042
12433030
32281635
36932078
39304652
31095275
8295490
40154374
-541870
33017084
9826462
36604525
11542895
32972142
7365501
30752220
32154353
-53901
25934681
35980148
12398093
32010614
16315084
166096
-353760
31484771
28736052
33573406
-754908
37127105
41194768
14879005
6437596
13298614
28437995
7412561
5825656
43374329
29033911
34461343
41987238
10939339
24999112
-86784
36412355
6780780
18054410
13704322
36058191
10848990
26140529
22832113
37649315
21442199
25205820
34048105
18827860
22099390
3087467
7797570
12246069
35843303
29930054
7389856
5600785
30007120
39164700
16970068
26105971
14732304
19198702
41263301
734305
37976440
19475992
19816564
4517211
18066903
36917652
5019453
30615081
15646618
31179475
69963
39471054
-102508
9464485
6095960
39029789
7108249
15404284
32993258
25870663
22505154
28472524
2498870
36573991
28471069
31571095
36088223
25505131
10104716
42780373
7701650
29569412
42543530
3012938
35259217
8507589
25036376
37649802
33238611
20248878
41827837
15842884
8740863
11872934
30042937
4820149
19269380
13252
23464828
35029757
3235799
38346339
16054345
36730957
29293914
40817864
19758314
18036258
20817861
10730987
6235284
10869639
39286633
35998195
29317725
29520263
37444091
3277707
20747257
41864302
29711213
13721363
34753283
3624218
27894852
24124612
10232052
6897476
1696532
24895557
7130130
3702285
920070
26189227
30723098
16690035
19939784
9531660
11285
42770542
26113218
30687121
35933816
38512642
-805826
18220224
14380088
15817011
2191556
31797798
397065
12933989
32087554
38171589
39606707
13926569
9635232
31220237
37427492
11537026
26348107
7094780
17744749
41360285
9501180
21405782
20369410
39957411
3872400
30346518
7323368
2522446
22542390
36528032
39655272
22050999
32017636
711856
19407135
37493929
17701749
40626608
17446267
40696084
17632894
16857193
10265030
38073377
9060542
20302504
17175223
38061955
30526025
36824539
16789245
23120444
8352951
34144199
16471304
9160626
23044083
33094881
8716237
16680635
10786281
26465364
1875407
10022826
39444066
1810935
26230077
43379880
19437319
35216545
17161628
10407230
20156780
32685644
19595017
33668186
30703062
38681549
38481815
8619654
17243063
29134090
14926231
35165008
583568
28636543
40484190
37557184
26642821
39908214
33129195
27435295
22938550
3775905
21881703
3981796
38581421
26456382
12351299
21884305
21651529
14491683
27583200
28030496
5564303
37104328
18294884
26481254
25561030
17768361
16331897
8461910
16068621
33720981
41574398
31875322
26542758
30735037
11386277
21266637
33650480
38796730
26186232
4430941
-374614
11441089
13965325
9947139
-710881
29793097
20381338
8310002
26103892
11870664
26187484
18816248
16971544
11504207
17323853
10932144
22327254
75205
4082818
32227110
30488317
2066317
15688078
21823518
399920
2719632
33234120
7568764
12431583
29824977
27990330
42649369
10333177
25353778
17491718
12418636
2730279
2576034
36119142
27516517
40514080
9260659
14824925
4341471
17595195
16742097
39198228
21672962
18600291
25648569
36149707
9976417
39084900
5776386
31046278
9548476
38610201
28898800
32218140
3372187
10540461
30111543
6629643
43481433
-69217
8232105
100728
9159982
15377705
1392619
21211938
-553036
9837218
42198796
36390504
22779966
15535165
2936331
6400631
16262950
40815305
28010744
34578536
30888066
420252
11602757
11445927
3050394
38936257
-43244
25893170
36350739
28776781
2503763
3428818
11242976
9789325
41726723
7721655
14448851
39849701
15730312
40062073
9708208
16258268
13125911
43456396
37950034
12437962
27016171
5820720
19156077
43533176
25860257
29175434
22882646
25671724
5234212
17980642
16039621
24475102
32834127
2205790
3702664
41025120
6843883
3402599
6599963
30511149
5004678
43161653
19839494
15237960
33932206
7653183
17557846
16577529
-46402
7503218
10984661
10186025
28151654
5028128
14572812
871415
34275169
18239176
2822928
6563817
34047924
4591358
36289779
5654534
30662018
19084794
28783264
-945911
36969117
9940895
5710316
9364102
3225674
29614624
14446005
14342147
19142443
959268
30111102
30670370
25565061
18412419
26024829
8290993
39847948
30336683
4232337
9301669
13320011
13819671
21471987
23054172
43404140
35262063
6612441
4064468
9255040
38480097
10908200
38564633
7839161
10457874
6695466
2952414
37473734
6008661
13652537
3983813
21835441
30728121
7000870
7566612
13236582
41646063
39143941
13352609
8175803
36214656
24604831
2302048
39788087
19364738
36932196
22420673
27984547
12417006
7609587
3263526
40548170
28465999
27486331
36373147
30030271
-990768
27879982
19489855
26320295
22452113
8021600
27825176
7622732
42468426
21488516
5848224
11179160
16760910
4547784
4071019
11349231
6604185
12388160
5815911
36917511
-5817
3317207
32186375
40027180
17231766
25483345
28393710
17006322
31628859
10509072
27154024
19846544
30276988
2428881
29162168
8377028
21353241
43438886
32894753
23006503
22398362
31824832
37218509
29300657
16252022
31747223
1202457
23931032
36909749
9857943
18284186
34907407
9428671
39822617
18892177
1227138
12482956
29321438
3891353
27391636
32188974
36530190
5459636
20710031
4203332
36436667
343950
31468418
1233661
42259378
4651443
16274232
8631924
18551349
18482532
13204484
5776754
15431708
6981687
26082030
10185702
21414991
7856914
9827315
24527875
18887561
5683125
7205710
7979527
-180055
-77876
38214013
13196038
1998252
37371928
37307840
16523560
37825745
33845252
21104972
9228140
24285615
27294811
18052127
22928273
32421567
12809027
40108447
1199443
3290736
29456506
11826617
17966380
34649607
20450700
23796732
1186946
32290468
16769980
29326681
33239533
26230526
37790198
2186302
28882313
39026247
33323209
38143855
31732485
31271287
26343395
11944918
37778276
17720054
40775180
38332559
34637627
4700177
11114994
24436322
424207
21187713
17206529
421262
2565312
27233821
36000432
7634543
26194837
29537796
21133951
39592562
7460024
759601
34034961
35718768
33717636
6280892
3081960
25991923
6570798
15806346
22392247
2655492
9572745
25072193
34663207
120111
38880350
5792147
34481014
14609181
24442798
18765508
17974948
10378247
16346492
35232350
9061610
25506858
3901097
32379814
24282550
2334412
13254653
6529233
12601022
16370073
26771550
9040969
744132
30910502
573840
17742219
31438320
18679356
40582784
31586739
3253064
20921405
12015381
41094659
3980275
17912288
29555266
22507998
13639645
5085057
41601341
36331494
5506571
26487122
26851054
37283454
19759910
36927865
43405517
9601667
25114702
25451156
35316717
19556214
24784588
42872644
41907261
29998551
41293086
12352127
35781721
27023939
4165442
38660873
22506921
40981489
4336474
2712165
5361536
69535
29638052
22265967
31888067
39384205
41409660
1200292
9666176
36791557
26915596
18804241
41512880
7028692
28215943
31571754
-794048
23387084
2683006
12354726
18956648
345201
5704557
16159748
22350861
35627782
25990111
43359728
18248063
4848194
13843796
25443795
10848792
33044983
29380825
17699932
7819505
31559443
39482273
39904255
22449199
34472061
9966885
40413117
12577142
25421254
12255762
23772762
1373210
14876080
18702064
34150118
6166661
5459452
-771643
12853204
10058253
32385396
27669506
21987049
11622335
10209225
25070559
37577397
-838286
39560227
38210852
41033745
34095619
43068041
21153133
35316896
9851812
6285190
16026196
23847575
8322362
35439331
30420161
24632131
10650885
4861961
8600327
40287013
5690169
19916022
13451281
13132124
3777297
15437630
14201631
16540157
19567902
6941435
6911461
12273886
6899599
2428533
30963310
-682291
30715962
39949761
25664588
15276733
41909030
23605467
4110928
10390830
37409682
24407989
34328969
4608274
36414697
-427794
11755028
1000764
31720336
14349714
31783729
13412079
27050044
22311580
33474043
26005716
19251025
35875274
16642818
21702980
33962401
5448232
19548085
30595281
21931374
1697986
4343420
6573182
10562270
161893
5016462
32135769
5627682
31944405
14765689
4594910
20337850
-906147
9696783
9519429
13478952
14121359
31536951
32803847
9486251
36802282
20543275
36335437
19472465
18311481
30735013
-797326
38006729
17625844
8802338
32483161
41331477
7152164
5412491
41829256
43147216
23130479
18173987
41275186
-293444
6465053
21333472
11071254
39207522
11223968
13246568
942268
19394865
43426586
36282270
19178866
16241181
25888748
39059164
3547089
3946745
5024654
40960997
1071588
19703893
21158873
944985
39305425
35896062
13200731
10286886
41178459
23757356
17654917
14565600
41290011
27387550
41045852
40317134
38828578
6045091
17399288
6390768
34608767
11165014
17754717
21672027
3051837
41272490
27176588
25135377
38299552
36512363
10969573
11264991
26702960
26682078
35245368
37932169
15105849
8401275
2445835
22657077
34197574
20660917
21598180
34966490
13645861
8252321
23356317
10143925
10526898
16772210
17212099
14821773
1997009
8923225
20048426
41222865
2842178
38929295
43160993
6230658
25082394
16625716
37675744
17001926
34426149
35912495
4184592
11916678
35698376
20139805
27426992
16020814
31572501
14459092
39448331
42568396
21875003
26195233
21792748
26611469
32013822
43305739
9476080
15478097
13039030
42886164
15346351
6133692
29100298
38174483
27636144
35710417
18699883
36882522
30928014
37275054
38488097
40607533
35728354
6646902
37841035
16593054
22833812
35678335
340449
16192532
7812524
27389180
15809838
3615224
-36621
24265156
29329811
10406976
11312598
39223713
20026410
5910263
7095135
23174592
9746743
11456246
42495911
18239595
11866227
27365029
26849475
10596742
25331871
17841951
2671490
13112529
4906256
11441230
25640685
29923188
-55620
37630555
13209473
35452481
15859215
1014655
18834288
6225159
20279225
8158675
4344191
23147575
8247170
25925785
15310062
30589160
16054780
39691262
9433642
6940895
33134150
26235241
176772
13326990
4982471
38471035
32624430
27168018
6164515
29563448
32868906
15545303
40997046
24947688
7388334
9591113
21882950
39582074
26902897
16718294
28050954
10738137
20121877
-660721
4992285
16949580
19457421
4563267
31736805
33971509
40256438
37328829
19078595
34844158
9048414
18530589
14189078
10613919
20076029
14301453
2997513
3577824
4075137
25072992
27287210
27970603
35346504
28287969
30452535
10748707
11254931
19648658
7094310
28593471
43271453
-744752
259338
2359135
16190491
43221750
20007921
41659128
