40731422
40163603
34453598
29361070
10126682
26488326
23037067
42616021
19513913
42743537
20458923
32854448
14033123
12622790
26576232
19638953
5381850
18862240
41617911
14740939
11970406
16405527
35822
31603127
6381210
34021532
22016681
27979950
23651442
13391317
16881053
5062336
13418589
39563553
646704
35979992
11052587
20758459
19135799
37429419
33121372
39949933
19524476
35995542
31971700
41173434
28732710
9289232
20374197
27401575
24295847
10347483
11869973
14301889
-300318
27560192
19043340
28789423
38229017
33005366
29010227
6039787
237892
5475234
22588422
27436607
36313877
34914959
622706
35894318
20240707
13703058
875708
43329056
8518264
14256386
27287906
1127876
41667530
42543057
25284500
17851018
27447712
16128678
23695899
31357174
30614244
616172
5155151
38253147
25762412
10571504
36828218
4718235
7683411
20794441
16208021
3687467
17063480
2090963
40397768
35399421
27680214
29264298
-413975
174511
4858067
41411460
26445277
18424410
35795509
39150725
9041034
23850605
19629567
6656936
29200202
35240114
36887223
15405604
34660824
22555470
21381165
22243647
42966995
24373691
42152753
25338214
35154506
8149218
29635927
28431971
37013198
29748743
32281719
761636
1094800
10247457
25560403
2043723
38390406
34944028
33567938
24748517
9484811
2862087
15884505
14646548
2715271
28673224
1860658
7151592
41265195
21390645
41585867
19756935
14498120
7053729
8362954
23810126
11468150
10134541
22557124
21845880
23709528
14844164
6793206
37145446
8747852
31854032
13794235
40609023
18816486
37022893
311786
11930725
26213281
71761
18207563
2830821
17141322
8693382
39066204
38340021
-991335
28479261
16767117
6649928
25558496
9553213
6619279
8811679
3558875
38985956
16890853
39502666
4805863
32025087
11704611
30165736
33235809
30379800
40171925
11776387
40439084
30478483
29634581
32609339
32294930
30525158
16951934
36358097
12199690
36658056
5639934
12339095
9791784
13318152
16227451
19789698
22444229
29581740
4343606
23002969
27164741
31221725
13850509
15282616
30131417
27544604
36283505
18377661
10702500
38765528
3197008
18232747
8041883
24658113
39888589
5567859
32549521
28403418
41805971
15066487
23048161
15923658
2432832
36445128
29261413
28333685
11706852
16621031
-801182
30101361
41627820
27145384
38168364
29235014
3282330
3385648
40545560
25824612
30905166
29199594
40972617
37408441
20869837
39430314
18261270
9053532
4571251
29166905
12105487
19690634
5288573
19500268
1668123
30359542
26701680
36935821
24361564
15922874
5464197
34849710
26878015
33130960
14531666
-37986
-85065
892512
34037867
10604193
3431742
22265498
19030157
6489319
32923640
3691475
9645307
5199337
25579472
35918087
41076502
15698710
27515408
16633567
1721210
18774464
12056159
39225497
35828711
12040132
34379615
3368091
29580081
19968382
9645264
19748347
15602214
31684522
6350759
10726657
25169020
8561234
4634138
33582853
515481
35203445
32377014
33302797
10164355
31760615
18118224
36408931
32818336
40409929
33494216
19495226
15779640
13644389
11714108
26631209
5247143
21939210
8591886
36893480
32496316
18436954
9515885
41064701
20634280
2499091
12996321
4121421
30902602
7123506
8920217
7002697
12248823
36854292
28504002
35425189
27891380
20510766
25186421
22892177
31129469
35496859
68673
35307643
21467755
34653592
39270957
6150150
34322648
43165893
456450
-302718
29162112
16153092
21244061
30028229
33951680
31201928
27201156
13790300
1215134
3744441
9193545
40283215
33682041
40580579
34453952
10360966
42313508
33390437
29551217
8758273
2977436
39072601
11735228
33342155
23196270
19999535
28128793
20586994
20332666
41895372
33421106
28182251
3355216
33514819
13590887
8059214
15066619
14251544
17800914
1576665
39507726
27537503
23680683
27719288
4666292
13655865
20522081
16248421
25373680
16711233
13642101
8437072
6429512
32459969
37122468
966262
5518970
17153452
2575030
23153512
31113469
10182216
7860898
11948189
9856720
23544251
16755281
16221791
7882540
27476645
31942981
-918913
38736030
26554973
30174947
36149979
23069858
20242320
42836226
30191239
8623332
25446118
16164402
43325940
4297715
42469448
8756302
21739495
34614410
19738329
13853408
7345592
38618502
10847294
8029757
31577431
9728058
35359827
10019951
43304978
9081663
30120002
21435246
38424517
13321127
23272770
5813232
38619943
26764816
31174815
3237527
41046130
8458916
24890860
34619452
14849924
39590434
-629137
4933732
28701159
35085725
10276186
7104631
7055840
30371320
3561991
8798348
25187389
24982541
26394638
13206910
10616081
20586903
9426720
41606656
42609162
21967297
2067605
10751270
10471896
9601603
5903392
29302279
15238860
18744398
40808517
4211539
65751
26247045
4060377
21772565
7551431
3269970
42515143
26707484
13466165
18314747
21404143
23651628
23840749
17423925
39685109
26160682
12061140
13560450
24841912
37889085
7827385
18480109
26325562
9420457
16791245
36927781
35553110
21367374
31321293
33970947
33911306
18216947
23366868
11167015
20911507
28158533
1993998
26012715
38177534
23578675
4673498
39940393
1538067
35477231
1761459
14236479
35327316
29238430
1444202
10522140
10970180
26759776
18916336
39522125
34192139
28903829
42591866
28337328
14559662
5861826
11572028
10795983
19940257
26384751
18173251
31067747
31742368
28657331
35885233
27781551
24407286
35840805
34578632
2492826
5158658
13422010
36945299
764398
41586399
28519874
17399553
9676986
161618
33052668
11222599
18325046
25776839
34150174
20376273
24600303
16641653
24022043
36797383
5840563
13571329
28462613
22337102
39804625
27924322
38496989
36285894
18881012
41156677
18190259
13472924
19222710
10714741
13362212
36037965
27653678
-109273
19425472
25886872
9423734
36516607
21845536
19634972
30614174
35580794
6992806
15094245
25141225
18139935
9644868
5142418
6237835
30096326
29290294
23639038
17056193
34452282
42810498
32720619
20024448
6453230
2551662
6102530
35408711
4635137
39936298
7012434
31430240
13331797
24005673
42624117
6037543
1910026
34896560
42427677
27826802
13735761
35496434
32466004
38595427
24689354
1637422
36302969
20526559
42686959
25138611
42907896
22569900
16842377
19238449
1020750
10177673
19710991
14715355
41157278
3831259
3549886
20710393
16476056
1948780
25409993
16251607
18605034
38724312
33793630
10275076
20865651
2201063
2637117
15707105
31278934
-154268
33222929
29980321
21963685
24610700
40567645
21706609
36642942
10511216
15403752
33556905
21395324
-428099
40697879
21128524
28533798
13584320
16414585
25717678
43254769
-931898
10583424
35068540
33147294
21074382
1003596
17722601
35203060
3670383
19376096
43039892
14012061
30207629
4569566
20195937
15632814
13308889
20616598
2297642
17017698
15848953
42690473
36581603
23882054
4465329
25160562
328130
629752
24057975
32795388
21680551
32550405
4603450
21735112
19485257
38190155
11148528
-762860
41558162
11000707
39501932
39873602
39326581
19782935
42427690
43022879
19655202
8540955
25812972
40066107
34435638
29376521
40659261
42504022
28004253
6590716
38587806
39287972
43035019
18326004
23523963
8455097
19225075
26275226
-940393
38915745
7843088
12021195
19857609
23176792
5845689
38240851
36083792
34499190
2999629
29896904
11233503
35375997
16161554
3562532
24313627
27624259
2814661
32835746
20286517
16845395
21356720
30130092
35355402
27379048
35950227
42146133
16564687
12635784
33212719
17085724
23511528
42251917
22432819
31401813
13093066
16994609
11730522
39219133
26219117
32805258
31529937
754951
14247252
1582610
13305830
24860711
17631816
21829792
21123630
11469882
21999656
13725318
27476370
24912145
-463693
29456326
36412117
17561267
34930045
741150
38445769
9327251
-757997
18856331
11490906
15428947
33919607
25082881
27571697
29176522
23493575
6797631
42676729
15204873
12720680
8185356
15950315
37057939
31076946
26249296
7219141
31579472
38225826
22924364
32363550
41406635
19467811
27795699
5671380
14356202
28674096
40638169
19317050
21170628
27937249
26912614
1358046
9757689
17534799
29585426
13426796
36014651
18412859
42315747
9104598
18540411
4678748
39315886
17249808
24947336
28559760
1702819
13678645
23812736
29528714
30808812
36667142
18042579
29005428
39588704
31359155
13379414
21129435
20004623
10732648
11319469
33622171
33529784
1725625
-977766
27207806
40535480
7379890
23827995
18923477
17059891
23721506
25080569
38911187
10595251
4828623
30651711
5000368
29544892
34867175
12062560
43102580
4956573
28664688
505657
30147880
39397517
19588052
37578499
18830903
41651916
15264532
1478073
-812654
3546561
36055066
6124218
16361621
14545028
38600613
-482078
30694937
17019279
12297499
40959100
39584475
18051083
29929493
30392417
8669392
5225738
7624614
22577067
22232734
5493747
20681412
10514302
4492461
41764415
42571848
29346178
13423919
22774222
33681613
36486245
21825481
22529393
37014107
18872148
33738045
28554507
14022519
13034240
11041972
35496907
31770602
42461930
35986322
30836738
25136496
20430422
9224326
24944367
29276886
27079572
19529490
26836908
37715789
30257366
9171381
3908368
43231436
13192950
3344690
26899893
19748738
36104802
32326046
530661
14984883
35056357
7683770
10711115
3100103
22468655
2812445
22286148
14694293
5415484
36742786
6371563
1039796
30764318
25011103
12301735
37350158
42926105
2834144
-256848
31345148
20286539
-215568
12255510
37535741
34821391
32258425
-847971
14236683
37096487
28568591
979245
40355113
26319682
41566327
14744084
28607887
377685
42225274
34620804
13908122
7190732
21019785
23791999
27506288
26425556
26953875
-956599
10147273
42355276
16140114
4498312
11469422
28398331
16247596
24566278
9256747
14704278
15260787
-841292
3472889
38018453
6818898
5225153
39163961
4985865
41042051
32112848
19830518
4482446
28775666
34102740
-123220
24022506
41587949
1397166
4999388
17482846
12988958
23563128
12224489
13089191
36145123
36284346
33055179
3742049
13612576
27332545
1904898
43324021
8501585
28752471
20848389
40063906
37453411
35293918
31605694
1562312
20503187
42451881
35517303
12289416
35884021
8882949
3695075
37001471
26000211
27339886
28522891
15916675
36926472
17326283
16298380
41843289
21026016
37893047
30214864
6619584
35563952
5803357
6842247
31327473
21430849
25371425
11491740
37263514
22109131
10658347
3637050
13098590
30817111
27214891
32868669
23497334
18310532
26769419
18665518
40888199
37674264
35121280
11445029
28411024
29033384
9212935
3118098
4797984
38422038
29824609
32156882
34486120
24098557
177155
12740708
34369728
3358284
11240910
10983748
35196878
-515636
25613567
30559050
11341310
36254789
38847410
25875653
40504922
6665939
17216231
32941894
20430311
3347981
6464190
7796661
10916526
21904210
15611129
27931045
30369756
18666911
25972851
11501958
10678823
27856782
16496907
6763990
5944634
29234536
9220795
26094435
28108065
24482053
14115368
14166607
39771949
12786343
26912757
20282624
6165890
9625455
232514
17383520
41115031
6966438
12896023
37985866
399323
32949955
16405196
29926400
35767418
21065342
18800586
14292914
22007435
33578489
6546982
3627397
41478196
29650039
23590274
9224740
18579287
13711729
5434360
1790646
42703053
5658759
28356833
12127730
40713228
42263193
40259947
35750902
19340904
22761002
24784393
42597077
29195562
24297444
31716361
32813305
878744
9149011
11759115
4536174
29423433
31733177
12314066
35276690
38315032
25696084
31942085
33987032
9290163
5665141
17456975
25243409
12933739
15882174
4391049
-807379
15652557
13267843
35896449
6970832
21612802
29377182
20116026
34996280
23098630
32409648
1872683
24626716
2831977
2078641
20147217
36441373
32532786
25655460
7606019
30416458
4664548
40436477
25031009
12130311
22684484
36223843
8482449
19355227
33613484
12122236
34214480
14424007
20026721
43456882
796010
21690045
28379903
19420674
4034465
12850107
13552697
28662230
32621478
43530380
10988472
38445616
2191567
1931803
29841984
17244973
2616835
24726940
16633376
34095799
37174449
19191488
95606
14791892
37198229
21584860
38596328
40649865
25252016
34765953
23277008
30302925
41136303
40047550
8827210
41130308
10556136
28608021
12583922
37924341
205146
28227766
23273879
18380488
26028177
7209205
15823734
29807363
2816630
21873242
1685334
28479625
-484870
38922074
21798642
31313447
21838882
36091472
20143545
33644415
2609691
23946619
5550283
34051005
37185725
133718
2360331
15196288
28430387
13399326
9116071
26917679
39029296
36821099
32102891
577262
22328910
40343971
1027300
11071833
-674282
31566608
2693767
21569258
27503183
32654786
17866402
39013072
655586
38217900
35534536
5329883
5417601
40010783
21001796
23146998
39913606
30590053
14897026
16698506
35655613
37770088
29701274
15636717
5923479
2179770
17211485
41612065
24462974
16462705
33166064
29396653
6662856
34993371
22089739
5267715
2928430
9254097
21897215
31216111
17405598
22204050
13166900
32970322
43233500
36447724
11154388
11352970
33787774
985477
15927472
30014144
107447
27113826
24324398
1223063
18126733
29138340
24816429
41643792
28503605
17970599
17015258
15233393
16755305
10252030
25666509
14894773
20340534
10000952
16149272
3057315
27603215
17019478
37470980
24205456
30211290
2719637
32089380
29524773
21345139
23164091
14059026
19906353
19602334
8701426
12456197
32918868
24746350
36555673
13771959
29807512
16982473
40362521
22612798
26592660
5359613
28665016
25432616
12375266
30284112
16046795
20905641
15073308
8459375
24413627
43003160
27167215
35636124
16388791
5168512
32011813
42828755
33423345
17133224
9747226
34048642
21828701
39908203
27752759
29494712
33951635
26978644
6347255
21139890
223283
685596
-311201
26641893
-977282
17411374
131341
38836868
1531085
18276833
15577644
39370436
32007733
10862803
2730620
21724488
21350151
12393659
31246032
29445960
16604893
40156357
26112953
24248543
10395605
2988777
36053826
42968595
35843650
42728701
19440359
42224265
33582562
16631409
31422401
6937379
22885712
25649438
6312050
16272695
7330344
11523457
10560729
22435199
12714377
22703795
9891269
8590554
33077541
29279874
33233690
10712927
6243260
25116550
27860568
22706070
8561934
293514
20132499
33538958
20334611
21737105
25000933
18109197
38901549
12722506
28865045
26730105
22249810
22228756
31385798
4981412
7861815
37670653
9121097
22934275
17020069
35812632
9967684
21847525
21308649
30222037
12165971
15606771
21483023
13039234
14170983
23848405
22297856
26916763
17244777
29279887
12172586
28640089
20936008
9179162
1389475
3140004
22667714
32410058
4703591
10679375
11669688
39986816
27851430
39612809
18980432
10985009
16337077
32977486
25748531
-516617
22438575
-861357
13144355
17615896
9775198
42540748
41871963
7591604
26675641
23907419
31701889
11323124
34547856
31155804
36124984
21286538
21005328
216236
5863658
19948606
32845306
32874604
29624818
25474039
19980468
16653345
36867237
4760591
23500225
12525580
21098046
943344
17436228
19865926
29796859
5254268
5399721
18874278
23865398
7777636
21436804
29557778
37040013
38488781
26279415
3377604
-674134
5760523
38794236
38576244
11959537
13688481
1597607
35018205
2800209
25818266
39254367
10465722
3432885
15909224
11297069
25773241
26350404
38909846
24783888
8388091
11803973
30347278
23475496
2787725
30274109
25267182
26584459
34488146
38250892
35243587
34639570
21195892
21316906
38395837
26111839
38272386
20967157
19598545
10899368
337420
37925220
40706061
9961250
11962409
-636150
41870286
28551618
-525619
42887589
26644281
16793584
40778891
-621240
16378902
42558007
42538233
3897750
21539405
2496920
42572094
41778689
1946591
19813102
31089200
7295039
33094264
24372362
12175994
14121573
38021662
-378799
32411151
7392637
40606662
3786196
30912840
14922126
3306377
-169647
36431695
26096739
13130104
19767301
14395832
32156788
18630836
2655114
872467
3290877
3405116
6660519
6649747
35565866
11094880
17603087
21416293
21529491
5257285
1444293
-85493
33104406
15466772
2878662
18815818
37015978
3173792
22513214
7686583
1773542
27593330
36030137
9464338
23680160
16870526
26198616
7990812
27174435
1071965
21543054
2172968
39687748
31263145
21280782
2056177
10276375
7858493
34582544
-731593
20390310
2541100
20339839
1426108
27870176
34442656
7551356
21253409
18412316
9518838
34268347
8427211
30654232
29443972
381406
32974668
30524656
4848767
3229123
22891698
12355421
3580497
23960857
28319689
30471893
27719263
41271798
6122757
15426547
1755315
34932442
18461626
4258766
34447385
31069398
40085643
20165091
22859005
18010736
24837101
40068510
28154113
27147865
41590975
26648177
42898001
7263975
41986724
41190779
3681018
13484205
14375645
37691612
38117322
41365838
30888610
6176202
19329175
43117513
35058623
23783185
22721863
18937278
37465993
7729323
41575392
-18316
20498201
31639503
37964324
25916692
12956888
42757130
18690189
30398734
13462275
18606935
30593238
23108348
35415832
30125079
11409642
28591240
7128357
35057150
35119318
11538385
22001195
23653173
30835610
22927209
23072812
10358526
12506936
8190176
19411306
11685051
40501558
6813732
26683609
3096092
14014471
42660957
4254971
42822691
4415338
2885841
-149425
23228835
42831943
6662140
37837354
31742267
15988423
5184958
31978474
15070203
38968464
32156870
29956970
35204600
13526133
6088383
26329409
8333144
2877907
6488192
33556850
36279509
6910850
4893312
-292682
20925141
655805
25515365
12641593
992196
33474555
13932174
29056285
24942052
12522441
15523742
41224224
2532391
28956932
14030483
10463131
9193698
41938758
15184073
12869920
24592137
25009205
15874629
39725948
5091368
4632938
37164892
10872057
23452388
27618358
15459605
1250213
1422986
10902267
-519347
36319381
33441388
42385245
10175469
18618094
7887834
38006031
-270748
34078184
34136398
32888611
14559204
38845535
38647532
17286195
1768310
21998766
1026160
1270999
1159905
914823
15772258
23641227
11147837
20867900
39054705
12928578
9713846
30792154
29009788
33547159
15313109
14517452
21999598
23755510
40269890
21146891
27755695
36698214
10945279
39661550
19437325
32337450
9328938
1536009
39332654
29314360
2754824
9388766
32642049
33844228
7462076
29268514
6850013
8028668
26276673
10244806
37992533
15955075
18512685
8532362
23967936
11035840
32782647
26403479
18581551
41427662
3745302
25959873
37668144
25602266
6317858
34492264
19463958
29853233
2549725
40776883
15934301
4137536
22640536
7829826
25320181
8643864
6985174
39063503
16688739
40112470
41304176
126378
9282752
36691236
7592214
24551422
12420146
20553738
13996636
33590060
11628907
22929480
5944958
13207501
33737088
-939800
1165574
6706559
11786233
15591405
18529891
7200425
15465351
368366
33132875
5942911
10940047
34208389
41723894
9288539
43074729
7205589
22644668
36862279
30639367
2080213
25608248
10273243
42944392
17046753
7788566
6552452
23119739
15179511
31159066
15044337
36398185
39848751
9417523
28695042
-500070
33267748
31916395
39645451
10528505
11661737
12751494
2968822
8806532
34645607
3143256
42803334
33014183
21593660
4975348
41044426
720575
11819233
22100949
40416739
536315
42020222
11046525
21947900
13923722
42125529
25325750
5365030
23970079
509383
7911590
42356038
18278969
25631686
8335047
21897425
19872112
31482480
8637522
40511904
41858345
24710481
41373201
10777122
3589737
13963083
6726627
19232915
9347295
23905499
31727162
35276491
21770087
12406461
40706341
22479857
4569883
16148560
20874716
13374696
42589050
9209320
34252357
28804842
43196079
25275003
32591683
13800093
38432192
1696289
3514433
27160674
41734224
6908506
26364169
12170193
35991045
34230689
-345718
20775129
-654372
6101843
42997208
21624652
33476654
2623202
22378189
42513047
28586862
19736228
13249435
291952
31499083
35906150
16235760
33265584
9333533
18442739
1305919
41020587
43348697
3143275
1258022
38612542
30361153
21329212
25715685
11438657
22522427
31482893
3347488
36706619
5345734
39182379
99846
18163328
19899700
7127599
3161811
29761358
4350969
22372849
10662210
25335947
13736920
20965227
1392218
23895658
29398522
14694980
17845852
30626416
8439836
29637878
37288007
28897113
35031187
42530931
38366129
20555030
34537621
32813851
36737488
1073384
7578295
38338272
23157628
35674380
2391622
23832098
39889823
7251360
32586998
33595804
31279257
6876330
-865024
16134537
8544432
878761
22722744
43274823
15946212
4183889
40568422
13255948
18440214
25877721
37035690
7424572
38099876
38256556
42321400
4504061
5748770
2918210
22346178
2606577
23115012
9792751
23184532
11953267
7536122
35524850
3578716
1999862
39048787
10247513
25457905
37149572
29352197
20375038
5013007
24488549
22375431
31993124
43310419
16699800
40786293
18661519
19051903
4299039
6466913
34058757
13310945
24790660
42372975
8753650
43008639
11298250
7961230
14909555
6098730
33818115
33375140
26472645
6350834
41092779
39436901
29882496
13020452
27098956
37782783
22706972
39207839
7338585
27944829
14678047
20695537
9770808
8461849
6988277
32147309
36109802
12758467
658767
12990302
9589575
1768652
38479453
40883063
25189328
239237
16419162
11862678
43334238
519250
34493436
38676085
41051249
42737328
16786643
9913224
16511273
15228546
18517285
30732331
20413260
31928758
29543636
38340806
991599
40716269
15819297
34473265
14303461
39590725
7884294
28501751
22149798
20192704
37486563
17420107
37092258
35822252
30688957
37044167
18518654
41255178
31659009
21694642
38530247
27124949
36648411
33666449
-386693
21539206
21793489
8886086
-110417
24196969
40360015
15487389
29544242
8278427
26993270
23598323
12741230
18673673
40444441
34110634
27564873
6560607
20423018
33045239
28968387
41878408
5151122
21123589
2515514
25852562
31500524
19862822
14183607
35763678
20935734
-505033
41885464
3284083
13961842
15343806
37285517
43351861
12703040
34734447
35374028
7881037
9331042
4047157
13965033
23645607
40677133
18526612
17558839
25940496
26220917
41374091
15561099
22191
38213320
257579
6460715
16379837
16410799
26724601
16739483
13379051
23448887
8778209
31963824
38796364
23251833
32886414
28755381
40493364
17226379
1297261
2074945
20185489
25773492
33463683
29914827
40714265
17247065
41297312
28068944
20112040
29476732
42165681
43068263
42206670
24074384
34857224
38502385
617069
14412548
38042905
43519489
20323871
40770310
-322908
9027854
42208532
6630838
11645542
33285570
10423960
106236
18214565
39153739
14000251
9819952
18649722
14879338
24327744
2357545
39337080
14753235
18488584
15545614
22563743
23142568
32051499
17885736
3000196
24215234
42069751
34062658
2215964
6363285
35710261
37908230
38693423
36981381
20297029
27615388
41198207
1877050
40703085
38350773
18437265
26103708
16961488
21162826
26387950
9270541
4238469
13123132
20420385
37079240
22893316
35387751
25653350
21969347
22105642
24585411
21339578
37228100
25488436
202439
29992076
12868795
15172379
13161555
3567784
7031278
34422713
23400776
20549521
3278545
3194204
27768765
13177133
466565
11578451
29473339
17845970
9228364
23039623
-562207
17760467
32059335
17484330
11460914
20698349
2903947
19408822
25514250
29105983
26891513
25396864
25741226
14993780
30195952
29672897
29505777
17650190
37778285
18648005
41229661
32336889
18734957
3073477
13871602
11106340
-897852
12820871
37950542
37870400
28946965
11377674
13831313
-95315
8480315
36601529
1121458
31491477
6349020
6436267
27421956
32050197
34734159
24684912
38746074
3717982
29353797
9434567
24382524
20983971
37887469
11284596
39441085
1880898
19582470
11436902
8927582
7246438
22674274
28667467
19311543
30276725
16051167
21986968
33375650
9918683
6270838
41941977
28134899
27171822
24751250
32088419
16008537
15745216
6490680
14019993
20527655
22768327
26057972
9927883
29882590
9555393
10222001
2106242
18500539
37065368
41570956
5707948
25268460
2207581
41151816
12656777
3308082
41032274
28780332
12574584
25438513
26503588
30742860
31445442
39828884
23095991
2979698
12611446
39459972
17746982
5431568
13565125
21021060
3155669
41130413
42895334
28988525
719877
16659377
23472296
36185067
27582742
29384121
6566627
31071722
14150776
2182938
15084259
-483085
5313273
37275572
27835426
33217643
32393236
14222199
33655952
30299796
43473456
16267913
2640599
18834600
29378526
4952337
19020397
6813897
3669982
35300762
18993624
24271802
4486887
20660891
41610958
13067452
10406863
23107581
37808016
38801064
21623686
39640061
11378299
561464
43004240
24814832
27761913
12044793
20359553
22817125
-290210
21105083
23451217
17710138
27052472
13933168
8497920
15266249
20471635
30222773
30288361
23796193
23906322
29693506
34704439
27190031
8512423
34985225
38524955
-1785
26898537
22282013
22362716
37900389
20601739
9122091
19651671
12606508
711487
9319922
26734706
22826609
37211239
12995200
14339243
36174846
9505166
2573670
21282031
4355279
41800320
12362267
32349084
9030460
11568953
26944210
5978418
31544643
2665058
19965779
27679365
24084944
20726627
37987294
33121175
5492937
1937083
18679719
27823775
216393
37007567
28905497
337538
2577883
34686977
4643012
30557164
5803613
16932462
37239847
822293
10168115
17332386
1794303
6686533
13151218
15188135
42525495
41343134
38027308
20286163
15159600
21255102
15943781
22281605
28223449
2916392
1433520
43514706
1959300
20231222
16981652
15169266
36582174
22056761
1979911
11790044
17311658
40892238
40902301
12834260
24535941
5709435
4816501
28343776
16521317
12330536
14430998
4271418
17971272
12779393
7412206
26355637
13275532
25953408
9734898
29602656
42560016
38065343
11407476
19788889
22821506
4339450
12005830
14626624
9237453
21819405
27701055
31443235
35693399
8143854
8062063
23763755
15852670
41536250
31758423
12159902
32501949
5955691
-736814
8938386
28967606
248312
20941389
38041832
14742688
40023407
8731791
20314297
31416145
620748
2803679
-370477
6377365
9689642
42058976
39846881
31560297
4640134
179662
42109824
35670211
23695255
9956965
12791110
22617030
42348532
28142971
10486303
15683568
4886666
3351734
421728
34349037
22241320
1945641
28402415
21243018
21726887
21247087
43340236
38044577
26172468
18964954
13889381
-655609
15218385
36552522
30521460
39336577
9446447
30471851
28638901
19723340
18079146
41735090
35631524
27467897
15778101
28675488
37830825
17679732
31122986
3865505
10684949
18095865
38745153
11235316
38816173
-105687
29120599
12232719
4071056
3178242
25120638
22947600
39249904
11218659
42456963
21321175
25360930
29919042
36827429
43426683
17650534
7814309
28984453
38508611
12789575
8608981
632944
6182690
34851324
12460893
886063
33589807
15124487
10054740
17579187
4811689
25882412
11193333
31367630
27143672
11346972
26769763
33797856
-46711
24749401
11541507
5683129
11645403
15823025
29048717
36691310
20059178
29815382
10204277
35289410
29757028
20571385
4709660
41926288
24349946
28318730
23560669
28716458
16082455
