18666401
13309943
31352378
26496803
9721673
16943793
1634731
16794848
26533543
21786334
12048787
10869315
23607469
31834944
29144088
38937963
30152821
31646307
-635850
21055771
34209056
31066384
10342432
1360737
1378983
9965542
28444439
24289529
41516383
29241440
2984000
25563689
9208854
23946863
41248031
43224926
10288394
286312
23166764
19056645
24582703
30088929
1643819
22596498
36678515
42439731
21250495
12693984
27251482
36895243
1310801
23399908
15047718
27146303
7639063
7004248
34263293
22283878
10400738
18750413
1283725
9502644
31384256
11768950
30711103
12314069
431
2409224
15015542
1674051
32343619
1419162
12839983
5762015
40794505
13544180
-880690
1054405
8212199
8969159
2367651
25267530
14521362
42887215
36363971
18950216
26849694
30415842
37430929
13503661
41155591
23044510
11670524
32124644
40980025
2826579
37111287
37915178
12674042
13166847
25488981
33672222
12392172
25765835
23983916
16043324
13381671
1758110
42366764
24222933
27322934
14616115
37965156
35138043
31798052
35442049
20874181
14605689
1477412
35036536
28478950
40961339
5381533
3825881
27583850
41871293
18815382
28176145
33653994
16098929
43010032
-430488
8146213
10308286
-401135
41566621
40201193
27709046
37681749
21121997
-15798
-127843
2378191
2851521
42478061
16933798
9709298
26682471
4747595
1596675
25360288
25782026
935191
21352570
15941157
28505927
25378042
-825793
8647800
35792569
33763692
12158198
29438392
32582783
36571419
24837698
39178096
39972500
21758210
13001123
38929703
-193900
30670878
33709652
15809789
22213347
11694522
24470645
19063418
34533966
14838976
29954360
19008369
8830418
6849171
17652311
6479552
35138525
40884992
279136
32331174
40155526
2850261
16698583
3918859
19984130
11854449
19123603
14399470
894222
22471297
-376030
10177953
17649481
3317490
30466818
29381476
31660108
7671383
36016307
21493002
20728358
12465785
1534739
36737054
23902312
10049778
24690177
26917462
18351285
15447931
882194
32364798
22028896
13649108
24645492
4575476
34596959
24014942
12891074
24887432
18214926
32269795
11012792
939042
15067446
18824266
33274009
42389701
18594695
-841081
21268217
9844016
23589897
14531265
33311903
30705450
22076096
16111531
31152093
42720771
34792309
21928576
24693354
31219987
30367971
2708458
4776601
21201248
3007469
10015124
22370926
15857184
40075863
14175365
30302660
5709694
24415300
31600483
42735948
19848376
3604867
38011822
26394746
18428202
25581725
35136653
35344340
30717224
12060948
16057682
20227623
39006674
39752900
14676897
21299506
8050375
20642987
34542968
16190057
24714088
18674653
3047247
32999533
6335379
23944285
41755831
22354570
26517505
34595811
12135576
12239796
38987710
8177485
27015634
25453060
6857340
11360310
11325393
34058758
40488220
15115037
13913613
10259712
6241694
41951914
9489860
30259274
35792407
33943218
34452027
38030699
12124982
40789981
22522837
31361900
5250761
39508706
24658501
28988405
799153
9171981
23881956
4593265
21241234
13866151
20303809
30859258
26378213
7977720
6271189
40414275
39066560
6896978
37096484
40369624
22123949
26316765
7721844
21353208
10686145
15223495
13888016
39827943
5421711
22933718
37400808
38656037
12654636
42787975
27586205
9728338
28347522
25128808
23927976
22782209
26491334
36528273
18397282
31556446
4358265
15079022
21374372
25467797
33715103
16411128
23364609
5925604
30384004
13652006
3509721
-650709
3672053
39976059
39697659
26579754
14799784
37656722
37054070
34539140
3927917
40428379
12810970
23701570
19245082
21837398
42342055
2484707
33473336
16203122
13780357
34668642
9042827
42717073
34607039
12214
32526676
36528133
42041875
25075566
32285441
14835063
14402774
9276158
8418996
25509397
37812413
11607233
12725938
17164765
20001176
4586176
19547407
27610124
7554879
15351811
13970843
20320531
34566523
21698275
35067201
7325456
29764600
18603046
23466343
22047194
38136398
2277655
30536046
37318386
17022021
17272038
13392361
18590354
22095360
4152151
22299925
26110071
2530240
36204682
28094059
17898469
18124408
30934617
28163107
33802976
6002902
40101603
33930080
1545374
13779489
32723017
14626496
11058216
25695966
3687738
23402848
21795547
26952105
42688037
42436759
23057494
10843534
25318969
9432760
40446554
33127842
29915800
22647497
25593113
30905143
-877541
39160974
13936744
41543644
40743243
37520808
25244727
26216470
40107769
37849956
19773903
34903205
1370687
29758997
32009442
21899227
20203639
6091578
32416508
23002618
40443309
31543950
28275086
43494269
35370504
17904944
17329140
39085056
26038832
37260615
6605754
672801
20023710
13150736
25863840
5855340
16802005
2526493
5557129
42107697
40686378
24227586
33199503
296187
13671511
11914068
1362234
31441356
15347001
14764038
11027848
38891214
43458714
6423967
18756469
8868177
5444513
42409615
11467775
31650008
38214599
9301698
9391617
28150507
27704049
43395579
18195715
14100073
34488065
43290773
-190090
40035068
15568352
9377464
14162974
18676723
15244972
18636346
5791350
31265858
19238201
11396427
18763409
35874140
13975712
2060458
11247721
22018963
27458562
23371314
34884539
35714219
16679510
3013938
24273073
10217144
24813535
29820200
38008233
28558794
21553775
15095003
41031077
26200337
20282022
26107243
22350819
2188055
8991799
825208
9813802
24799954
34977671
4726735
39720237
38103041
12270579
23235556
19281894
24158146
16072779
17532971
30226695
19668496
4646919
35810098
14273967
9449732
956555
13783197
28408199
16200367
7544178
11754264
39907692
39579855
42400056
31901437
1218358
19658447
6026269
40468992
39541993
15784857
35266449
42935429
28718472
22799952
41736374
37321170
35016562
28221737
20478647
36143755
38375651
13004030
43419130
16444455
24458762
10279804
2248780
31316602
16827180
13446491
12130852
14193231
39214317
13860939
41447995
22278083
15689463
3687761
19986903
9540666
31658644
27463263
30858747
12263528
35059166
25039358
5779784
41200100
39906678
43139301
1680515
1076614
24886625
32364672
31483912
43123892
29874358
15831388
19477679
12433368
14480355
32105645
1330407
17681133
22107211
24560614
27063928
40331364
32108782
13178378
23020981
39932130
16225782
9740230
6040940
40647119
11580086
12289602
32881237
28425755
15647735
28852763
2603395
12904817
38027793
24390602
35162825
25594252
22290104
22527090
27544914
27186851
23785354
37799530
29940769
10137722
31123486
12660658
17382640
16475919
12648008
8850369
39165214
28502535
17582358
12788891
18660204
34507523
17360347
12753786
41873332
7897685
35175516
16759928
3595052
12199819
2355127
11243849
18047332
8387120
-279816
32917334
7545021
26454836
19978777
4518801
21824202
10090839
1212303
556727
6955079
41899575
18418751
19047416
36512916
5283469
17992738
30258016
5616057
36636364
16304916
25235608
41144364
2997817
10996428
18634444
7440255
39801347
4475738
40258883
949604
4701705
13096592
44318
11379149
19201557
18900749
20699653
40385475
10910166
35893566
4937584
13268123
31102048
39981593
40840062
21260687
42012841
4720167
21514265
559305
2737494
38188435
41092355
9813636
32147502
38632811
3916132
33730313
26882437
24395396
6678877
24026507
11043673
30189297
29825356
10148092
8947793
22872704
24586165
29070917
4654285
24749004
1234027
41329342
25117309
2510210
11403205
25524326
15124831
15317856
42165029
15687896
2367971
11358187
28928861
22955943
25278932
37874964
40700538
37023111
6001420
2077746
42310306
11256419
40690597
10633326
248001
34643653
14808767
32144549
6919638
34234288
19157924
20233997
-137000
-257629
4000638
22345917
35405293
10477760
28930159
9184041
22926297
11846093
3828064
13901085
29506008
39837858
27082523
18689611
15987548
41674534
22950713
16122242
7468671
9447822
33724416
11949058
15231114
9133480
6099981
41893194
33082449
33627050
39773501
11001849
16604458
13191558
23860264
23626830
5965799
12840531
38567918
26215218
27314751
43352545
10870760
-604451
15412081
40803340
28950380
36799139
6976109
23598850
15786240
12672248
1357435
4995077
35719541
26044188
34776785
18342302
41787996
21269375
25512298
11230713
16616084
41933616
9659567
30250747
23296396
27169818
7896136
5258966
2406501
17984233
31511982
26534566
7792268
40707440
18073341
5649832
43437084
26262170
235750
25648140
6174755
12794473
42290056
24690019
28487508
7481308
30872180
30959118
15019892
-948667
25771103
15818454
5702756
32305000
43065239
17832836
22476790
8587720
40183938
42422789
14144794
19900659
14070051
4796201
12885433
37042221
23254285
32796587
43223887
26065114
8518662
26969014
5345902
3269942
29815692
17936068
41974583
27651731
33514636
4819205
11386930
20184513
32589704
31732702
33003183
18458890
26730700
6260176
39238784
10031093
-761012
32641516
42562340
3975810
43012869
1244662
35436562
19403417
3406819
5858717
2579405
-500221
42603982
28640164
41919102
24389540
35481234
31681574
15028047
20121540
4336362
17503503
7053830
4623774
16767000
4143703
14654462
42362014
19583834
34282927
41596785
30281636
35599125
890441
34676167
11113527
42081599
42080495
42017755
33272755
36748011
6082503
18113517
40413107
39439538
7726228
9742177
28419670
43219301
34940277
11086048
2415098
38263565
35723740
1986366
21376161
13647347
33416481
26769128
15503884
30571905
15278420
-74796
26178241
24077728
26877395
12475770
4552748
22728926
30818122
30114052
34976626
13235557
32434460
3403508
10644616
-825738
18506071
31090724
38413285
41727251
8366807
37915772
17698554
23193485
16574096
42240991
8815914
8981920
7710732
33082058
37840816
854876
8428953
20008112
13231001
35028329
20829353
3613987
966402
13904787
36329061
19233029
29630035
32609471
10564862
39857163
26748686
11966845
7151798
7173362
40519988
36778563
12940280
38691244
28630684
38544581
293676
39919057
1404946
36776166
34491749
4261469
30085781
9473974
25475092
6345164
2122935
7453781
37907187
42944016
11836724
16967039
28950588
1246095
35073708
22957334
39709877
3119622
14729528
31037186
14482571
21964973
9482868
37839755
34370775
24360085
5150321
39096831
36510032
29364793
2588974
41764572
14899945
40465074
6599365
10747633
27709775
1612631
18990944
22770498
22906173
24800028
15143428
2027038
29152832
23310758
25757976
32277921
5350177
31072642
32393176
43360390
37592268
39916663
2701620
31482694
-734543
33944167
38583130
26040651
5808151
36681918
25496655
34271500
34253138
30743489
151225
21837594
33026466
16638186
29301685
6107426
37293901
10282459
27395568
37211568
8056261
33761278
12714373
28869119
40090273
11582911
8422422
244627
34880271
26204050
37356207
38817014
9918938
37377907
32691524
21290072
19640582
29656657
37466493
17945983
15843183
38469342
21707994
20055570
15278012
19563100
36363944
8876623
29965717
43420843
21259095
4402820
3568896
34540365
3475452
22389125
16614766
30578922
-594636
7738756
6338
35194734
11585856
29756920
33258320
22128092
-682377
32995136
24982706
2498509
41194742
28848788
40746911
21845305
28287987
26587008
31571160
5016445
27507987
36235584
4647509
21918467
2297813
43048077
2225039
25589669
3544427
30813886
15372052
13273050
16920702
18848870
11716714
25386562
7443119
13227767
22565537
35813855
32004192
1311207
15150128
27761589
20097208
15947201
37697371
17145242
30769464
32355539
3891522
15211997
1280607
6253312
15707988
27369662
31302141
32074204
-457814
31922656
27676577
3431192
41435628
23819811
26674093
-860177
20897968
26712130
25116765
29896858
27213370
4471249
2817606
8788737
15821241
40748532
3717378
18917332
18584926
5075127
5063796
8671512
10515238
38382912
36929175
20941523
7404405
6213285
40916578
11300527
32793881
21294929
9846267
13754905
15587525
29720471
34087687
36030937
12409917
29742037
23966227
19740652
34879770
9729467
19590199
29626324
26966024
124622
37902068
14929216
-428864
7839777
4857129
19361372
21705181
22779348
19971514
19610347
8172958
39651580
41041975
31904074
12806596
42714329
771484
25192072
35759009
35189257
2599902
1022428
25706784
32998807
23415202
21774861
9423536
14719921
1960079
25442313
18217021
21019418
14337283
8252820
-994929
26855140
21660226
8423525
38447861
640972
30262878
10123609
5258918
43391923
25026810
37150862
6811851
14029484
13262305
10942896
30610512
26535078
3635545
24054868
39909630
32468622
41553463
9326901
7084344
168487
778260
4961736
322282
2412667
14770684
33378866
771014
19755252
15066437
17053849
31845146
30476771
22380030
27932044
38378801
26265866
28020140
14874881
11339872
11022220
35914246
31014750
41411318
3417960
12593016
-446634
38949572
8701665
12277459
10988602
13203486
8768876
37431776
10378497
27389916
15367436
3020250
35097055
18525469
37446950
-26263
41860522
36342747
39337186
26150216
19586354
16412229
30816809
18478091
23261879
18511538
15176335
4959135
41523866
2570943
6562079
42695
42163488
28148432
18084859
35721128
20959659
35435083
19008619
29437838
20573234
33814562
15391843
18569197
32225056
16200454
26975065
1736732
33017113
3048475
39152500
30196332
40081977
40129129
7638343
16592199
10973702
4565743
13402483
13788587
37964834
28374958
24339296
11898500
26380750
19128144
12633741
6983952
42250490
18186541
26987858
26089934
7188772
3592188
18664061
10386165
3174252
15730148
1988484
26997386
1923589
21180626
5516453
17582663
15322415
38417967
18354129
27739899
4261109
15622897
5646388
12986687
31907287
101935
25881847
6218847
40462036
7846219
16276005
13053175
23231740
12292454
26157740
42203307
39787943
9009731
10635762
15228557
20476513
16744606
18938135
20144128
23344770
16660558
35019291
37005876
24626316
13900485
30814073
3416344
34521866
43407283
41734991
34675558
29336903
17027104
43296555
32824043
27803013
16448967
41930472
21253813
41760062
23746841
35258578
34147880
25640762
30311990
195156
38778057
31036179
36054075
40222819
15154115
39184963
23615079
25283425
16801885
35703003
37829850
27582532
1871644
38150691
39501633
40645265
13326513
40074705
11437508
22398106
23349345
32842315
20480370
5786934
35655039
24080597
39559536
14105206
41978969
18133410
26595128
32384235
3127621
8830269
34611988
43132035
2687564
3713636
14969282
27830889
9572467
28354200
38683663
22143241
29447070
12700791
38260741
19062513
28280494
15804697
9634141
5260545
4941864
41638137
7939322
24647276
25428247
36942553
30628339
25059815
16614528
12058918
15221274
9808458
28274742
42191217
37207922
6477701
6021622
26573375
14914421
41038446
34916148
17525319
25085128
-55869
365353
35417505
15315334
9549053
30258251
30166468
15646180
24363268
26143754
22509093
13734672
15466691
23790790
19485655
29871852
13860118
39963387
64974
12921868
11059310
974775
23432777
6578667
33814444
28144251
39885491
25989366
20739544
33827884
11763748
29589671
30371166
30156063
7339605
10695586
29908475
22707536
13597764
17002117
32066352
-596807
29827853
43168762
-872495
26730464
21654387
3745036
12293273
42327986
-133518
35314041
41385699
3610871
18367782
18244328
4704750
22367807
17959816
2033064
4643552
20415453
11688174
3812189
40558804
40734099
35891049
17949586
42878243
5648615
36775422
-230603
36652494
35706334
1343831
2961477
6551433
20428404
12373288
16933502
41649457
20050929
41416470
43488429
62141
8748305
34627474
31414062
4583485
35145463
3255425
5135594
23800448
25166538
41968490
2464372
26846660
41131153
29629671
7471658
41532568
727361
42447962
39294947
41916323
14523017
15391016
7308809
7139503
13130192
21913119
7996494
30321778
22008373
38597806
38449963
37126175
10678380
42314187
27219079
24435131
20563388
17295147
13117403
14954733
-384645
27605219
20476448
30436320
7476680
26977599
10833814
42827219
35086840
31693296
16205471
32120983
15609155
24721423
35369545
38092845
34785918
10630611
-15804
11415948
25351990
7070531
19334419
11020222
3868752
27745541
38342961
20961898
37947002
19218977
13166980
28912291
19013667
37638212
20645173
29618750
30937695
42368374
7083833
14178816
13065907
19285387
39867195
15401408
39183748
6136919
30174121
4678233
20336961
30070822
16282799
40731922
-825871
38077344
12717793
36624837
18266317
34720294
24327409
12814783
43510830
20386918
1699626
32975771
31528202
10453
43164121
10176143
16253833
31869322
33348653
15025054
34027375
6926250
38110629
285189
4377555
7167197
11206226
37368786
17350353
4949495
-775294
41374396
1250739
2767295
17714913
16044606
5505929
20512708
20082922
24590495
21305075
36323699
1686331
1515843
30204297
4454674
33560196
34195948
10638107
-993076
21821216
24414524
26004355
39719691
36881588
4754744
-476134
17835721
13848679
19069650
10303357
35594737
16424145
36491957
15427500
16347451
33138394
41533848
7573461
17327874
29333679
13819165
16110091
5900767
42510310
39946589
9018460
1919091
15537031
17723490
29194155
4753302
20352364
41242890
28115713
1617313
43001195
18856481
19635228
5004787
16856910
11121137
20740051
17337897
32026657
6493653
28348650
37748838
24878913
42182313
42753770
37769781
14757573
4745761
11744084
5915132
16477848
10381549
20878063
25049941
43265780
12278199
17794548
16163825
20715578
24196529
24712957
14039065
27894992
36426700
29372307
30185076
6094355
40205759
3541129
9449134
24266206
3275742
4912014
6709012
26794919
35742867
32745514
32244171
22348629
4070209
26734597
3121356
13028345
35020722
25066718
11937374
39317409
21222470
27926435
8011529
19971433
41593052
36104576
5252188
1442246
1370112
9310319
7644585
37915319
35650448
13992377
26030311
30073528
11598989
11249392
11898208
29935721
23909975
9789540
15374931
21434163
2595058
17552903
18876331
32842098
43503018
21063549
29757454
5682845
17509475
31421497
13291726
20966520
-340583
1189280
36008134
27571001
22006201
3597936
31891751
8965318
20469141
9226552
8662566
35995951
40002266
24680744
30697801
13045944
-401468
5370570
14053195
21107140
30625960
37841676
19765982
24127341
17057393
1184709
30750982
2403088
27833335
26733349
39686276
34652823
2986861
-882317
3011711
20370571
33326479
38101180
26274970
34359482
24802527
39786640
14631249
39064034
37515927
31840314
10115999
9813519
255032
24204952
28969990
12925992
22602851
6943816
18411726
9655801
7228379
26682303
22106387
30471642
24441775
7165979
13534726
41437047
28149830
12092698
34383706
21937762
12746510
33248348
522684
8527479
39516378
42168890
35935940
6204392
42263468
4273764
33215226
18221807
27625650
32887916
456401
6004148
33944087
34314918
29875708
6695352
30918982
9090302
30888442
23486890
32067496
11103505
32182026
125626
21997748
38079295
27322577
41279810
18277244
26520052
40678414
10334138
37105465
13120663
30210015
25739388
14801840
37689795
8955101
6063085
40794644
26147152
10064886
11259676
17069764
6387502
5921063
38103405
29220564
32473844
899928
15146263
6148693
29066671
29621617
33105302
31953156
1454965
28220289
33419041
36137366
4656461
12212948
10012911
32600817
19110857
11054788
14381131
938867
20666787
6869805
39536757
15535487
11985148
41899227
7645371
9963360
20681921
3108074
22833567
12727268
22753009
25504092
32542294
10272711
22299644
33676053
16735825
31653001
34241060
15134671
37193446
2402892
6186814
17948135
31550824
24677504
41765646
32270791
37570413
22428233
15721275
15704552
25456234
25973956
15894542
35311859
38937245
-605013
41826968
12131166
25756734
35514334
15622470
18755747
3811730
28969214
34934742
30849250
6953751
9334865
18297311
4485559
16570634
37024422
5292089
40353316
28268127
20440972
23474535
41095114
15462336
25616632
40240534
9845301
22077716
2172751
171740
17179215
12689345
8219526
26005117
2669250
41970880
31125748
20183863
16351872
41352841
8467070
8582300
19718603
6670911
21496096
10670301
24075787
28122402
13789917
13586923
39259554
25095479
22542523
36243559
9835619
17869803
20835351
27000691
34888570
9176434
9125948
9768971
1428776
5041277
22786848
38041405
41371645
856407
5694270
-343710
17582673
3656268
695853
20437314
24743620
441462
30038233
3076025
13004547
38137584
22291500
17280287
41396103
2051612
24622793
2164147
43534157
39295935
36430913
6102173
6269575
30691405
24307175
35084076
29268186
28153363
25997623
37322521
25654820
17235405
41210927
15545769
23263694
10094470
36656222
41107391
10573452
34761859
38838517
-872973
16753734
42074052
19736588
5456522
23297286
24322929
18963173
4257435
15287881
6883855
12396393
41751069
19546474
30181651
255957
9680473
17712283
33915578
30663189
19438927
25285658
7679809
19137064
19339077
3285782
38399792
32355418
5921456
42984444
8415605
41310612
30956598
12835262
4019565
27556128
10180731
13515374
12845840
30805626
21935057
3134604
40808359
33686368
32721429
29195631
2086855
11409887
43392045
39780798
31362329
787390
18262969
11993318
42146041
28534224
10746522
9377343
41328791
7184930
8470382
7326559
3864370
14840882
33646655
35598160
36231238
16488161
17808449
37835877
24082358
29599303
12391140
42023901
34241883
1850260
42090633
30836157
12370339
31088252
42793765
38666338
5807183
24841803
10958510
39507833
26008184
28404083
6002269
24856981
36735141
32646018
18242255
42754109
327803
18117383
10910550
43227343
24778295
12204884
8531653
23212725
6589148
29935410
2188767
14877356
22267391
23590280
32119197
39154770
16712011
25689556
36034367
29362436
16833871
7275776
19237261
38874820
35689857
35904784
29245858
38651430
18314194
42314017
16811209
22865254
19012522
18755514
38322016
15529518
11217917
14197063
37039445
-117489
25023411
33384379
36563792
14724712
15106129
31416775
15376894
1849803
13117336
16428392
25705417
23620270
9673520
28403295
38399277
5794876
19392811
28301563
16516623
43102648
37482583
37710483
2187719
33935107
6413606
1752986
2239861
40285220
12226697
21405726
10082925
26520689
19644551
5101145
36258011
40474901
16126338
21630348
6437889
1507166
19890788
16289409
39312961
8318518
32062026
25853533
17302432
29234585
1053814
3862061
10752020
9902078
3230112
42755407
14879393
3872329
11846199
1828436
31649985
33232075
4751067
27655235
39856170
29574860
27165611
39877147
28338538
41493133
9598108
-797647
17709852
21629160
2227498
13146881
29267603
33827377
2810190
41550093
804472
11657612
17896228
10763854
42651417
36844191
29552038
1726062
41788977
38425136
38667750
18468528
20156456
38859545
16725204
29907123
26309038
13976598
29928831
19362161
4429029
11877650
19971057
40370414
23609478
11094767
16857756
39675542
35906456
32105627
39912149
11372721
3462694
22145568
36806219
33507227
7491436
11080859
24148616
29951905
8499315
31479013
39550360
17334833
8333973
32569334
19653765
26331813
23293961
4349955
27559511
21763355
3033063
31227003
3874328
17930236
13207949
31362372
15483680
126453
24560435
10057489
37198739
23026433
17875865
27320566
9979501
20301207
12431913
2583454
30561299
23364535
28483373
26143828
28011332
-601936
23883178
32918612
30326572
14889420
43338118
26884657
23831331
7994683
13371542
40088870
-162989
10797121
12313985
34665868
21748618
25627583
39844858
15989810
28313150
10957445
24175120
6035126
35247206
32993408
36872635
40044018
32850752
14038174
12417748
43223633
23053546
3328347
19994270
43193182
29320138
21784739
29938072
6125063
8735906
33622903
1678684
42886978
11732726
18146067
19769862
27666241
30191584
6530923
30752480
15391154
31619120
15429017
28103057
18823090
29068911
-553293
9402755
29917606
41389476
217906
26208612
42328516
27944853
32768292
25283430
7132080
40386546
9809208
26120917
12338059
15347905
22889452
28257888
16488352
10220586
17851023
38694367
41983044
16556958
38796829
1192096
21052027
32790463
3415256
2599592
6773765
8481434
36988038
21029151
19053004
33045488
39775130
33008554
35020452
25249977
38823382
10447665
16304779
3633016
10571767
-483279
26423314
29499565
24250096
26535751
40601895
31578564
-352873
10347255
9626427
34357635
9921699
18065706
32061474
23376276
-699639
32194909
40709754
35193342
29543132
7215625
10963741
3559182
35228672
3566358
31924175
43465993
2581635
43216235
33020633
18555711
7183933
26547012
2767677
491968
28978641
37363512
40991088
3634240
36728560
37216318
2535411
43389482
19914368
14433597
29109595
15954745
27692346
31365834
41291463
12645202
19880979
10023732
26599887
8883422
42760665
43529444
34868553
29861767
13172813
11615575
12834262
42906483
21764602
32420379
15975247
10902347
18890194
14449556
43020608
38341594
10684609
14588602
2776462
36768465
35283805
19093636
12954763
-548125
12359379
26420273
17801125
42113158
36608277
6813124
41417194
12288241
24521423
5733379
37385506
32982215
34963638
1863708
39768897
8258162
16459997
-126400
10663042
5572978
32490352
24012770
43060723
43376970
2114902
16300879
18826408
24215916
34176812
39595328
23568057
42789228
12486246
32491581
24207050
11877499
36333176
137471
24744151
19005983
37477111
24960973
20336766
13200731
19474167
19644179
36175161
22105039
31044472
21236241
6464987
22895990
25599037
10585326
23107997
3001451
33696369
31010867
19476226
23422998
1080431
10560758
12451520
14151323
14100495
33692759
7949042
4477249
4308985
9155978
32780289
42509296
28594191
37713363
7878224
-992487
949490
7765394
38636531
26644218
25112782
13983800
4842836
35740072
26465579
38675031
24748301
25734784
38349526
16238250
30732602
29240070
12888507
31398761
10475396
33416123
12164490
20465101
14888580
42053558
17833933
42758709
-264904
1696467
6039021
14470635
39884079
24250063
22850558
22809715
43181859
3180272
32135677
21057997
6702326
10916517
25717767
37201043
14603295
27116351
18976732
41781373
1089116
39704283
28822467
35623521
39229117
9887720
40572638
22017643
26860858
33810885
18518434
39653047
4858339
14179860
28939454
5185315
9217106
7879116
31730378
-857072
10549460
21502375
40101819
19813647
25703014
40806413
29892795
32541110
16193870
39137322
39922749
38994133
39354342
38674990
15552853
4876959
19473447
20408455
26967571
14393383
14978698
21185807
6776487
5625342
30474947
34869606
23640377
38557183
27930427
2827021
29186647
-768165
16385720
37486418
40280243
4153223
32671634
17068468
40885503
18929204
13353276
34885898
32673547
12793492
3039944
7493780
16520273
29416423
41319552
10317357
7092172
37329370
19988623
5767723
31120843
38197701
11041925
2097892
30629192
4774560
30792284
17562864
12900747
30708435
-368979
39571364
42568701
36687320
39768709
33435746
32987428
6058813
17055958
29309211
10439263
40408276
42902206
2852254
11419
11993269
7652483
16782823
6460581
35302695
31830335
36354737
40185095
3020430
20404840
1310772
18205048
12891370
35578519
36524246
25744671
35676910
3163146
35955905
14619229
2408482
6458850
29329555
21778526
19860293
43360270
37068111
20632922
35406219
34499625
26985678
23728480
31148227
31919197
35663875
13682596
19513418
28914187
36892250
27781797
42633243
25072687
10804788
29020322
7388409
25969958
29618530
1916402
25782587
40053336
38578499
24498125
34065557
