7756174
40952266
4124081
26708042
14532398
27029208
22711086
2543257
2770278
24485821
34264255
36596834
36334423
16605586
23018561
10618943
38935484
42852450
30552769
14737681
6750306
41834018
10106258
36072782
20874845
32701828
4306130
18454608
29597536
35127638
2253895
43486299
15075833
40439288
804149
1968699
32983364
22018206
37234309
33156833
34320313
6211544
21747185
27994196
12534125
3138192
24880667
4184723
9324502
-449093
13913129
35141760
16245909
2944393
37662143
9761414
10333546
20547816
20971306
2747358
4107718
16012844
30794574
24591239
26742066
3449483
6716796
10125017
33208312
1113341
39017508
43485690
33668511
24863660
14424147
20971285
23346879
40823972
27752051
-453447
21381867
36575273
29107808
7628417
28872853
4062974
24624497
25170340
38580728
17320196
5463720
31886141
29846248
22585129
29865029
35083564
11732790
12350652
4891970
34546827
2633977
28825923
41724571
10767638
8515732
7637471
2952316
9768611
23759429
14581178
3335345
17818092
-931560
31476974
38315194
36307310
42617056
6281576
30782820
5988401
41272966
31578972
1955214
10152692
630129
16261178
27231184
6183233
13765816
32995897
2038541
40287403
2440309
14552288
40017131
18362873
-144746
15074789
24084675
1116724
851176
31781784
9689978
20864348
3921828
21513345
-827777
18032189
24221808
35482025
37947181
13404482
39363232
19803905
39980014
26045814
40493426
18232074
17399797
13801770
17297931
17481937
6660538
12513854
18421600
13271990
1060402
39134124
16793242
16076453
24068338
18499859
37416544
372249
3725680
18974620
2721380
13214502
27176227
6363434
34194942
18330516
4026354
10905709
34341456
28986913
39656475
15585631
30773066
33926832
42445770
11352524
5199109
25718792
8043589
43088995
19644328
13223985
14401856
43068597
4981245
8026000
27739923
8176365
7275986
-573262
11667358
37680180
-353635
11715869
8827806
1648905
6192257
28952860
2272448
16340762
31022273
38895650
1922601
33068718
36097703
27477353
19211741
22943181
34768085
9435284
35384334
39176669
7377670
17597199
6347203
35125
22091395
25751018
25115286
9491149
7551228
35630823
17271269
36474705
33168109
5160705
26425808
2066772
459629
574305
26833384
5847413
9888780
24203414
42306635
15527695
23294616
28969795
36480296
5664544
42129446
15761998
2505274
39876564
25204867
39378203
12975362
33750205
34255501
12185732
41406435
7588229
979972
18289313
34521372
23825082
41548262
32670976
35134390
14447796
31789665
19457590
25473498
39282818
32405419
8444976
28379236
24540730
-528818
19162360
34309708
35396321
38593060
19888921
10022768
36546970
37525531
5928549
26685530
32748693
18512967
17360206
-821144
-189103
42658415
21957105
8070074
13078837
28830762
12704954
32721906
3254458
30226236
17613318
17913773
28044919
40538817
35586123
3993461
18276935
7543945
1805427
179667
25454332
37755464
28923879
17592001
34097624
38915864
14131943
22521736
7036800
13057932
6908015
2162117
6355300
29428109
39730238
34073683
18210577
41953467
6855397
31233532
26654508
23231073
20917662
12865265
30716889
1790747
28467358
27579724
27305251
25087269
9183037
33335136
33972001
14374334
42299529
12101652
42869683
4491370
35978205
42267254
22304726
27427252
22687578
24343786
1243360
23346749
7125178
4022348
11202677
19628833
41512034
19289312
8718329
32029342
6907411
13716087
13566517
22703435
-78257
14654735
28755662
38465331
35740402
7066164
31175888
7470881
25940412
32965216
23474702
32831363
354018
7467473
28248301
24684299
31994835
13879939
13057185
9815837
6833257
3944246
19131767
13212621
40783300
17488642
38317453
34312080
39588020
14121594
37764844
31826805
19228618
36719326
37276957
22837697
24710681
25814762
42586148
20983978
10330693
34341497
16076997
37703041
2975438
37264150
30318480
20619307
36577584
42702941
38544602
6387735
14523629
27778078
28204311
26462612
26498926
12432993
43482869
38255576
39115004
14885019
36520116
42693974
8424003
25624392
15197424
4278580
24034649
17523819
10852189
40846038
32429888
29437448
27071243
10028938
33546881
7984990
10698849
12104783
38722788
31609479
38591535
16242480
15001392
27059757
23158135
19078309
33448818
36487864
39804390
22907864
4254839
42800345
967950
37227857
24964859
16940262
17697280
36136102
2187887
1950376
20741322
21750477
19721094
35396909
34737055
4411651
35608341
15778917
3163622
3563607
19823335
-811215
19825442
21667051
7417451
6789979
13410630
24561829
18652946
16474921
6548327
4291085
-647792
29172147
34744643
2068723
9257719
35489373
19440388
39030462
26359729
38939736
18999180
14678971
32951053
16284853
43514310
22087572
5943297
36946053
22212515
27062541
12870489
10354525
616921
392265
4731213
38207521
10579857
38039063
42051999
40392062
23543570
24819094
4209691
43327921
36071172
3551794
39349281
24291418
30396828
37167312
25213998
14994093
19539441
9088599
16636407
38190752
729730
38588773
41443530
43203567
19555098
13445941
21528162
22927230
19296689
40236410
19320658
8623789
1974669
8750690
4024652
33586976
18419220
12352937
8157905
14808448
38130428
12919024
26686308
13850355
15869270
31095141
34420939
4183537
23117314
38570640
2532915
13993662
22657
22470875
33881339
6154733
41547753
21453399
14634115
42041003
14501588
3113359
10873882
16925080
17370644
38091252
42454506
34434504
206184
26431629
36807032
22861027
15625449
40186720
27795102
36971609
37564375
22384842
8279512
6559220
1257886
29649731
19640818
1028107
42648782
6733457
8383036
40240774
7320422
29184793
19430314
41632692
5359511
34222025
35892267
22284622
19421045
7922375
34089934
15243824
13339305
32843673
18326704
5989010
16142615
16483475
23079069
16997514
17498710
39568723
15395263
31537023
2223508
32003643
37731376
14670617
12915997
26583210
22596259
42718267
30342064
41163502
30748067
4130051
43335185
13096971
8000527
14835811
38844397
3066837
14551400
17947829
31494495
6012172
40172696
14651240
33623923
41737147
15128821
5830293
-38654
37388282
24659592
25953035
21263798
41585493
38436501
39269310
39144878
34235742
42114681
38029106
30873204
25157984
691242
11320368
2348406
28182752
32771132
30889849
33237416
18018430
7537327
15580600
17742020
14595239
30058586
10142593
26314083
28589233
41704309
6893523
34264455
18889159
33209625
32845457
42800436
10006924
32610356
16833957
4961585
25700937
4767279
19146295
31838342
7905371
38472287
9900842
18960304
12742093
41004437
37661159
37163196
26194547
14558312
31907618
15217298
7617193
8763915
35395494
39261933
33154922
30120247
31803756
544979
15105386
31578136
20213107
36803855
5861230
26164845
27488810
37604378
31437146
39836399
41060822
38054147
24650002
2054095
17184729
18159180
30810168
8466936
37150077
643892
18023845
30296043
23451218
209673
6018370
20225173
4028183
6530634
1486321
42578711
29296509
23200811
37510043
43008881
11871533
10242067
-294346
12913214
3467695
36020453
-158092
30823843
25071443
36539946
12133036
18118572
38523370
4811923
2460326
8506647
39908333
12838536
21385521
20774334
25038965
32627561
34887612
24805729
10628298
6395373
30544540
42148001
23203067
28037865
36250631
34987110
1810108
6183475
29305089
24720623
29473159
38397355
23076603
38771919
2236368
15302841
29668808
12425997
20850311
38611932
3385415
20962976
12989449
10154150
4795835
23184983
19899376
34654305
3954882
27329204
4987043
16327170
27689981
33295290
5516736
4544466
25829196
6244433
26276154
7731869
31206912
27126592
4190911
9192156
41876312
25573163
30616956
41106990
19873335
2826803
25366724
2137685
29885122
21290194
3558196
13991846
38680321
38356768
32518304
8670312
37022287
13708167
1194479
20029621
29329882
17869638
19464346
-216427
38790335
30715536
-320765
4730709
31056401
27074589
5454957
1577074
25033965
37287932
12000807
41707494
34105911
39737220
29165855
30131647
35294785
767541
1626015
21629666
14729545
2105191
31232888
19830837
8630549
8969430
33859443
21251016
2015714
18747546
15766187
32609292
41283951
34292595
2103072
32763816
28400351
35871158
40052311
33079837
34407860
15637487
25136356
979316
42948953
33480957
21786026
27576175
25756545
11397111
14935496
5653898
34090717
11136440
33714250
12940147
6525632
8999278
35491799
35730174
927973
1320481
31025405
17978002
16046644
23789889
23940333
17945252
39698592
6646408
40119512
1171995
39194349
38087044
38015701
14611712
33053196
28366108
-636619
20488204
8786390
17334881
14882775
12625156
14539762
39938040
936682
32164973
9246363
18426802
25921312
18694173
30170995
19025184
2045283
32749780
3570013
3327395
8967953
25051450
33105122
8378393
1221058
18736737
30311162
40275241
26884627
39755843
5348699
21890892
42302036
27201161
27763490
28764805
43022990
13817521
9984136
40106192
30549811
20132211
30320133
5646913
38770025
39233488
20489250
30416230
23016089
40345344
4981914
17509909
33159353
27642973
36879642
28170191
27684369
32907106
6403681
37547621
26979349
43433125
14711167
38481450
41195718
4093205
43167866
41052053
9239941
9779062
14067825
5922654
20106812
5996972
11649478
8451523
38515525
16484069
32237741
76872
5486442
5690202
7782752
31741600
5801591
21118109
6618232
39718813
28492342
34865502
-389389
36749921
5413471
36528563
33608342
18995113
33979406
27087228
8051810
18748128
23849100
19852389
37252887
10105854
20278124
20079492
20480393
27169162
-26158
4340204
27420375
21793542
20011709
10190939
8288398
1847318
4829928
19280794
27681398
37791023
7655319
-896741
813345
8294589
41970738
16186514
31618504
6988333
7711389
33888912
21698947
13283200
836673
28932353
36261648
5292201
34418860
31584558
43378113
24916142
26335620
4747164
16054418
36880387
40848756
17475793
36469128
31993588
11514304
16615481
13368543
11493941
9988136
21730841
40642556
35013954
16860631
19437709
4945262
42324480
19046260
6931950
15745150
4704439
19423917
20859668
35863561
5575157
10726444
13267605
4889774
2864284
5594454
12541746
2664147
5573784
29158203
2232193
37104458
-396860
31316275
40795894
8143215
4559882
21498924
15505852
40013208
19765695
19745974
32635671
35836840
9819970
8028927
13390150
27032932
33224730
12579895
41638572
-146328
13510154
4125344
33684203
24356455
39957799
16498180
16047633
32781072
37416868
11158231
14622957
41706326
33040400
24682071
39950560
21291673
5944052
41419831
8701322
24809482
16683526
15467950
40955415
22423803
22048185
34058668
20785858
30169008
27161861
8143128
33560832
36362958
41179662
16969582
26692878
21384156
17654267
33193535
34826283
28017778
42353543
4900881
-540516
37199919
6094180
38638646
7482684
20759638
93401
18332500
28784940
6325780
23451690
34066995
32234304
24693483
32369102
28771928
37097117
33251574
5090611
7409486
15384136
28116338
9201624
30723279
35338013
39649098
6900747
28487589
2114212
27297833
38932371
39474909
41333563
20817922
18891002
34168361
17137214
38887145
34482315
33959605
508956
3720217
33978807
-246938
32467005
29161159
561814
1178877
12154700
3181548
12422497
28529012
25101136
13870041
27300972
17129699
20706144
5406638
4185698
40721323
21169327
24187955
24385463
3249620
14744089
43346547
28857241
25095983
34576444
37287669
32058589
15097010
38358606
3806356
22622953
38807453
-411279
4099108
40047625
40888660
14694450
29643985
21676799
25503348
8617625
15155476
25510434
23448260
25160488
42320069
21880183
17039392
5346724
26495575
43199762
22543338
26096966
643617
29588799
14874531
14874715
33744309
36859758
9942154
42614891
13844889
42467008
35312230
24191642
25089416
31422625
812132
37836413
3458161
9095999
24763111
5016375
39355152
8355490
4225707
38793842
36693619
30590618
23006635
396709
15773033
21230818
28411301
17601591
30974440
41751391
41413945
21160634
33687266
21851280
1403501
8024327
41441014
23395022
21211857
23206411
36571489
2760450
20264058
33765458
3731688
33603314
19379891
22688440
5273077
18466708
34643317
23398604
1986487
15378907
42427324
35467051
3866046
24736134
39638133
4382993
23933894
9867771
29838562
840039
10354718
17903177
31830266
2938936
21158183
8157921
25745001
26788318
13221202
28523723
40074430
34814859
22961779
41423204
22019466
15601409
25665471
21277277
2013236
24843171
2831594
39161204
9792962
22884991
15057574
4693590
27889053
26007039
34144577
28590110
34835170
24306282
23509292
16970362
14538694
3409397
22689412
15708150
1577353
42575424
34974120
4310968
19791128
5486271
13203018
24154990
25578588
128511
15421663
20983426
28118858
3585424
15236526
9838117
24377028
42562384
22743744
29681334
39021959
38590718
36163356
13276392
25291472
11224337
32685774
9166585
6266572
3383620
35343975
6261623
24120328
10501631
42334049
15455654
27122771
13683730
36127356
4707284
27473618
25545818
7965105
40934696
12178888
32961026
32697865
14847858
22794639
31712487
27134710
8193893
39732433
380004
32287200
4688583
30107498
6949208
36263394
9163775
39294299
28537645
28513124
3439223
34952362
32363612
15101224
35879706
20463870
9396019
113266
6959228
42876499
17637852
13652123
39770185
17130027
5257584
33016880
41017025
10147245
23360224
29167839
9411644
19409406
35177059
35095220
8134057
41929151
17088822
10107433
26782077
39200243
10680740
4333499
8322141
38489864
6431887
20468042
28123440
12570279
42154179
17575909
3602659
8644704
25898318
6551222
16639541
17592343
1591187
9252032
39808237
22460515
4637506
18554269
6708995
50913
34440617
27393340
26350952
15100809
24214222
6575908
33375321
42870201
37550298
41589189
33952597
27774012
26696632
27725024
5747277
32553399
43447438
31398988
18457593
15070600
36383571
16391187
-884285
33427540
9077869
14130415
4552063
32389003
25090401
12437462
18925342
26651435
30176922
26832325
21305796
28660328
246292
38164077
27070408
-799831
21970956
5830438
19837535
11065818
34092600
25808292
8562787
21410269
5593005
8110686
35445507
22885050
26336361
25368674
33967977
7264105
30205100
9003426
29192873
28530216
8471586
36771139
33007658
14684153
17289051
19099258
30919770
26598146
1358127
7742440
6837435
16419789
16743368
43353056
32008574
6471206
16107371
39833865
29725836
16649464
11051132
6350555
31815458
22190232
39378595
4194921
16097541
9952757
41654610
25468981
14711444
32499616
7102446
10083765
14376919
15799726
10002108
6283602
18285442
2465902
34230082
21900862
26233105
8289621
18290283
7353393
2249703
257101
12973999
27429605
4965151
-698054
36144655
13074562
41418798
39987573
14340020
27800437
33318132
-849340
26561599
8347128
37344762
42333899
18852146
39876916
18494827
9338186
-85247
8478125
17094843
14124384
15923900
27676569
40958736
11826397
32338117
5259355
16806963
18690006
32285837
35389630
5292209
32804215
20091432
36628505
26810561
29451151
29605123
12800848
30862182
35638707
7841775
8135566
31427254
21203382
37523182
28049785
3307826
39994399
17452776
37740018
2466826
18517312
29901146
25390202
-337046
18420160
38783066
1865220
10025774
16010254
21993331
39183042
8411969
26995178
757823
7906484
23582007
12132557
13820440
-597464
41914363
28624696
9282046
41083414
827939
37017071
15944769
37493498
37032348
37407458
18127165
29472389
3919333
28031195
40266863
9524417
7538262
32224976
5836925
8710466
22273329
15091262
36643104
12603451
3296670
12284371
30193462
40222149
35992624
34981372
4131521
37372433
41066527
34681952
41358704
1184310
37720722
35177401
25693068
39316523
23880561
28934964
35430780
42886969
22567589
25071526
3885910
14866729
42322518
8951652
20645307
11025631
38330334
76308
3230543
12097874
37491091
40677297
24617224
4479980
36186742
27026411
4523878
4377101
13450204
6353481
28535208
33129156
764971
35758933
36870616
2035217
24710182
21297187
29671306
26829247
23779597
6159823
26650735
41829402
43483308
24599143
16387994
40010428
40573052
-240178
9506031
139939
29492457
3293507
23526005
28672481
12633578
29887070
28152269
17271415
22815596
14582718
11404612
23853746
29709325
38332131
26361945
9404682
25795435
26110471
28413902
37267899
26801132
1062748
2505853
26938859
37859261
38896350
32445040
18607445
37883575
18875974
39233459
23102411
18825214
42348541
17233156
32020569
36658516
12471667
23417294
21513249
22624338
37231723
27087092
5019044
3172043
8859718
15104723
40492681
29698731
40175957
17237904
40397766
29009310
6990241
7139477
29519648
2170477
36912929
-452722
20038991
40219450
11198818
39080223
20200426
26979360
9350802
5587893
28448401
31559009
12648681
670750
2450818
39082775
18209349
38687132
37540023
43465197
41563073
12312084
36706994
6604331
3781244
41802051
26827689
7349579
40763718
5354132
24792591
43215182
13364400
8132289
35857731
36726275
15918892
7865224
20700478
10573324
17037037
36365105
33379851
13261124
12594400
22905860
33411823
42056307
19981065
1211472
15750971
15716966
39674454
3977024
42906841
15339967
39783841
8620117
33012168
37382474
20275173
12757982
24678025
19162395
10582608
32960880
18583310
4275794
18333132
33504969
28005874
26768154
-886974
36806004
1804423
3610368
10891948
35249441
35237832
13699919
26524978
12902734
26422437
12565866
37048367
11610133
16664395
24904749
9258461
32578425
35196752
28731656
29051743
8717464
16794399
42514223
22598981
37140167
7385760
40645249
32899748
13519242
30209242
33661896
31287839
40739027
5185206
35524572
19275088
4933565
43119205
23046911
31131498
5498563
14756570
29927440
11275905
10426840
26579896
37799115
16002495
5703848
6602229
39920724
7839747
-69960
39982019
24845833
18908156
32001986
26859968
6045347
25794905
10774835
8475653
34194373
20406762
12720737
14431465
9233319
17223408
41949861
20973322
18687765
9250027
32618675
32043316
39178542
28742001
36183476
10829090
30033898
37138195
20813618
36248127
40679794
17135180
18652447
40566624
15999290
6461223
5612900
13708354
20147807
23449685
33006008
10837737
14754327
843782
18196900
29096215
25708665
8068507
221622
20118767
42874937
1141679
8121120
40727336
15314190
32135234
4086331
27468819
3272507
5174813
31120142
29130974
33711511
40167911
6253147
4934765
530534
29065734
29621627
38496801
-596675
22710926
42416538
16497090
6326755
-169521
30111468
32898801
24549003
42272962
14356284
12374301
22312740
39676258
2005198
30042266
6709987
27205623
13716200
20588763
11115089
21742779
12998074
2781298
8460007
12709990
18377433
22790816
16203613
33012642
15774561
16175025
31925435
216702
1096718
19013915
6820701
28031572
36936611
200117
33719225
4398539
37901562
16014529
23296891
4594816
17994517
35212602
16275817
17249001
9729686
3004881
35735347
35688202
40497369
4800799
24132818
18024979
8662455
5726237
23752623
38591874
2936481
3101338
11411687
11513311
3357889
27353166
41168739
31132554
30654988
19500930
31227875
29539597
39364504
35748599
20372384
4184914
39877795
2214644
13977432
11878678
41223730
30263908
39484023
4075297
42613259
21073172
20083401
39771329
12532810
41998732
6917969
447784
25222355
29514586
283551
5209900
3855975
2462834
17168760
21944310
28536605
17986280
1756016
31406429
34304943
11972425
2891771
29185760
26909387
-85815
11614840
1254636
19697957
-724857
806187
3295749
7236932
10295927
26623013
30578253
15026063
24410984
43373981
29028856
27716929
25446892
38416403
1134991
43160197
21362387
38020716
-42598
15730434
38479160
3703763
20248175
29967394
2307669
10160116
4093409
31268954
20661955
41035372
10766248
35180735
324704
34054087
11066005
24369967
6765162
39940462
41414790
36511231
-635915
21419577
13666811
33202230
24672501
23419648
-460039
9055453
37408116
29227687
20606892
1134895
41713271
4060262
33499878
23248225
2356587
5253197
1838925
30279444
15084227
24807904
26078703
38749640
22682202
40499487
1636989
34515340
472529
13401137
39082613
35551472
25335825
553824
8272519
5121656
8048470
13240910
28030508
34932403
22162450
7472980
22450044
6340215
30094282
-340663
39555589
34919264
15736700
12621935
15054975
13359918
40441004
694628
16766218
13143186
23958202
34907773
1543567
354368
16174906
18965309
12361677
27334905
24136573
40883032
36936476
24099402
26703215
16858834
3018283
41119363
30601975
11974642
39245885
32923048
16356987
27207547
27988487
16944604
1314166
25868714
14878254
40773537
16456487
12621441
30994120
18688076
16133516
15706888
8016195
19131509
19587658
2908051
41384427
41120406
21344836
40223551
14870540
7583647
14651328
39752286
28006541
20808835
26389195
31567447
20230065
23992043
18207547
30880199
15605019
38443608
2712040
22471783
2754932
4380201
3192472
20404747
10707562
969250
35934579
17921733
41858512
38280757
23755088
18307458
24556616
38520648
20607317
42466524
8767680
1253576
40353631
15482351
368704
28309055
22521037
30067057
14828162
1796937
25849653
10332181
11215195
33542918
41142907
31651063
21219888
28457865
9643529
8945101
36260371
37201115
-480767
-378982
3663115
37195471
36684571
39183801
14470118
38646016
10580040
11042522
8263654
35570975
29800340
27665574
25435366
32345481
3687035
42916741
9848639
10040448
12529309
-174834
42917599
42486991
22528305
25511983
5494422
41204515
13464365
14289036
38192457
12825392
733228
5809301
23479049
3503921
23013688
20926674
42931933
6521252
8304311
5879832
5250684
16483147
28491951
16041800
19212879
12815107
2276535
35845613
6265559
35661577
7009149
41224649
37790696
41831232
28702382
36953280
26410226
296752
33085986
3309571
40711399
32338865
1155541
18595887
30476455
17638074
33632243
15088937
12389703
2221307
23054166
37312857
6293111
1240035
2549265
21781915
43191876
3716504
16575768
25872080
43250266
14538360
41963771
10842726
-842943
18764714
32044507
34510168
41058704
32361880
14406606
42878197
11061206
31403932
2657557
40533558
13850894
25467845
14909482
37297964
33030072
9937061
41250652
28429771
12082041
2717236
34202732
42974601
12004730
1223661
-905844
5151845
38290366
37004662
34331263
24312389
-4437
6135981
35920940
36505673
32230435
30537755
22053013
22389321
6457532
41284492
14467566
38966970
26105394
464531
30949138
21812201
27006464
26064901
7503247
17878972
19969320
42831895
8283472
4452577
37513756
38203648
4051937
5920835
18871127
13670550
35762087
9287586
30019838
-48110
23849008
10492563
2320040
4385101
43125812
28437413
3982117
11704505
15963748
11456165
37355581
38250720
6776333
14557990
35891890
32252002
25015496
12539586
42643585
25813673
22530700
29304102
16725721
1296709
42636672
40212471
26105089
41837021
-19
22601638
1330612
32967414
23286603
28377719
31803110
35637629
35853873
37592825
10596615
33373959
12746118
28576918
8926704
36315162
24905868
37046538
41330505
19978179
33047318
40180246
17147789
22808755
2039762
23794758
26315151
17606911
29853672
20200866
-77644
27417856
41491533
-707548
19950544
41717798
5484604
39677080
19315476
17610864
32860177
20985786
7052336
42679832
5017355
2538141
3504561
18026093
38771371
39800558
2272015
23487408
29224810
1875092
27379890
37044196
3903084
38024387
13717479
10872727
35609859
37700281
5121388
1263598
41890024
12561072
8934474
13029765
37089701
35283417
9088030
39471276
9884082
26626183
27392871
25745353
30217554
8129868
8891736
41351208
11801532
16834325
31326973
30499656
1950434
-478000
33588949
14297118
19495613
39660762
26196379
25778314
14126712
36965348
-556881
20316591
-914198
27538685
-50618
14733433
29822625
32098402
23384097
25486609
36616989
20882834
1106880
3432254
27908962
13530050
35614983
27661338
528159
10275447
34499673
24627979
21951467
37443265
16757676
16342044
563787
33617472
36841758
19932712
31325890
24697089
35132982
24001675
22910817
39342628
23827638
38539921
12985664
14684713
2502574
22413719
7740616
40033330
2606556
38912025
32175054
11341699
11655524
34958444
42909644
43011891
26128234
20257749
24390674
7644748
17680962
13987929
15438253
3727912
28044588
15726139
9363850
27266078
32107113
10496970
23553280
32218179
39315412
14799742
15212305
13195742
10948306
13781482
6567401
39224852
35025471
295799
29643830
33173852
31237339
33426151
26170388
32613432
15667786
29612437
38554997
4308342
10093595
1413171
17776365
29819670
5410216
22658407
1061286
13711812
-651840
10745777
37746266
4569144
39125121
31068375
43270860
18232071
37554131
31188805
39516409
36906426
21717608
30572006
27177541
22054546
35395395
8917933
17090035
15540570
28500222
19796930
31881453
6628689
23040322
43522183
34259083
1535692
35325623
-668220
13829040
9379404
25034433
27159775
14913661
26765762
-966160
15788232
20583403
12896704
33209708
43201135
24030731
24213288
30653357
39388419
32968520
21740181
39124953
30957101
20226875
11949501
9813373
18082173
15166821
4478734
759616
16287396
19725720
15664920
-676134
18204193
28346828
43043494
16067928
17474962
43040229
23887567
29789662
9473713
10915118
4335349
14705961
31008278
22634600
18780210
33550730
14018921
37500194
33522099
10235832
35599960
19970183
31276097
41866579
36180174
32130440
24077133
4884434
5792329
2369263
36176929
8598945
4598865
1620582
33513967
3572141
11279960
34436278
708928
9729043
38058620
283365
23718288
6038481
42097074
883627
29861728
41140152
37148325
28330285
10038359
10102219
20220388
30620118
10882211
22926339
13719920
40573937
16286324
7739160
11338606
649432
26275553
3939532
32177591
21182684
29861711
596556
10450367
38949896
22291112
25132518
19816978
25855391
40732264
29235488
11258798
11094800
342482
8240091
5020657
26779366
32805629
23541114
41670587
14120378
37840727
26214848
42612344
24320332
28468481
26100585
29762063
15140080
34371290
-498963
24830741
41425194
41654080
8924403
15932275
22348103
4217437
19072606
5261427
-495400
635583
13766446
20990818
1182153
-320912
35479197
24725717
26332502
9546864
16942782
20688909
10544492
32221071
19306976
32089502
24679764
9445411
42284052
31272225
11511204
21984288
28832086
-271422
31054452
-156751
43052570
6282508
107308
39136045
17543452
10592622
21867983
11795984
6466051
40650452
19436973
-83534
18852376
43166933
31605332
30143932
14886164
9489911
12555523
34132401
5791501
1500300
18513154
12161793
12858999
23902787
9868303
15154995
28384152
33634953
28596925
26416201
2131454
41774524
41200794
16171312
9152267
29422537
7112103
25299186
22870063
9537651
42239230
36301693
18513707
31279354
42259093
28472575
8259058
39919314
13486327
16748318
33350831
10647257
20401001
37289892
35863473
26956553
29935627
17243803
5402607
10483872
5930328
17301708
10667206
15528773
35838074
28819737
7338953
15867635
18790810
31286612
5480660
13159535
3556654
32386878
18755338
21789715
36617194
33333927
1580081
20213183
30444649
7422871
923546
43265755
13317637
9130063
1345710
43462158
11561970
12451987
38734893
6313601
35394539
34638286
30870927
17695970
42523538
17715806
390351
31070358
-63358
27671047
9954856
15090348
30488096
19407058
31187708
11318156
