24083789
4399278
14935879
10393817
9061531
3245133
29215311
28228931
22443909
4018173
38874024
18885353
23472786
40919181
2866922
12398895
12582150
7054481
12453291
19708819
37825775
12287320
35518552
10136980
38934744
42431364
27890890
14167382
32228511
14090359
42548111
37912092
24861169
1327085
40525758
7392646
34304880
8975422
8945313
26891215
13056446
36851565
42204717
6175652
34710101
3573370
33227595
13635470
41452084
22934870
28323572
20818430
31345492
10374452
32043663
31337560
39623604
11776452
346250
19101906
24170442
41488974
10930085
18342479
5607101
37642131
38494300
12874254
18589099
8389268
5974107
32636492
34271836
5084290
8388341
21581052
3637705
31223783
25532128
25588910
38143979
149767
39173207
30891633
38328412
33921579
19393538
4681235
24887902
36273481
-12231
42698518
15741462
30121724
25220635
31438878
36337087
36328178
212481
544371
28026497
8351156
27216532
1847399
4291246
1201568
20846285
21019120
15244207
31403133
16880983
24200686
36877681
28764828
5250001
21794820
31097988
11596922
3824771
31552048
36482428
24594628
6405430
17605630
9567861
925743
41085158
1673662
40102034
12366805
21256483
-938668
32172138
35456882
803852
8914354
35697849
5533495
15169363
31652740
17339705
8874839
1875099
21139015
40595107
4726111
18983514
20609107
3836539
35670556
17423835
14791548
5467051
1374644
513185
43089344
34711331
15769140
29463958
28299066
29080879
12743138
179012
18138378
6019415
25950141
993430
20837742
-457067
39376108
13557113
41103448
42218293
324049
36597864
18647630
15649297
30604401
38956129
29549360
6204018
33272982
30116924
42541140
3348438
1077001
42923987
24118360
9573192
24591159
6783784
3688636
13670289
35821830
15736973
38590139
37148767
7981335
734251
17194649
34826193
35478997
11032691
9680358
15090714
38967584
42566728
5922051
30413122
20963978
39117162
29364780
30241410
15029038
17687129
13332910
14452955
6266179
20799239
14412222
6173973
30196531
23437533
6010865
24508874
-668014
40378980
36779237
35373759
3265925
714854
9249858
40238205
-475629
42294109
26994724
20372547
35372365
6938281
8886175
-765439
32076935
28441470
29802217
29454654
731043
41818067
30705278
16328874
-528276
6814020
32755605
12824218
14102885
2389037
30304558
16297252
38714918
25164322
31083186
6720926
7014021
31473819
5702105
40598756
36070299
28050923
702993
16922833
35106238
36756334
42940961
11147273
17643831
18135003
12763106
19361722
17277213
9476269
18050386
35883739
-243785
13872688
2461891
1218813
9680379
26059952
25472035
37549005
29966534
34799226
15362480
15945546
18884468
11265947
9315433
18305479
19254220
7582065
15616080
10782440
7552083
3217927
36942025
3845621
15729156
42841701
38147407
8475712
13882618
16962655
7379348
41337890
37889702
14444493
11148356
13127224
13427240
43309496
1065766
17713998
29693299
20140511
27833855
16842241
7745351
41285740
13598029
40667551
15193839
30160280
6560044
25670345
12709181
38385527
21226501
24811098
39771481
25720351
1157520
6728482
30074244
35107330
12263993
33266271
940184
2835070
4271407
20134014
10499007
1473217
16048167
9606620
8732365
7542600
1149602
33394205
11115587
32721732
35387522
31295688
35011693
40497926
22390766
5454518
31800773
7397138
431233
1725072
34285127
-979486
4793245
20019258
21805464
16232552
37801136
36735979
-371821
37774796
39105950
21880159
27507953
3908114
13320781
39211244
-116038
37869369
30372114
19840039
39703594
9483046
11130765
42001507
-908935
1293694
22652610
5453210
23139228
16432120
29255238
40840731
19945129
25880820
14694972
24711696
15422176
9867245
38995819
22783508
40640748
19959300
31216564
5548174
41600262
25176002
23319625
9706718
7062979
6372970
35256430
39294776
5931771
5526607
21750395
24885255
42829850
9360847
25230261
31345900
37069904
36062416
24826985
38416176
34699958
26978739
5027941
27714367
41161428
22283629
7775508
26878759
40761305
31869691
23901117
32784570
31219948
23274681
12749630
27951103
14113332
17510418
8640103
36269581
36637260
39033403
10995111
12952866
8802014
40086987
18514830
38057905
20114791
24978790
15862796
34199919
17479172
12122711
14634378
18099847
2471874
34837650
36435633
39428024
28987020
23775650
4591556
17262184
8534674
7011617
5542251
16613021
2628035
594652
14094907
13141522
25860308
27473079
1665969
5716928
13248331
17799766
25844225
18060870
39656624
22598865
8388883
4320719
30558705
40647337
4021084
2844384
38308927
39225632
14190155
13361221
42946346
39987204
43509979
32696940
28410257
-583799
34111972
34807166
32936436
22727401
28179887
34963066
25651709
1863984
36203432
-411595
32796806
19106451
9326096
-786887
40258557
35520597
22645901
14373506
3446424
26423002
24510436
18766015
27153787
28283327
1995762
-466331
31526022
5466784
39421762
35962379
27701081
-269878
43512098
29372584
5596672
16534069
31618655
38236638
37219974
31966160
-307093
3090056
26377565
12445064
39954375
12396483
39847387
1349367
15188793
1003153
32705926
33505292
43013804
18531790
40556192
26499305
29300021
25456430
43504551
21703138
13621964
35358577
24467160
3206226
29562457
24071130
26773938
21628522
18317287
32947798
8824153
18452911
7637510
33082731
32208518
30908322
16693742
35161558
28374738
37260897
22901549
35661689
41914588
14993927
2745196
29605174
28768187
8918796
38771788
15529184
41665642
2884822
6755930
43451702
11294940
25369816
37857590
1690186
21264806
5809904
536883
2523280
19820622
31081087
29084591
30789356
16535461
36068404
42886842
8389204
29286700
34053715
41149333
18034395
8259898
6483116
28009252
472737
5792845
40432614
14347318
10776864
2760436
34231536
18444582
43214030
155740
20926170
11934987
6196955
4728416
38492650
10960135
13025443
8672623
5770353
11885752
10700077
25969377
12373293
34888292
31233180
24451233
28427567
26548421
12705882
40955797
13172359
39889642
35370897
21993666
2819934
42684069
2803245
16307370
5094973
31045959
32320391
6607219
4895768
31945838
15820599
7266134
31375383
25217510
35857263
23506989
32453651
18536898
16705039
38271686
32992238
41304630
31789090
20243587
2003058
25315103
24207494
26958227
32368672
31863897
23473899
8755231
18836415
-781632
9196298
10723376
3865996
1429958
32524556
33178745
21808450
25072397
162205
35826558
13842588
-21175
14784589
22582072
26076395
25534587
9282298
17461871
14372488
4333041
30352209
14414552
32773308
21062140
12004182
30039639
33311450
33768200
41500478
34770196
39370853
32745228
38430060
19415652
2736121
19377400
42962054
35033280
28321224
16936658
4726163
9884532
39568050
10618162
22482062
35803764
3001650
42001305
35860483
3682649
9591084
22559492
11680580
11871497
28030050
35621451
27158955
13575029
26648187
6780300
25106530
24027053
9912901
36855457
11683816
3726031
1727536
31624447
12743955
33491387
28441786
25987710
30634784
12571915
21584245
3654876
25987685
33539252
18497656
30338923
21751583
11287570
29940212
12448013
19364047
28148436
23934266
2634600
20518422
20014165
31015335
16507925
8372162
408984
16459388
5528068
32263413
24641115
14113770
13509865
34724870
27752656
2110322
25152673
24511355
19672592
11617816
35049191
39780017
24516037
18563670
13880028
1468713
37260568
40401445
6517419
19386444
34148641
19631982
42939940
7951633
-612807
22960279
28053877
9889729
37606781
27362817
2673390
37906810
26187624
31149004
39782054
4851909
18555438
17097244
18752004
40523979
39595840
630052
15330935
29006346
40816962
11399846
32915120
40533373
12932482
29837814
4274103
5122887
38562973
42258438
35526508
2603433
19079256
32418343
4742679
18584868
36198807
11450824
22825610
35940787
29764414
37674763
1357079
41136174
9263848
26736449
29882851
12417433
36688909
20474268
29945176
14859295
366952
5411185
15146972
364869
3300217
3746801
31128981
19873925
1372339
36816518
6020232
7482005
23059797
40170934
38307327
1956132
40361864
16432302
22174728
32928356
10816619
29024219
20843434
13769208
37249221
19978450
16198255
12193229
9234131
30649326
13426214
39799596
24539628
-815208
29214182
26416347
32521063
35468147
16252853
33940482
4404997
5045156
21942690
2297616
35503997
37011019
39168363
10735287
2826590
22607404
28929281
10076417
-466739
36725532
31480171
28228239
37327180
12936123
27482955
28823961
15723655
18749843
34135540
16925848
11788414
32557872
27161281
35222509
38367052
10583711
32622220
17065679
30113757
28198841
42981777
4195525
37682762
20032497
16515441
14937208
7761695
7745963
15907873
13929139
33533357
3494979
34250025
12306688
23043717
36921886
31638890
14161295
28648327
37486384
22790783
34326696
34687176
14104882
19214875
10819696
38757597
5244915
33828592
22249477
4376789
5821310
42446675
14528612
25824960
4597962
21783272
527228
30656246
26067055
35134567
43090675
28460726
20245240
28027277
14307803
29580774
15700288
16614383
5572240
18037943
22212955
33390615
31621436
10319097
13731222
27508295
39345974
32608004
29380272
15717200
26432835
9770863
3639863
11008435
10333175
-779376
1318110
3078467
18383553
3369924
43466733
4503277
28660438
2127145
9832799
2578912
41939550
5337742
14396063
9309441
32011440
35242963
37382702
9213201
35916721
27869922
17636757
26887206
15895452
25999486
5837939
-228482
17908151
41026358
37411966
10219549
6013154
28996867
35739339
13886483
8830479
10933679
9387585
22314266
3897805
27362929
30399379
10909501
12321042
19490258
-100816
19649379
41111821
35367544
-519885
24983417
15128482
7019565
761435
22516240
17492180
10843883
19944793
24194333
35224649
20618820
5316232
2368655
3897235
21362558
4628521
14479726
17392431
1055014
16285103
858418
42098974
-666725
38868229
4354624
39774692
36815949
37743077
24332895
30347523
10749982
38494791
25393268
5783904
23015589
25425175
10291733
28732543
-997694
5636068
34907236
40831728
5633606
43429462
22632114
35793586
24625404
23956204
34699024
11493383
25809310
35969233
37631050
15681977
29657902
11226178
11980741
23660386
19445532
25043777
42179939
16567957
29139812
36560819
33715681
11445895
8736921
7347911
22484794
15180096
3631094
38253296
18139328
-804269
40783574
22978387
4382895
12168842
942389
-195100
931860
32753790
40294914
19152809
22175636
10591362
38194869
25187192
32029531
27993913
21388361
3295351
10420024
33675930
19044899
42041459
20238396
41987203
16369113
34895994
30056267
41490380
31617098
42637081
32237515
27742482
20998124
4554069
12996395
28324809
42600892
3822696
14374428
25512704
16373662
28669635
32511447
36285275
-475104
15491022
30655267
1311284
32382810
12056031
16855758
35829307
260354
35623816
30178517
39865532
34366362
41508449
39843725
24890103
-346847
27504346
33660022
15827941
40807456
28488618
11779763
31730204
42939588
31161665
8800546
9244883
-238834
5037610
22287802
-998960
94684
35758498
6099535
5430001
33456562
28101553
28670266
23086398
12098432
39409653
1604398
3372572
5298374
11999840
21994767
33214669
41135415
10597687
41606273
5983202
16703051
10926238
21549469
41661385
33754097
32459463
36758011
24662971
34597128
29634043
24218814
6234491
11202818
36250033
1867149
18103989
31946556
36898528
20409607
32347375
4154533
25047135
3640974
42334053
39647035
19029789
7766492
34931137
17611989
20332078
20176015
33920499
3178501
32009246
39039597
20491514
-552093
41578737
6113356
43025191
25484820
25781547
25363035
26253072
21186452
31191973
42035771
21248992
13115231
27217714
3049348
-450138
18748151
22885064
17576519
35501745
19965465
26350979
21847142
10007680
22654129
42859252
4344836
-821440
40988065
11016248
29896381
17882821
35715547
30928317
35699036
9420984
34840824
29272938
4223574
10789167
34428034
18931756
1266999
17324138
-282933
2781989
35485426
22788883
35408686
1189181
34906260
29536454
17986860
26721319
29816523
36110646
20497320
5539086
15763078
36908418
1829174
39269802
6867319
37576243
21742085
31157275
31563718
18483437
31734854
6424358
28244518
26150896
22187246
13371452
9772703
22946536
6552053
24607939
18801077
8816981
30070562
32538562
21701877
22170177
3369763
2782510
24896647
38269756
27725866
19404449
12930250
33019628
5858483
29846015
19723824
5743930
5684109
42907684
31805419
23358858
32069347
12908468
31287546
27215166
-643893
21165311
39249336
21666685
8803030
7208858
27834785
31835677
8091902
27136889
3667026
22136947
4535014
3035496
37507641
40489227
17513971
42373105
31856647
39798250
35192725
19494177
28594717
2715169
14862258
13690996
27045869
38041694
3243016
38615975
28796576
24337125
17348008
11729152
5325333
3042881
11441512
8788446
9550384
10558655
18967089
41010235
22270550
33556018
5833647
2075307
37018430
39719791
32527089
40250794
14427752
40665737
41600261
19466667
34215882
26495787
38674676
43389720
26727770
32524810
8271471
24374017
10189811
38822430
29252933
17360123
1470498
22203799
32969381
34871086
660763
36413976
121402
18679671
-174183
11213332
18497491
21654381
3931710
35267621
24238986
13148135
13159921
10985950
13246262
20994418
27779141
37063226
34833883
9296859
12718964
34894264
42582187
9024462
2933409
6679233
32154468
29778893
36447122
20255017
40923429
10616301
35484744
42305286
41767884
20988791
4536395
12590704
25955874
4405853
230987
8941833
33583638
-960661
19365253
11899916
17005506
8315754
28736495
42093411
12456026
39002098
17625681
26621095
2172392
37753550
20437209
24168505
3267973
24404794
18536984
6887347
20346490
41517288
39704542
16509659
15212512
27048710
33874627
36342655
15878282
42593286
3169975
10047352
5998950
7839044
31640609
7390324
10948622
41562903
21280547
13302566
960244
15745051
21988070
38009634
4434227
7045231
4778717
33011273
14750455
31665448
33909598
39374852
19189337
29403843
21553537
23733674
4868826
19499695
23015552
1733805
40826962
28312442
38686351
15828733
27590066
9950887
11328683
8836691
37871799
40111565
24436943
1351451
16524051
36034142
5841867
26473574
14208042
22495636
6831161
-987938
2088427
6239771
9431331
18467294
2502274
19466508
30973997
31961994
26175440
10627025
4913428
23259551
21681460
16193301
11289801
7717676
12683268
22034082
16133283
39384142
35892950
13974272
33764577
19946561
28154732
33838030
17609105
400106
11223421
30957130
34692281
41618320
22389354
39795831
24623305
2251670
25089259
21840866
8332734
27381158
18604671
24056870
20056561
38685971
41914165
8194704
11313222
34523632
28533399
40373256
42124815
24626242
31291943
28520657
33970156
19429506
38825601
32579372
5534292
21724502
32400132
35641291
35713509
41709478
15716195
38666527
25254301
27329982
3373301
2771466
14059732
16864839
34847269
12327940
17863719
25077539
1183153
817823
999425
9823201
38232722
3985100
3000179
19927193
33883745
7590444
32874263
11906240
31484741
37538451
15732236
22944624
13854272
14713931
26682866
23387693
38739453
28761809
-758907
6534098
36593741
24673968
41029230
30462750
8993604
14918050
2062493
15095200
11476782
22951380
4349498
20419632
35325209
20792403
29204099
7632509
27999947
13610143
4519633
13900053
30170594
27403011
5450573
23648857
29985356
5693747
36579616
40181560
-598365
30277975
39956212
31508318
2154879
29649658
19655987
3001379
11684420
13277094
6183346
1393709
5075426
33199980
24490661
28492850
6081924
39489383
42668169
8248621
26608558
16620119
492452
13300014
18743120
18070757
26705537
42547855
27032099
28006836
33724151
33407139
20642208
13459309
23174336
16252569
9589954
30269998
20789010
29979537
24045374
8898067
4346636
29151321
5928133
40161232
20806278
30258925
11188052
29679856
38601853
32571121
6815686
12599102
30898755
24654853
35049210
10949795
28991620
18397870
12482259
42712002
27321856
3070092
17798350
20783655
41153839
22340090
16848217
7522498
43076389
42696970
23642216
19838545
34083242
3091837
41142042
2645938
38022426
5034665
30673036
1689207
22234930
11518979
38356072
14860991
20074464
38121129
39032034
19243957
7378422
16072861
33482102
7405900
11457607
26087631
26133159
17954239
38248871
30602750
14675763
24903956
7831434
4250715
23127853
25981182
24970800
720750
-779901
36830082
1767601
29927748
12377816
28637071
24187450
40477181
6646379
-670973
3718209
33030238
28146804
13304355
4926219
34136150
6945717
27153603
35289870
9431415
11131063
8101884
36394154
2834043
38647336
42944709
23530310
33924015
22359478
42764235
42578395
41597181
28584758
31291999
35939548
28436071
28993901
31459032
5362724
27765651
16893764
33598395
34354283
42339768
3116022
11189416
16208376
8396154
30359756
4429753
32011784
16730857
13659483
17502989
41780418
21484472
3730935
33424288
29318053
31253532
26065658
40185375
30784256
12753920
2942863
34282708
26110856
19606368
20165103
9537023
27855722
23755355
36800311
12310392
42847514
518462
35843925
24331876
2551377
42304446
16928586
41152771
25901585
1668331
29168194
16371584
6697828
21201002
6794978
5943755
8236393
3391189
1611241
6830214
25099676
34746403
32071716
29633136
23532880
2753766
31052782
28628297
24396694
24685265
36234734
29624624
39240562
25337809
31056397
33485180
34010993
23229672
2282069
27005867
8567822
24055803
8421528
17814650
2939946
744128
15107793
40484998
24514825
1990086
8114859
35954589
1897670
36986689
13282051
31243363
-198409
39320201
36229290
41139945
25045176
42942443
40125751
34176734
6185086
21771531
16631266
42107402
19234345
33073208
12843664
6599077
14003047
41846839
36505529
17312572
17587172
18490522
32431790
-189919
2208008
20954506
-276563
12449939
708301
30090676
33201895
37939402
33022614
36419569
19586750
4487702
3246942
43071947
201927
3594795
-77368
8794504
31349109
31718742
20499091
18847756
39709503
9589158
25363187
-479881
18347808
36415649
36169745
8991211
19435334
39065301
41145368
31668692
32445180
15246056
12405630
17337644
24152722
27701556
19277024
20684627
3506362
20092161
24314504
20504741
3956952
26678037
36693882
19317337
18101412
29649183
42836656
1406579
9041482
37624037
35844808
11278360
17677566
2553667
34196315
38620047
40507683
26227180
1665607
22857559
21228703
5882771
33031240
21000851
22640837
277809
33881501
2299043
32185606
31055929
23603309
34128672
14427168
37963428
40997117
33661457
32351434
28627423
24346335
33312463
19821967
28788915
8955620
29618359
1086893
3407528
8938745
31944368
14518920
21312515
16722319
2537772
15356681
-53300
33051953
3788742
35679871
11312937
36144760
33046043
26383298
16975323
7424034
23222314
2799251
28015363
16585449
24719978
32010448
21211301
42073581
28672750
34141007
17654474
11746803
6622071
34983897
27860699
36023804
8379394
36335214
32416619
25894936
32887523
2727680
17218287
17504585
32534474
16329769
11791502
31618662
14587507
35462643
31322790
39592575
31157038
4408851
20626090
6319208
33093506
14367363
22355554
37546432
1746300
31035289
42988894
43180473
22720262
40990372
5961699
8141890
1434476
28538628
40346537
40024599
9773942
6231176
23827438
39421283
24757616
27659174
22657220
37639281
25921299
12138794
21962390
40181491
34209045
27382459
4340074
14912652
37091693
23488853
9032229
27397016
35906964
29785277
9396169
36702929
3905667
5444031
12096835
4862437
35083117
269916
18057446
14563262
13434906
8623614
11098233
17558868
14154277
43350474
17419083
17743070
14883178
25598643
38174664
27314856
13878725
702994
35844995
42686236
-823724
42308425
39243470
43135562
30068381
16272536
24796133
27554793
43037943
2559412
17874972
35542453
32447523
41580724
11759954
39051102
11048434
4773477
29202191
26879917
21410022
34439721
42036535
16973914
14540166
3577488
931382
456592
3183411
2929270
26626954
40909776
1482661
17646861
14727271
1174409
36245519
30561891
42094771
4893708
948122
27773074
35110006
10498662
40383441
38738401
34916244
28097151
12051451
30321749
22421639
39941916
9455070
19597809
21096555
15734928
41796871
3293148
10729754
43072906
12953566
39474469
14824305
12943412
32538863
6777475
38448352
5855655
41767499
43356414
24604937
2984274
1990739
16683935
32685047
31383292
6112893
20232011
6150601
33543626
19717058
9476892
27138328
-531483
33556399
16448622
29701225
40789912
14331762
39451569
32108897
14342204
381067
12107170
38123496
19816121
8348124
7961018
15007947
42844513
42623377
26135474
366482
24381071
3144753
21179189
25562976
34255330
20976286
10902913
24722531
5933600
39121420
5662840
32989631
1410041
1063220
29264025
26515599
13877157
22271910
15606933
31608300
20668415
29083325
8924789
24551573
1325651
8464046
22488179
32543745
34178703
12718131
2127409
15224397
12837252
5501088
24563018
7940805
4151419
13739260
15071279
13588867
40509443
23188442
37473952
14775628
21269768
23824594
11888746
14705234
27333209
33201127
-582524
32354804
42687018
27184658
38961053
4449615
24200324
25189153
565050
43307108
19675550
22593503
28438728
41013538
26064488
19328780
32124120
28704561
-587808
5637994
41233037
3676329
4988923
19968889
7469079
41018809
12894960
25341873
27301122
36811510
33740975
29077661
42628661
32554516
21472476
5764157
9183529
31744221
27485564
24912038
1915198
42830918
26604673
30978662
6441440
13455163
25606087
43229136
24548203
29942268
15874736
29735175
17891904
15257497
18447966
34352289
6423924
29528155
14692093
39279686
3560793
23972937
18829551
17787028
7607954
14218175
40808755
29586181
15477547
17363962
3385458
15329678
22724641
28412651
11897461
4118507
29566260
35375589
37789477
10193076
43270987
7612064
38889182
-8759
41165535
5980331
34040875
23313202
14801665
20754000
-339976
39636403
22639164
33061664
15833693
8428352
39551011
-738874
34204368
14301713
39314425
4677129
21999284
12398483
25335476
41285280
33182557
41067851
16682658
22867677
8205914
40726060
7681551
9681130
20383048
22297229
27447837
35309844
42535121
23882123
36969081
18141817
955488
17265004
26966641
8506250
37075669
5891187
23149808
26051389
17662193
14398600
43124155
30250122
11311511
40420547
11363296
10613769
13063920
41128180
38313765
37350895
18261369
23268016
13084336
37834484
19627822
7152667
42656936
21573903
9988974
8074204
36511294
25577312
32796208
20501543
18350005
22633763
34893775
41745527
16636755
11672426
12388122
22316648
3877571
12148869
35195014
20503626
22613255
38814281
15503836
-113164
12797671
8300328
36961442
24586390
35110737
6916773
31648613
14367527
22667158
24758710
3991275
22950009
3856104
519823
18454227
27608747
15773845
19452084
16666421
21697812
35479908
31809967
32631465
14913407
25584702
21712666
26191004
7125111
11408013
17689644
30028620
29136223
19624869
-633281
37380839
6473762
2645919
36945458
18175190
27374533
4070880
11850491
16375818
43367527
29131325
5702856
43357861
23488368
2436051
27961254
43473196
10047541
34183358
15955623
2341508
33741471
30728525
417647
26165185
36657092
37813315
26813868
9765462
42641872
25451658
32102613
38223354
40580958
15455666
37668398
33542239
19549661
15838556
8623098
-744820
18105042
28761681
1390991
1369279
23767870
13581791
24816719
17845178
26884743
36304014
13463561
30086440
17545204
3757164
16629264
39433595
4571876
32668282
7316773
12673556
20567735
30021077
805746
20940569
38936178
31809430
29746501
20491143
41016867
27933672
41031064
3375594
33230326
29351617
39933022
34263805
30999339
3547351
42428103
11104134
40547647
8674355
12294665
21918094
23852570
35487257
12243033
14980411
7909540
17558011
3699381
25243018
11936606
15209633
38236695
10286460
29032577
21989962
8890993
22595138
14143159
13596837
3985093
19304090
30643862
21720121
42260070
9421661
33113956
11260859
17887943
23836693
14419146
40035107
18761667
1624948
7398523
30118789
6442940
27395646
-23839
13226673
34785354
39591756
26539763
19749743
40305722
21532954
10168119
34979372
10019096
3915590
30437506
32637312
41160689
41321550
27352425
21296681
11731835
16393625
17534459
31746093
33036640
38238493
14184222
3495045
34561622
14619067
37743274
2113374
28963213
27421575
1223023
27887358
33308005
19244117
28758511
23147715
6750913
40799613
10235778
15559806
13489772
20831071
3972950
22854019
38635725
12793160
17357930
40241706
23750035
39058402
20988527
30823720
6304151
39808078
35128969
32990284
26119353
21618282
30181131
6181817
30100025
8265935
25144322
39250664
41758423
39230567
32730084
27336393
27178502
36955834
2051157
37530106
939932
31488994
7262766
16403857
7790091
28620175
38169165
21631659
26187136
3688078
17951038
23004692
733815
27181948
2058568
14764097
19147299
5330146
31719448
7454811
13441239
18725526
24460557
16199878
29082665
40395724
11022463
43446276
41023604
42832250
25093749
37246937
4681532
25591464
20912192
20895483
19972967
36287595
16331
40440015
2500652
37389575
42596919
29994668
35937617
32462227
27647675
29038824
41755072
26299348
16542046
973070
1520368
6304380
13481465
17393014
1988173
11474891
22032909
16636682
35028325
6849030
11319342
20228168
17324426
39144285
38611297
37022199
23383068
22232951
2028789
28220445
30231908
39399504
29541624
5761517
3202566
27773048
34648406
7191619
32848007
15720706
9330578
31652316
2214081
31744017
22131263
23037746
15441882
21593013
35254323
36016166
7442635
5144550
24945647
41326732
11485906
41431885
23216444
42866596
19839466
14610882
23140960
9091484
27157828
39284436
28867041
18452317
17336240
35419641
13408622
31148907
22450241
12517244
7863454
39892465
170130
9487494
32274602
29329016
26419754
37649168
9272239
21057024
8389070
24772170
3185569
20111849
39988550
37626066
15633308
2602882
11143034
13709883
40138899
23622315
3345983
9422911
317152
24079483
19616238
40428900
39404860
36688746
7381342
11211742
10957570
41851276
40499742
42481858
7342880
12842018
29674693
3165244
12576425
11549273
11013797
35191996
33908494
41774737
24816465
42481820
17781561
24595446
34333506
8319899
21422355
42410167
37135962
27273442
411791
21994998
15448662
43385034
15065892
25995767
37986945
9289506
17982705
18032412
19246057
35855878
36242833
12027900
7714486
42181781
10015020
32850036
25392522
14229261
41197034
19197192
28150479
22755531
35743406
20787909
6885018
21797203
26890230
6130163
16504479
32932457
8708262
23220713
36377611
24337796
-318268
2664194
22017376
22671157
24299091
37981365
10586689
19535660
26091263
30403671
16567245
615805
37628023
4278751
37567255
26964125
27649853
21414484
36276539
25988018
30624118
780611
41048787
22665754
10651039
36845589
19763529
2646915
25037768
15071747
-586700
17880786
403800
17780618
39589466
617112
1564280
14038965
35069954
14146817
21377128
37096353
18813240
10921228
19723080
3627796
18004524
37175117
36381314
34529479
20714149
40706296
18883634
742936
36850364
43429511
43318361
21455418
27258341
27593601
12049461
1324556
27928745
470325
12612984
19512554
-95045
37141883
30290226
12698675
31125121
9780893
1276954
15371558
29838651
36223718
23893826
2611450
13049091
14915749
