17160111
30972817
15743866
20908077
17819371
41814433
33316987
13395470
37100640
313732
23813809
15723036
-866161
40861898
38130927
457786
12381571
37749666
17553089
21952370
40079699
32239569
26341859
5554025
23337156
18441036
22260247
26196674
15013576
24549801
15407393
21889492
19964200
3009844
7353286
25914902
38643091
40303274
22328109
3674044
5371828
33150326
32402576
27263268
21302152
22334267
4907505
17470310
37203845
9040334
24849292
26486908
18197240
3087936
30353691
19929780
6430312
6369717
2285385
36769045
3260997
20905373
15784965
17609342
8974289
21261048
28386337
1367607
9667834
36296974
28019272
11141738
30891214
1987840
27673870
1083248
20412132
41760726
27406284
4396144
35495254
38710972
41979059
38917717
8071634
27356621
32216857
10026473
14582694
1622022
12559535
41465777
41811002
32845037
7295570
3631352
36825119
8148101
33147315
3352688
-312553
15569142
5188971
14970416
26890539
34026401
39030438
31874582
2446241
33528353
7320640
11767257
41891664
19032569
27749721
35887229
5261656
31117078
31854903
-808144
39450905
29996520
17248058
1885067
9158902
18841052
39941694
35179935
30372336
16165519
28049413
16280236
8574860
33951943
31497605
43158608
947649
34461831
32200356
13992542
24818306
13116869
22423365
42151690
5366533
6364448
30865197
24862531
25200763
659419
39655212
41018945
9787335
8752169
34964990
5638802
22757017
39251927
21769878
27353518
35903709
32474914
2874380
9672451
37577711
8196076
26707208
30979500
33652624
6237508
12605036
8504781
17592384
21555426
7257211
40957259
39305277
26006364
11790479
4540421
19567259
28555524
26370789
23210265
38793843
11933692
1621343
21665380
17112361
1319181
11352530
35080738
20556693
30845721
4586160
29857429
7338984
22976921
23798960
28772362
16166643
42288243
29827467
27456476
39451128
11260323
-307602
14931089
15508155
21329171
4641883
29836752
37520470
41724620
24109176
33806089
32968387
7514537
28832052
17924152
36298375
21254858
27183862
27677010
16755077
42038476
11783310
21301382
18975884
40119759
9423424
17085226
19216412
19963369
17435834
43109464
25286463
760296
15536596
15606214
32333844
31788396
27098095
22897649
10805197
12466667
6709620
8178217
31185731
2814524
29131540
12907519
24505662
38020423
43441027
9840071
30738625
25287040
23202781
5050613
35943332
29760835
8490752
1778749
42441255
19693262
12455571
21316396
4929541
11873127
5141589
3255874
36471339
36671259
5981622
10767087
25691869
10466502
14811818
40324297
29917539
27852835
10448915
2680696
26165573
19771131
31384039
11395214
7625277
3396674
15389643
38764868
14268760
22355749
31911617
14286008
39221347
40684178
34118197
26348784
154451
23535096
9941878
22639711
26271493
25233983
29392468
29071772
-544386
24850464
24482735
29066793
25054428
23800477
37298415
8134354
41107958
36441828
13384085
3772207
21732136
17893484
4278240
4456756
-761564
27054644
30525309
43414110
2028435
4960288
39574215
37588272
19798098
26105998
32588846
40945176
15320949
6350367
28297753
30375554
22251981
1079453
20098716
36988989
25435132
28743100
19257234
21236811
6089005
9579622
7160446
16722196
31187726
6038811
20365826
4303944
21423339
24579765
19199768
21562942
26268451
37912346
1045435
433134
18319029
-233459
9220913
22417016
8800606
27856992
11099038
35506723
28362469
35482333
3383614
41448448
8710406
9731742
42386062
3521551
31530202
4963073
32507358
2197934
16940118
12129910
25072747
9506962
27133457
19481999
7879637
23206397
40491933
2500564
37138959
17518434
10056498
34931503
13891143
27447163
27964894
37128234
20281217
17975882
9195508
25830285
6540984
41581391
6939060
11883719
28888203
40000724
41096691
16107151
39263152
11561297
30617032
26942232
29585235
43157430
30313989
267509
38059126
29025460
9232901
17098000
19818006
3132170
1580682
31420111
30084148
27687693
18224117
32851607
39859086
13840777
7007926
8765899
9767308
6029472
43094297
23972000
10691839
490262
31903536
18608362
5499917
30256942
31886925
11863872
30768083
14207688
11764541
31311001
41722980
5693013
28256047
24645586
27820738
28580785
14009708
27858213
-984319
32614147
14501662
7771595
15123521
11583287
32208887
39626617
38379843
107947
16079901
29836237
7198931
43525633
17564601
15991160
33442677
28001490
32187559
3143865
33437933
38731107
40533820
28335214
34111946
18020082
11644306
39295435
20430856
2507232
39844856
921667
4592526
34288853
35413072
34142846
41585478
32415231
37134280
33833813
5728261
36823930
8354493
36404078
43391174
-255062
39692643
3018706
7171931
-24445
35129498
3670552
24562651
37872008
12650592
21124014
32578798
6118482
22936464
26185920
1772577
35610047
39666317
2343834
37100862
31113758
36608802
21325917
2226438
21237596
39286276
13609846
-546757
28884553
21206575
17795400
14349305
36682537
17806912
16674526
19083265
14182484
7478291
39414179
26216716
23105548
3028808
4840082
38484621
15798416
6437432
5235540
20917883
41894583
9274646
39139623
19803076
18362117
4835621
22789923
15113667
4186804
40952035
6674543
-181665
26373122
11051963
18573015
39517241
5377705
345728
24845093
13410190
5630712
19763504
33301979
7455560
39131026
23311594
20331967
-487555
4348608
28492654
5573579
18986611
31531356
14566274
2534375
13781970
11159189
41819997
6628557
37410097
6954255
29420778
35156281
21854785
5006269
26112300
4302858
21371817
5236587
29063343
-479856
33774662
10268144
20414867
19993138
23827218
-916695
12322403
5280097
26099594
9018412
4456544
28799193
12234027
31292053
12601372
8459779
8390942
3387214
25825182
39850639
31659434
11853609
40608814
233307
21278445
8623956
11784658
34852721
21413045
36837007
31088326
35154101
19617471
23623032
4890326
38434644
9226559
7905851
14923690
43372470
385334
15545910
6294319
8969550
32130431
14802229
-784320
20892969
42993359
10342582
30857210
24712922
31940117
9765745
41968400
32291927
31321824
35961906
40627761
27614330
41259186
38375353
10891390
3158718
22935602
36473592
27560929
7422791
2872275
42428532
41379409
8282835
22899958
22999711
11561044
38151448
39148657
26897381
21284131
27283007
33241024
24544699
-895152
5104958
13568502
33273368
26407350
18975630
25910310
41501338
10316726
31500988
30071136
531541
8022991
13770975
-365975
29436257
3458487
-268491
38074804
9515191
25631604
17998951
15253542
23879490
18389526
38573423
37762387
31015158
33855652
25827098
11524408
36076512
3295967
37281348
34231026
20958859
3992916
30314211
11963533
38489554
36754617
32369045
43428174
43455641
9956418
17226102
6515731
30719500
3599433
21318448
40023043
5390772
11817833
5282326
204654
26488630
11099710
32139148
9231768
33556539
2753696
25112736
10618563
36187380
11573339
42227115
34768330
966215
28016116
13868791
9913097
29938038
-199946
35843745
11371062
31437615
24219744
29123395
16589835
41596996
31821211
18132010
25498887
30865789
3490493
629217
30380540
12465516
1340582
41793962
13287719
33262889
10972444
37241040
37221804
14106286
26167327
-671118
10144652
5749453
-994417
29838400
3193993
34971289
-187152
13384101
42781512
41328746
27711521
33731763
11253538
17723749
859388
15469393
15547714
18742159
9317395
9034652
36063327
34401288
2512018
2293891
6583662
36142938
13416516
18012716
19676131
10397335
12917978
13273672
1265770
15164927
15838510
37108270
18439760
30145282
2335221
14160875
20670304
158701
5914783
40582837
27822966
20157931
22609384
40095254
11480572
39442909
1843961
12628078
30205346
14597242
1732476
39617343
32964691
32126145
30501525
12272662
23823240
32515294
34417238
43095862
1433165
11227127
28525762
15810467
4125556
22561834
32835952
8382733
-946370
23364355
33382514
5257963
27627413
627352
40917729
-174396
1006553
41576207
25547136
17914889
38914666
40643142
26826628
31946726
12305139
24736145
23459690
41614908
9350204
3977133
6832479
18076146
33834282
30014735
10887710
33072146
-305681
6222129
16472529
9086393
25916844
34435489
12832876
17634143
14506235
4877438
6732487
37252493
4781546
8285999
7511494
21711416
9386195
29868137
3331373
41998708
30562406
40429498
13801117
21663209
25901181
39821225
43336278
-793966
15270076
9302952
-889014
36891059
39406323
234987
40823506
35654691
21635436
16071537
530714
20234251
14621364
16134875
6762024
29449327
29242618
7647246
4728025
15520517
6603852
37770059
25917385
151797
30653944
34434321
12335826
41258303
25591240
12185594
26827619
3592567
33638725
29984976
211003
32845771
9288168
11334624
22754570
39683738
41789914
35335207
32892815
31928872
9318015
4191818
13489911
5692530
14080162
17912318
33607373
25034637
-727055
936309
10338608
14759019
11108616
4989900
4383395
37701639
14344013
5918881
2166105
21747500
28662896
1793858
4003376
45154
8041242
20008768
23134705
22224887
34258908
21762074
6005043
19679957
35985098
33380705
11835220
6157425
15772901
29419852
16777258
14757461
38261504
35211256
20878912
11265057
25710593
38506113
28182635
12855926
23948419
4743006
40862529
8674113
347776
21927475
43005160
38613160
18276534
35177712
7125848
33426499
24772114
28075160
27212252
22774852
21128246
12583058
5447537
13695379
37929827
7164042
29048568
40773860
17476520
4579616
40128966
41236156
3395956
39389521
12165079
31764630
16258106
32479930
12625675
37373117
26325138
25517591
17508494
42230719
22993110
23893559
28069232
3086487
4107888
3166449
22373948
18694396
43369805
17126103
7656805
7177019
26317082
30230548
5897650
896221
12339136
12598856
41910610
5856910
282519
12269616
27208929
6942057
34974700
31678990
41446252
13870572
10883641
40497310
15096314
35515333
12509838
11656508
22366323
40889455
1637934
41085895
5628420
3671980
15720031
37555439
5652221
8768893
10656390
14548201
31838937
7238050
38082617
40767664
36453683
37568910
41595086
1056813
35386329
-841415
-985087
35514369
7062388
26001429
31490784
25243192
4134353
27734734
9520670
26687334
41388018
27943016
18528287
31369596
361897
18777987
17243117
12044514
28904679
42406703
11304836
36889018
30516833
30433288
29248603
1806677
11414262
30986751
39507651
15632926
37744216
3208373
19172080
7654441
43013758
6778026
20603891
11412347
2969994
26438779
15876493
20863146
14478705
169152
13922015
15964738
40136108
25171180
39404684
12848459
32928345
27439468
10739386
7882719
34042204
22244203
40881126
25096209
14578228
32086260
16464607
24555660
11801893
20348461
11279998
42871686
10213642
10521958
22425815
13818909
6321945
16030638
35709462
41416642
42601484
17512253
38926551
38313690
37368176
22057174
39173074
36311842
20451988
25333519
27736592
19984380
42419097
38793951
37322757
8213177
17955064
27204653
29866233
12516348
773143
30483903
12725212
-762765
1562938
29583458
38021437
6508051
9476557
31006114
38276184
23772572
28098642
5743281
19083956
8380195
13087816
8371498
41283046
24074541
3569446
3416078
6546534
36284739
-980048
14794220
9260571
11944462
11742006
14109047
19985136
27627855
12626940
40686872
3340917
33444705
12416014
17872198
9013045
30660468
14081051
2476860
10161290
21901660
21001445
19400888
2182667
-649519
32170520
4739633
17226203
23229016
26259467
20906943
32007836
19696704
9370402
38155433
24466296
41588281
38295337
33111934
21731543
39677923
23177942
37857723
38881432
22150999
37008798
19587832
-267097
41100109
25849025
39195348
24008285
29534205
1880410
11144724
38235623
15362482
2945026
11795841
14757035
35005697
3410486
9919843
821210
42045979
25090356
3182482
22275494
29874432
5484852
1838415
4207788
8403839
24403188
15582860
20770313
35389666
39355963
27467012
11480942
25367937
2797750
-444513
5143008
12357370
20162219
11887657
27225230
39790707
14678664
11515526
21747695
16365258
1645130
39810430
23724381
39275019
2650281
41184343
8665365
32645443
4915502
31014091
8026031
12080298
38752777
13956201
38606746
21132005
37337146
-67826
30014616
41126995
16618526
29500689
18733424
41747058
4023625
21174546
38781490
5846658
36291052
18883556
36189813
2964982
8452871
25912522
15809450
11270788
11852908
11890919
18968271
29832482
-794542
33619821
34520379
15228913
27204331
-537197
5224828
22704675
12651735
43435518
16956651
1490276
35882042
26403830
12464593
-944951
21075064
15640908
22482421
-376810
30245905
31199084
32224987
34052894
-503535
3145006
15126589
40411669
4090763
-246599
30483885
18556569
1520074
32641928
12803400
-257567
11938199
8753238
400954
4304841
43531618
26814669
2369287
5817508
41071780
33051052
5110847
26895957
1641514
24560080
30402103
19330679
15832736
2873073
4271092
2381113
16548788
29784427
9277071
6162565
25997111
27971316
25192831
33235124
860060
19412426
2267227
4360619
40951227
14909018
24334338
27660199
6709034
10379227
11779377
43523488
37766418
22820976
39260221
20500643
20604039
21732832
2658842
28842629
20840486
30998514
12290986
12725190
41061633
28859525
9673047
18255851
9803781
25214464
36182942
17801324
20393959
21504204
4718846
30734988
18830645
36210689
20607866
25594644
25565374
39474397
28833643
23258296
25634892
3307381
5657385
14045938
40601381
38180401
15589431
8413623
10600694
3632568
42768710
33480572
38105753
26918213
34245368
12656220
36913190
41911616
3131260
13605281
42851147
36837632
3151727
1934621
34763017
24275730
4253047
26749759
34779295
39476988
9669586
14637405
-55450
2716225
12026608
21918005
14784240
24771183
36563939
12463281
43191561
2337373
33127457
17619847
6771892
10212566
1132286
1216123
1739145
34107967
14980443
21257124
19110506
566300
2397097
4551988
33960132
37616243
5609366
38574150
9216420
16788353
36413943
47134
20619407
19147747
11217050
12832449
25741890
7096226
27670555
368994
28794435
37772786
38716044
33067167
38231269
8513609
20698081
39721764
17005610
525725
21840231
14306094
-281905
38699083
10765051
6513547
12035824
33072230
26048620
41314232
21655564
34262179
15170858
29268757
22392136
16633870
32286210
6055163
9062793
40006152
40570792
3447133
26275088
29474820
30488884
3258604
17250236
20902835
25958292
3556054
22137973
185797
24022376
40476694
41307674
20358368
18162100
14422268
18182220
84533
2605343
35431669
38002078
10697458
19824729
2862421
21294523
1119791
17187651
16603059
10588749
13348751
33880412
16097654
39541626
16548197
12366124
35463256
8390231
24077832
7489902
9547632
27850635
36258445
13812252
26705566
17007522
26110104
31237425
22735704
35479730
26639820
8511173
14776565
10099799
19643649
39066966
43249438
31377527
19460318
27494282
3066067
4387556
3587219
9269905
22380343
21786156
13583010
26610762
41941420
33533988
9581803
25753110
-962749
4900560
19242136
6919939
15000982
20412843
733425
37386756
4080813
14226
16384062
20414089
4806849
34853039
34545777
9911596
42630603
16036359
39297449
2027413
8214472
4256865
13417991
25730871
23568934
1402532
30459195
7259435
12571727
25435073
11885517
31776338
11788325
5531198
10688222
13262634
16744477
22796426
14021299
23131311
17821866
34929840
40143877
1077415
17594934
36504927
3277518
21439208
24504006
39961612
34626398
7361414
-925677
37859979
23098933
12160120
14517480
24924809
36252949
19945321
17325393
28161890
40042323
35918115
2571363
26332369
22774457
18671423
23315107
35997959
4786297
4847260
8126163
42840541
28265771
7520245
39021514
640322
11437377
36410868
14671196
26868900
13858174
26394074
12691817
36115165
16203066
36119229
-144853
127528
19036126
40138249
18652083
40510117
27740294
10494597
34262435
38351601
28251532
17454555
-742249
246380
35399704
43089752
1428428
21950801
30450614
41347091
2395776
35997280
31052415
7316724
41220505
24208631
37411410
1024620
33308423
36615289
43464894
14588542
31610295
18995082
20947428
-11814
1700779
8696326
14516440
29901989
15067587
7838866
41510324
42282477
4334398
9130394
10521701
4655046
21759502
38385735
13572021
39482455
10070347
28297627
19497756
31109243
2455624
1306237
37701560
11547443
28241810
15053153
4543216
29870035
7277256
19638693
29392239
31446701
-191270
21775980
6245647
17613793
40636981
34068834
15866361
11730954
14741500
29535614
33722218
20899686
2982801
3064323
1544523
12095163
26166293
41262536
18772931
14607898
39965162
14751101
14761160
41500510
32404141
-865912
23104520
38555145
34766655
14727614
17786133
17380899
6381722
196592
8902735
26110242
20598558
4798122
25039290
14577375
17839369
41190766
31926002
1678496
27435644
160222
43317996
39341198
1324578
27475577
5610676
20314944
2289076
39905165
10967567
-541347
42319851
29070916
16317031
5671760
40295798
25670074
15802579
128682
9324052
5235723
13464193
21880885
30428657
18827176
23644600
9176529
13031671
11137799
26339380
27417454
38038553
41337211
19990001
31489580
18856365
19448896
33790563
34463124
12013231
2350666
8005491
42705245
17188758
42894896
23025932
40149179
19015426
6905388
26768117
12528208
37508721
13126392
33286322
35845341
22625562
20299373
3401903
7469137
35482442
40423121
37920110
1485966
19951696
29045135
27883091
14694637
38367092
25291568
19363593
41042163
29618042
37474999
11344372
38554855
21787299
5960237
12961798
31091747
16101088
31650916
12697181
31186764
42600087
2614626
11263870
37512753
29344351
9467632
2519711
42230363
17272950
28440319
2720482
8705943
35201357
1395317
8952998
28571033
5044564
23162597
38963604
10951838
25256380
21584182
38616219
22892257
11756898
5019005
42119678
19300444
43353537
12049210
40725099
38762255
34441267
39812110
-14127
5759484
17930548
7094668
21572745
12259435
36447678
24893168
905354
34680980
3836419
1354782
41546119
34006749
27243489
-848944
1141202
15548487
17751963
12857589
4358937
18551734
-497248
7019623
30518415
21474837
40404747
33447633
43283616
32031493
23846330
42696693
1324557
22730707
17861959
4805703
2437041
35535258
10173048
21253603
29340249
33067028
20317834
40918681
5751579
21793077
7249691
22258426
42405174
7755824
29439497
20311181
17655430
6528036
30056696
12001182
18052478
8755904
8874622
1246609
43350030
7036621
39819922
27383870
10236804
3525863
29862674
9781508
15421226
39882607
23416038
19317270
25840900
27616208
36707632
10710733
20040139
26475239
17333705
13612798
16049284
6665683
42494227
24184816
36054553
-544419
22435535
9961817
18284730
-959784
26085379
32694076
34674621
43287890
40911173
30965279
28804237
16995171
35314472
8471398
661404
28504213
21283271
14941332
32545483
27971670
11667366
22401130
29056800
24341765
13992888
19702621
40789152
23110229
27295807
6317204
34610389
27740877
8004244
35897550
11780857
20991546
29061317
9396847
42413948
17671921
9914580
26059643
15292869
27544890
26636416
11462214
9677649
31628420
27197788
23737524
26260256
17188939
22142396
22937401
747814
-422563
-622089
17031315
25605523
41758402
7905190
41471275
35824130
40820084
31930177
12523014
13182404
10849703
29521014
19782289
33611389
39109155
7436549
34447636
3716755
29657781
22550787
21126510
38919409
34307800
9726314
18038136
24408002
4374534
29743506
31299489
28153726
5092794
1075231
30248762
22764485
7787859
2240781
24497046
39851961
37407319
25726819
10527448
2790369
-447200
10102692
39601913
1969218
3024177
42738553
17769941
13673699
3947938
19778627
42050675
13370822
27333315
4994280
35789159
2981789
5655103
2638358
19121558
36784101
39048536
13320311
35151173
5622278
18681565
11012937
35755904
26666245
4129016
13271760
657698
3575906
17853089
41114398
30063791
10884269
23766082
13331310
18609632
31168370
38498000
23108739
12286515
15054013
30294444
13862000
22930214
20912085
37766710
29887868
37774516
5606335
2718881
19105119
7729828
31337285
30472308
25785662
37891099
26712774
31032448
14498394
37609294
37578791
14927107
38216542
9926141
26394694
19986800
20638637
29402918
41199974
41977522
3319603
17888790
37009995
2133201
15302761
7713337
19929349
26097163
20984063
41976813
24835713
-363116
29007813
14273703
-949651
27626700
36528614
29352323
-721925
4615210
26218658
30215157
2777637
37966220
28578028
25663976
35154063
24933663
25029602
4369774
15862538
30804051
24767139
11638522
29916219
21330396
15289218
8204974
27376742
28753294
23805057
20325727
18542349
10348704
16054095
23157322
40304588
6494431
20852084
29775010
18417410
42864177
39569561
430296
28245171
13510738
7962093
7855284
36110855
8077345
1969303
42407645
21698610
33988017
-302292
6618672
4115968
8704087
12173839
41929419
33049003
21385579
17355764
38873997
1896068
22885017
42276598
19595258
16321035
9993254
12830286
20720266
39091347
42057191
32533034
27454254
13101451
30801360
26875068
16413718
33819582
36565751
11246554
32382230
37041492
42785558
3622671
11642470
4654535
4785961
33961274
16286019
18178745
2828011
27195186
9126752
39306784
5083173
27259601
9613721
11638480
35821213
32089788
15220009
32506772
14277196
2615810
40601867
42993339
39792118
10609260
147919
15965565
33114829
18556223
27549815
7839955
35574103
42278529
29824164
13757168
13030787
31531017
41923871
17012792
16734851
23475712
13161998
33388822
36577926
18135384
16633724
42898447
13103837
647555
11093380
19505402
41399360
36495880
39202815
33623617
29545247
5407436
7184617
18057915
-442409
21926096
39099858
3977009
20313306
29494060
25078030
1584566
11959354
27715823
19024705
24653108
13699997
26995733
39822073
34631989
8859291
18335920
1148536
21259463
14436520
21008687
19701216
3714136
42264074
29850800
11669879
29853941
18967419
10233628
10281610
32136996
13506637
31056405
25044553
30050909
2584069
6293596
13699899
4172086
38434082
32294278
21246089
24657429
2555229
31137799
12699603
7370793
2642605
18598947
12761147
8289979
6062757
26673699
7368923
33244087
4519600
36539486
10092768
13792440
37157350
32283403
22383959
22054812
14460845
23908480
21071126
24861734
11308902
43021549
26634913
35533638
28790161
15430745
28547956
16627120
21174078
25577363
36234852
32127499
39838677
20264927
3528489
581178
28919628
30686287
40092261
836050
21630880
10263819
34546120
24775100
6522245
4476544
28428426
10886588
29009421
5683811
13087363
10457577
19046359
19618370
17420785
30361864
14410022
15985417
36321354
797863
6050767
19833680
3016069
27350968
40154257
32623564
18178366
37113765
36099407
-294000
17579552
6243035
21358002
14647727
31482405
40049945
8686707
27876003
28372786
16344696
16296263
38496678
20382951
12092341
31976382
29655569
39140689
523922
13623352
16377002
7838598
17334906
34886641
41653944
42757803
35167067
20794446
11106132
41466816
4663993
36836878
12357956
13096584
21764727
-992739
8577585
40515335
5625138
15746735
1367738
2443657
29849756
30691321
499792
34023555
-699726
26141382
-442408
9444753
16475971
572813
-307793
38382261
19545024
43123389
33700468
42676539
9252044
21670319
10538051
21208990
10171268
29237020
16432477
38082181
35329095
29318932
7492927
25702869
10225647
23763101
14672152
13917435
41388321
30107141
34251190
41358980
29496768
33210093
27230355
5706413
16803557
26652675
26906959
15755644
17623634
40168182
12908030
38367724
13923796
17872709
8995560
25924613
34565608
42112539
29604917
27231471
40454681
29047536
32170276
39789805
29175835
4063125
8782791
37765199
37896966
1370095
9819707
24753324
8788966
13137865
26833646
31145872
2193107
8403692
21165733
34102063
11630349
2298001
25411735
39458938
1939833
19943228
26957578
21563034
18314534
13349563
17623903
10915283
38817897
30469205
15093127
41728787
16662242
17863114
5462358
26437817
134781
37732605
34172324
35507698
32169065
24631734
26602448
18991726
-840938
24510907
7493023
31107545
27038441
5161367
-398574
-331789
16907554
29195250
25967383
37726849
573022
7185305
31280297
38215639
1751391
797934
8968536
23794300
39823635
6607284
4301690
19395555
36037082
41161189
17256133
4181732
-405382
20678026
21374690
37922527
4131913
40954515
33630342
14227354
27728362
9838561
37999044
688053
39177109
39047551
27890419
27121222
23444563
24494611
3235177
3552398
3879595
8425312
7556883
3510229
39564339
10165953
17727221
12363423
7923494
2629341
14704363
724242
12533390
15476681
7313513
23625651
11742771
27505280
2390190
11072950
39484770
28362422
25633964
40067619
16763651
21176550
12549583
6636322
10540060
19824474
37475108
37199165
26363058
37578909
35871212
29074937
19341238
2938269
10466255
42254287
30798698
3596554
14271856
26557916
17712229
11338208
32330181
41001756
40314216
30047436
36573962
17847276
32402065
15700407
3154182
-429844
14055995
10520517
22415135
43484069
32665855
3560177
31058905
5904829
8390308
14584647
34001023
39556725
18054494
41007488
19887301
33959012
28704114
42838307
15656883
33547858
41746149
39869869
21368829
40130634
10999441
17698090
16950494
9551814
31916246
41624634
41982957
26240312
24881609
23106592
30348593
15707184
2685803
41750122
6302901
36538869
21239047
35700400
23891366
22600930
9055744
18698306
14228284
2312854
33081925
12386920
27988422
40341516
37250538
16341111
39454636
41755054
29458629
15666287
29056348
40739213
30698259
37045189
28075110
6001511
1492063
9819553
15839240
24111867
33359066
34989524
29199795
1863266
13171823
19670667
24090116
3292115
-436755
29640105
409544
23706076
29371159
35555502
13251893
29929168
11327790
36434900
36924457
25730390
13533614
22278537
26299722
23309684
-600167
28801504
2868329
14975298
130168
28258692
24028496
7858299
33085686
9994721
694357
29934224
36748176
29128888
30021172
33195746
31419496
23422805
33048596
29507207
14259763
35684767
7225421
24176605
31275644
13767954
30128055
42459838
3006665
18376209
12670957
22110792
23737691
14714260
-820286
40287695
15203000
8561337
30706491
8672874
23900480
38028056
16589229
15274456
28607006
25468964
34225908
40194591
7353271
36476580
33998420
19569428
2966881
31135427
667817
38077146
-798230
19805131
14267076
22021688
41025666
27110653
20984862
12683263
2209047
15602336
38359734
6807399
12689242
40512553
879659
25832600
37220654
32903908
19700996
3432152
16126121
40496521
38589950
24088290
28121251
22691828
42732610
-946080
39429079
15956135
38978988
26965684
36122015
26401095
2874279
2517335
18296450
42877218
24923074
32574966
31828393
-590851
40486956
24930010
12198570
-626956
-264016
14935526
42876660
3558278
29418817
26852564
7337902
24310639
28806249
1797859
2299218
32443901
32676702
23049571
21103819
13415365
2265263
40832659
35697458
38945742
35440126
15253466
8718956
35766567
19808650
8458634
13094797
3289508
10346405
24451089
21428081
7059348
37089098
26033075
1727487
23226872
5787942
7270751
5913278
27309230
5915614
28806490
31256730
17628594
10056752
12959324
6180032
16155428
11570689
25550434
31998023
24479316
30773609
2737058
11889273
42439693
34719996
28951976
15013477
5471973
15767287
-301097
21658750
31444949
23142469
34447647
24595111
14221449
3582493
9468556
1520610
14412542
23773049
