39155559
38656388
27426654
35853409
39467678
19991667
11107136
25512525
40932028
23836781
32775348
9374932
17981205
28745546
35284666
15213983
14771934
1015132
39455537
11016132
33318411
15022370
37790548
20726433
11307083
5620831
43312035
40518890
20735658
38423223
12144281
13766365
29698001
7030770
34615761
5696541
41208804
28626677
499605
10457930
34949969
7505470
16521122
15524741
22326456
40087199
11400655
34123285
7380237
16513073
15216892
6281688
27022291
33878601
36908307
26325046
8729717
18497575
36921830
30977999
861631
42685120
4929161
20492887
18481235
42355347
2679571
182750
10624472
31553828
38474964
6001949
28491471
319748
15907798
24230436
5678682
11725963
18729644
37171203
33506950
36823120
39638271
18775691
1907083
36794816
33014457
33500787
35955046
13094105
6193455
7391986
-305289
32676430
11642712
76985
22493553
-480880
6221227
7807511
18692051
41375373
24659834
24196546
23551329
38779230
21066705
6027261
2978369
15966624
2839509
14543255
33612010
42898976
30890515
30450698
30657065
-309865
16408446
36428336
11918340
33149173
39025142
12970577
41070636
34742797
23048417
33035872
17938850
22436205
34830344
17732798
2657776
42427915
36692974
33255807
30980993
39821848
13564260
8143486
14320113
13047402
16861345
27076559
38663268
3499541
39494523
34408008
39339824
14651316
8385052
5918145
41444672
34285427
21104608
484310
1515609
28864994
7827789
26697674
21835840
13327148
41170145
28979700
17015246
737092
32271728
40083716
41782700
25350808
32205924
6739127
34007515
18767378
155645
1075186
3176244
42686306
7775930
33288262
12524817
22765867
4627448
27197500
24749766
41520058
43342919
30420488
10505987
42392136
36190191
22150871
26631499
23326261
29571803
18559616
9736863
16374599
1323907
41947800
13355400
28097673
8296063
10902122
15111346
5170399
29424397
36168832
-97482
28191201
12409266
34179969
43522518
29801090
10510090
26702005
357076
30308708
12883310
6547153
35073556
34763571
28927545
18508161
34906404
32318174
34906517
2108281
13072290
18534459
21750841
9414072
33073152
10548015
37818758
4800816
4928225
36722371
11658751
42722976
4643523
-322100
21307292
16452701
25185875
25735392
37369250
36563287
20919798
11085370
30949544
37854455
5219799
3194253
984578
42783037
29649758
40600581
30285897
32582689
40307949
24416539
20870479
40451051
17275070
21441209
36321112
29626841
20086054
24792414
19453287
13700643
6832923
39086883
42700892
28108416
24042781
17791758
1699980
26711469
21175548
20059714
15928223
37834026
38605770
3877847
32350545
14446429
25616244
12197842
10236146
33298020
42232422
30271509
32708197
3070533
39865773
9153414
16094773
10994724
9270696
6108407
16999297
25968502
42876566
26941538
27684570
39455748
42501385
18282303
32287787
4495944
18431692
10644305
31888336
40728424
36594798
18657772
7377267
41966970
39539026
33525831
41259865
28420955
37847101
37795557
42902677
40377338
7173785
16167469
36957456
30905460
10077274
12163657
5677263
11884760
42798708
37156220
36228419
18543991
14918879
2876795
28738761
9315738
33089989
39243775
30077213
16411003
3164057
35841765
23895500
32874568
28450766
40774944
26687267
5139992
6691509
6776544
14661975
15542632
10306112
1266463
2383003
41326600
17610656
8136633
3603121
25541727
17715633
28221506
25362984
36939343
19346224
15536974
16979484
22113469
16611364
36600556
25981592
19363286
28819224
8063671
10914243
38738802
28636718
10175650
10356572
6091429
33935395
6707708
16574312
11031089
4923577
5138900
35422002
38428941
21603542
32594913
34912155
6453594
13898096
43141579
24945154
26286205
27003708
3802128
17339834
35058709
6095977
6890596
35853111
22400133
10243180
42288331
12178825
38643553
16965189
37082038
19105205
12557092
3321158
42870027
2988719
24001756
36700083
35241260
13485120
18617676
10386986
1887982
34026214
30586750
7505319
19933935
14158533
30263505
23993037
33070027
21480419
43460384
21521900
3629240
14778608
25889865
17239043
13084839
20577789
807348
3971305
25790247
32979864
28695181
17670310
31298858
31300440
20094275
8842318
5889841
5934348
43376425
10432017
7536639
14949094
30788408
6530071
26656258
25891453
32914233
18039448
25591341
12300776
5780539
31471962
7804925
9226083
32546471
893380
8228965
18974565
28863492
23678881
16701660
22024624
27392857
30241725
17711724
42162618
-299085
18068609
15957776
29015075
21483478
16840527
21082696
41962507
6681830
6799053
33774955
30277418
22112354
41904450
23097907
14775287
21081306
17659627
23059443
7979640
40824593
23878399
26363553
3757518
40522856
30970359
22698738
42215318
1082450
33410648
7095007
4168703
19198276
7895198
32947575
22677031
18588202
42373212
38664716
42091057
14255906
18093440
38412294
32021925
13864753
43188988
20136545
2181311
20112509
4279664
18849936
8163825
28132783
16445358
31726007
30799721
40972945
30674844
9561862
23006959
15460881
3165384
42254690
38414409
38735840
31185923
6174362
9702460
-34282
8930617
18948757
37042960
15491947
12492157
8445168
28228185
14807549
5532893
4119274
8537857
21591196
16015623
35687721
20387103
3181486
35184684
18631207
11562042
13829298
30533445
41328579
35517521
14401227
6918561
12947449
-896876
42576937
25930413
34302814
-726852
7354151
9327726
4183954
31680167
21348413
28331891
15804194
17000989
12516865
27840285
43257933
36573779
10548233
4175501
37117423
12985727
33955791
15443568
6304656
9234844
29907548
27019363
31798355
35210368
-666703
29826193
4695037
6173535
32057483
13304811
7895079
13616728
19207604
14173488
17574085
4949295
29848405
1536922
11884069
20666299
34496369
42860821
3673815
42246784
11151661
15642424
6043482
11591379
4126793
40828013
13260089
6935548
42535249
3870687
31453219
9285474
11318004
19024020
20314265
36692648
38954879
24571750
26588234
721700
27540713
39919229
4223873
10392798
14380713
34090087
22024494
30184615
41872942
39191138
25380299
23685410
18238906
7573631
33230791
21410509
17663401
16326632
5386896
7902390
41941820
3945147
1603104
37903378
24171650
25041151
16157192
4011813
8185073
12529809
10283668
15031413
1654335
2047679
7227343
31426717
7914460
34562588
16389421
25851532
33195409
11821081
33369794
4360874
42340911
30504130
9275924
2329
26364128
43413443
20026230
6424496
38773054
4854454
38397191
35117854
9733650
53628
23696048
24378403
16191605
15611740
24646753
12122582
35891144
24277604
35068291
25186397
4042490
1921942
32278146
2385412
24368482
1275978
32786124
8216675
27267863
17826367
11038959
36693088
4075646
24078140
20341159
20368123
42632515
35031685
32299773
38411240
41830824
25177755
4288990
1590127
2380951
43482112
17752704
27474789
7965250
32916200
24933594
26135839
40709279
1280308
6265696
8268947
8739720
18612262
14844323
43432873
40277017
21454958
4472550
26539297
7224727
5441313
5481228
34526109
33905508
36695624
24001029
-497243
-770407
19421893
23229723
22335446
20800812
19907295
6079620
18321376
16656432
39702646
30838911
8288841
4082961
11485143
5155786
23859613
9804807
10282443
9200679
41893939
10832611
2671900
26801932
3366887
25646519
17270133
37603864
30790634
30928897
9737338
34833311
1299647
19298141
32901377
21867461
9541311
33089233
38430003
13140341
40421213
19185853
39217671
13056376
16581826
23730049
2341988
32592279
35571098
22453446
25283733
24460435
32746100
16656306
27565626
40383755
1260791
15523943
20386655
28830918
6283708
34525780
23975764
2624522
31636155
31869170
40272872
22098080
24344670
19367805
26987637
29190336
28436445
4890503
23342495
38032876
31011228
32697535
9898520
14181458
41559786
25019569
1785528
30538491
19901435
43346319
30165616
8847970
43252737
8512676
10264496
37579463
43309610
31065652
3769931
39784405
24619881
-942481
28232444
38002592
20622496
3359641
35360252
38592094
18081450
25112185
10545185
23472481
36149279
40434680
37536209
28462167
36618360
29586713
8828404
23771376
30474157
40294665
28780195
33147740
30597858
8995393
6923015
11321253
4006860
19543238
29613599
13126782
18024650
36247475
35205197
25362295
39020957
4129004
20646124
9368747
278793
12667373
20367932
30575981
20583759
35021851
6750417
24950415
20665404
20620932
13268276
25323254
8015989
8448262
12932874
12553463
30481140
31304640
14488229
40576646
30164838
12899178
15264422
32559749
41201840
30773566
10366767
8584446
42393412
30176255
39016658
19729658
9465008
6956827
17317940
40217703
23063842
24819591
37061032
18154525
25891514
2398612
22670134
23937744
12688638
20366385
26114915
23382511
22548472
17885926
30298004
22372363
6168427
27744421
11837671
37001448
35092627
4664062
26252127
4227915
32641221
795056
31165807
32535818
32629076
5709978
41914704
32476239
40921290
5937605
37800947
21511667
19750894
36381393
26074430
21501708
36720374
42905694
31016991
11973211
-725695
12456626
6440774
17729651
25965687
522628
30212944
28520918
10939282
10557813
40946844
10045793
35635357
42778776
5084327
15969132
35577685
31996440
35147911
33223016
27642767
37823431
21620679
27383369
40179808
11140739
22948352
2288209
32426486
14749329
34978408
16076244
13972369
31139700
31636638
7140204
39422301
41295765
11322104
23890176
43328097
35216057
37404939
30105179
41392521
42668659
20232263
16681949
35539730
22315927
27006695
19464445
21829917
41396760
38424715
-52814
29442260
41432757
26551308
33287894
18930721
3519481
2428782
33479087
36470067
31445493
32291127
14505651
9988946
17210313
33934242
30505546
40864974
32257013
30516622
36138988
39418999
28333038
21004194
12251502
10076328
22773462
30033973
20987148
27871781
41064897
20069472
36626055
5154701
41808472
38609692
41202419
22821932
14847117
36433232
29234641
28800826
2219450
3050784
41452892
34704794
-811966
852674
37130542
24576357
9232535
22767058
7076002
-449759
33034257
11571138
7887891
37063295
20777224
7979909
14052891
25331207
8635996
5948484
12907099
12487398
35808119
21739861
38393496
26148254
9975944
14443362
15025998
33330585
43289223
4502641
-22867
30262546
12404525
6942913
8470054
38350716
37474619
36000899
21090376
36312991
31437716
22757936
8909874
33059525
34764577
15153279
38463552
32745154
7396604
22936459
2020426
39255015
11188978
17837036
34599379
20229333
24744085
14989540
31465783
1913572
2945599
1739759
37799175
37472551
11071893
6766121
7194699
21587035
25079589
19001062
12017772
1737165
1523967
17251110
1260656
34680064
40805230
19615388
701016
18094042
22871108
15039573
25588917
22841106
-446147
3444242
40726204
27772210
14213415
14163819
32483414
8473604
42796277
37796941
30445193
25311761
536551
25407501
28982470
12847968
16815871
63827
23962078
23365076
32602427
24866322
26921588
10756071
30124018
23684041
112353
21415706
18180464
27752263
23109375
32097512
9185438
35815303
27637230
41992574
34555761
26149306
19459305
23314929
22717655
3431840
31562683
26083338
25304989
40021726
21483385
30671455
33885915
20804711
7164387
33655523
15607528
15044982
8777525
8479626
-693603
39708566
7009637
11453389
4793177
24188254
33570468
195484
13602166
27678144
11772934
31071012
910240
2918895
32779152
578123
28757007
2713212
22134624
8957347
31122515
36250548
32264132
29712066
29376695
10006253
39139324
39001681
41011080
31791476
32520575
42304728
24747668
21006804
14485463
23536158
31282319
18492577
32097925
18798384
43360732
31971665
39497933
36764670
-635114
13171069
34491777
1519047
13660979
23684511
40093731
35840946
22838343
10598734
4778517
27165871
28162914
30351967
7237214
37867019
37393402
27329571
11097762
2355313
8451161
-614113
34121842
20833764
16135920
41825526
13467606
27067681
22067147
32727109
14508446
14250938
38897087
5102521
29145064
25176567
34405056
33160999
26264642
23871867
9044688
23402319
6713556
25534737
40023818
13842236
21334096
41517962
5164513
14041560
32889218
26973038
29340056
36672822
24252218
342867
-64229
17858308
10727130
6174866
7448256
13515709
23180889
4781893
7722740
26095919
18969201
27287054
17302464
29141131
24804950
31145221
28029326
39663813
34586535
29918540
10263030
43181189
7489177
9080721
41539574
6993480
20944356
29691114
36328747
31378328
21406301
10335961
17687721
28302678
27459692
10080465
16911830
35951308
14362485
21226472
18307815
38351357
9227098
14851496
12287435
7640142
34002018
29988627
40113678
14274217
8090714
2811541
34146117
42551966
22874586
19771010
23787805
40866152
9257592
25271174
1919932
42876573
26646323
6998625
26101331
-424836
17527349
8228547
28079146
2783449
19055246
-465486
20894039
21710124
27423912
2951110
15719914
21244120
1296607
29235540
31826575
17134445
35330372
20526955
15668160
39667716
30930734
14814898
22584318
27323232
12237433
31419901
28355417
6640681
18956260
39712303
15309765
24955519
1091831
28891622
404178
17843968
39669541
22881223
36860658
42413716
43100054
17402998
6923344
31371083
13953035
27116988
21312792
39070485
10321503
3706135
37761872
20979643
25638804
37200363
30441629
27389419
29481475
39925290
9244932
35062583
22684725
42618569
19337092
21542340
2574381
8001898
22792044
9228993
23539565
25116136
24168196
9891403
29994126
39299655
39053304
3637912
11423457
8300169
22914037
4240672
31579133
2445807
16777096
25293175
11479571
3305097
13250300
30945267
41743714
9709124
6158524
28955422
42260285
43365988
27217399
30541469
28103257
21031778
198436
7778426
30890783
15470334
30021685
41872272
4005176
2740894
22482386
6830699
12315745
21297297
22626989
36707125
31555412
15720612
23931576
20182906
13595442
30242239
14178027
27812259
19673602
5736197
29521827
28938648
8502556
-938651
14025281
42976343
12024445
18373084
10179687
14006378
18125874
39230539
39591654
27042420
22897269
27016891
15002195
35661026
1415253
28045549
9657578
16851475
31561355
38712195
37059769
31853409
32786323
23625491
41205797
26940337
26106960
8481641
6655327
42312792
39467029
22041625
13881306
19252222
11260600
37238038
17794262
13186822
-80299
33090515
18819878
9570089
18738698
4345690
35618196
5395911
29198625
7987781
7801880
28675454
-976689
13221699
4567601
35620064
3491531
-188094
37617943
28543981
32853724
28265177
33929028
1676297
3429178
9523439
5773897
4039092
26840870
744695
26118781
21242100
11711627
42149963
30736586
26935401
32615396
20888385
30413079
36868572
8197841
11507513
75290
32751226
3419211
33324472
23497413
23913916
20642252
41463801
41648626
16910452
9178783
22564653
32141559
22146683
28978656
21132465
29870661
28480687
27183575
9841291
42786575
12460430
29178543
23096714
30193835
42136998
31877897
32113121
38687469
16582285
11081708
26914628
5242183
13592312
8342453
39889941
16866777
18870988
31213550
3949775
24406342
22107879
26761209
27224182
42650090
2952072
43219244
1669067
28547773
15779884
6663085
13938799
26856907
22086276
20618738
40071650
41030371
34212922
-776823
4008689
36731927
34257350
31494601
7402269
43473454
19503300
26545004
3084852
10879520
25656073
30157781
15289041
1953730
-162573
4745408
37668658
29690206
32109034
25170914
28159990
43064393
33638668
5715196
25671589
38337701
4683005
20740493
41846775
24562503
18075980
15114534
31521514
38044464
24633311
928256
2935850
27956119
35713605
9605215
30357083
15640433
437760
3004779
13341968
38969857
28114672
20309482
33559982
26496169
12524246
12529000
11235828
-887071
37753108
25898438
10480905
7568467
4346387
36483626
5398709
38711626
41407751
23710288
7928580
352691
38981504
5055830
17976628
41953374
6545627
27439297
8056243
37617719
33520634
25265962
7480743
14274893
39851021
3938571
34746512
29187193
9364676
4301481
8322087
11671476
18894484
2438759
16789532
13878205
11920890
31606047
26936088
21983238
22439889
32224225
15838453
9810507
32267181
17292441
29660889
22686491
22671050
36925488
22323349
6555233
17470219
39461516
2070576
12377433
34175564
34728359
15349970
3746905
22980396
4426643
950179
-278809
32721731
22498945
24691270
40393814
24967273
27856711
25440873
4577168
16351825
21563355
8686289
14087217
17479279
20187413
-931925
4335794
15894942
29029895
39822297
-360715
42897411
40647296
11846135
20942220
42215265
9059873
7996662
26132570
39547977
8288935
2919692
23519615
18684325
19612728
26676070
38530714
10016125
9097808
11977728
39908219
26487701
32419819
16724581
19837373
23462515
28440747
33987535
16793138
37701945
13297916
23014343
2068018
13707239
5014812
13605450
7178986
42289731
861251
41893999
31144774
8255936
37296608
29472695
24815393
37581711
23162898
14675092
34441267
36400915
29328611
9030205
41614476
2959180
21461102
42984841
8570064
12927109
7579416
1422386
24149229
1334564
12098065
18216033
21793307
337887
38232014
14025361
14492412
32146532
36027413
31363151
16264386
4378007
32754676
16548648
14582381
13723347
29340375
41624503
1259261
38889412
31594386
866312
30362988
10084378
31137556
29127587
26556870
18202852
261292
30807121
35839088
26406489
24093343
27682065
42690433
-821633
25503738
8592586
32351892
29199103
23388503
37110944
39253984
86236
15288359
324058
23372249
13577141
29908875
33674082
16619896
10379544
21592148
1280387
22706722
8429270
2970442
15201337
33057031
33649514
39301556
31955350
7886405
41914885
29277345
36733669
34368872
24399296
42156749
28229816
16720306
3389465
28856694
932535
21754293
13021139
17582293
15553484
41063810
4671706
19421588
34019688
15719135
18255651
10099222
4807885
25736177
26469782
33864157
31037510
19808185
6867675
16168921
14521295
30882269
19588245
23278035
40133737
30119410
16675882
6215827
37287172
30990315
29823119
29842778
19161360
18888267
23040689
25246315
17622331
20205661
17109310
8610748
39579797
25353922
4820708
13287963
6367032
33570506
3134018
4388553
18308544
33087430
36511107
28571164
30317888
3404332
33325597
32566467
14470572
10007854
2830776
-737560
38222032
9223107
24018713
19525695
12920073
31869549
32753056
32889479
20773177
42357574
30059085
8551184
32702641
36894341
28241430
17828459
9097825
43392790
7903019
-819684
6569283
26644041
6174547
37919729
34688829
17984978
31426363
14114111
19755587
39708413
35730801
37995543
25711473
10349841
35642423
30447569
25272692
40406108
4767893
18537706
14263149
12793924
17156192
36185255
14780952
15911423
30532350
2736181
36092899
2189742
2633499
14835205
43159059
27184318
35235044
8833983
1409106
3749110
13749420
7703780
34703431
6881642
2258936
5609271
9878684
8254319
25021645
37805255
-491060
11811744
19757105
16608420
27098142
13916417
31314010
2816491
29861331
25910658
41670339
40373964
11424895
39454720
34220109
7337115
19739790
156176
-50042
15059336
34746067
358509
28717452
26340246
35273819
26956872
22759078
216122
351300
4471241
3877266
22588185
7749523
29416085
24173151
38451676
126587
32012623
16703009
25311349
30778866
36883817
42063185
3855462
563000
1579061
-945780
17188784
38254914
39221625
39130424
37635107
33363210
-597922
24780651
36595101
34328075
9463488
37049732
8515904
7012609
4671477
36711058
20908750
25814121
29800518
14963044
32036846
39664643
10667522
38547808
35228011
41292750
13969534
17800494
34251003
29507840
22229328
36729201
33516168
-231832
34560244
7727721
32463875
25170011
39861887
32698651
14826696
12543278
43232707
-941941
6730105
23648783
7056282
-922460
7880734
41642462
4262927
14910216
34022897
40961414
10472119
11454118
35581609
27386095
11810821
33847141
21300668
35110423
5003773
43135655
2909266
20564294
29779335
18602855
21166043
12266074
17915331
35915495
40173644
38247938
36205461
1932071
-607360
18684708
29646067
28991643
23961833
23183768
41518548
17619797
7624380
11034015
4115101
38631311
10998654
3779149
-758601
26057749
18670485
24101386
39345289
32917725
39227052
8354597
7269453
15494849
40148772
25243420
4529152
34090177
28846973
-159157
19954560
27096725
29099061
19791477
2645923
20357026
32063726
36774234
8585560
9332667
39459770
12596565
25705297
23299697
3549124
26748953
1472913
27371556
6442792
27591476
40551732
26600752
18184405
27087306
17782520
9272888
39182316
23120865
37546786
28685663
29171066
29650998
43097272
7703001
21012740
5076025
12226627
30282798
38654691
43500145
14233660
28458188
33658862
41591763
37897552
23817205
15021126
37537500
32090482
26240327
22293401
721653
39285026
8816456
26642441
20513056
39010277
1472048
-366928
40769077
14418751
40858994
31149409
19187827
1861051
38817214
10611743
27168636
6058089
14601341
40702994
37778881
31451425
41706977
-828720
38201744
40131553
42116307
31076915
15162793
36724050
27594834
31168998
34512146
8557516
27587450
30018404
188219
31223332
22736670
22722839
6536920
33770619
41483206
6263977
41950490
509880
17695498
13802395
3062015
16523410
8458006
38456624
41136406
27834508
28000509
40174676
920238
-982312
928512
32210608
41171467
22501891
19188985
36088542
40695429
18103578
19961615
39699236
11065416
33786902
4781068
29762085
38801432
35035633
21953486
37650819
37932813
30184995
40224174
1233101
36442640
10059699
27395830
39009766
43515239
35373733
33063614
752830
32040594
3945293
7073428
39500670
9000180
28272072
32835630
11634907
31861713
19433308
17046937
11359359
20660435
7195192
8137901
7295161
-483797
33099256
24644203
4599548
6086832
36184031
16847779
38258799
2637072
19551591
24809469
40867774
34906955
12586538
3004328
34940826
9729215
31572238
22749472
15388285
11503777
9220833
-152096
2875751
31670046
10714062
38783203
3017675
29996844
30477425
19608200
6774936
21311915
24498824
17518418
37081743
4939306
42871434
-389865
13365846
9016076
22062262
33751022
1121036
31192088
690193
23171601
23921036
3872971
22202302
32449555
32200053
17350814
38651246
34501776
36422427
-874392
15604790
38363003
30396352
15799014
3901712
12954386
6379377
13650856
20421303
30124199
9581030
30893830
29808027
12560247
8964014
6118726
23751279
20734320
30110962
14765760
27186758
-102492
37964632
8473356
40447615
37130198
17489239
35318761
17243169
23864005
14167251
27408199
13820836
35554363
32261294
22859549
5151997
11598986
20403704
-241023
41680542
36392340
17974849
26008976
14911508
16805811
3382912
33887940
41436181
9382954
10179618
41106089
8131138
6902567
26378486
31661040
2632536
4275428
36019799
14401215
13613715
42261889
28561697
8960752
8114554
37912094
18582058
14863008
14864156
20548640
35571487
35570001
24678671
40352130
4008744
32680980
-330285
24425441
24299321
32423459
43437593
23838404
10857258
17967939
25793548
42405519
31523551
21433523
24370160
39405177
41758519
32027910
1739466
37919946
6158969
36138328
22568679
14204962
7986772
22383872
8248830
42070716
19709376
34784801
25267902
9012782
9847989
18619019
-666961
83660
10441918
25557093
10762231
1413580
39294923
23314110
34970367
2848209
5297641
14119968
28625226
21403295
36130807
29860564
24617237
43051313
4210037
-36550
16351212
909339
14747735
11238824
42069440
17229057
32603621
29608916
43294749
4524292
5554472
42716218
2167287
34913141
35447030
42210572
29683271
42160847
23530334
16956845
38453193
271556
30380912
37081811
30584934
38347152
-882047
36939349
273792
3344610
22082655
18085803
37409713
22491473
42569087
22626951
25943710
23728354
32659494
29959397
30069126
10339185
32046224
43001255
10586122
31738443
6000733
4208859
21640920
-185552
35654673
-416682
1218240
20524492
-28214
37448052
1561217
35397739
18599781
5182779
11369720
9207754
31462717
-693920
22774257
31744370
16425853
38390221
5102017
16846113
35807590
9596031
9779861
2809976
34564684
15719287
25842761
22177807
10745225
24137140
8575661
16547833
18853506
4880710
11493223
11511432
17799838
39102158
34204628
41711726
34090737
27239822
22564481
13070184
8657475
10649034
28532402
37024233
33185984
28858371
38619742
19018090
12977648
32493795
7379701
17396331
18885943
783622
1190755
33297028
5387069
13386503
20307579
14946298
35489260
27077391
15231046
40450132
26823790
41914842
13450150
3667112
40156424
36221722
18625793
24987487
22487616
40095882
37202386
24065606
29247700
24713758
29546673
13118794
20544691
23526027
29055530
1825408
8068047
23613236
3556032
23724042
6391035
2648021
16740719
373174
38725379
3511715
41818302
32099091
2895308
41223093
6782254
10818696
16491109
23743988
29638782
6727823
22352426
26577078
5860925
16935399
24708525
30055898
15555631
38352096
19541457
22978183
26995271
4147467
33674008
9486409
14884030
9062958
4228306
3204726
15519280
-724768
-289352
22570602
40418551
29182694
19022677
-535372
7551097
6063645
3567997
27691230
18549479
-299983
21643903
38919231
35329713
36620330
16622619
7373866
41032948
29391509
27309142
31422079
15402272
1878909
17048957
42813126
15521035
11619130
5284739
8968790
27867567
23608137
24174422
30232655
26266360
40518994
41007316
11869568
2192977
7349849
22571003
9181889
25043251
5639042
234848
18563031
-778396
36191737
24233176
11359695
15340555
15299473
2539628
14449819
39842076
6072099
31739315
25833580
31435616
7903055
40406541
28524575
25740967
33776181
20292510
19689019
13375812
12127231
42020560
15660434
37257917
31392771
11302412
37906837
14159232
14648600
37162188
10825924
32587368
998684
34045199
5709638
27649003
36701616
19573872
7572325
38169694
13854828
34863949
1513969
23433137
12645879
25291745
40115546
11588097
14336528
-900595
1216104
26156593
31981444
41125706
4005711
41152573
18537399
3712657
32713542
20053164
37925962
13358532
20393254
20645371
22281223
1622081
2789126
41841097
25927253
36349083
38431820
17895777
36796506
5681243
16030213
17972919
9788451
4744117
43096702
29836339
33585875
4600759
41258869
8215019
39402949
20105669
1199681
8453147
5980777
16136996
17511566
9490900
337999
37791409
42811541
2312310
929239
27062547
2383215
9843665
42645880
9868969
31672007
19690189
2934479
26034680
11236217
37425630
15870056
-313166
20589033
-949091
5571404
31369159
6934432
29982873
13781278
14022155
39624110
35685075
4139614
18510008
26711264
40494428
42692760
14900510
9152486
10057551
32114633
13585136
41062948
2324550
27300117
21861672
40285806
42186892
37467896
27337434
17717868
21041890
14323780
600209
15577041
26693257
34130067
10579493
34175754
3254579
30154367
11202621
39728531
26572766
30473021
12870334
43046287
27725388
7999490
29291524
25630709
22858151
28058677
17887778
15054819
517551
43030825
40193631
32817701
19769876
35987059
1397891
27080378
25647000
25089177
39798248
16678194
39693943
17582434
31209571
25931234
21517364
26577430
35244409
4894076
11091757
2780941
8485880
7092028
31345425
24348923
39730212
27842733
28658063
13169354
41591540
28698931
16799192
11995200
24840153
34372174
40178206
3331242
1380410
29432484
11558559
5082314
868490
5864393
20845670
1754966
21681616
22239288
21186255
24315034
37808126
43179072
37185719
26721117
7788814
31690712
34047026
33987153
-386633
42341428
20461351
