11549121
42166676
35118240
29271470
36661077
31333294
24795569
28688525
42939121
11303413
26899241
33882647
21933197
14655575
28642407
4021786
21944657
33316919
30207411
21297290
1371030
18681732
4953879
26391843
10061799
30051732
30775007
34466538
25477807
26310671
13575897
11434068
36077514
14077959
1775442
34850851
16387623
20611321
-609551
26087062
31470995
30035058
34019293
1498840
18522810
5331407
42284247
23642010
33143061
23298954
27834247
23858979
5810766
4994020
41901934
18831179
20951298
23893564
8415329
35223238
7528777
9607728
16653845
38746735
29305725
446279
12101598
23824748
38837268
20748545
5180488
29441847
38506869
16230667
10260499
24404465
43197132
8244779
22236474
26885046
15637505
30953610
19301498
40290569
4313563
4094656
2364176
13822542
34772878
12673092
11986197
26793767
42586194
11497842
32716834
7416039
27403814
5661272
30063189
41645703
22706397
11987843
39226431
31173395
32065400
10262393
31709689
37548181
31310961
39701566
36811922
14146066
31675978
9563874
18001186
11946764
-622916
32031053
19548617
15432707
4847315
3746246
25577093
31715519
31139327
-846208
33419730
7629999
9681193
29333197
26946077
36781403
10336762
26284944
27540879
29700395
24966258
24745087
28212660
8996678
38016338
1901049
33339065
18425324
1183100
2683161
5717447
6499071
381261
35608396
3381762
9420072
25884969
14932013
2904084
8826358
32996097
32438140
19625549
18965879
40019851
25186829
32790661
14721564
42326192
27734825
29571571
33068606
18829868
5940137
13331739
43051345
-125720
14355855
34551575
36155165
392136
-349831
42991748
14661128
17491780
11177169
20988170
41617418
15245751
8406212
466251
25493702
27386319
26005549
38538277
10149780
19646697
2491614
37370034
18901674
23947945
9390003
18231611
3463513
22448939
16356854
40588744
3611397
18364760
7320584
7587735
11914690
39785743
32898343
28977540
10491750
40149218
17478251
30633288
12013445
17969117
9272761
26004398
39354514
3800704
22088275
3187981
29748210
9006457
4840200
29266506
34882409
9189010
7337802
24941997
13087835
23169713
32821433
27235842
29769393
7262896
15953828
21965164
23200943
29948214
14863814
29661451
40016582
27516104
3998169
43392344
31698331
42645719
31630870
28387663
20913606
34188670
5843027
14180899
32057507
11667799
41568293
35495890
40661501
34699076
11841731
17200300
1832985
16338197
30260820
35190660
817954
41721424
9035030
545369
42701813
38032553
36131116
6546438
12344462
42226459
6836549
36949549
15571922
40351606
19660900
30490251
3915134
10739515
7210453
32901647
37308286
35469688
39770530
7330857
6530317
18796184
35056210
4320446
35566745
5019372
38842840
37714579
11792085
32571267
38465234
31876579
8802014
41814365
7530062
1348210
5607188
14651056
14133611
1831840
30342668
15334317
523167
12065606
15054225
25164652
5418654
40791506
20009081
29059309
32957634
21142410
30261759
41863900
35753186
12428276
39099726
21435768
23144384
14732450
42420762
25051887
35172968
20566902
17413539
35905697
13993556
8689180
33648880
17010725
17416081
20279026
2598311
35460245
41787223
17222436
634161
3013899
18198576
1385701
21119582
8967532
3529918
2742533
9751931
22285445
12722201
31478895
7790144
12014306
411316
27050756
16471813
22734795
24095868
11135294
35669316
20391657
7483510
29578974
9685814
36559180
26560157
18860892
29812968
20592078
533113
555914
24873092
535129
88839
14992245
7453592
39379337
5245051
17801152
9465250
13211459
32510692
17958497
28954205
800220
14721416
3242164
25171979
8758919
27467503
30995885
27199025
4462714
38523152
31990439
-708935
13959858
25422739
585374
7916044
20446331
12479550
36853284
40361380
39414977
8095960
2767010
12322473
27810723
-547369
41212421
9038516
30961195
7455877
32636769
39453236
2696555
25125847
41103094
14476696
8627794
21472973
29802298
33132057
25839778
6498848
13694850
16614938
-141460
26264183
1358794
22864349
16113606
14031051
3456436
9240780
24180255
21728540
38176755
2954170
5541671
31527348
37901984
35336485
41751244
32633991
39988464
-63591
15680437
36457863
24318054
2277107
32654345
43140180
1659500
38684578
16816634
41804070
11546004
13551679
14640890
14075676
20457958
11000548
11423556
29053835
21884393
39622522
5049238
10223980
19279504
4038499
11374523
11545409
23560610
23297278
1831615
15156342
33477151
42648719
19504218
30016193
30929627
7022407
1933302
32194363
35846988
42159395
5291702
7701846
26546500
29215150
27808902
8927860
17632182
140736
20458053
11812653
26917305
19112707
42337775
39399138
20387900
31705810
23910837
16252733
19862961
27404475
31055019
2014464
5237238
817424
43267432
12529903
8501243
42954686
19085792
20593322
28738668
29358689
41870829
18714180
9772830
21869632
32019430
17624902
2928006
40684859
5174353
42945733
37561117
9232691
25062730
18099380
35189720
17770771
35959205
11292622
16049485
43432987
-923292
30114541
1986748
21864072
41818319
37716158
1327305
23665071
10131220
13424933
31537215
39403480
43107135
29561412
32547677
25166527
6612320
28288696
27725304
945048
13023665
7148651
7350574
36668432
22763769
8547573
24234442
32195666
4650421
40811022
22543359
19876462
10815001
43422036
42153863
35335749
18255400
12189859
23667494
3816141
15873539
8455177
22445395
24395376
38946415
4211770
24008616
29286717
13875330
37717839
10952878
8591014
2527415
35178921
3034927
24038189
29572567
15472716
18589468
4305297
38888350
3678512
12587366
30059972
-303675
14544370
33575099
1108590
43399782
40778090
29361093
5519327
33204048
38426356
9695508
43458566
26913633
11647385
1555803
26398141
23876714
13880407
29899083
11034313
13447981
22490555
22056531
19532488
42519393
13305125
40216149
-942201
19177190
16833287
672351
19329473
31787968
37157075
15282613
7272354
10082182
1763639
35912367
13976138
30793987
25540899
22216296
26967320
28028315
37763082
40515674
35768292
18432252
33951275
17584248
32753536
22096456
39502431
37397357
7791495
3374696
20956232
2682363
35297840
3867802
11808371
36506620
15458902
30173859
34683204
16971149
41289078
9148143
26106976
43312609
28575064
16368746
27309463
6935747
15526379
2156510
22885826
28917109
8547518
24919521
10508563
36167147
42935131
5006418
17980755
18318808
5999223
14713498
26942451
16281929
40338228
350642
32193993
12546501
24235595
16861074
19698072
28383575
28790950
17766668
4383396
42153392
30737129
12275153
40515181
11887878
14150481
34861651
6413467
15880686
35740925
11012702
37093459
32838538
25144893
36417077
33608608
-991372
13812180
4552002
36542813
36537827
2201602
-200450
14660457
29076010
7118576
24947874
38687871
35351844
25801173
431827
26525845
40450967
42426813
35659988
4437251
35151267
40351572
29791677
26893938
4198320
36547706
36911877
29842974
13576818
14144509
2623916
20591027
34845754
14123484
24738535
9844565
36208696
31578941
8679913
11158927
33700691
2558376
176723
10524719
6205236
37383568
22725845
32871230
5330534
39999695
31316395
31476709
19209102
27415883
21511474
40406374
32024613
21887866
4795341
32362685
37533672
6216862
1932297
32993777
6715324
16736587
13696168
2653472
30364422
38086280
23587015
15623501
15234839
4931311
26240264
7721877
5268548
10810075
26792557
38286042
36105056
36488939
20714937
29688807
34008898
31327876
36867358
8509078
33477159
22520925
35206938
36223027
9569932
34059062
2768148
41202271
25464115
30665648
70060
31905711
18635478
18846777
31220307
43475394
3724540
32709807
24720031
16344608
7240850
21700228
26118876
40343839
7051537
29688205
11670422
32950935
4055257
-886595
19703994
8941394
32746392
37797794
1411946
37827399
25100801
17550997
30277425
31044202
328611
22391917
36122941
3714379
3308668
27264466
19732704
27364409
27591169
35669912
24147300
7027925
6066343
1368836
7775892
25850496
26045170
37903071
4878210
-658951
1398217
15169005
42110228
3363364
21115807
39016421
25661186
36987578
-737786
4034591
43406866
21551599
7475296
9019116
4470229
20389015
14061372
11716026
15797748
26068446
17504884
42896746
23670985
30905954
13051661
5296041
26668096
40130655
32452989
17786317
156654
21699340
1995938
19580331
33085971
22527651
14161588
27806755
35883295
29812481
20949478
10687833
42802092
22906777
38733595
11191706
24645753
10261748
30340532
20496688
38062807
32520183
36814916
26360669
40140980
11003262
25573620
15491194
29648020
16143599
23734996
31872206
40292535
3164286
-748723
30249966
29573518
3481180
2798598
2920411
42129724
18719559
40884680
4426094
43479720
3157864
25097562
13528097
9932852
41739629
9620045
28039972
14842507
33564305
39682330
14624458
24551819
9913471
37758211
3560445
9454079
6995995
7131408
42436972
24563621
36839792
9721883
5850335
42867290
35568825
39820812
-742030
25052048
4948946
755730
16740086
12954422
31588922
26901211
4577187
17788177
3046650
3241615
19867932
21325986
10937190
28222172
32374690
13012627
13652013
32360396
2482894
34871468
-926376
9156075
8928021
9937743
39906584
15154036
2660107
21942451
6097292
25451914
11120986
34686814
15855154
20816356
19523544
11950406
34753651
26294658
30024027
31886035
15731390
36569813
4093490
32777045
12070537
33211688
30813868
1189893
13511675
21312045
35331722
27636262
27403317
28888030
27011683
27693365
20236425
10909408
35112407
5371441
11085064
23824068
31729773
32112650
882934
19652860
5720495
1736464
40009190
30635417
34201312
10975704
7541749
36404950
-11193
7206056
25659035
26632170
22135709
777739
36471584
20358131
27018520
14577244
27283539
29108139
911400
30509312
9199480
16675652
13593771
29519317
33868044
42206460
1766059
1027559
7173714
29367139
17558655
6153100
11538339
39184175
8961804
29122873
22567728
28111214
22187563
19813046
5157229
26051283
36365182
-719918
30266797
22960651
24516988
1440882
39034308
4241894
19908570
32241244
42833277
17745320
36550975
22360875
27978977
24059671
-936621
25064507
38792289
29515263
38246104
15149248
3620146
26105318
23152702
38993183
40571302
28518984
9265610
28145682
9825103
30411066
42854945
35489709
43367831
34355372
14215769
28487389
-748173
27353779
28029177
43515536
30501022
37097229
42168831
612207
2854172
14107688
25080216
41250973
37635438
15910396
33817791
16352317
-994113
34060154
15311101
22779149
36916564
21430785
25064793
26740525
38880948
10774311
9230891
28736930
6473802
30075938
36605254
18647974
31001761
34548149
37828754
35570386
29001194
14702831
42612279
38389056
21590519
38165566
29288770
133096
37932617
23892865
23062080
34438402
18241243
16092638
20944667
74076
33482486
40912024
2789139
8985590
2015370
33947467
25912752
16949718
12949048
5770890
2330193
10044768
4993879
35295666
20679899
3314341
37209579
22243306
16529092
6745361
53163
11801172
39525924
3628371
43131014
11741819
24575912
26769939
33875118
20812941
42187658
6415063
41451877
15150154
6237487
10582488
42828154
2582829
24759742
28868346
-640021
2345585
34066576
38985880
42899580
24651486
18050342
7925831
13689203
13454244
16380550
15448299
41928582
40547553
881824
31689759
31815922
-70542
21692376
25048482
37218363
1000264
5000448
2727334
36477619
676360
24972192
10908628
2120519
14043549
8410650
40425681
31198333
9150433
18106800
27010964
1701765
13421646
36955250
14611822
23545323
20397293
6223919
34794428
20592412
2958328
17263573
38918611
9429310
13441295
9833588
23842629
13493746
14196269
25005558
13708028
30712899
-860726
12546727
-152993
35294496
32585020
2003590
41819939
14918885
28330165
30521997
25704403
32377786
11169758
37850380
-803392
5538857
19670206
4366640
8983074
33969243
-312744
27417493
30020925
21936385
11327367
2059941
20857704
30173949
22451366
12156630
41389226
10669984
12811453
7170753
-983502
23724435
3050251
16404877
32475743
5289814
5441655
2827631
31170898
11983238
14571285
42640998
761623
30599976
42703900
2717898
4406770
37788129
41482754
32321755
39047234
23063040
26266504
30299054
37242554
33896912
25732539
42143202
35213159
19730698
1613262
14775652
34843725
27313718
5007487
27841030
29346425
33962279
20454883
177395
17879049
30190335
4636444
13232980
26927774
406638
4910231
26608335
19659681
5470956
17155165
27587887
10670592
12382755
1732465
7091353
15595993
24783122
12026237
11818003
27471638
32972955
14034372
7548858
30830008
2728945
2086136
11389090
25653947
11278202
34058646
32530190
14030822
33461949
3941345
-483863
11456646
32218171
39043940
23585320
9904307
17596858
7505536
15389765
30723768
31961551
15085913
3441962
24558375
36953028
33370042
3295329
34898992
16289996
23408087
23861574
20133933
39952243
-244146
8657374
9932361
41306380
15079912
11595026
21483199
14426234
-208095
34009150
39755019
4499877
11605190
34861656
28256064
8513706
5391134
36082921
32539636
38437580
32892522
21081346
10901873
14939190
33918663
39255473
31730742
18276132
19190485
37129361
23182374
43442499
37479944
14354824
6392803
21834955
6207361
39249511
9666686
36534977
36133968
27547883
18969114
2904492
33493198
8348701
28869148
26048986
6811452
8021372
38651995
41358065
29906990
37146102
30977368
5426968
14532386
14010631
17382045
3697119
5201203
4708273
33887248
36682640
34048944
33354388
30116329
27098407
9832728
9727982
8855482
25258855
31517834
32023757
26133780
33400847
18607299
22777535
28325899
42812655
34344107
11434788
16633603
33999919
33556600
9264160
34412685
38908090
31175454
26073302
-522478
33344181
14906814
37508906
42281608
20596493
16123785
31849579
4730093
16092486
6524780
4035001
11372418
27507182
32162074
30423396
4958677
17171066
10054150
37593021
4743145
22315473
35548044
42426788
42861746
3921096
23284377
43110961
34210728
29687332
31747948
21054368
33441748
9572221
34016354
39185807
23883771
15507877
22280179
29446029
31039215
666281
10751880
31722407
27419413
3829072
2342907
23214724
25823822
40461846
22785766
36735985
41307451
26276877
5353670
12271531
40030521
23544774
14631010
26086604
25541572
42530912
8798575
3229039
4282100
6103148
13457907
22002044
16194920
26282559
24273779
39972788
5963448
2284039
20531403
40892899
29368079
2502815
10472608
34846505
38718696
4786538
28114107
42276464
29415439
1366663
28942006
22623413
25345627
25720681
6784979
16236333
33984233
36136981
38013187
22769650
-427074
15725316
22922853
14653236
24005288
25702862
14782783
27668722
17780340
36608316
43299388
33886410
41643291
30886844
21431059
35140982
9440191
20169640
29234746
18028193
35735724
7084671
34311447
12882224
13684338
32794985
28447435
6081509
20894400
8890143
34931838
17199028
42903080
17578440
6390678
15677335
8418681
25232700
29950940
16601952
37442159
41914189
11140952
28349091
38873543
31676064
40247642
32543318
31168000
29816955
8867617
34577195
24332781
40652500
10405141
31019414
13486620
38338902
25768814
9851096
29326064
34106527
9262802
33148356
3784854
28590079
8460705
35018467
6387400
12068735
27125779
12909694
17398703
17881882
14395446
43019765
42529212
16653897
24647530
2164415
2286079
36301166
14373890
15104029
30342258
19702788
10554255
16121340
41126924
32354055
12943752
42515632
40212920
6499950
38843213
10779305
13741442
14407453
7652814
28161808
11368732
4244297
19405897
4946284
40097642
28856720
3976701
30923944
28700699
23569092
17185450
37968247
11479969
35820209
18162145
36097058
15601050
15681420
37681063
16463261
25086971
14856672
36918346
40934337
10041983
24582849
21812567
20126792
33952401
14361488
38549305
14882317
4940082
24121721
30495441
10896606
35920208
14970713
10472217
5689606
3556995
40658326
15129536
38050127
16459065
39331278
777425
31262029
5593878
-420707
8653307
26977775
10550149
36946131
41878834
15800278
18846570
14373858
41019926
33782995
34319976
29153813
43281422
1655783
658860
5504229
3142160
1886381
20512203
38784516
28103721
36626487
32271248
17863391
11060830
18799323
43492012
31140146
21661375
29685637
20674637
25016289
40202259
36965904
6770106
3891991
11478569
21173636
19887821
12326197
1372966
12821114
7121440
23672228
41365729
24285156
20699272
7564381
39299459
11274968
30408508
28688658
20340309
7535986
8470777
13006731
32401771
37715268
11009884
20518506
22212075
36059416
12467809
5595005
28658305
40153738
12365090
-706
37939396
17484892
33483886
14860663
5213197
3519222
30464134
19146661
33674446
30661192
37740426
23847395
43191411
8036724
7060553
15832265
18778960
11986069
22747303
41617578
13693239
30125585
1016727
17845548
8022764
41931566
5485663
40119476
38669541
35764713
35757980
43487125
4008324
35015172
13276510
27474950
16695822
38538308
6428641
16488958
6430478
7244711
125245
31345980
38790805
8247126
17858543
23485779
37695237
23095313
40384905
36382124
7173597
22094591
13420561
21925428
15289456
1775660
31037364
7042005
32073127
18273943
35665326
23142124
28426759
603531
5734490
17784487
10906170
1916303
19067729
17649988
10593418
8205730
39446537
3875922
30093962
31095605
41920053
13917521
2348748
39947686
11569838
6145489
14668274
41561891
20728573
12809081
4539416
12621491
9357095
10071239
21310922
13152327
7827202
17567381
37547227
17323607
34432724
17711549
19983659
42106205
19844358
32124756
13553185
17628864
17463924
-673290
39243045
26212079
14745555
29633162
33470646
18606417
35418603
33138079
35738594
41741075
15707691
41798834
34785701
28029098
12230152
42686913
37744690
14024776
9623269
41509729
21934752
1731269
20459469
3765981
28568417
41147604
43223595
21628400
15139357
19781541
30042067
20952026
7395271
23589001
29162355
29245288
17457461
818213
4759348
14844495
21292758
7741258
29870862
38916111
13436981
13299869
32284552
31212292
12615239
29754166
33267168
18513661
38133864
-46336
35855172
41123635
7130471
12696487
9079110
-871911
17258377
9461494
10287301
37617420
17654740
36561501
3472603
23328720
16859308
41655274
15093021
20407192
1862683
40757568
37993886
13059673
1624034
10686814
24255369
40863174
27610904
9547292
14634659
11433232
2148369
33465748
19680018
8446783
4036793
42748773
8864207
31179076
22389195
21581540
222167
35506635
24117179
34351057
33287139
34536094
36610261
8859843
37681895
12367110
42965599
33765192
38946356
7517684
5088262
28409119
1799192
31959984
30945834
-558523
300934
957124
3579126
4765497
1310513
29623683
5282997
24090316
-360518
4056730
5986476
35861493
-454208
9210696
4117532
7064108
8758486
4413134
29265617
3411959
41872554
2069157
8753888
21290082
19946497
7063064
2241030
24543725
3015539
-38702
25184606
32704720
26592720
14449647
6111107
15246896
6382258
12665036
37030789
41408613
37404321
32395408
21260225
23312985
27595679
9040887
22131567
25101373
12538585
23981109
18840037
41351882
30153929
36753180
10788990
23579480
15687091
1544664
40415061
14405897
20734822
36892468
6140909
43218255
28522712
5363466
37183262
24571363
2693341
28123127
2659793
6066076
28056854
33039875
32865951
40187747
12749981
1077317
16882584
8653807
31629154
333444
9156430
3134719
29368475
28176826
38297503
6131018
35406239
41892669
14664899
31161351
26998161
35675513
36812309
37357111
-338571
20712279
38088619
25134198
40110133
36768367
19301954
14573996
43456657
-996075
22690756
25303348
13243398
35309973
29962774
6749006
38461971
30471409
-251895
5873659
26152383
33481514
28468873
42716201
9249546
37093085
18598884
23448095
17038686
39738034
15257437
1618377
31477099
19471360
1491247
39445354
40621537
22002299
12896832
30094960
29289323
1293245
37118939
40109728
37446384
18188894
6228662
35886853
17149036
14258497
15418958
39459368
27764245
40128262
24071140
43351123
20345934
24073529
38888575
27058255
32878623
38579160
32446481
17140275
249549
20531811
35348695
42652409
680004
26992917
29399797
37046194
36811778
217564
11258328
21969490
19438787
8528635
9834892
42287294
41252707
1916466
14223337
5293450
6341510
25111441
29814584
41622441
40152283
-32918
14077171
42236895
35958644
-947655
878336
11922321
9602975
34793442
23526602
34308639
21548907
1634185
22863090
11742542
30463316
-657704
6613049
5718683
17847737
7119466
38207564
34549849
8852876
27974233
27468195
39324309
28631310
11683156
4214855
32955309
35166538
16015377
6704619
3687659
30080992
33708075
19472369
35588267
10686631
29758661
27931325
16780331
7182759
25775876
34221840
29585491
42089601
22668895
5021375
25331788
3495513
42673581
1838861
19518085
126187
21046536
13043259
37063059
19458070
7808722
43449344
40792438
22499690
29397247
14789142
36940479
677397
33946143
8364491
41976854
27317369
24824160
32922653
17042655
23251009
25225656
40029106
2193800
16238847
5931222
17263037
-819159
14836129
18786781
30860890
3717966
37924011
10697915
6364779
17316449
3475028
26229619
16615268
11414795
21680746
1246604
16223610
13151526
3104496
2972131
12861985
21533505
8106183
19293198
39256326
30047138
23185599
27984878
18493365
12235653
42001511
13619550
29478473
27351067
-396989
29940929
15911251
25999405
11312972
25945458
38020518
29367620
20215282
35439708
14692878
39094161
951434
4169078
14965684
42036868
7916483
42527614
11461212
13843863
19012346
36881177
33981581
31382917
24619036
5366457
10145770
26109426
884792
23627603
36063994
36184663
16800503
15117135
40029251
20147806
18911920
12335177
42650445
19709835
7719116
10917575
41442641
37510177
2292756
40087287
41562565
21248013
12541347
23231799
901473
32181479
1656321
23575540
4901971
1580397
15751841
2935477
36661421
43041748
35342608
18470832
18474458
38753398
12872250
21891505
33022311
927602
37040147
37281418
21663874
2985858
20110254
38700081
30737052
25077368
43319996
29549862
19733221
2012625
37655099
12391259
43285347
29066647
36188185
8502887
32116476
36070166
31288134
40257316
4548262
32538041
27267466
35071804
19304773
7341414
1200623
19746852
36052379
30877655
12118387
27392032
30567135
40756761
34846998
38181054
19139175
35936462
38014881
-455550
6034133
21444637
21806959
19319384
457110
17686678
13228263
26931483
19404345
24873126
21917833
1223801
21247556
38930267
29013794
28935044
3905642
13460092
728448
37318304
3811333
22706296
23842361
42077187
21534784
18855458
35862929
15199146
6876914
24249132
18606927
10773582
23044463
1192847
4018946
20196241
5619205
40467231
21788777
14196469
24569006
8709023
23043706
17027949
25365790
11912210
22173233
19404789
22334318
27647196
18726602
37776002
9685367
21370218
43299669
3325035
25702471
14494174
6447357
38410954
36184565
42049255
-373993
13033021
39124345
16919371
6237486
21277019
30177004
29797222
23744644
41867428
10287639
30370372
20333612
15933560
31085193
30547125
4764395
579066
21242824
30925866
28200801
4279453
-701365
43303416
19203459
42494177
31211899
26371160
42364598
8475653
7482011
36613021
31975256
38160817
25891842
39830958
22454821
-122624
28301173
4140481
14811725
18027080
11708121
36052129
25167647
26150631
39527921
34054785
19040469
12849877
18819700
17949817
29478032
37225119
35944122
21936438
38363245
34069644
14343264
28921420
26873306
32536532
40263601
26120397
15085617
24607476
20895185
2946624
23092948
2435244
39769581
27188153
32433626
-521515
12863460
29542251
12026241
11469510
18833778
19818767
41706066
6915836
30504002
10560586
36296639
32469926
27749401
3397887
-482116
29203916
19857342
4967296
34110196
39334766
33555929
8367359
18540252
5576682
9843469
36454289
34400053
856830
10013410
4941005
19016785
8052457
6659459
24417772
26829987
34087284
14605687
3561998
15631362
8167638
41445821
36767501
26684153
4406044
42310952
11697115
33284642
13747912
287021
17306355
7050675
7955014
9108242
972046
21641937
14679244
39770957
20106152
27995638
25171437
34404161
31395449
15364871
9596252
28968349
16365509
13087436
38298243
6590525
23230283
1057338
10571825
-738770
1769365
30314365
3153234
15425722
2651297
27892010
29707088
42121886
6048642
17294990
13178195
27418582
32830278
31759676
39334385
32501843
19031665
28017307
22296090
13176536
4292763
27861475
11542421
35050198
10615400
41501976
11400158
38220872
37506170
20905097
38885897
16294889
24782461
31660682
11760781
43408780
19361101
6450818
41013680
22383227
4335690
22010907
35165969
18276035
27624558
3725448
11126499
1182352
16839134
32780757
2910043
19591467
3434133
40790047
16430364
15356596
271431
15809127
23454433
42122513
13376058
11063463
34563701
6763188
40479533
4427930
23668627
36475794
35737505
35921190
36546805
16027711
39866074
36686239
33865966
33201984
26884296
11576900
12489623
-803790
8870624
12774907
34219371
35895304
22835751
30424574
485307
39650084
23156308
17587745
7895590
30247558
35810567
39451219
12799107
42731648
5382893
8012378
40114005
2902066
34069375
40041944
24571348
17544668
17142223
114961
19112835
15966891
24887375
37622583
40204554
18231493
7993030
39203876
32593798
19868615
9355060
2366097
20195397
33288778
18221115
5983543
14303981
2372145
38117510
8552206
4370539
7402367
16659739
40556278
2309105
23961235
3717684
43235314
29186956
27575794
23572691
33809256
41378283
36710122
36224895
29508996
26736312
33159351
26050510
31001205
2274683
27024427
41045967
33456822
19292949
6999568
26920114
22841258
23436829
12651684
1961575
38272053
15279292
27905363
28754774
9307109
12326557
34934393
36074492
-377431
11854909
22988764
7403605
16341002
10890953
16274897
28431401
19894878
9017971
4867525
18927527
36013412
17657952
38605153
31609112
41794959
13450292
33121141
14102205
31012462
37150176
17920996
36116784
8390683
17895315
19897866
2665558
28740924
5606586
33419876
34885839
10498580
32861610
41201507
34757024
9808402
7526537
1832843
486375
39068103
25789756
40280622
34392159
26491548
36824900
17543338
32786639
18866631
8337700
17979243
24853610
36735753
18441915
35719911
41967991
21498219
12845104
22870497
29883319
29582649
35755391
38925078
10834563
-192145
8784265
21951614
25355605
2402912
36697463
43058810
39270313
2543257
38448801
22197985
20092173
35649187
25582236
24002373
9512636
23546227
15601550
19814557
-206041
39058253
35795023
21249866
6414751
21186345
16505616
40186538
16819183
8758132
11277316
42948727
4955204
29297824
18561784
24589729
26270251
40431730
40757703
20250291
32707999
23632101
13607600
4778644
43369587
30486130
11760821
43350910
2646642
24102554
21344419
33815139
22644279
24551022
14424979
18410416
5684474
38322659
30380406
25434066
36254889
19411365
6793724
33224057
41912724
4828167
5895689
20491067
4946233
42091662
39190854
19942205
36337842
10108051
13851752
1757263
33108344
33760365
3703293
39393520
43002780
2407340
14908656
4309437
40933989
30399599
22331937
31195658
16172991
17514489
9880406
15805592
13432637
375897
11314071
33275016
2225463
21032647
5584654
33952505
29116575
21892742
21416498
2288392
4939562
39876184
17157725
30579541
10507121
38271792
28448516
1915276
34759332
822711
20645993
5863007
31424398
4615650
15751590
25739324
30808380
35904056
3163582
2985841
11139439
25949260
40479679
34364972
10736351
31084464
32548651
9132065
15087357
10914146
12387413
15633162
26691092
29632045
39465094
25250312
32057385
30965688
6899966
29971533
35490823
13219401
1592931
1394537
25957338
24743716
15572844
975862
14997378
26635373
36056194
40441414
31096430
4943725
30265829
40314051
10172477
34565637
3740924
11721165
25272724
37256055
41997002
30628790
31511426
-96702
-671212
8462151
26393257
6856557
10332907
22091012
13153785
1054473
42632676
39842818
39332520
12903083
3245646
14267038
3411169
35579295
19149898
27885061
2057380
35163426
36158441
18145591
7477638
21890889
7707614
37880952
21866064
41083267
10940612
41676623
23037132
3646855
41877865
13907808
10489996
35585500
29230857
11684422
1265088
2724188
41153755
8335727
3243220
33942135
1564323
38124457
34156675
39842937
21841373
42066269
20215744
32970829
39809785
27098093
32354390
20858152
17436365
33810116
3808770
42114937
21237793
15156711
14497627
9074106
8914323
36820194
35714482
28817537
31461015
29850430
39437124
5499867
18875376
5877652
3385935
36761422
42772260
4342349
13017792
26936821
27735611
43434123
20654349
39596202
34370476
13891947
-307288
17334009
17049086
18092986
8289897
13517464
36235367
38999662
29983980
81632
23117395
3592835
34538111
-355028
40410398
31477188
16303482
36992374
15007198
39419667
8801518
3606213
33133815
36892351
9415911
18048844
655491
22085125
9505464
40096880
33786656
39906917
40379822
31138995
37220909
21118188
14934188
37316284
22488827
8407085
5869656
23835441
19597803
32017095
6642836
22967849
24983704
16612531
42987416
24392764
22741508
43388083
33615185
14743066
6058560
28311678
36846938
24175407
35459388
14782631
39668531
34226767
21640448
40443807
28094460
28693792
15175672
34632303
26658317
13556007
17444081
21230211
26049801
37392221
25816681
39241109
36399256
-679809
2893497
23825153
22948540
35073647
17253733
30846715
28827017
35356660
10770848
14041993
37061681
42396549
34128560
10637343
2730146
33984224
27571875
22924685
5136413
33040377
26130100
39044023
14435843
42739555
16883015
29114569
41920362
658499
13443954
17600055
13187447
12073926
41757997
4004277
15714220
37050809
11208768
742118
20141438
42087472
25752419
15221816
6012587
25632228
4484835
7366548
42385194
30400202
1118240
5836476
12063754
29060355
24463445
27574954
19262564
8964320
31377008
34091849
16328242
42041202
9099671
5705991
4737205
6650557
29750621
11088973
39331262
18265744
42711493
11099436
6869272
6780663
814630
37783953
37163243
15748605
35393553
16675590
11615138
820813
22159753
31722340
32236428
3826285
4478715
21508770
9043454
3200433
-802330
41167976
4741543
924346
4648385
41550645
38384754
11699762
15894871
19773292
1087255
8527011
13109931
30160060
17948860
10523112
6208254
-918964
16608610
31982590
33834421
36436326
14666958
32592860
42142716
27549430
36673570
3431914
39493968
42699911
35025149
23013993
7040702
31106128
19724717
4029669
19655676
32266583
25780990
41645007
41413975
18282312
20631577
-729119
28717577
8297814
16480536
38472144
11774201
26134530
5312208
5518096
19482717
36962947
13528275
15157000
16794765
8945709
35677218
17077462
38878594
1513798
34462856
26116312
39700026
39429656
27368708
4218424
8912842
24279910
1504030
17281346
8674951
6545118
11519189
12120342
22688140
30687922
30467610
24171548
22018318
14674860
28740006
19389730
31029205
20596181
37756863
26993085
22633528
18452657
21288726
35446711
23558600
22766732
32197189
10083567
43290728
30801820
9763847
28537818
35087568
17229523
40190958
2195369
43058945
5263471
38617146
36038757
36018092
11522565
7859163
29594677
40225104
10094380
35080783
14710474
-165457
19760837
37077853
10196172
28073797
19753560
26187951
17101377
29529648
519769
25529968
28326358
4321864
2635276
10698860
35242880
40109070
32517953
12976712
21043343
7856070
13885782
29845867
28593647
14245940
6116435
33372885
20700181
9766362
26519498
33371894
29712514
19031986
8487255
7121718
36445001
40947444
21775415
15812222
13284539
43322007
1600185
-618850
19445228
34664496
12019114
3298323
1871257
38189704
41816031
37590328
22339164
27834106
27614434
42180831
30172558
11380515
24943418
9986262
42122286
31227781
33927134
26841129
37204331
16694522
23376104
3573169
19358653
7419396
12278310
25197008
6641942
36260248
15702095
4012302
24222986
17515304
17428430
9642244
32617633
12846235
18105548
17190000
37599032
33797943
14145829
37105592
26393644
23035911
22607424
1146019
41415177
5802176
17156200
3764848
37236408
526793
19083454
38971157
2568348
30394228
20800298
11581681
23831433
26039700
25754052
27200221
36252932
6004086
21580255
5269227
249505
36674272
16670875
4509353
13932759
29747012
8524093
14370128
24129600
12009282
3079135
16082595
31141787
23205009
22664503
-655703
14361684
22916754
29690905
20533408
9719396
2747767
12262615
20286744
7707847
20250579
4970257
38348954
7473414
-18600
-632904
26961058
19924616
40439522
36635277
15983244
30539110
37727307
28074886
11074831
34364743
2452680
300052
20338236
36457476
42547755
18121478
28410352
5775586
27267297
24844278
16779908
26477373
12907759
2694415
9648201
17229051
17406461
33949737
41917860
6787971
-422673
42028867
15963049
42756505
14458645
23044878
13889973
18643313
41596741
5355931
3725426
39047838
40850877
8973625
35407668
33948066
17321472
13947878
11325356
12125621
34783054
42011194
17389184
39726876
15810430
35847017
12431294
35030441
30169176
29425306
41597977
10028017
26767640
42286629
31492607
3707716
20263479
24752998
33006320
38060247
39101402
26965080
20448736
29315505
5053080
34478827
4024073
19081326
41366153
14311618
533944
31653657
21005663
21052254
32704492
15460325
4150338
18896242
23612298
2879796
-584027
34722082
39973365
32820356
41215514
36174604
9200407
28705298
12162886
792255
41141057
4166825
34478222
40392982
19862539
23645871
30321290
9777011
38574820
7675233
7064650
12012787
20926864
20717147
41810275
22504000
10979937
43005425
42623745
19676361
36349924
12523903
10135158
35756710
15151476
20649609
37956861
17343006
3124190
8397536
6894198
22339019
31740664
13351788
23475632
34719514
17710584
17938101
31780301
12984102
4017620
38850013
34517589
41114870
29546387
28102373
11837825
34638842
18882182
31623562
39687006
39972028
29461220
32217921
41255952
22393902
17130923
502511
10769139
20000956
25175178
5762539
22531005
14304005
32592351
8049051
7481408
20844420
36351379
24358354
21605549
34159457
8373732
19895830
24148050
7050975
36406968
22830395
24454377
40178790
19858919
9539655
6481866
33531473
28741948
28594639
10110262
38597406
40285608
7194952
30824762
9845059
13057984
3624953
36016741
37812196
22892764
43148097
14062257
15675940
23114844
15741982
18561800
9502995
21108169
30160988
16443178
41463684
41683842
25109774
25130259
40753423
40608668
15489740
33068756
38115000
2222449
34444748
19593337
14333974
631799
4356894
8226904
5162726
23485709
22298010
6094001
35368436
21066755
3928228
23591244
-917968
4053511
-171679
7894589
-790097
19880650
21492116
173883
42809559
5763745
25380720
18003513
22863461
22076157
27379670
13294553
37584658
34765221
3389647
24486249
25583996
502594
27481926
8818469
27464838
40741826
13492020
27834226
14745120
10722168
39708994
20496040
34901312
13631458
1801732
36498411
33156481
22688410
13956833
20910827
31954057
38954022
31996303
19007982
16917605
34061487
10240419
16685759
41364334
7564959
6991174
9136450
15677837
26629543
40551208
-493204
798377
40470544
21957334
7780729
35975691
37564521
18356132
21764010
7340238
17623279
7851381
11694045
36021738
20476409
19870684
31008302
13085656
31040714
35401448
27855805
23184528
37342725
36726664
29759891
39951400
2976857
1710448
21581477
11351328
33727999
15084745
22011169
32168998
19017376
33667734
9167449
38600015
22224711
20122176
79662
38408933
34337919
20478199
24284138
36636563
37700458
2691357
26708704
24365106
41714883
2787226
34211299
39236217
33490938
13306806
-984304
22326507
8108705
23115293
33452499
21794036
17954230
39420969
14934649
23682261
5379255
25707686
17864401
8300720
42454429
10458422
27057420
14324384
8502934
37168114
5508909
41698195
27797940
26952594
38870745
36293106
-659703
14521645
11614447
19788885
1987208
25630500
27257643
38262147
33965025
19783185
17026234
2312705
741626
4857248
22493411
31003029
18058078
24004437
4145254
3108050
39742901
8322950
3143373
39357279
8049641
693195
36413612
30560825
3198549
16847408
42609748
29528749
18449119
9885494
42284500
6900245
10732946
21630356
11485640
35714205
30589226
3361692
15423232
40593888
41788472
32712083
14925458
38942908
281795
17078440
28051815
29494732
5362702
1107849
3379119
27534742
3021219
1803878
32578350
39421210
38651345
42060484
9084398
27455618
830875
37364000
23909414
30488144
38644847
14283596
6965078
9980826
11349637
5033832
26313530
30373587
1065457
33210247
17687927
6002312
19316331
18128171
28014756
7749883
5908642
39336752
14677322
-220357
34529773
26737506
39737286
3110735
31023746
40839341
8184466
6331582
27268591
19714189
29291234
37103720
16833979
23177995
13454337
13814742
39592539
9578131
10147034
4977345
6202414
10942113
38755425
5441982
4217583
36098708
31821333
4226258
26596984
23289288
31442845
28293614
26601191
4844474
41611488
1711197
19621972
30342469
5100413
32006037
40144534
420736
40809049
366894
22362118
41711390
16083074
10289062
25815491
18635190
-247351
2906349
15361685
2488621
6865818
28886595
4768281
17738954
124620
37383831
32425389
29635309
9698461
3469454
25208306
-167874
35787516
20452906
30659825
22232627
11670677
13571629
12227151
33373488
3850591
30134036
36955919
10643214
17740590
1282668
40098281
40313108
43397150
21385614
36103742
507436
40286917
38108058
8024529
36399700
4348273
18896166
27192386
23605308
7919994
6588073
9953439
10988805
21206339
27154089
12292624
-678921
12002490
1084735
41049560
1379946
41492377
32771968
26830759
4568341
4260567
7337798
27711077
9263930
26096665
17986856
35306557
39740979
28305836
17500813
11575329
34873735
9505399
25306748
24778763
35380247
8682086
13559647
9667470
13211744
24144871
36097073
36056582
19253089
41265051
5386304
21480960
3754631
6841878
8761600
24761603
24953888
6459358
9343699
28429545
2839917
41841556
3588701
34560791
28626685
32644039
25700087
9206752
31638274
22876802
22777844
36937330
27500095
12269124
36938932
11208255
33744809
27596465
8330887
18648275
41127985
40808340
37626860
12920876
25117713
17632268
29205663
19596359
39528661
34873983
13244306
24942232
41658839
11757283
3695429
10748769
19311466
9071857
34626600
42362483
1230046
2321542
107899
29827679
4835766
42172558
21325452
5472266
27733140
4325163
27075674
2784589
4145585
6782792
20975821
19052009
27685591
7259476
34646726
26688425
27870563
31069290
43011015
22062314
14775324
33203218
4748126
30848389
32618153
21962506
17270141
39092518
29283829
28323426
32204394
16994479
12711590
30320558
37589880
-562638
5393036
26109267
31380093
2335868
25497737
15704444
12091744
9858304
1261487
15004047
25641799
23087214
37279854
9903167
-101388
16477316
25174877
31320207
19276310
32650757
11019333
32722654
35381720
13631990
2984810
35382499
10506976
9375632
9327621
40324847
41500299
16551842
5677558
38579217
5955402
41947209
14518545
4552917
22974822
26668230
17975077
3951464
4624809
7032565
32038376
12321587
29995115
19306876
13324789
16472950
19828800
-693392
8789828
27062075
32149100
40090278
42994030
41920884
14981127
10052717
13916073
16833045
4522423
305828
43373705
37916315
9651454
35645976
25503770
33693653
13901195
12203718
38799510
6849335
13792895
15366637
24449447
34404344
25960263
31843782
5644904
5502711
23213288
2000349
15868188
18119234
34315125
18727682
24585681
26132364
15094737
37967493
20031023
24230886
3724144
36664798
39180353
14732817
8134928
36980490
2851901
30879381
7781518
8165902
35761618
3494423
31687612
19056850
26416705
36720953
42121870
2504183
5997373
38940175
21321212
36052962
26313885
29437959
10595947
39817840
26725627
16475124
12064873
20125848
29226589
26698585
37616907
13660522
11221933
22463099
18488635
30905549
5230624
40011353
35878140
4210321
-28804
11079652
31709470
15527806
16962464
36805139
28909195
35587362
2012282
-926247
34147119
12924569
23753837
29940776
33560227
39788236
21864947
28015422
3342016
25527440
2165231
37757166
24953951
1534103
42499287
11541129
26041446
25916527
9840440
35248954
15510760
26435313
23651069
6599985
22263491
16371000
147297
8744295
42798661
551109
-80072
20433608
34454712
14748434
28967092
39053656
957604
19161063
32845492
23784366
42348853
39045379
41808376
585942
18393838
39049869
26137502
31897459
37318427
7886086
30223733
36163063
29689536
39499463
34438408
10819821
28206339
13704745
31253395
29167872
22881619
28489842
23894625
32490778
19536477
22799
3601140
24164146
3391665
42531786
30099692
37184970
33414546
17361516
32098287
32297004
12209885
7287194
36458384
39237899
42462618
41634167
36750054
18054233
1605285
21163623
36774333
10235294
8472834
27845424
12122758
-133461
18381901
16319918
42379570
8898208
-327163
27045030
35875014
15798174
28673104
26050659
12478673
25913848
5810544
29533373
36919123
11771005
9249477
11968
