8545326
38849215
3401987
34033064
-152253
17854746
-766968
32196834
29738239
10135377
3668116
4081917
20390671
38688526
1145902
43081811
15103024
42171969
3398741
40214676
3280773
33847651
10973761
381147
26305638
27316481
10705975
40261762
10737278
41545446
-259678
32941355
26976520
28360284
38345275
-725002
33972507
37873955
36586591
7623265
18193254
22487414
12106094
-819107
10219911
15450462
35444929
7537144
82836
22879711
17527989
33042618
14171986
33419288
-518230
5039069
14341974
17058167
957579
3334737
32698645
8192214
20512236
2747169
14570108
3592345
14022544
29584958
43073703
6889143
28326143
1360601
12532406
42264510
38583694
26589733
23635107
28302431
20840544
11239004
26018059
25398744
20471916
10712224
26634187
11763658
10771378
8356119
16945327
2850505
23998933
7051024
28775996
43006815
22832205
17378440
24518195
37184731
39814090
4141464
5505823
17883539
31518817
831096
7653630
15175696
37280787
1208031
7093281
5354358
8287518
12549859
27281944
11094170
11650222
16165483
31513518
1788523
14626674
37747637
30071404
17258654
16216572
5087362
41396665
42067757
22355311
4358998
38477359
35712825
35793594
14515439
21325182
18726019
38753973
34921859
8104475
38151643
43468137
2824458
14439459
39213038
12848032
536310
18981945
3190864
16430987
19032111
4886917
19373392
25312446
5636421
38667587
14529691
1140130
7171890
39586387
7866484
30062559
-458290
3310761
15489361
36554957
22866298
19110332
37924140
26437497
5493383
39303251
7428215
4292269
20545482
41301250
9428245
4350475
16257058
32132756
7251727
35539018
3947034
-532566
39750386
30548722
28343278
17770075
28281334
8868039
22518972
12215039
37439768
14020051
40076128
22886854
-637854
39578972
373037
13400168
37327506
10091609
6638692
11466688
12970048
26740554
14257387
-679252
11502308
30083799
3051871
19370206
-21641
43514799
14921280
10049631
2131129
5490510
-74169
16384079
33045213
34398782
1498881
19163356
41270593
23650940
29584713
36302675
21431734
15086885
30738768
33270505
16136568
17323777
24735315
14841289
16063373
10835010
37179017
25650402
4243633
26299459
33703566
5720098
34655843
33073058
-873831
7065117
22180229
28391116
22632189
68198
13477291
2368633
17728508
43507904
33024766
11686773
-423176
22223015
23473021
5500108
42999079
1918012
2187787
23122986
14606496
-5127
32945831
9803446
25157223
5102285
21769719
34909836
40087799
27951507
34436582
18393010
1751605
28764497
15730366
39986689
-526474
2947589
37103593
7873984
38004587
3382289
-634855
10339699
6528216
27579341
23247923
13165723
18972323
5924848
2997895
34652831
36254963
25211519
27556632
34660125
19624373
38943243
21455211
21637575
24898163
11889728
5837513
15864604
24232387
35639478
40215905
22770941
25961968
12250046
41276679
43524851
11114286
42942504
38976234
20435983
22906073
33296378
7768885
-877239
41302452
37110362
38062800
13934416
39286119
32521285
15397466
38361433
23053999
38219262
24024591
24690632
12243991
6284507
34446545
23785837
32642118
25315361
11041448
6031592
31616384
39371743
11719627
4757641
12064977
12051830
35739800
36994338
40296317
27756774
145409
24422942
18293143
36153962
32245443
32627463
21384
38404842
31192998
28862424
4699795
17511375
12558769
12775240
29815465
9538484
29317370
-421547
20675567
10904304
8596080
25893356
30622783
38605878
15394638
1568398
33867595
39399938
2007876
6653766
7971469
16002756
8271409
7146626
8538940
22710216
36444600
9988706
25270975
31876555
2923951
20092154
9949649
9526660
2916738
23855757
8350756
2960861
21067946
11699133
26468977
4990719
-392227
22449776
7472437
40278396
25580713
27275888
13049113
16814561
32767804
12235644
15367433
-423687
2295995
28517487
33896310
39780821
11254820
42152534
9340118
35172550
10549801
25301840
39004247
19447833
6637385
26295515
16590802
42781547
4571316
6276432
17516247
15297398
13673930
25689538
9281636
12354040
1471160
24066741
35628488
17118350
2796004
16951139
11671866
31399240
12404264
17975811
-419869
42636902
27131705
36312401
25265508
24430460
42698558
10165489
22613790
22501995
32528810
27717860
8829858
39237193
28019193
30841819
14326732
13812063
21413749
40082738
36309754
30042348
38135573
14485175
3892214
38827292
17934712
19061687
17326375
13640591
13023862
14518703
38921984
29191857
9101706
23923426
30333066
29831662
1325535
2103287
3595512
35683803
25033775
34929948
32786021
14740511
19546468
36209221
20885265
840049
2632011
17570558
38965432
11461674
13451972
16805003
13316142
19820791
6304414
29317710
35564231
1852569
37570570
12665001
11057959
12114403
30423862
18048948
2180927
7306437
40908837
27727253
20302162
30608329
33531763
23175121
38701732
38785973
153337
13699979
22293868
22220988
33087875
4930533
42611190
16956728
4820737
19169146
12931567
7542511
41312604
15938054
40030824
10757138
28300397
3634901
42225048
34940309
14608890
8694396
14118139
29582531
7719017
3768110
41721770
3911494
17155191
-611187
18746936
11727134
14595222
30822873
192455
-290425
16879049
19959744
14973104
20745990
38642207
32575978
24344409
18161591
35740830
38781035
42935558
38492281
15847155
-95714
22170336
41115859
37572218
1170438
24148023
27161988
41744384
39937343
42682771
27983323
13239978
14142317
7557710
15714729
14026310
31558899
22587258
37281391
38878538
37693370
36226442
28418510
8119494
5634662
16839717
20730814
27096959
31054152
9819830
26342137
35628151
4120844
3397002
18390484
1858864
9592415
36701116
5549513
31048730
30921565
33246441
32726470
9957801
5893553
3931765
34629712
28178898
33342462
12902244
1293022
42566055
8555044
40038890
2587400
19724356
13294261
36037373
39572220
12040126
16609636
29855710
17570547
4157943
38279096
26598840
34363415
30900685
38456545
22912221
33822413
3684051
7711965
28083798
8910741
6830087
26896210
37325066
660071
20975567
-815091
34094279
12151445
36462908
26669228
42925167
43421373
5997916
12568126
4950980
4506121
20850798
5624206
13577078
7961941
35619087
40027624
39873980
43006291
37670616
39153726
37921495
39493064
20150517
35743117
5465968
25373575
10972281
14759523
12946427
39928243
5152808
13053209
-829925
12718209
39653812
39390307
23683955
981501
25040681
19616805
1596448
21170638
38718637
9460680
27562368
41770222
29829350
31821910
6485324
33015807
20610310
9226652
-83494
34646712
-932510
12530985
18761018
2686397
22758794
21179599
37128553
25337405
2623425
28850345
12229395
33576839
29500219
8919333
3359050
30467584
7212028
9076566
-605282
31441379
13591262
32597235
15544790
16740554
39390395
19764840
24032065
23130859
-265689
23381925
26712661
26854706
10003931
11893469
39575933
38610078
4174763
28607364
23989156
19001140
39224394
8344516
7321163
6898589
38408001
28428643
7457737
20369811
19412405
30001713
17522842
3898365
20803779
37244874
11057065
25092100
38194484
12257349
42343702
22407430
24623464
32560142
5248155
19791001
14156294
24228049
16395819
5952875
24360747
31597792
24250613
9769707
37206232
17498802
24728632
22746846
41694963
29199740
6118314
12648228
12169435
607093
26108562
19787520
42016487
13504786
29978805
16582073
11640408
20880962
17661650
7111882
25301477
28394551
35015686
3785767
38255743
29140796
22577797
19140213
592764
27082364
14258102
27632444
15564583
26720083
24891428
31978902
38780638
34918920
17247742
26961560
13264367
9390246
13843109
22681978
16241608
32214021
29770850
4851802
35830284
19658970
11970717
-178027
39192386
16079094
39625863
30558363
5375838
8067258
34301413
31345443
28521832
18379652
17833615
42642064
4245168
27472655
29130541
4837458
22724808
1668328
17115972
29444302
20516839
38595544
29112055
39138042
39021156
3665790
43070262
12256172
33201227
42718989
10624874
-463365
30316406
37268278
40987377
30015957
19118009
5192169
27353424
15983099
31931069
2367475
18206574
20629013
22225810
40152313
18681364
40229564
28010920
22087280
28824683
34148852
12412661
22593856
11436591
28221705
24744669
29100954
17828237
11145437
13913291
32758169
42237022
27345199
29548255
8049603
8031122
-789327
8887169
43452287
33782882
36290169
27447801
12627568
12170770
5529343
32822782
35715383
7619967
37770929
30358223
7964781
36076715
5113984
32497827
17939530
40042811
17228632
22721838
5888647
16923933
41304340
18191041
24271252
42468852
32270509
3625958
14404141
4564678
8143128
37384632
39752924
23379819
-330635
10954319
6128637
23300008
17017332
22112482
1777877
26406896
18467536
22416619
21376106
3077322
38622410
36370359
31232152
5653902
3782831
28285581
31211853
8818003
30097132
35348621
3846365
17451632
6507783
7640207
-744083
24856005
24806108
15541632
17824127
1259418
6054827
33776006
34972190
7942771
29428488
30593517
22995983
25500883
22733744
33130890
6650378
37841893
21529369
28422903
17837146
20552242
351237
18753084
25689295
39566375
28648246
43243711
41079640
18529577
18884815
5517348
27488524
34716574
25268569
14418113
34717472
-605717
38553157
9151314
11592525
37109649
18348469
7148462
38707143
2793668
30095313
5422006
4748971
28475261
36878352
38338610
1556642
14774636
6125422
11725653
39047612
3405938
5687567
36311837
13309122
18330523
12085810
12432905
42102865
6927585
12126633
-210474
24753403
11154336
4204102
32130646
10971495
635169
15504094
3596101
29251923
22016228
30772656
19147644
26629537
5146291
-540583
3109084
22081114
3990082
28916874
23918809
21946845
18825526
5374377
37652372
18625973
18961701
32471479
33647313
40513911
3686799
18251297
20387430
1276833
3245098
36353958
11950758
29142214
471085
40201613
19857415
23146571
40566746
17665795
32937192
43274808
1123331
20619347
37805150
38229675
34598691
34410171
20224396
23789783
34531243
18799915
37126119
14034162
23985746
33983627
17749130
904063
4139288
34249413
34129271
23418669
35402102
26604288
41422809
1496000
42624457
2919613
27733461
31929565
4101298
36952114
5397730
20781809
9004139
18218691
14539828
42614234
30154768
40792806
34536936
26380061
10491859
30730506
43071133
16388338
2496688
42897865
41919554
28870565
34917575
16878111
24275547
11498632
34289717
9276808
2338149
28586288
29884544
35705455
42001652
36823184
24894748
3253004
39413280
17715710
19747496
21616774
36580690
42826542
43194698
42133191
26091168
1589199
39669780
39507257
8867037
28862381
7213312
805647
39514876
35397300
41019998
12584849
3041260
34387518
21020
23887387
9366415
31150553
40664879
38773870
-865547
10464008
26363808
-519095
32004086
34480896
22487760
23435865
776158
2645371
42052451
17890555
27442277
7891617
649796
19697453
23854873
8523027
31637375
1515287
11460299
16074572
35124373
6417184
25890805
-590233
16280459
17238431
855640
14899094
11419493
26286473
11394061
28379974
5958995
29935557
6905856
25570191
22700676
18051971
17955144
22647797
14907204
20392998
18396874
4538461
33846736
275069
40328120
11835458
9306798
14642854
5070796
42640913
28474848
35669905
19148468
38720183
15188515
26634663
38312444
15108471
22049670
937155
113949
34367657
23688587
23435050
13803531
27323246
30591006
31094814
35236383
37006125
27851128
23309674
11714811
6335895
491480
41341212
20289663
10528731
22614702
29474825
25250184
12810995
30643664
38350246
15383010
25815817
19683065
17309911
17148288
12349364
27842897
17892385
6169594
16182176
5451361
32894120
18084854
5247433
4190734
-756129
22083875
31843465
5541988
4204711
35740878
14885187
4095818
28768769
5308839
2062637
43378774
29724585
18242887
14223822
3070485
5608638
22657028
17886370
42356152
21341619
-144643
13773022
-325111
14892040
2159945
2344641
34148664
35401810
40827751
28174541
21434224
37083088
17047826
2649896
31013123
18933212
19081363
4653902
37207301
11465552
33401741
15509819
35210746
18265940
5102914
19815488
23197862
20387349
35865841
17386248
1832985
27888128
26494829
15742142
26646225
18744901
3848206
15844612
29010201
26460477
-736380
33541308
27919351
12468095
32230043
21942667
709346
10633213
22903587
28968176
33475479
26925333
20613594
8889988
3412708
40765636
16358042
32978238
4895162
14632684
31151152
37689574
36569866
25351839
41634053
22688493
35010723
22368802
-356712
6228401
29557893
1307072
15624495
10417704
15551261
19791208
29555130
36730278
34559337
31620990
27916346
1945881
25117360
34119952
23200842
11147337
23640680
11331654
39723861
41762749
19603054
29103244
37520614
38618197
21919875
17052346
40732828
4968926
22538552
20447872
27246419
35580627
12979228
18523568
31521880
38050937
40855042
6669767
11856268
20515607
21089340
24052200
15133291
29481778
43111441
9734886
16665110
41256089
26856878
40188236
3796898
3753718
19708025
25193270
15141380
9150243
40734631
24215063
7937403
41457104
16799866
10595789
12787682
31270312
31029517
26526100
8602767
42774322
43202681
34630206
33512657
18726574
-818987
24870634
23699262
9691753
3160559
1830959
40447838
24328160
31243488
21971960
17094008
15888014
12297852
38025022
38994013
40249972
40122668
22244159
23428187
6872492
36723257
31141176
4432805
3038797
39997147
-857090
9536925
37043330
-188617
38636463
18832310
8185153
32394201
11074074
40055031
-389519
20771118
24760580
36834258
13485410
22935857
27275924
26747321
27123338
19002609
18043461
19550341
17892499
33924840
24064453
39638850
22092560
37411204
6200167
29261700
11351191
13401171
5595583
19637171
8350452
32898384
32327342
29984029
10903414
4124539
26857304
38905169
30589680
29113848
5303882
18935061
23278840
11840425
11481535
19234756
27487277
19425528
32790754
42529684
36104874
17525503
35242292
40900241
36488079
13917180
37547212
4070077
29747815
23967469
24464835
21933536
170852
32402785
10363266
40569720
21801553
13300149
4426018
4099410
8129077
29209364
18508796
19857827
17425563
20159699
21528524
32108516
-460350
30150443
20200142
7427711
30158319
34766025
18285330
11690525
3025226
-856835
35213110
41916373
39843925
-52118
40258493
35709329
34295393
24852850
42959233
28433357
10681347
21121649
13897580
28905225
19980198
2164626
30489082
24643963
23863514
23531133
-731403
9198789
8712163
26711192
35394008
18650985
37172606
34087404
22162729
16269243
25600849
30588766
31244793
4936955
2831817
26353
35457399
33621074
20795197
16340005
21179232
17133710
43379563
37732042
8926448
42600177
38554779
37669947
8756700
24104847
30726973
31034651
-576552
5192352
27212704
21710648
20796618
42448693
2488668
27641846
-282746
8416322
5876343
6660152
-886042
9085696
20066665
36317535
20499418
-412392
38223560
2373589
19041053
41111573
31199353
16284373
27747768
41995127
28429963
22226267
32590257
29551682
28324382
29001637
40910490
17454245
24147923
18462468
42003323
2605466
33227149
28841822
32328651
41359742
36834487
1179417
34464886
11310800
16004152
22728589
33348040
25616418
8013836
24838255
17918797
41497427
5706783
-244872
40217783
14816441
6389357
7584472
28596176
37382863
16326950
37207409
39792378
26828504
22771335
29636170
3189198
14820156
4561807
36695214
24019006
41047728
11755033
34240433
5672405
31952484
39214641
5612683
2668615
26516546
43312384
15508583
31353833
28727597
18743756
20414581
9182077
25164416
15996702
36035887
25200154
21097242
37550866
32834226
2316835
11579991
21539343
23727226
26263710
6172698
27720508
-989371
2504256
6774082
12046180
32692471
3410952
31421866
39161145
27771334
14566076
27988339
31432048
24988306
13956346
26688686
18756575
30426217
16620284
29526854
43472554
13495421
12220137
32119873
39135085
4203845
14065472
26353250
3719813
14997568
11282891
18285978
14694653
1943544
6961259
13258470
7479739
5059508
36292004
6448849
1477032
1075724
35974108
25246440
18934921
15727102
16409305
17148264
35229496
5392719
8006224
42724467
895436
41861498
13045590
22615960
4408986
36010157
25269013
13352037
2232346
36695494
2051596
14127500
26470714
37191888
-540521
20466471
9851396
6404396
4695972
36483550
36800150
11148508
2073297
28634770
23433506
25478762
21348745
35340070
26919215
11837065
43506943
43507584
9089225
12842315
1201648
24230546
6663923
17406765
13498227
15467396
2037812
39879966
32054050
19499723
37903273
21722747
21809859
20699599
15953698
7379869
1082113
39305372
27611093
16159494
33533744
1433475
43528520
361999
34563085
12622818
15540709
16669177
3243262
37422842
4503578
26219100
40458052
38307278
34341883
1711580
33564644
7610604
23979122
36192055
24561793
12749735
28021217
36498283
3285856
21341499
7628556
11016375
13076126
12517296
38369035
35617663
239511
39954460
33330196
30482134
18098504
19930088
11074841
29043559
40055492
21250153
7573222
5042126
2719705
18926113
33987043
11944929
11207658
21185422
28470312
8071787
17404613
12008911
20328706
25515681
11980033
8721450
37397035
42681902
42537533
30520090
1868805
43447553
29118131
19789686
-626389
8579667
21852924
18589847
24772905
37763407
35984535
42103830
25335645
-233622
11496924
27204993
20039495
17280757
34393533
3290394
41852048
18316932
42964891
39859352
21095512
-730039
24293278
34765150
10472653
6397457
15681726
16945624
36259171
16805436
13166907
9720237
39460393
11644770
43512087
21816253
25172770
42217106
43260259
608058
34815163
11767160
43156670
14216637
8155188
17201027
20096345
385057
9078345
27133119
39973773
15678328
11596275
17318953
42302973
24545402
33423157
9155570
15508876
9470497
7812560
25176292
38530673
1599937
3605946
14936684
38051481
21111761
6908565
12128754
42771449
9006574
34171801
1372248
1517662
43316836
13785108
27986509
18007454
-582159
31054864
29599646
12916178
37883691
10444455
5479363
35240748
37012096
31027918
19589556
8759286
10087519
34627137
34332709
21033798
37840012
36474688
22800118
30999987
26305688
1276561
3372267
37480508
8907613
33374799
16833786
32455457
24516388
8939261
42853278
14941901
15800214
42880294
43333472
19522777
40736006
4198111
12592862
15610558
26609734
23220117
22542249
12804054
36904696
27897754
26009772
-24837
28814747
28985659
5317171
4863122
30551527
27851527
1313630
10837686
7968674
20778928
42930256
36681683
2439073
3628862
20249096
2116723
43281906
7094362
10028247
3663514
35041307
27890297
1359108
34825811
11817222
32471001
33328312
42425932
38535705
22747687
43258843
25266435
25547961
4939788
20138986
9049492
9097308
12578644
9152945
2057325
10367613
42487181
29166582
26113365
18326327
21018600
29108917
11939958
5860032
14215310
41917142
10566972
30559839
12110147
19361447
19316302
13980715
25425218
4399606
4516389
6786603
8316563
40025446
168779
-239713
13954876
25170698
34880091
20846720
39097640
31110182
4189779
18155031
13166769
27048843
41219909
17436506
21405025
7657878
14723566
11278321
24061463
1494649
450336
42716816
31920471
38905525
3321235
27202767
11458127
6230529
11582456
5004156
42566797
42625321
27804594
10909777
1461151
12692159
21730561
41078457
5566611
27593925
10841032
25277913
17585034
36285062
11454404
512780
25571146
12823553
27828502
19931263
33253079
36768602
-979897
13755627
6144258
14586094
41100881
20055915
35158349
1287823
40578940
8728201
9373710
26992971
28113861
8996288
25641666
9355237
22280250
23176060
20727426
26712696
39526658
24985098
30312124
28449308
37528848
17361700
35710645
19880370
43065966
30751438
20894652
26596014
20089862
11922849
11702415
33776891
31820009
42226127
31555566
36712309
6085122
5908917
19174019
6383996
31149960
594704
41623018
9748064
26695012
20197932
1583908
-877425
20584846
26267600
15230531
38033332
32178003
8095397
25607557
24367696
1136970
37669620
7003741
36951074
14763957
6956405
22003839
30263340
24028712
6948886
1017009
1832080
9115471
24686549
5539837
43480108
13137642
-184554
881126
38074038
10462691
24012400
899441
42462386
8638809
29354338
12558829
10135286
35781845
11176668
22308607
30682673
4277548
33733943
13451778
27666050
17191167
17868146
37355372
27787646
27568894
38670260
14002715
24525441
16156861
7696921
30565458
31418207
1135151
23835448
42843188
14728205
22281013
7934920
1509013
41141213
27259979
40287516
19998426
7915052
17079630
17959428
33496318
23364106
13186864
4013064
19389877
3546731
24639705
38651026
11949301
11391286
10888795
19063847
36584023
9081742
30167498
9117274
3676729
11781390
21061329
14985158
33727711
7827714
25177757
11629031
38100443
18456195
30793641
33708018
34660626
30222407
932996
40702096
25318485
41590256
12184214
11772382
23379590
33590464
625813
28747554
30786871
10779059
24758610
-423887
26838497
33305982
38891462
18427647
22575242
19087340
25736153
16504955
2278848
13994405
17330097
37561220
34892327
14686472
24795486
36799459
24205699
21331785
33460118
21570280
7322382
12406824
6097069
29330377
39815797
2200074
10402158
8673696
7286896
31951141
11327966
24743638
39616999
12089769
10577328
3209185
8823401
30630298
15489730
19355941
43523367
800071
15647329
991172
27107979
18697085
6113763
39109219
501783
37204833
25520554
9830542
11482967
33357368
1437566
21345500
13842749
33612131
3169770
16433749
8508654
3422184
36654752
5478312
24784265
32750493
891503
15239725
36797983
8629726
4191564
23138453
21860784
42360365
1734727
10972850
1145640
4941010
33629431
8203027
43327426
21065266
29629416
24282499
22690491
9272933
36910942
27352156
24893017
29526080
38481773
-795580
12697675
3957460
4915546
6832632
12478262
23105253
24195395
7647068
21215984
14778768
25493950
973263
25319599
2549298
32431727
20628841
17304055
32616242
-964789
7221080
39950636
1642374
30326279
18027486
8401275
33397870
31627369
11879751
-277142
28219359
29804425
21462614
42208571
43172908
19488239
28613246
33405107
30147317
10365511
19822712
13279143
40076364
10843903
24313898
13585819
38446776
25137404
34572793
24936655
16130543
7213344
23529004
18664441
21525374
41207376
31865504
9142219
30728198
41086605
14215432
17462303
6091488
27880368
8000057
12499735
-872440
18474049
36303444
29403194
18374012
15869835
14700368
70107
10566885
33854217
3129969
16861889
16251141
22851039
30230902
42649271
4136628
21906674
4046107
17591410
7841323
30612234
39837180
15425055
11924650
17791464
27788932
17282497
3055390
33619323
-493405
21936367
22142392
42212617
20952504
29032127
40466404
34855451
32526662
29556544
30383721
3678772
13707683
24714277
2109289
16012687
38447539
22563166
1136307
33992751
-332410
8743483
19414832
28815651
20185180
24722199
22864490
6624219
24556365
10290540
3248426
23209879
28620993
763970
563836
4125090
23530011
18211333
31119872
4722737
25051310
35748807
27501664
26047907
43469988
26946023
22557611
6883338
9551925
34294003
17365653
19262721
9331592
32303109
16056664
34862009
36993667
1587368
11193611
1153393
12358540
36828602
7253386
33875180
23925599
2662097
21403823
9694310
573294
13062237
24761135
7698291
13394341
36103461
38978159
9415758
43347263
12424219
1885969
17041980
30176351
18362938
19650456
36048731
41468689
4620777
1639493
29582667
12104342
8631895
6158630
7096190
43216905
22654372
27852243
37380752
7179284
14481209
27780968
18309063
17552630
29223544
25735828
1050645
28466451
27054634
10992085
32589546
18466914
17981169
39994194
39399356
7776970
43473874
19232177
2333750
1821901
12639995
28045191
7914169
16061284
8345197
30080086
37382419
38222081
17733120
31310922
25560201
37638259
22907080
7577274
23441566
27370162
25576838
1697526
34519733
8562635
36921626
13656920
21670234
24605549
9872109
5022310
12458437
40691055
23486425
22169016
30604173
28052735
12730914
37016960
554209
35135943
3878028
21427724
29773465
5158262
25301188
26298080
27110955
10024097
30255034
12457509
17549471
18253032
21209537
6512899
4363427
1950754
27746715
19479642
37234951
7470405
5176578
1144042
43390502
4100585
21633658
4636547
34304497
40193489
39403154
4745664
6475533
4441872
29238337
30757738
41582320
23755274
32756785
13894699
35062784
31659877
23131803
17568487
19440804
20109592
33146740
-193658
29039936
34293817
650880
4603402
22453585
41495786
7724016
29798830
35108512
10262227
18828880
4134649
5527253
15578621
38733524
25951496
1911227
11992939
18440338
6411459
2836797
16609172
13823538
5208770
41512247
26652003
13275059
1475105
26454580
27146966
30085903
13102808
31513342
38922398
29652192
32140524
40537033
18939511
12935176
31449376
29885789
31477834
35203211
360759
38951043
33130563
39914074
3263369
18232680
15499461
25928341
29462354
27894826
35069173
24198417
11488613
26669166
3464479
38526674
4239328
-105341
23952771
12423632
25560462
38845996
1526510
-41943
16216996
9702702
24656236
36683994
16516613
32792659
21802265
23613283
16183443
3798864
-856760
20965972
9305924
2762544
511153
42541593
9169715
40610539
11071299
1251550
13265089
40692578
13061603
32175627
9601189
31321822
1876619
35902638
41326102
42879833
38507525
19313340
16268935
11423220
33131633
114704
26117117
6341524
15161626
24031004
6759326
28001209
11833886
9155160
27707596
22460199
23671896
35071768
30673945
39631803
13547843
24716121
39361895
21495641
21207495
30766457
5185626
9782022
31609948
10042564
25762530
36692446
9420008
23596965
7457844
12235232
29944325
819822
9841531
29013664
32860840
41003903
5412467
25058491
5246848
39126407
30307440
14343783
26082345
38438659
14369414
34733896
6594014
19144003
12033794
30980047
10672473
22910166
39224166
10717619
8110399
3880179
10480121
23693323
40168875
6428451
-883349
34566485
30251903
17633445
29029082
685259
28416293
7658915
42947748
25117381
4528548
4952697
32996849
29719217
1055693
20492926
15937340
34581913
25606366
28345224
23430980
39035501
6798953
13963576
22060772
37716029
23389708
33052186
8652218
7852154
21204300
42733008
41669445
5000787
9193573
12737868
28619273
2373982
43113322
22057140
31355660
42221966
37301919
3801799
10938876
43378405
29649052
22423197
20654447
41850443
4955267
22637892
5537103
7644481
38925129
2926515
27290887
24316679
14934825
40160582
26290863
35948269
-525223
21892956
15623638
16896503
-509753
23606455
38813701
1242153
1891293
40400000
18777004
33278903
9044582
12974085
38067879
41111981
36198020
35023299
2657308
16213098
15287985
35793135
-657437
25878153
19331968
436522
12366715
24781389
4248383
10602122
38306343
38642194
18551329
34078366
18723323
22132274
12162332
33164956
23998750
11952349
43024850
30145072
2735110
37287627
39185255
18117246
10754761
32083032
23666607
641643
12164502
7885910
27127626
27219214
38948669
16724311
35799397
12018780
22040608
41468375
26737586
37802939
20830043
27705661
2051428
29675135
32157214
22981625
4595264
2809598
18576663
41185088
748180
43116877
40154848
16242147
38879515
4286634
8925696
1171584
33868299
28555863
405860
292727
29973122
16986637
37605478
40880014
13320733
5042119
18320684
35034597
39347081
3931729
948723
40977122
-526298
23612880
34632157
15902188
40305581
18659944
12545608
28124654
37692179
4920437
36423272
20090760
5061324
639037
8797951
34823163
22800069
38524835
38071313
23249111
19237451
27043203
39389869
18772471
21228901
34845571
33457865
41146110
33814840
1640393
24586018
19153810
10300371
35178809
7786673
29893553
40460008
41366011
39679621
35371438
35661071
13302652
31812510
-16880
12941903
2575782
14730541
11841657
6302833
13744423
9838204
37528555
26477170
37519679
34203024
39332753
36856408
-833485
17830939
11925596
35860464
20742072
41523790
33638267
17059084
34995766
42276644
21998738
26479306
10835176
15745240
10951395
17915810
16796436
9530604
16935956
26696059
15301172
1462424
41093704
40003309
35882390
32786260
34850441
39686266
-633863
18103728
43235189
15707443
16165913
4305320
17355451
9734489
19747466
31049350
26793826
24463458
27476777
19382985
25739993
30299247
15561602
12267038
36902287
24921462
742379
41658904
34134952
38773138
8697565
19422191
40788729
10852125
34453474
32235828
14692795
1484674
7736287
40450262
34679016
15138728
25525174
37879093
3003513
23121731
32788752
21825965
35548701
15676581
41606764
20621388
41014468
8117597
40461170
38923569
7309567
31244032
26878581
13527465
28547472
27994458
39348924
-313407
20800105
11366535
31648065
29293567
28857065
32993250
39277579
32856940
-647410
24143063
14394278
27686937
42573319
35818728
13149309
33777254
4089995
35832426
19532379
27135754
43272479
21689502
1640726
20852335
32888736
36706301
36969686
12574094
28663772
41675713
8848434
14935052
13701091
25020915
23424944
18930839
43391490
17365552
-417841
25265534
36109223
14197216
25377499
36775153
20923477
-61344
12401867
42075801
9908816
22124010
40229589
24575337
39774343
37591691
30272975
11969525
35613848
32539836
22008404
32499159
16298205
32282760
7508368
-268455
43383325
22382060
40538520
14966601
12575193
4520244
31170698
33059173
11778941
3231055
40226220
8924846
35694693
11010593
39050131
43031016
5991805
25207575
12815609
7470452
24347154
34630531
12193646
29013975
27441542
11206515
1002161
25253993
21287504
32525553
40534584
25813744
10977980
2069451
35772731
25385799
4044804
21151591
17921215
39518406
6666902
22841620
13967719
41516114
42363919
39194528
5990181
2688817
33312240
36943254
18510364
30536674
8150431
9939222
32079046
8672261
42247343
13917240
30299158
1597729
27533461
19160445
17836127
4190148
250140
-803312
18029441
11482956
41017167
19619969
7505048
8632364
8545042
32830812
35242165
-513484
23967031
13624820
15743940
38678450
16653879
1350967
15930750
16171382
12080553
20920178
23334061
32411187
11083934
3503399
23225583
20710242
395500
18656986
23430229
29400143
9977004
1752901
13736258
9565317
26497908
10997004
4744036
43472431
12483557
40787151
10494967
27846893
4506153
11921479
33966132
16755327
38386546
7506109
20883550
4788109
2275199
8137392
42547688
4723568
11185166
23850935
25495307
8273050
8617011
27292766
40233758
10948988
10110802
-578394
27337913
20911176
38963957
40703200
38382697
31368279
19434639
11641059
6090522
11136561
27722483
14342476
19156656
32013761
30072187
5188227
42406246
28139720
1344047
6273549
29430854
7154640
10702728
16701243
1742097
9403415
41343037
25296354
16364928
36678240
40329122
25019117
15366944
3325239
11102695
1388058
35474811
34568169
32700152
10429963
42330031
7673538
19564962
42672767
7696323
18635105
12967978
4095478
29202703
2335705
10061424
13615767
29549534
4387715
13132115
16167733
42598746
16045215
22474823
22233220
8592922
30229119
34347849
13855115
32429111
42006459
19178217
22270926
6153127
29308551
20103856
42487650
16931118
36670894
42695396
12135457
34121112
32304336
4979478
15061074
40088316
24067705
37091764
4725138
8563114
19788301
15299592
41349138
7604227
9622159
17864804
26405836
42992628
22611725
14336827
15231342
24758022
5249579
24087271
41877819
27912280
8370287
16441298
27415393
40887570
7600818
37176336
16274428
17568928
11266087
43380606
20570473
551677
33001641
570918
13647648
25867600
3925452
28199381
22537619
19732398
35681576
16901921
3038145
34986420
14844961
29181446
16142437
29079208
13331874
11341864
4655131
41375032
23975610
16766051
41252014
41349450
41304506
12151404
14315171
31290708
20119184
-224706
31174440
2122016
29337453
34599666
3484649
12041796
3219866
16223478
5134165
24896851
35676083
8737407
10656239
34082591
-84328
29186567
27751235
17919229
34466874
28393842
35403615
8430746
21473543
20680752
5578935
27330527
902130
21163932
15614113
8227337
7698539
14432738
12490070
3138736
1803617
17862141
2258906
18360802
22904328
28377196
20203443
713952
11155887
32914058
32351233
28185055
11922703
20011387
9385632
8005865
6125406
3378794
39140302
34064393
9836027
33714469
26950738
1345827
10156808
41843259
10186874
26078707
4495647
19184826
17171280
3823656
9555837
519416
7040550
11777752
16077626
42763817
43037258
42782606
5084699
27757786
5217340
26235176
11283900
5477977
26779352
37018668
33755802
22783287
26539394
2230187
27831758
25285051
35161593
1872174
43030980
28186871
35800222
12151445
10669190
6986479
10452729
23463123
36965594
16808972
20396351
29763355
1862548
10618919
13751950
16949880
41204647
29877732
27872454
7893270
33621006
42706236
28162722
7255312
4597393
20067387
16764724
32925296
940586
43525503
34088163
27830320
15468593
7160572
28093149
31095044
21998603
39643108
24400510
4554206
3797219
28449570
28823614
28052893
6144819
37338359
472816
5579464
1374671
31906699
29567368
30637192
17205661
36111242
22565995
4594784
7744783
13021610
29168932
5257897
8370985
2322881
973054
25625529
14186668
8314610
10768482
43115200
18217999
2046363
4514057
27494880
25923080
37207853
42374229
36569701
39515002
35560783
20597426
34729951
9013529
8837418
14015297
19763599
9539439
5778253
34522905
26937411
42701874
10027965
30648207
29098219
11645484
27491607
4833579
24192705
20902016
9933451
7856431
29653324
26289000
33143846
6422058
10434991
8520813
2688956
7247964
34304738
30033215
8937171
38304219
42034460
6383659
2030844
19064540
36571854
7751573
8841793
6242691
42698636
5987063
41592809
30291495
31030602
22673366
19536836
12429311
40479567
2426900
24432474
19198632
32732894
31552392
29470124
39968793
40857419
22318266
39970875
17980185
5174403
24302784
16136644
13123953
34344284
12792987
14231820
17570065
34838239
4641337
13801907
4387643
37237182
34947805
34516165
2852741
4719247
9551295
11356693
43202030
8276882
216427
34543577
13985652
24464961
34792118
13835070
41715892
41026492
41098716
2181906
41006078
537430
8351727
38579886
4317142
14237567
41870841
26248009
42258603
28108995
35383686
10832415
4148364
22146106
36405707
3687659
6900213
8017274
5929452
28070884
26914459
37408927
18736613
22787694
1249553
38776397
26461331
33726252
4355058
37273289
19380937
17654116
32394272
28497601
8389644
24303655
13616745
1122080
12311502
12284245
15452949
3752249
2175645
16244706
42595632
26794685
31922450
5008969
34245600
40707864
4547696
980520
24017252
23192474
9509069
32183597
11551887
42073354
32574237
5737621
38135815
3521165
33140120
18320294
4423972
19776076
39179391
7152409
2750418
18217999
41880452
39494029
30917532
39977681
25795084
14898181
464367
28906428
20566822
41303382
39263959
40753168
20607656
20340221
14531028
21475024
5271213
17180670
14092032
8831311
28589667
13487737
1188751
15179441
-259477
1054249
3279877
30228739
5538525
33130263
17227107
37488548
42725643
2892460
37483419
23435334
38743827
-312020
40367893
43398973
31836813
36403142
40756940
23075969
42370690
140444
27901700
17456123
27273846
39612589
31882545
31280648
20410173
37761032
3338660
42321643
41069534
21108545
42682083
33550319
41444904
34909940
3719645
41048279
2789909
22471401
19171780
24489717
31236513
-799024
34919915
2841870
31336718
33817745
29033056
13285649
6353823
19232489
11946270
42572624
38796065
32554795
13635587
3794499
14023602
36949395
25365580
15901472
8327773
37259185
14312954
36806284
11446325
40273668
37717092
7504880
16751622
32081555
22200015
42547859
26721844
30399118
18976711
16984628
34056716
26638857
10501646
24454715
24550810
35455265
31311751
16407633
28498722
42825071
28685651
4086748
33252179
32835864
35045578
11883851
36888133
29920161
43177282
40410295
16841051
17140540
22616229
41093596
12309444
36156119
13768161
23635954
8524390
28620922
22385577
32124669
30863376
22070106
42273421
6489808
10144858
14330840
10209063
800034
35900512
39991773
25072627
25185248
21478411
37778763
43510560
563118
9500440
4882826
37366042
29646006
37268920
8715126
42075275
10978835
27194359
18775866
3797350
30892619
32905304
24171808
27877145
17965938
32870
32658549
7561923
41197573
-847902
10846437
10460094
34678518
20802631
33302889
27476656
18463981
25174626
39485695
7954952
10784500
28194554
3857163
7219657
29431840
31631082
27812063
21487761
2104063
22710093
14240975
29562567
40660300
220089
20464786
25634626
38034667
42858192
22223889
8833902
38180562
18609406
-334225
5171291
39197167
22782041
17738914
28095363
7712558
1341564
40387534
40648059
39168195
34020949
35140116
11424571
26096197
37017759
1588908
37514375
26764743
9960618
32419586
35026789
38017652
8265793
16260733
17759083
5433034
29380649
27337284
10737790
30630420
30102910
6302154
30551520
43202411
17753076
546070
26221296
34836675
37092548
2188700
14670844
15779981
3126612
5538655
28090190
18359366
21393224
6962930
6481423
31265526
36541445
38391735
23145860
36638677
12322913
-647293
39082504
9559274
25880709
19659278
20536117
24596996
13835142
9374364
4539806
25689284
19083806
13629292
15325127
16799846
29198339
14792124
20928172
41844749
16220853
17881175
32344794
10956667
23365327
35537879
12427238
39235242
27187448
9693975
1842144
36407120
28333782
43255972
32129690
15507675
1422529
17024406
28379047
8242390
30776291
6385739
37685479
11204255
41391058
6153327
17973726
9724917
681873
21102269
22197451
14573573
19776419
1091742
12061734
35443685
34777785
38708417
26304282
32111530
1483997
33083117
37547870
10984969
17110613
3383483
15460457
13148954
14599035
8392115
42872447
39758001
30706080
42920189
41876967
30669060
17992802
36919148
23250596
36188063
9315520
26110436
35032309
19742738
14806234
21346021
24871746
11326039
3050476
20220457
5389635
13568943
29808244
355184
18206197
42596351
29061424
26118452
21042103
38186339
6541074
33504232
11818707
37173445
27070443
742557
33221246
33647075
5877264
-439989
16837229
28038044
9162799
7336412
21642308
2654249
15885977
41298337
25217969
-17543
16058
5811834
34759148
36854011
36423657
26850287
11366187
32662915
34412357
12626423
37977814
21353601
3297016
23325879
2726463
8629886
42684949
27922965
20801573
39468954
4729445
4670485
32142339
11510633
1501487
25228179
14375550
20354609
40216512
35506691
20058138
4382081
3864420
6892311
21045200
4689084
18178273
16223629
-764598
24478370
22628794
43259359
3945580
25631074
39516815
4344029
30739305
6480067
33506308
18863974
9793617
11301962
25757555
1402478
-791930
10832192
36173471
-626647
15325369
30827344
-81695
18554766
15577465
34063185
17443601
19650282
12667116
18951701
23045170
28222116
43299395
38352056
42312366
3498211
15000788
22581636
30642740
36622580
41833596
28567190
34651209
36227118
41553839
20683445
9776203
621475
24288936
20240262
32463943
34561346
8796849
37905554
24090121
15847418
-104455
34691690
9897131
16818338
19496386
13025372
24494412
26017815
-435954
24304459
27634747
20053883
19153913
6108099
3453688
15429124
32269591
6591166
2902581
10276508
4200582
7469165
40104848
43439086
4192971
30102350
41650315
6603713
33612048
37593416
23520895
5656675
19007382
14813382
-621656
17099408
40389125
34487020
4862447
11368312
14726340
3494670
9510873
3903873
24620233
4753582
20865835
22673183
8806764
5120006
41636242
16649713
4747191
12387039
28150003
20498815
30049805
22615206
15446947
5896033
30937407
37035917
3233224
33460621
35685633
1517957
36718990
15299077
24727330
41464208
38841408
8606424
6923478
13210809
31330191
20742151
19717452
14544703
-351598
30207429
15318603
35733606
5206849
21889361
22169703
4262257
8369960
15600817
927340
27129933
39601457
15796030
31656936
34950308
12520584
3008562
31358893
2470485
12594544
4180316
26827468
4867945
2331953
2589303
14026699
33851352
16108442
16293686
41916756
32076282
26132137
3829225
6650581
7264152
11272456
36246187
29259522
14281497
7899572
28197788
6995916
15906827
19665078
43175634
33076796
4679424
25925680
10847906
37975324
34440012
36614772
31364637
2376486
31286811
38474122
27304961
26590307
20057531
27992336
21080
6927019
6477344
16601614
42986758
42581488
3215019
29714944
-798432
16029950
2426399
37092322
41120442
9887179
15185177
41535471
29026084
27183360
12515953
19870071
9808160
18804034
33672325
6236977
24123854
22848828
15535094
38519828
30063123
29690581
568412
37240809
22344407
38614946
-986683
31900691
553176
27652840
1369176
1577234
18328630
16606160
3348491
21393051
31431417
37890821
32796997
32812712
19725204
18899422
23240966
17762428
31650008
43162060
36271624
10664676
33452647
43317280
16056566
18453083
27996612
-556141
8160022
34825683
29992001
21543517
16591815
15819223
8158681
11376257
13039030
1561702
39639825
39649164
16114359
19216058
18242858
20634600
43382374
38088512
37117676
12642382
33324804
8612242
