13477728
26876378
23403268
37106197
14381486
41845267
6803689
43084107
13681488
11973431
5818171
27192328
21549618
6882568
21773357
9329308
16468773
28251404
9684065
3635318
26171295
32483907
3197256
23598599
23539013
14742732
34467954
28480195
13353330
23236363
40163600
37565057
34042027
33872900
11887382
36060809
16273044
20354928
1699915
24748161
7462070
27469309
14859386
28068121
21827577
22191401
32488358
22638388
15015351
26663308
16936142
35457462
34137043
6315901
8823934
13402634
42549194
6631652
12398464
29065986
31910723
34522698
40868263
38397694
6012153
5949441
37758611
38168599
18179103
17958426
24423694
22940924
42837855
36925812
-605307
21157038
-813848
11683852
11187903
-46039
37041414
2970900
3470915
16123642
22696081
6620995
13361176
30274801
20614714
3411855
30105839
8677902
26447238
-668086
38233636
27108938
35321336
38611318
3311274
21067774
7724316
26816280
13899940
8911998
22373577
35723246
10866719
7245127
37087486
24569638
27994110
15948294
30201914
31494223
23614274
39434190
30540191
39059284
230799
11420126
28747434
33310577
9156197
32902768
18615258
3198282
35225833
19215185
33440220
13103872
35463422
-161559
36041756
-806253
23894094
15605590
17876419
8292072
6653165
27370369
27102384
1729074
38738577
4095726
26273259
39620350
15713788
13584385
20784797
26229800
9456485
-585535
26532374
33532435
28318019
-308832
9010950
21879107
24412919
5109071
20568437
16792507
-93416
22082767
38569453
14285333
21396545
7579105
9367346
30753202
17440341
24753308
21085828
1403897
14059057
17748223
35603939
39850934
39354628
11427682
35884372
33495394
14721616
10074310
15039385
40045658
25954146
14236679
16438495
31564632
1948238
17763439
13987589
2371188
17742553
7857175
42768638
2558758
22789282
28664673
18008461
19685034
28046219
23775874
27873141
39453365
18300781
41104995
4612814
21684732
15107964
34254327
12493303
39457171
29541201
38989041
15436006
33931571
36128588
33466257
23068960
28982852
42472065
31364464
3918833
27462115
43175016
33789393
33682340
42868225
3590170
39044379
741533
29979473
27205182
11811806
18296513
19485325
23808860
31807985
112519
28610566
14258420
18340136
11579163
37124579
28485391
22042018
8319786
13981203
361774
21656894
37611802
14573225
26194423
38353812
9272850
34753277
19376502
28002592
3863488
21116063
27440478
16251211
42150781
35513503
15464256
-296702
26451399
1698663
3163871
34655932
16472118
2177088
1511220
21478502
36289383
39905040
8131032
893288
35351372
24813656
35977504
32487639
15556543
412089
21144176
19515928
9354184
41033245
16458919
41635047
25924066
33164688
643832
25703993
5670559
12024450
24682414
10023061
11790013
2768401
18110215
20461710
29953683
36194732
19018941
16767676
19050543
33497554
5298522
12253835
29114903
14669572
7109100
16910425
17999584
11951035
4169883
17198241
12461941
33055909
1847100
10174652
22016317
2567313
30352012
21170992
35062004
23018220
868980
32596809
28109028
25002377
9432312
10522880
35537776
28245442
41500750
32266610
23734234
9174215
20263151
27373543
14320759
11337187
32579680
14169354
33377859
17918926
14467203
17350142
28199901
25490611
10974649
36288662
14817256
36359747
14520674
24601325
24599071
15940467
7266321
33160016
38225759
23976946
15063661
39408302
42688007
16684625
35082077
1231210
1229947
7108413
2701396
17854420
42251080
41907878
20589048
41314299
19819856
25018258
29529017
5651018
38367938
39240512
28520156
35902199
31506953
28115184
34111495
1931534
22211404
15447031
9266984
7885192
15600784
28862573
8645498
31240952
17524151
33017960
22095096
17153314
4660786
16766628
5293376
21186634
37238994
7591913
23593017
-867158
9926461
25856279
15720914
27261334
24910093
11873309
33322408
34405561
42661241
22423187
40186824
3698740
33861322
31558146
7741487
12472037
27804933
5002513
39691214
33814488
7347698
10894435
8140901
31905045
41035238
12910354
10839547
853963
8237856
16541367
7333767
2314763
39521246
847501
6152732
21171594
19501224
40245895
42139352
35531212
32978979
38785126
15332153
35560606
39621112
22339014
-131237
43096748
34250933
10457999
22724559
15404128
847802
30118152
18971392
10614848
27278657
34250982
2046002
2104954
7138917
11126149
18665994
7892471
13871361
8656651
14794681
28367803
22515895
6593221
43494450
36870687
1440432
2262198
25678799
486390
41630104
32372035
4458791
781528
-469785
25081508
11334810
24242878
2380637
31755368
27294424
28365673
29017166
24261885
23702984
28910339
29363630
1847081
26946803
41035233
32340547
19405183
20829940
23148989
13877123
22693560
5622786
16322953
39113342
22363964
40987304
25496809
15152454
15421649
43396041
6037461
22592945
23549252
28771669
4171215
17140292
7969149
31409278
16696432
69743
6780577
268360
14382120
26881014
12654588
10640925
22372359
36779268
597169
41893847
4449148
11497542
3436905
26538530
42697678
21538880
23480242
22246460
9118569
32246860
534660
33265041
33635952
28578702
42470622
33316590
12348262
24231430
12694575
19490753
39336411
282457
38271844
32442173
12453639
32653183
36621783
36342169
7894461
19967807
31063995
36712800
38941193
41788585
20346633
8575166
31766320
1277403
41775716
15266503
15654505
17592698
17915336
17883957
17031169
941502
29697568
16291861
42058763
1455232
-612955
21005624
5851960
2370450
6321157
39567215
29882331
43179997
34915741
19413617
6685176
5860783
4390311
530340
3673329
7808418
19035791
31785129
27414797
6766682
32689223
21810162
14108115
2441630
29151601
25241703
16790952
9980772
4950182
22521919
32416745
516477
22758669
10098366
8340070
23811942
3970078
27702314
4788963
35890075
41253730
21761776
32242198
11154375
5274103
28499187
14790955
21697266
12428818
21277035
23269808
37106258
27739045
33301200
1574033
15391256
10250639
25547452
12700727
42839676
4791631
30381016
40025787
30111656
8182034
18059168
6335080
27865670
33078606
31501545
856876
14790307
4543465
5752074
27919027
43130918
29072193
43392548
8030096
37070281
39064234
6265570
10401185
-365314
38871648
11410306
34293794
22814620
8192792
41800860
5652894
16627237
14677243
37708767
1930621
22741069
13423915
6024117
33356974
16299947
2796110
11443571
26106931
14457177
12185495
16492359
3824828
-368866
41241581
29464770
3664502
7961475
15514283
30793849
25760335
12030334
7602958
25696196
29571197
15022628
36763282
21566860
35486697
38395049
32399228
4307795
26156201
6108221
29781994
36760641
27833468
29882372
36842129
22641774
-549436
37820041
38002230
3673807
27144796
41288641
24520331
-987796
17559712
5274176
-40357
9878161
42919639
5772741
12440495
19196879
32548163
38730406
12909673
34201029
20852598
2019803
26519936
23767116
25774394
25966076
32111997
18245477
20521940
40647763
3594488
32792862
31510968
13172813
-722535
38652442
18708011
18039904
41434990
6306623
21898622
25816781
25234361
21544402
42732463
9609220
17793729
24058584
11790221
-656491
7289297
33696621
4649618
24062344
41646035
29056869
43049063
300345
14417405
42120029
6673123
23116092
11801721
42512253
-871522
20868764
14732963
13638813
42619206
31846540
-415144
30161309
7582753
24646619
35851390
42952368
31332981
40209976
27965934
561580
36603263
5216997
6674077
1064388
31952629
34534852
14233913
33181114
28404005
30109625
30207310
23962232
15052069
41704787
38905681
19367700
16673016
31344898
8256885
29285208
34755784
36434532
43300086
3829240
5865019
28979800
38809763
32712189
23491649
28721159
20530019
26664206
17680341
16975220
5402423
15885342
27121251
24245037
16309034
10319146
12729063
2606621
17912548
1125387
4962958
43509268
10068002
2027642
25669847
1220564
35191840
30074391
6051714
17901316
14936949
23154739
-475307
24936625
17842660
36655067
22317977
8082448
25337163
27347193
8653835
23571204
38879044
2875706
34880623
17789656
33076483
16132180
3161980
11600221
42104080
27647241
21172231
35582161
41551846
22881721
3442445
23168530
26966737
11766355
14051223
37493459
42373601
-593370
24694939
41246069
31512162
14390493
17298549
32974380
30872940
17011558
30833371
32675184
8868652
11662735
11044732
38093399
31665544
38949524
40555836
15317291
31332253
22577190
30097153
38847601
18689865
33099338
35292199
36310177
42175558
2403699
2719691
36498645
40655452
3233568
24540582
39376581
11642873
39392831
1743319
18232387
40644892
30292313
8105766
1539977
6521198
4027599
39207345
5422463
4235929
39778550
338641
23570210
21103558
24636977
2818315
14896578
22179979
22324338
39123720
15071946
42359592
14553654
8264406
12044182
37220066
32499511
12476533
40601938
32600521
9241074
13507458
16849964
43144091
40210327
3064319
15975070
17247614
34242992
4767162
42350840
29894270
14128799
10981520
7504150
16108157
23783095
4089420
7237694
8890249
4232001
27171095
6894206
22800880
16136764
12545860
15192461
16900947
26837984
37144434
38476944
8426682
28067241
18492577
5026949
-86786
39501612
8417976
40290143
28335099
17307359
42656066
5380679
25158985
33123420
6907057
18809017
35506098
19486560
2153105
18459416
-330225
9937408
5137621
42189213
5425675
18258795
16636847
12660259
42622763
25863573
40642312
562597
2308466
17667234
35279006
30680593
14253237
20747371
31024774
3328277
7671234
19653448
29854639
25247761
42746650
38671517
16221087
41350263
20901897
18832297
10797415
7324657
39208746
5010788
25332641
1150628
13405942
25942654
11313615
20130886
11865406
16943873
36006721
42314425
11326973
42784452
10281995
3039828
40191498
-691069
34301625
2502405
17900301
30961469
29860739
43457471
28697251
39942307
4367769
34079702
10337530
10721764
42037366
32101528
16661622
6604336
31389380
14884027
31926897
9794953
30303380
20882382
33916082
22075438
36424802
37398270
36027343
2031883
4652513
35441941
1602431
16813607
6695152
37470152
11855651
42804527
31594493
8984747
18233960
34671076
6074712
23634269
8999659
5844818
997955
34508450
9631575
38370408
22027435
17717805
36482255
17899446
26144304
42003639
12034525
12539296
31779865
8071511
33594979
28362393
29166506
18924935
42208753
28480010
34281053
23233905
25859180
22613072
15796341
20644829
26620814
32355620
25485075
17425415
-575463
22814299
17993599
37287840
15207468
43405038
7473045
31279212
33294627
31404108
24462441
34262880
41940281
16802947
27250366
26263365
26283888
16616485
41555814
28216382
8006333
8290745
20637822
37640701
36263476
5569707
15764237
19491199
32292559
5827232
21664688
6383352
16571935
25166512
23738861
38482825
15575023
3421787
34720990
4532894
17747637
-240283
3589920
37547770
31446369
7455205
18722576
9015282
5331351
6195580
4803829
9741251
2539435
14948222
43082413
29725531
29981810
-703321
41884108
30728596
29710281
31242841
11416626
30162383
41523964
9120798
9673965
3310108
13801123
1982314
25382759
19472003
30098853
42240284
16195885
3658041
5656751
5316801
-659682
4233213
3904588
16028324
6838124
21795885
20188099
9974519
15075293
12470981
40212345
31163082
40317933
32132231
21531072
17117368
18939255
14903111
22827724
25109073
31480884
8833161
39085910
39964520
42259133
4353097
3704578
18695542
30827929
343986
9799703
38204732
19612184
1240079
25597885
37856206
8518284
-384891
36825139
38912409
21415900
2510297
15098937
32165263
38297527
16199293
39320230
10158420
36961282
30518154
34368965
26210843
34473270
1510207
5587476
12567954
13494516
6778883
11324351
4029568
358568
15757653
23172971
22567499
26711761
3039730
19811611
43216273
31814785
11071968
30992769
26819373
-501725
20925799
11583602
28674184
39388803
9217883
36922450
12627370
29107691
17814547
26539099
8141044
33471274
17248586
29513760
26395403
31337494
28595583
2227520
21240682
19308477
24623768
30291298
13329647
5102448
28279623
27924101
24202390
22918910
17056795
10105821
2447582
38791081
-98653
5826185
14951351
3288092
-360586
15231998
33203971
6686556
18986149
16112761
22316167
22117375
31533662
4650573
23570050
-645731
38035093
9327069
18894908
38626498
15220211
84219
17510383
9973823
19753830
33073841
38662757
16618992
33545314
43057073
9403015
31714933
24193331
31422162
12682761
27715157
5619331
41421385
10298286
38860022
43332496
7954658
11546742
11817198
17365610
5981798
39530016
2617937
10940560
28197634
18054098
26361350
35898487
9734948
12128570
6509453
11891269
6256597
36902231
36501404
13001556
20037964
5501905
32339659
32810343
12997464
-732429
4795636
7695134
40938390
1131083
14127690
5734664
42402119
2180589
1886192
12051197
22556500
17714716
1166424
18950243
9382383
32077749
15642516
23066338
33223297
39267315
-823251
43284683
12908048
25365005
23943913
25383732
10923563
24970869
41449574
23952444
13072656
37570587
42689787
4347712
21166715
41088116
5687077
35511256
4018195
35283174
32466716
42027372
41859820
29818259
9140162
4561456
15345900
7936029
26879512
15852107
36407827
15324230
23831011
19041375
9190524
35546225
13491226
2517025
33668919
15286632
28347811
8424470
8353831
30070762
14661153
19588274
13617325
19081182
21455680
17805508
34414865
27540058
43293349
30521682
43446497
40150372
1573936
40625096
6459922
14688291
31523307
33285779
40682369
41041323
40166927
40663047
16333112
10223144
16521856
1873789
9662131
14197225
24662548
25980849
2399285
15489089
36189214
17998632
7171492
20972310
10718388
1941859
13740806
11041045
29366980
35117145
41954903
16345363
21453031
22940298
6290232
12304751
32565582
36720481
35633616
29648987
39436784
34475788
42101838
30199660
20295028
8982230
18311678
580322
20193508
27147278
14359108
19934699
6267825
27624970
39430905
29399358
8388066
23464148
8648459
29504706
36424267
13573892
40548443
41374584
11143008
25379456
24076686
16811166
39041867
38895809
21217727
8658886
14987462
32566309
16637450
7006212
3567506
12074755
191979
13847078
16748441
27212452
13163832
22339577
-521843
23629953
23886112
763130
7527561
456242
26350410
22987151
14319957
-372430
15780993
10728742
25545442
1772730
32910210
34742447
35453544
35450105
4232613
34495497
3490297
22140020
7504235
18484478
37726430
28550987
15267257
40746735
7144180
1583340
29495652
21089082
-86837
33494668
30960739
12628451
16701448
11279606
6896006
38363114
454016
7741942
17882776
426737
5314025
30548580
-695361
29093210
7485250
36441106
14600283
12892776
36013355
35110953
24934487
37611327
6182758
27788883
32633178
21708656
16956132
40736679
34403474
9519229
7949022
8493416
31037143
16458182
12105211
26903028
28923803
12608256
14804963
16963535
32885264
34086673
801897
30065752
30182906
22958674
35989509
28499136
31174102
1534804
41378238
42309071
29104146
22171331
8599658
12799803
154830
7870325
31179370
6979497
29413641
24368642
29661266
38422385
15214421
8034426
23921432
8097518
10838057
-736554
28402842
-131222
26944740
2875135
37278703
39707118
7163443
2957635
18714102
9992266
32957971
22488880
10653732
38862381
9583372
2508008
32107132
14886244
931668
10117307
21857616
32572383
14972846
3807956
34430052
-508017
38935725
5663480
2619248
18295823
10808755
6158116
6746619
23506060
3609215
6456451
11557833
33823168
16033410
9381566
32967588
14836231
4329293
43187187
20683573
22723641
15166370
38445867
11736490
555262
37867861
23347300
25849006
1300879
10074349
34759803
13094079
11738539
37334507
33866205
32004618
18923257
10298616
8005590
24184690
38926654
26965262
19805929
19515953
31109336
305228
15216986
-189646
27093809
16314166
27285296
12769528
19687966
40152172
3498190
18621796
618089
6796447
36754358
19915984
26747442
24515393
18446873
37637845
20820475
21143729
4556767
2545678
11124496
6975173
4809001
24049304
27869194
11529941
31720553
6079665
9838118
35490720
35624602
16800263
14154721
18926655
856116
30344363
21739491
34464206
14317360
5825097
6984685
23440598
8255320
3869470
4986737
9372744
5654709
24000220
12315988
11584482
33529563
19904560
7789763
4511650
7360871
4500972
31660882
37300545
36300200
22169162
42269208
22931484
8976735
38168802
35981089
21206088
23044544
5424235
4693137
39625123
28834464
31732303
11023313
12010822
4895774
31220762
15856077
35860580
12181069
42885716
38367007
6036540
14028413
20457788
31770738
37215266
7820857
27416611
32290261
-930468
6003004
28392340
2278880
21256240
22536753
22435555
8211506
17774897
15490168
10319339
5185200
37420365
33004513
22254220
8232389
19355153
34435340
20487364
22350469
38246654
306747
41170872
11628623
36752666
348407
651464
11985001
43288802
30394640
15179951
28528928
38893243
25448250
11044215
5329495
6336095
137218
7118007
34067853
33841574
8954576
15398504
36799127
6946446
20290073
33276853
4101193
6300976
9405442
6629359
20287985
39329227
38329640
18919263
1722497
21657995
35388270
42882863
36729444
13103073
7894387
43063897
387762
36415164
25852101
30259837
42485450
8679401
3068774
6488039
1449400
23044333
11393435
15683314
14945919
43449388
30552268
12368358
13218158
7626706
7414672
41816359
31480269
21470197
10355218
18387922
33573319
31046557
40400753
21266720
20200002
10758580
22935899
32642089
12569519
8101965
-166896
22709604
27008781
4914151
38331254
33499710
37544627
17963861
26984992
6042146
5180451
15808869
31263785
10453338
35438526
16928422
14655314
27866690
30420403
41701143
25567015
37203064
38514354
94498
6553072
13556461
29473667
31558432
8385076
43483916
12577567
502903
-964489
30117059
24761418
26575627
-253914
15112419
21657848
14380652
228125
43284357
10074454
710527
26591133
8036178
40349775
19112930
30980335
27603165
19141839
33458953
25016518
3181473
35127164
27683285
10123014
33325781
24688836
6617681
18263628
41091993
26427628
13952128
29338090
42010049
37907772
4116421
20402153
6741110
39583670
30230040
-335505
27631820
7047449
11670914
18300677
19593144
18974804
13573343
34810502
5181207
1535307
35145949
13613741
7262185
35429172
6273214
27630241
17873449
22792310
40994800
7946220
14346234
16663950
6918022
42861401
33137085
2540047
40713069
28201107
18225625
19841490
7988388
39246310
4016660
34150502
38773056
1641345
31912697
28378853
33259101
17968785
10331439
9935039
26631587
11510599
40768212
8486871
10003988
16538058
25486150
21126551
19607041
41299593
8089311
-5177
34180331
2750334
14936694
35391132
25456965
-178228
10210579
6092811
10574141
7714731
31427614
5629721
21190732
14826082
16537227
6929700
10618326
38020745
1516349
9635911
20962616
29670778
825974
8021019
6416260
14930520
18460685
43200703
39442061
43329820
8683361
7704493
10174008
40086073
17933644
27822809
-701875
29174447
37227568
14331819
7119160
18363717
29209935
22698037
9944972
40459913
7200516
13087494
35457172
15006594
30731380
9381363
35987451
18219130
39539997
22550591
17840131
17233187
19680773
21043280
35217869
25597278
10863279
33466768
13700375
24129179
28995278
35309042
9058158
20086889
22508370
-596917
41839265
42770243
40112155
15851213
142219
27010230
28431087
4728111
6845179
606807
14336239
20458430
17769861
28205821
25958817
16427542
19794559
13315886
23534121
41551131
26065272
335390
12868744
24990458
27921076
23685544
22559321
39791649
20143891
26804808
1022641
12784602
16607789
26746164
33118693
38276153
23376475
31020475
39680590
12459465
24609628
26741591
40295167
34120528
39851607
25919746
31553880
2839010
14021393
13204029
22137566
33847390
16403550
30417737
-717359
10097389
35418627
16689190
38657508
185997
4193097
3034349
19286979
34889631
10815702
7125783
12474912
2350776
24171078
36621244
3699137
7084725
36522017
21800815
16489027
25340616
37089509
35997546
11619595
13997661
34643546
33994651
8609543
9678508
30702570
3053857
32538995
-366597
38517178
20622018
13088667
30222724
11359925
4216458
17411030
4802901
5632055
18495064
22995471
30508887
13083111
23406465
38309935
177024
40508191
36045195
29038983
6289167
12553900
3361660
5941741
26706219
41015630
12383148
20134252
36936800
39808251
33751005
42469538
35019523
7171869
36706149
8002894
6619876
36750032
34713992
42787970
10488079
17482943
17037303
24682812
15978876
43231365
10010157
10144210
29709398
36002569
10303602
17310471
10149773
29930702
10611375
34064097
27979119
-275901
22343021
18482961
17043874
1851158
7140587
25600309
17159507
16499267
37890564
29485611
21317240
26378069
19061651
23256971
8779967
40738679
40906984
26291414
33673578
20447115
1158693
37707464
5927612
22200253
12309049
11121484
17201671
14703911
38580616
24857860
15342256
32394812
4708332
26878890
29010799
9022694
19451606
41556767
32579706
23776328
3051595
7791184
5791142
1570138
21093542
18140632
27193621
38315333
36218629
4925933
18116646
26502275
33656157
13774642
3688244
33265266
39895112
13405038
27041152
16362891
28098068
4865847
38215483
15533298
37209817
26734668
39976039
-771357
38675016
3849086
14914576
35373538
12864301
34821145
24271570
2894405
9358663
30305359
9701055
6977666
5148362
15566828
2183108
41058197
391524
3621671
20164211
19233443
29642954
38625939
22882060
33079961
126033
8638008
6096640
24600490
17696899
1187087
5276235
41919931
5503665
12406371
17839352
18768924
17445348
14869022
32972481
1148831
8524013
15441908
24123498
16452014
4859138
5564355
13011412
39775744
30087800
10586423
357861
33396539
27917374
27035872
18207044
25824157
4881366
5463664
40808877
16284353
37820208
10430021
15922229
11048334
11149970
36823091
35571077
33008451
36563473
6551978
41594855
28801578
30969040
31403477
42032753
42740740
7173552
35056056
35514564
40345429
5956682
1013689
11020320
32216096
37442560
31772810
41004398
8680632
31790602
35595885
27210084
34141766
37312122
37136418
27049318
35550551
29299297
42949700
3072539
20499969
38315488
19397183
25178188
15257794
23778725
5870046
3469888
38591029
11922722
1059815
42466562
20917313
8856296
24242917
33352461
27091565
1622539
17055005
-181799
18757978
6500729
2193734
20798611
33119210
32620158
40523989
16648273
3583313
31004057
11218834
40616948
29117624
17977330
35388611
7196192
38656949
36158420
5902419
7655195
663257
33839575
38995704
12522119
6314398
1776773
22778635
10635053
37382488
32852060
8323878
33600204
11407119
37386874
36265169
13397368
32244056
29773041
35149276
41569158
427859
672706
18569075
2850850
16097236
17622758
5802174
-256410
21664354
34052909
22142533
13607025
26635825
41269325
5324853
20215384
38200195
7529332
11307738
5679649
16618906
23615136
7217263
8262463
29689710
35297919
13865603
22644274
41154035
9067829
37868
33276553
17991155
22936959
31538855
28612423
27400695
8419850
4078037
17042135
14005505
25306118
38094803
773072
35003365
42761877
32213757
39400241
-997172
38530500
36008935
20986570
21700551
11098612
30001397
19896898
41753325
7218075
19204530
18825731
8572199
18663013
39978489
3344355
7612704
21629101
20507891
20268428
2065277
11475216
30646203
7983945
1385545
20559269
-572473
40304645
14359033
42725933
6044482
30322996
-906384
9176618
19513163
38030083
25218198
34826407
24017532
6411284
33719828
19250318
27146754
22630837
6227273
11710787
31615481
20568660
11821530
-338878
20485281
3502424
40807428
37543785
22491240
24830365
42498825
37118382
26251258
17642782
35100248
38200704
28617241
193193
42030733
23041983
21493198
14941818
12345534
43225850
41815418
23696633
32527435
19164540
5427467
15421142
42939689
43235048
26984815
20119886
26522910
17097321
-954255
18551533
15060260
24386198
26143445
3096751
6906273
36967378
-815356
2537332
19599155
32136786
14965547
12990609
27672792
14933785
649818
6117864
19036634
37946347
1302488
21705758
1336744
10913437
40604537
29895181
26772403
30570547
11036296
5004349
42558796
12932497
36807508
16195987
40547138
-212915
11571682
34554894
16193066
-851639
14797565
13569669
39603197
11435053
3878992
1027710
30145599
17201182
31711159
35379906
13771526
43361081
11324575
35348535
15624132
42915275
37898727
17207736
37247111
33037964
19875269
38992583
32137282
11609218
38750619
9042171
29695810
34783481
29066097
-73551
9622726
23068545
20567331
26611107
33697472
16708195
16409671
25113228
14002850
33176162
34069963
42923223
7803395
1966031
24810988
37979407
13419499
19780608
891699
38097715
40036951
7331266
23309821
34904964
9351942
1673008
3041363
21202520
42163593
-824243
17659314
12201894
39172657
19847314
7708333
20977109
37812967
19825262
38737380
10754682
12182849
13331407
24513972
14459377
37311939
10146935
43462133
18568117
32079053
37674530
35241549
6263249
39453280
30356550
9110591
-966119
426483
21927971
2121597
7236286
29161032
4051456
34303985
7512630
26397861
27427957
37986239
24724210
14748814
10551465
14957134
4419952
2012755
15781051
20513149
33724045
14615138
16276134
41323043
8034061
33732068
29591645
5924522
24577091
3491697
42150217
36173220
21216922
20995694
10163433
742270
7691804
31334842
31102565
37576214
26088011
20352589
17620316
20197171
38924725
21781722
37565805
22085011
32039238
36589385
25263702
24212999
18342155
27543005
32814217
20180293
9212032
-865682
4019723
26638482
20342973
21089194
35415131
40457359
38281482
21600699
28158209
33304292
9676431
12993012
28048286
16817766
23928929
9723184
24249231
31862328
38014556
25640738
37502385
9605728
38901508
22174663
23134299
7163816
19587652
30895760
2568104
34940652
34960503
7477928
4271836
37687928
12018746
31549766
666750
42084672
1046090
3476856
19171725
18706255
38767685
15152479
16742991
32576963
21159648
2750640
20590102
7635332
17110975
29803875
14237353
19153290
35670624
23097483
406037
29473383
33022934
36335685
30724644
12803963
34244079
-997575
21374355
20622736
5344
20120971
14839422
8326615
39461335
15031047
5939683
28512378
11794692
30442079
32346346
23468560
18733412
31098533
33409580
11947578
17280759
13348454
15609633
19423512
6007125
35932756
15716317
21691995
14563357
41315454
35382655
29790744
36307086
614333
41593515
1718039
24006418
450097
9734852
-694128
8101060
1741481
18607014
27854102
34090670
10489799
41291414
405453
29706520
12958923
38643629
11521952
42923103
9166027
19602335
32342822
1181286
14027181
35173458
3751281
20041081
21092519
18342200
16709893
2312868
9310777
12678954
23487538
27009439
34902382
33861978
11112482
5847132
36287017
5378329
37039675
16749988
36916846
34877651
18277577
32996609
3993653
34640558
22891278
3605460
4661301
19855347
8311789
-673446
28417694
13567483
22416330
40074837
20189210
5869882
37031362
9630559
28013539
18831476
11320468
16298471
26755706
28190004
37330225
27764727
6142985
21229704
27859478
25781431
28530914
10145723
27048405
33326993
25571214
-437818
13340200
37838196
273028
23834643
41195367
39946986
17384108
23124374
38682372
16539219
40994686
2375156
41770805
43484164
23194262
14563355
30191447
32402758
20934973
21241347
20340995
-786233
15503227
25731072
14510356
1554709
5623055
6033688
5598629
34968492
9023518
13014650
23586267
25192869
13558362
35849270
35619174
24642599
12961999
9456491
31284134
35058274
9086063
36604252
34874050
28033365
9473490
28567042
36046048
4855812
16764480
31891797
37170250
10060782
15590225
16805557
3055790
27134451
27756108
42853509
28648712
10573621
39226642
5126683
25291768
36751176
29551797
27731931
11434703
23539506
6757848
1396611
-315651
21318075
-723794
31083370
30539666
39503800
39907462
1457813
36600826
36667579
39011117
32456282
31298621
21015841
695557
6511214
28167053
34961082
26746453
13606950
25116826
26272130
14280069
11179384
4275160
12179802
8196402
33163658
2971588
36358548
35260936
15500945
19537088
27587387
-416786
20716575
39888225
39374331
15024655
36608222
32018500
10304517
42816960
23875220
31375879
35250460
6569992
16089274
32909988
38116644
-531446
30147800
31697143
13818016
39099088
9208159
14806547
31878440
39793643
3626421
17486873
13998969
32426346
14874694
10017051
29782429
24075098
37106308
29705488
29223974
18741885
19756525
28730163
32317514
26964015
33271356
32484281
22832819
21146792
36290426
6190486
31166702
29472954
16150805
28725156
24180597
30243525
13586232
4843456
11214235
36039538
41056546
26198321
10408482
13710712
8817745
16846718
27132387
13114135
35566963
15014016
43109424
8834759
5013626
8771759
12018913
-856473
-653349
22088529
39297382
18275506
21240383
24584794
36645231
34198926
36813947
10534078
39901240
21091289
20728045
38911555
13567390
41815305
43524208
12421501
9681756
20414974
6548883
913471
39051709
20826588
31062834
33271849
12527111
36998969
15214992
18975146
16190071
4220852
40487655
13934292
31153779
40393037
31248245
24192486
350609
14345428
32044726
17233315
7358188
36072243
18952023
4315698
24958957
38414317
37858076
9231404
30141737
23120969
-588246
39149409
9472769
22849637
24609300
30820373
33368400
21222424
35461168
40789686
32869761
7029443
11387868
39719958
23683710
39092861
20357537
3265352
18322147
30552606
8789031
38174030
8253131
31785666
35200629
18911826
6496520
4919019
3733407
12064220
35534859
39806495
17378158
14540304
23991094
3864548
40792796
21170452
9195156
30015561
23376550
22367678
14796678
36315243
39209296
17995398
35217496
34028540
1963260
28449271
11857317
26330594
23497463
504832
39349587
33872154
15104781
4182496
24593683
3123471
35725326
8874278
34385353
33968053
41470801
19935322
619697
33312785
16448972
24115955
1922319
1285745
29199671
41399470
22350416
12189519
33632025
2569658
34900461
40700933
3592354
1267992
34891925
6301360
25985154
38538912
37462688
38977690
38646443
6644486
6137861
10414478
17964237
20904096
42913528
478483
6096041
35406379
11504337
19563960
4701647
24410415
25702927
40499727
11364592
34846230
1868808
41004421
8309581
23778327
36714225
12082553
5231019
38558309
6615468
40058713
19342654
31934184
22847569
3790021
292448
26415096
22076353
28186076
16780903
43187471
41881355
28146495
26129905
2323210
4375919
13345238
39575764
13337680
31508283
19575971
27374375
-402546
33586495
38636110
42931879
28577439
11578717
20088683
9569671
1084234
39044622
25976214
8174698
2605708
-598599
14489042
13934738
35594224
35687075
34343237
18471451
42351923
38610978
4853088
43533853
5488296
5181331
1841049
41855118
23314970
19289363
22993713
38678749
12039692
43080077
34116771
9566407
21816649
13920281
10110630
25258247
19414901
871252
30681858
4031708
33070879
24654064
8724492
4168040
-508203
33067723
33522100
12112144
6362448
15186715
19121462
1292061
36736396
987379
11168501
18087779
27387922
18717817
24832404
28433174
30230799
26852098
22213289
428532
-507638
22193674
14318221
27666061
1555981
-297916
-614331
12602850
38342278
28260982
11155194
20496334
34385235
6455829
18673762
32472266
35328214
38808185
24209911
38618181
-708420
18267171
20875697
36531857
14634732
12868230
33370216
40670039
33260126
32197593
30953225
41231790
11079552
36228869
38682938
1139522
33624671
42719681
10692352
37375388
13459288
31137092
35159016
18950176
7921042
40231124
26985204
21795266
25537114
26397843
21150281
8023064
21692947
33172774
29109570
14034830
35615763
28414547
24162163
34425391
22521211
9992262
5194628
17927494
21096426
32256508
12806471
10384452
6302658
27802446
17000989
13590691
29638649
41544572
3106436
26177817
3100988
23972149
20494000
5967602
31569065
27862448
37754023
11482751
14515698
20907398
3463563
13751035
41252351
25049745
20656612
29910315
40344749
15697655
11754650
5748100
12113128
37355191
27554856
11376993
27774292
14094369
30843408
12775569
19348443
6653767
26777398
38969751
1017017
23147522
7300512
5142655
14221462
37746821
19564934
15911342
38544882
3255314
24527161
5356924
26452360
29922231
13260042
14174909
5841200
34166733
20888415
40995280
17204963
37895024
29657257
38638303
15729130
39393701
34194000
10718347
35657427
29312080
28595775
6861344
29548003
24592375
5236689
352138
32395455
22511347
36278281
798569
41268816
31411368
14312161
43307965
29134490
33908024
9546917
4122950
25575781
37455670
27532886
10603425
16665742
5937087
5794529
923377
21544072
27375902
31794998
338442
90558
5750261
17251547
28407189
8131526
11881784
10576076
23028094
11473126
14545011
30594620
42736107
30582606
17868784
10300043
27231570
18209753
15990849
40267927
36003328
14487927
36192896
35528950
40194032
10554158
6064275
8480370
20747571
5574835
1180328
39300479
7156489
20417839
6136785
35130301
18388644
20790163
1382785
1233821
17883522
19916829
34858659
22701518
7032450
8625714
36756176
35933338
13447547
17770265
21752471
18161550
35465298
20302472
23942088
33080766
32968749
19105398
5708576
15820524
37530093
18626968
38515457
14460031
37475690
14182253
38139007
6015251
26329686
39475542
30500248
18454431
19612396
34337894
23863969
16584237
9844454
9498807
23639967
24820902
8740406
19447220
13507429
8271266
9097154
20118231
40922492
36670784
7184893
4959367
19370951
14610275
7677594
6009679
-937093
24858313
6255617
39105155
37300598
9403269
22269558
20747455
29809789
22416614
43205456
40810116
25458725
6933498
24572092
12956933
41103844
19021335
1693125
27832943
32054249
33464752
15338462
10466569
36175441
2714829
12785031
43378598
3623787
7190254
6522696
9721243
23419327
22077624
13381164
33486976
28838005
25972975
3103063
31688289
39591640
31331389
3390161
36976255
12163066
3019893
28049775
34007952
22802638
43371624
3783669
21998366
1255245
27005101
31177388
11709374
7433753
18083340
9195750
29839025
26438258
27743650
39670215
1069851
17397328
-116874
20958104
43285691
484239
33946600
23062536
19466070
3212724
9181352
41415985
23070240
9895551
36941023
17230677
31123587
38449168
23202551
9483926
35658597
2565426
42410622
39789341
15866438
6172948
7717130
43522153
31539949
7609993
15779828
13358591
15886202
41135872
22140950
1415350
6606064
23829165
26087280
23179334
16851274
36608406
37155289
34311225
8413893
20751056
8716066
23947599
36504904
19853369
10009597
6352515
6967563
11566722
10225228
35111846
8784360
1002878
3487753
25023360
34819984
32721474
2238695
39216660
30549205
41487108
25518142
40621358
17560809
6408689
20095872
34723461
12461444
15348783
19974680
29786351
7581220
38576887
26075102
23429621
34223278
25457537
19071559
43002701
28046360
36079582
26385829
25128278
32875600
20623410
40832463
16121077
1620323
38663044
3782132
26357456
643250
16142333
36225174
23270014
32515080
10489636
39367749
17907856
6691561
4929824
28589027
19923036
22857969
23001114
36846474
2662681
28982586
2103541
28133337
7287346
25369388
23373924
3479058
21721681
22048444
22937443
25590382
22007171
3307615
17936263
38390308
14135929
9887887
28530790
3948229
19762970
-38657
10424977
20986788
39390274
6275913
39286478
27046483
19130027
16004293
15714310
22521974
19232868
15193829
2289765
6306670
31898144
-928053
18339950
9008530
37004512
35399840
21539322
34171049
34993759
28049693
25731467
9318794
21359430
9255880
10472797
30457285
-122029
9199364
4068124
12672324
37942383
39545166
34129550
5807472
28450633
32344776
38937645
41941823
37940512
33019371
38912675
41537765
34597195
18494704
28411116
25497298
35477982
23027436
17007294
41109713
11453174
9717517
37107195
38887007
27304771
26003679
3215385
11249389
630728
3745123
12864804
38253405
6827990
38558225
30218214
32527048
21871048
20078380
22324702
35388757
16914452
34255781
10638629
38863140
16474487
30981453
42940301
37662540
17904472
3144416
15158669
-86524
11294857
31383940
41991148
25819901
38538811
23669673
41152045
27878465
25473349
16647378
-290464
18794133
14907707
17441825
15539333
30172444
1741609
22168513
1231720
21716697
-39480
9425952
31833431
15569798
36717392
5287273
39698009
19757082
23773926
6418069
27490823
17861482
19523423
-633234
36999379
30054721
10839736
2046353
2198021
5476568
28925067
7246029
30634096
22020152
41723840
29376707
19321034
26911430
18346939
30829888
36338164
8370525
18980868
25475257
9438935
17076673
27744065
15394772
3441130
9248581
28039222
18862889
6528687
32912747
8276648
26268752
20468555
5402081
16832980
36003007
38154375
14608714
13225559
39299816
1363998
23442934
36336163
31379248
15246727
15727476
22493628
19993632
40463739
12485715
15283278
13207008
25299121
26263566
13179839
-488233
10281073
31415148
25832772
16739164
22726973
10789312
2932435
15965817
8707835
10853335
26994368
14773651
23036866
18706204
9359164
4907614
2982906
41820184
384476
41855902
31485206
17765182
38540029
24304755
25360678
12640860
21147906
25203844
3220342
1963518
41026282
11540356
42779102
20899794
33637381
16351534
6044562
29132820
38447616
689933
32014992
13490727
13853471
2164278
14622901
29606303
14921653
18026178
36785479
35340835
43483488
12623640
4687760
37513047
8027545
17184903
23589574
8511044
32684948
32910992
9348103
34919322
4358828
3422286
42075551
12144052
30282713
11711988
21931779
35591794
26094703
1673285
11768701
17132868
36324279
863890
39459122
21084552
19121465
11585448
42562630
4568833
27233025
7115949
41116435
5928422
31322589
16630441
20270035
17771458
24980056
2197216
41710369
33332665
37391456
33489591
33762063
19510857
40143097
10847076
924703
27617541
21084406
35829112
13111580
11137112
2481028
32300128
-468129
2303399
15462531
9504571
31563623
5200079
8246143
17806665
3992104
33020288
26310390
23834589
29987652
34820365
16516772
42901193
27450815
8140658
18713953
19625162
34334215
11649257
10340659
41400160
20394670
35224090
25883003
4314600
3360851
13883991
10942635
10616774
16219872
19468716
31757773
-894797
21592062
18418996
21738932
4678337
6119841
24174175
20270508
26533099
40134020
8431355
33983274
1509454
35734
23302566
39449535
28458081
1798841
9612943
33675035
7027360
22521570
33017126
39147232
14981920
11004088
12977521
18182029
1230227
2346203
18893322
16692516
4797960
34534873
14856816
9851311
13564143
30722465
6627659
16965228
3462815
41658615
36955427
36790894
21757868
10436238
41072645
20577051
14921737
40324683
28657143
31815618
7841538
19070304
27712285
18619403
27240420
29005859
25845413
22515850
22110648
27108777
24894363
25517172
30719105
1979827
32552854
4330443
6436928
6142542
31357979
23311927
20637623
31281501
11810301
34446316
34473832
3351396
43497336
5687050
42767158
28601336
22063562
32582334
33670429
35028017
-11733
36484829
17769105
11651074
3008403
38582741
22854304
-895542
10654888
32586094
6794320
26275634
39011746
41766298
39127783
42348188
20044510
7011337
24507270
16311442
2285648
37743475
7605650
15013988
43424613
11765100
3312401
10463626
8190975
37933261
1529886
22156330
29681610
-983149
20448924
37543281
8681491
8449416
38188974
42984139
39950530
31996206
41521948
19844862
37717357
40495963
37183264
13258396
-471296
40072460
39057197
25445313
9804647
20838560
32852967
35564659
24932111
23161569
40157589
2418400
12864344
26243205
9978691
7708590
35949679
40516805
36821967
27820020
33026074
9257132
5131656
12384216
30414850
14502938
14974639
28707183
5507224
33427597
41551591
13219004
10867159
26189917
19149372
10077927
9248968
8527830
19545577
24286378
19810304
10002428
1579160
23115667
35620286
23350017
16282848
2700032
2939703
-431429
32135661
10433002
23370286
1794274
1811008
20608998
25852736
37585437
16086708
2834568
3519495
28599551
7691950
32772230
28340982
17438806
24738890
35705452
17698831
37845114
3593076
25240480
21846021
11431106
33894070
29263184
15600552
22080358
24951914
22396000
11572049
11801969
11090197
29108307
23502095
10071181
12171556
18198900
466758
32700273
27614738
41604706
22332781
32332094
6933332
31865427
29354092
31919981
28646990
41179304
12216060
-196967
22698677
11319882
15958904
25672000
27525238
23449974
6176360
10115375
28535551
17658325
6080881
12592776
8410673
28451559
30469607
18863989
9126859
5739239
30497504
37681103
9609915
3802828
24705683
8399461
38208504
8172422
41851707
15406063
42874047
17881787
31371770
38912117
3180822
30769883
6410227
13778424
16815728
11210659
37663617
19125346
10502373
34788537
8126144
16031567
38819014
15730951
26213094
39059393
39440462
22725062
8907511
40076937
9037440
2995851
34197621
2820359
16875525
34194518
-172179
24164958
-600685
36429940
21076674
9694111
2925076
7225821
12665364
36283086
22614746
17403628
4155547
12854507
37770212
19803554
28296543
29049579
34815019
42686603
41101092
20959626
28276159
