16953127
14124530
25907792
8058973
18554912
11831405
3102546
34695139
8642127
15447194
18332030
3604120
23085579
5225437
39164582
30755577
27529381
35801856
12767989
26037000
-456523
5579389
18432673
39055697
23316080
18247482
20749098
-171324
8657125
22331609
26521665
1867984
19973322
31007234
29038577
5791502
7927951
20953502
-228838
22422304
3252573
16142200
21575143
41319446
22624271
21578662
15915396
17537243
16834659
31540530
32830980
31801786
21567627
13177443
34026954
-21833
11323047
8802881
28470367
20998805
1693835
28019269
42864898
4289893
40824299
16238435
23363403
1699726
34092140
10559267
8293875
20906012
37748160
40702748
28519616
41662213
1715723
18877005
20371253
41378514
21044059
12226458
12654372
3351127
29575102
33547184
14623131
15673782
12124067
23438965
31783693
13264870
35811945
18491160
40609141
12808872
5306119
8758414
23636526
33972498
41057022
10375577
22838518
40562476
30834749
41991458
29649155
36953450
32566626
16431681
25642362
838442
28517790
12711574
22642915
30483925
42633966
29381502
23046616
40009673
22719269
27642261
32396253
10962618
35537752
41275934
19588527
9887263
5480281
18117811
4672945
18693224
15781189
39211238
15112968
36602832
11204832
38693049
41517539
29056092
8108828
19726846
25272145
31783615
24898371
30501519
20145844
43090877
23099944
18135638
42617883
26364649
6415124
29341162
21889408
23529634
13946767
17612540
8844080
34808586
42611145
16852319
13640999
37480189
41173312
23493814
14721161
18830897
18344268
13471988
13862386
18983115
6438202
10573547
30462214
5351308
25286159
28249319
29082220
18505394
4293150
25725916
24079574
34318355
23821262
14507986
33431286
9117963
19935029
8191610
41502014
10270934
19619900
41357805
19614260
13802372
32604526
37553347
12908857
41233966
36931728
30549334
30552190
12880790
25607026
6920644
3250404
7286603
16863161
2665283
33670436
29733753
3221554
780681
32576750
2532395
40354016
36517847
29059986
18379342
825625
40506325
37274568
33544333
32653185
32957234
26871576
25697383
42689477
31610579
43169954
23042952
21169557
25773858
32431318
26829398
13886732
10374822
32820910
9244635
35997707
-81193
4519378
19894680
31780682
18137006
1539106
26711984
24264615
3561909
20944032
7335678
19546617
35400001
35461841
35029181
26606597
2286162
64914
21218321
22369693
24935203
42518095
7477140
20265158
16280477
18202281
39487817
26115475
18615074
11574393
34267278
26098214
25188591
24828608
33194830
14890058
38791309
3918017
23062446
37983699
5250197
37519097
8548702
15213539
40212027
22776473
20706702
1832493
18798196
40262091
36433861
32086011
29729447
30144475
10383094
27016030
33218708
34830773
8495168
25411367
15073105
13956887
18887966
27195431
31534944
32532705
1333637
31998077
17418022
29186487
21817962
18116772
27406202
25856215
7342270
21409382
8540783
33613222
9999592
27667402
29530588
29685309
26518076
31730017
41977249
38228681
6773243
23259671
28637639
26952307
4108958
29699364
1851131
13872983
32571901
5945192
6420782
8187908
-336685
10870798
292501
4497903
11296638
9487017
39999059
-48427
300028
13580959
361631
31455010
30142358
28559824
2134492
11141513
13693018
3233949
2100167
42122219
-616801
42158085
11173636
10714313
43173761
18873738
43338569
29483404
24965884
26915548
33672990
25117259
34024247
6487457
41053210
31372513
28815364
17455090
31204911
34253880
7424030
3844444
31919165
29016182
25174512
13818681
7311075
5264801
31507002
1359784
13542075
5988931
9126736
1338141
32489539
1266520
26666264
19027839
33664360
35008995
20543768
23056075
38130443
834486
5164521
15846786
1913302
2185136
27306598
28707967
11506140
8562137
14152043
17745645
41318026
41213550
17941104
14061309
37128564
40840602
29585453
19025995
7413883
13360437
37542255
42282559
35285960
26010742
34224441
21828458
953198
16221736
35161787
39209151
37786874
19660444
30558834
29115065
11971803
3526773
15591816
5506049
21402457
-506338
7439962
12219384
4699374
16089137
30090865
41762559
4627848
19695058
3630856
12191329
32656913
42001012
3230439
9937580
40962837
39641469
32243117
29647313
42315966
4481937
42034518
9757654
603129
29475044
22237689
36125232
33121259
20873359
43057091
43391924
38560162
24417606
-742730
3050037
31536733
17698194
21630112
27268344
27568224
8903508
17875015
13984840
7029213
40488816
18550426
19363007
43193193
15608600
31769477
41224203
12067058
31475940
31708985
26045729
9694750
20901045
22502547
10808528
38134765
17217905
38676815
10213359
27562323
5024865
15295245
34361827
22070162
26831961
11628576
14369130
2134163
30545708
15953569
2365193
20607691
6001440
30035874
38527028
12196308
31339761
3378930
38503573
43056599
31568569
30208670
43168200
39232035
27537242
3736570
2468926
27882860
27779803
11116580
22563131
35367585
24860107
23255176
39459225
26256404
918670
909908
39120885
41217045
18807088
1626067
-446845
34146175
6777833
30879679
26278099
14957751
8458544
14402067
2158941
15312371
17459157
10025595
33389081
11223374
34642410
8365326
31078679
22335201
38937075
32603402
8029523
15217017
2262530
37981501
6386237
19957832
18965886
37902959
6389388
18167716
23750503
19674498
19823772
16987707
18989198
17247211
35700180
-45375
38021411
6531459
13948409
18263971
3377472
11699426
20812856
-737361
6991710
10236260
42394733
29091305
5885510
-510403
27014402
2584263
7025075
22972358
30101961
21886906
26987927
1501874
10449745
16140556
22417712
36524834
24515925
14973914
22914274
37461050
852153
38831189
-400377
8057384
17830135
7828022
16750906
12940552
3341160
11090700
41996090
11205427
10761010
36305174
9960547
15673635
37900803
30191986
36127381
38072408
12934641
11403916
42000976
42049293
11053587
4941618
9468900
35612102
41397355
39343527
10293868
42705712
41998503
35333812
17226286
36270544
364148
37207355
42574739
25476170
9219519
8346488
30428326
30235126
40221292
8709030
3427652
25385937
804492
39054580
7707978
17793149
21717608
-778586
17353231
17716735
31665554
34189560
18492800
29696544
20320428
39720141
22855126
1964637
29745503
37840716
10015789
21687856
21208117
42211420
727084
42099160
24117041
33086555
135510
2040178
32186291
21969052
6418208
43015201
34358835
6422275
7482684
22791889
20363422
42401209
3379091
30953058
15135457
35648176
28414491
43336094
8157457
37034880
6661800
30634273
30389920
15600144
14956736
7632447
17703892
4723272
9692446
40057908
35314143
889839
27682879
6138388
2469416
12590248
30179236
37174623
6442286
38097607
10353007
-939738
10022041
30154422
3477826
29303014
7758056
836687
13723773
15588591
2980888
28577928
22847981
40967848
7253429
23539036
20276797
30133057
12510590
22774268
2190425
18301339
5608451
43078469
35616362
2194045
6508758
31370308
10216084
17265496
22294860
36648300
6762273
36752397
28513874
39172069
3173801
34029990
25291014
2624673
28543823
34983986
42713250
16738519
3488056
792836
15912558
28177279
18815040
22202657
5239228
41308691
1680285
3008364
31414186
29930256
20319880
3223964
22302520
42128731
32641045
15648858
6413543
41637227
28946360
42499066
22207263
6805122
9388242
23168914
23747128
13996657
34677757
34255812
12378274
21350927
11576879
38556480
33991953
3294945
992163
31165958
13813073
9889817
5128087
23568886
31202743
20109571
38193488
7064538
17774536
16994804
16032599
28950209
4087985
40963321
5603268
2791114
7033787
8860773
40744922
4991977
7276889
43222473
9855294
9016227
19051580
4844127
38570756
5701190
19827656
24503036
3593312
29787887
15669391
36922749
10296052
34986186
31528068
4432525
7780230
13515313
32280118
14279700
14984126
5337704
15230467
8686483
3154338
39332636
27569137
11546685
8299040
17529813
11226136
30731493
12713079
35467953
37037738
13546559
11792180
32549979
42482543
17308040
-62289
-370925
30051205
43298531
29957293
38642587
32270076
7302805
33086854
31127731
37260641
28404590
4342781
12988709
36027269
13034556
21175018
26552271
4757638
6747431
9821052
1173812
30665776
584305
42917953
13487133
13212241
43373281
25717783
25005944
3241955
4355594
13660990
11407433
29874455
26907996
20290329
19725496
4132653
21770169
41650620
14316257
35120323
20198572
30962021
38755529
22922722
5797661
951352
10350284
30124595
2516712
16723437
6504542
36642196
2450256
17137744
15661531
18757818
17300859
33446880
37708622
1834007
24934177
15967269
41401173
3975624
11119642
-705470
35058890
15630411
37849726
6971411
260159
40591196
19009521
32331220
26860416
30291320
20519063
7698903
25770443
18496591
8193693
34160838
19130628
913597
1536166
10642361
16202815
4437941
33509305
26807858
20299198
36318221
5881624
10180211
23248355
41052873
10864314
2862203
28357195
27468796
19456164
8057684
4977838
20250706
15938071
31764094
34745487
14078284
17218959
9024646
15591214
35273171
35019278
42342212
16066383
25092387
21660529
24687561
42655256
13547058
41944192
31747554
35357535
41637635
193832
20219095
10142081
4504066
11516374
1094073
1207927
10525204
32820099
29953463
16747269
26025716
19939978
42978958
19581504
10523426
1088031
29962408
29228995
35175291
20814363
10294788
16571782
16204283
13463651
7962440
30322424
4290412
12459021
40909321
5358456
12514311
29109719
39933678
40208877
8550896
38999778
2764559
10755635
29318959
28696616
15346447
42673924
20034356
36071567
36098381
16802587
21559388
11881095
43225440
6619128
25228389
3383120
4000348
1042250
965595
29688573
1685563
27427332
8554936
3463884
15654528
18409558
2755357
8220647
34675386
43090819
37838099
6621886
21821121
8925693
12263285
26716103
1094049
14451559
25517280
24658984
34230094
33692844
36945619
23111717
43197757
126121
10634346
32865913
6072474
27654007
5081867
40210773
2946463
32342290
27173534
26942485
19574620
33791578
2496210
9614743
31743711
32737908
39183037
9772235
5132476
32420541
33487256
29395733
10299382
8937497
4220745
25646547
28882657
25188105
13543855
21950688
793512
6439372
35492939
9872681
36552983
18587642
24934604
34802857
8153822
5909978
13864387
38274512
4125082
13257633
31977141
37682685
18677899
42294476
15564866
30322159
371059
19190461
24439260
7808275
15842077
344580
3528034
17081436
36282008
10355764
32983219
11276446
14384513
32498033
13003781
17407344
31825279
33664481
4617691
27208064
6450703
40970687
39312575
10215910
11827090
29989466
33543976
42425465
20628739
8788186
5105816
34493747
16415368
41433440
6998660
21802007
10087141
20279875
6646833
33533763
39048032
31958891
22666915
31545544
36378921
1952063
18238822
28218897
38169467
39306887
14585041
27396481
30457659
27231767
1105408
14345785
14082256
5604983
36343025
19903251
21539240
10293989
35689212
10162199
18532598
26411449
5170001
-624280
9097123
28824682
25584879
22369028
35158898
42208865
19879732
27027174
5942032
41083224
8369172
23156517
25665574
3502984
42883153
31611571
21707260
28301462
15828101
39525145
15116457
39365215
7165455
4988165
24483040
2072500
23643269
17803831
1782786
14089252
32891626
-75676
33897039
2595185
-490101
12941797
9296742
10059699
18269408
27302836
5581314
10084301
42364756
36724316
29578469
25534859
21496261
20337612
14808824
27874744
5142355
24996288
43386842
4306311
32189664
37615211
18710732
26861858
12877625
31562402
41776135
537552
7170846
14625838
17261723
16387864
905529
12248698
3932991
34385027
32589227
39497805
643457
26085619
26125989
14489143
3597609
43336913
20376213
36778179
21434255
13163538
29714701
34598837
38691433
40249668
42740191
36153218
15475667
1346463
42972751
8724745
-858530
4407358
27405298
4329178
16129592
-300
39346053
32758857
32225825
2484848
16808488
4076258
43014965
12301927
16420366
4000989
5706111
41259161
4881487
4641968
38849228
8100545
31691843
34364213
36997298
34670139
40686983
25382272
414792
7519977
14874871
7789119
20947160
19836112
11958375
3627305
12234445
20411209
14372902
8006249
9408924
2431284
38138527
36349408
9554618
39723234
27382997
24632694
37475236
35973016
2844959
33091197
36097202
22931486
42299931
31985622
23621228
19621028
5313471
5118488
22753431
28677771
31200483
27514711
25002962
18456724
20617250
5831736
4912366
20261398
27815072
35442999
14898065
9496867
12851435
15022017
13541322
32797420
10044623
38839052
41399567
1121004
30944688
14791211
3843388
7428941
34719716
28041690
39521034
27669748
30305556
31821358
36782004
2300467
9394648
35795205
-996814
26475461
5985776
29344963
26855476
29089191
43127558
35993788
10744786
10666662
25133295
3706413
25658228
37470956
32131638
19000166
23837224
33958525
26431874
36838868
21469505
15943319
297107
36998174
4222025
34039297
14815358
11397056
7757963
6800383
31886557
8565531
39449434
20122996
11515947
42691287
20160522
20046585
32776498
25630902
43069233
8541253
18153415
43109921
12425875
38584555
18835809
17842112
43360704
42793282
15010242
37042981
24515246
90408
1676030
18005530
39435024
32010516
34250302
21537803
23577902
18557226
37020741
4831276
38254806
39975521
10330349
5492204
17392439
26532809
25890140
3376549
31623307
11180096
41097944
23640594
12532284
40681165
24450476
27438615
34198491
35082388
5033171
4070209
28569687
9965710
563080
2575640
32046921
37001030
3221408
3220926
6470998
9423927
31560600
19392852
2799765
7310371
17212060
21374252
26707801
30877736
25158885
202284
36058311
19024963
7661405
23761930
18761235
29850937
39048707
6535832
3940020
35987305
22512438
37378444
25093733
38249914
21425753
19797443
38596302
33449540
32451591
14277978
29946224
25257343
41781687
21635382
29547873
6233528
29507385
8462009
-367659
11828824
10450415
40975527
42227554
27963293
25999908
35556323
30206588
1572999
-113287
2800522
26499071
-104888
20692344
11773278
18720813
23878149
5344937
40654555
14554380
9015699
39769128
15714313
16198146
25538415
29802102
33871839
1602243
19193378
38003989
213223
41115846
24256997
15697544
28703643
31830989
27515738
7639763
2528055
41876544
40808389
3521060
4386462
15926720
1051617
15902353
3800563
2409400
40763880
7805991
28031463
17112909
11525731
34141151
14086630
34903108
18773122
13172186
646475
5663239
31018259
25368520
33308530
12985559
29056160
6195587
15794474
36361694
30428590
5498419
32201413
3451761
26252005
17968009
35205706
32543679
793392
-57522
8586827
38176101
3198248
28045414
3848619
32727395
22990642
40484340
21340021
20721092
22171270
27704096
16463
28304679
18798946
26340306
24908815
7276018
10040996
39273408
28101219
16634067
224537
21382030
40013597
24530707
13544233
15960869
19256948
27719939
14440854
35018184
33261234
3488183
3765354
41104419
2468451
11691312
15370871
8045262
2567137
30823852
467088
19402898
30226226
28191109
12505994
41951225
2427962
-49549
24269281
4584142
13962824
38262887
22427528
21331484
4329554
4707687
23561256
5251745
24138231
-633639
3752120
35522425
42708466
21526987
42842951
18950367
-138958
30852252
-616897
21971790
11299147
42407355
32781334
10922623
21501874
33645068
24717089
15951529
28741203
13543247
16289748
22855320
8444949
4835632
3007768
20990407
14379524
14082648
10354364
27237835
26020079
27657952
24875446
-670460
30715173
14353523
5746109
40992563
16604689
3426909
15497194
31403081
369469
5596200
41292383
43269132
8990218
17375929
13363386
7704848
916590
31292521
2542589
32394257
14134376
189769
29862605
11085736
308076
18161849
11844395
27780340
33322289
8742007
40688023
819907
8995317
23822278
22857038
22659193
14474897
20710365
16774785
39685649
6156732
10512900
11176715
-627078
37338945
31784967
12986290
35921860
27241620
21155889
27349029
42896611
18267426
138123
5472076
23613575
14328261
13149098
16630015
1392180
17717687
24505265
30890540
8060456
37376589
25357141
21405240
33716261
31786565
8738436
20728601
42778408
41161927
11536372
11594154
85121
7430335
34868645
14768866
41098730
31259451
42978820
2712567
8278826
3759923
3018042
11621724
42950169
12825556
20252362
33620805
-567652
11346310
14160029
26773781
3498787
35573014
40978265
29602709
17678548
40539193
24869716
921987
33819938
23751176
15797925
33390253
3613433
6121574
7405495
21759982
29208644
4089973
39416245
29918352
34715847
43186824
26789149
29197060
23214937
9240083
43179398
787878
10559496
16093376
19097714
22208513
23752894
41855268
17806895
4802263
20917970
27154701
17471844
32984344
25113429
41377441
15447534
7132803
20309463
36665369
17173751
18137998
42520758
21316411
37673665
18928157
6725055
33330001
12882573
37542806
26510739
11957696
13083111
19417611
32709442
7147263
28220748
41722588
40865306
38663739
41390249
11410647
6479279
7227093
32303495
26311550
3101968
29031473
27444955
41104482
32824338
17992387
6832465
35498729
2879330
20577477
6176518
32466993
40875788
8010903
18384764
13960783
10415562
30579050
9510956
6039438
32044572
8265401
35319276
14012254
-89159
19657569
3914724
38919780
41019552
16934888
43274431
34210944
39713560
41274100
2794207
29491582
1613884
38456698
29554969
23427811
4427399
8642335
28179168
20854656
9299465
36821073
41053788
-500805
7834719
35941530
29925141
5320
39905959
2226539
30940159
15324554
39532732
39889234
37170588
30534152
37266915
32759917
22889109
9967771
25394955
28745480
31258484
31936966
1562612
35248615
13829836
37382781
7976352
40211077
29129591
37415921
27965809
25958958
15691739
38742309
24810962
8110467
37983647
37055575
17860492
23011742
4892160
13596691
22270130
18752651
38365525
25420651
15449796
39870050
30543478
5971085
36206896
3074543
30918848
3724387
18021895
9407645
34353364
2024022
34416013
11897159
34616068
10990645
40115197
12584101
31797444
10619566
17533332
16438922
2665641
32529147
4433006
8042987
34297053
26676719
9835745
39384351
42385818
21524240
36369381
43257492
3991576
21647951
9440663
26347224
16118155
35646723
34258314
35517931
2043904
31321577
9446704
43021087
12689586
13861743
7594547
18334601
27175525
21581699
39366417
23026394
17682766
26860235
20115854
9055291
36432155
31362219
-257864
20501924
16968682
40061165
36702578
7823211
32220388
4706911
22810928
38599801
37192833
30799107
36863752
21072207
12774944
20374679
33059481
9265538
33101982
34842143
40839471
17616228
9795503
22274702
9408944
832525
21681680
40467734
33442388
17800011
8943180
40259335
14758499
29227974
18850400
40264686
27307804
6733591
29216253
16562815
32387346
43467270
34539445
17742794
25377682
17746895
31553843
704826
34323009
20967115
27284524
12572491
13414991
32352102
29557116
4205817
35037633
12009819
4300248
42093142
934371
26328343
27542812
42108424
20715651
42398338
43050884
21440784
36878414
1469471
39361221
27604187
38053827
42151844
12346116
6052836
4408478
20579559
32535916
19108794
25321851
27056170
8519496
4807762
1302571
41862363
549419
8865267
16626418
41570200
9140736
21151622
30988792
39965397
-35233
21860323
24250443
14893989
40315605
35928361
20234056
33147717
43496244
11992958
11762452
17872769
20580773
36228580
29734716
12467570
9363617
32525157
2090460
27923520
21521811
14603514
28275589
33497669
26339642
8949224
36378936
6692968
24466442
2522578
9569179
26695790
32711038
37627204
488892
28840108
42093944
4753153
6322636
7089735
4556593
5706877
5139715
7523432
3507601
39802563
5740326
23816488
2766772
2880942
11945713
35572068
2291860
26922283
24028439
36622193
7641312
13716947
24048607
5827416
30578142
-123604
27353063
3173934
17220404
18731087
31511510
7021297
43138104
7264851
37557603
9838299
17638331
6564086
24024597
25580036
39189715
41105747
501437
34832801
10533899
8722748
2603651
8283074
27303752
-364235
3644771
3692451
36049232
26629461
8706688
35874719
37323929
21444433
33031868
26291824
4823149
21521468
13995328
15100772
34927647
23621590
10615724
26306661
41093697
41124171
26514884
26555535
41308255
22801749
37897098
156159
38313919
28313791
-572409
17297278
39729358
10545824
11648380
461855
43357494
1962377
37487865
27028888
42479211
22383760
36049573
17834938
26566965
35768758
37460723
25978448
29243603
34046513
32066434
18522907
22518485
43117302
26517645
37276921
1236231
-610864
39025022
42812808
31165204
32781568
39861549
12340733
43390641
15518460
1561983
40388025
10281587
36945336
5765071
41605352
13267250
23558453
38694843
22996984
6354829
32002082
27634514
22762642
28317324
1627408
16477096
22277833
33205265
10259464
23379347
14938752
37559309
28504478
14963288
20859581
31063548
10859696
42391098
22029813
33262723
22182855
13591672
2988229
32243522
32492945
18899704
11531816
29303950
3547286
28225594
18030693
15864871
22598848
18621736
7412034
21829130
41311556
39915476
32043439
9594947
12965866
1250863
1175764
35954997
4970809
28797522
8162414
8687083
27142591
6162986
17802703
37546594
2009636
24233729
11785967
33629017
27361270
31432677
24177510
40440049
15318595
739274
29090047
41164327
6520926
27480714
9317423
976461
32987834
37223018
19403253
792666
18612760
35880455
3828725
20399661
29450288
35589667
41306532
19711915
25091755
626871
24720974
-575290
31261288
19447120
19428827
9994480
2228454
28621522
4833695
13570060
38984198
9934766
38241331
36621605
1087640
942745
5369061
38504691
8050834
25133632
26648969
15281671
12655653
12392563
5097721
6486228
37702501
31729818
10690052
42959404
19052920
22797956
22195744
2229253
13138390
11356117
11373158
18870021
40789140
2649966
37112176
34193028
35012184
770428
459274
5857387
26256827
35494825
3500374
25478965
25937739
26010947
8274224
279455
19942962
25477359
663373
7051958
38645603
7864886
2888578
12744934
21926849
2954875
25404425
10608023
6454470
41893083
22380742
6585948
-98305
22963351
3985760
5849043
28496712
33954929
9707496
36184828
38586863
20997347
37130164
26285808
3461830
7123136
2229992
35605520
-962343
29054523
9529121
41381996
22181292
36098029
11678407
27150188
3352444
22784399
10948044
1180471
29083736
14569283
34887344
9175691
21067275
10503792
17746444
28781070
40136219
26448275
20801120
29982871
18967698
14250074
17448331
43443675
17991166
40888588
21233201
14080575
41381831
16143530
42905197
41109056
42053355
1177962
28763279
33318649
23152902
29874122
23975540
36922437
24573555
28491234
893568
38971486
23352492
39554234
36525597
9597295
16191716
41283468
28941799
43094037
19385032
5653733
28782848
39054544
21563593
37511199
354333
1336063
7276128
23828647
23234867
21718009
10860480
35936006
305934
41628099
24892619
31895454
42205628
30959269
26539504
24198132
41555474
36326089
21140879
22580307
36104273
4572504
34003345
31408159
17687033
33325875
36487218
14345750
367854
25104396
19115037
24669400
36434160
39371531
21821096
26735330
5254316
18142206
17103671
40230952
7778791
39185297
5597659
10975595
42129551
31071684
3070763
34033577
134811
535147
16445990
20196500
29363081
25093140
7023384
18972756
30844896
24851356
36519788
6316931
5097759
12287688
26640093
17966293
25106124
21863999
40669977
17362148
31183872
4968466
13179290
12546573
36852716
31784948
21378127
20753986
15963528
38578117
18060965
27168663
33691855
10605292
17379194
42305494
39371385
29150847
37494372
31805821
19376776
35491510
23139412
9406320
35444233
16297786
8138574
29080889
8585487
38613590
13675441
34527924
26567160
10262371
17505238
30028888
23153879
36294691
8861079
34488233
41895274
36249190
27312784
18184266
24493033
7010569
8907414
30079877
20140163
30314075
6013883
11858945
28456966
4000435
25290891
17999334
34524580
2381896
29202889
15073116
27237771
9431374
31623338
11888891
33309197
12500893
14871086
14611187
25309156
29526115
5130752
25582268
43483604
42136361
6626950
13422110
21363522
19421936
2829385
41127412
40105769
43206507
4789580
14741335
9270106
27614643
13218693
42138317
9910719
20415398
6310487
6058607
25249894
28543194
24209661
13520538
36091804
26639726
43106276
41429888
11497716
24997095
33191032
31382912
18100458
11053226
20508364
26447531
866948
12256327
11217668
18361259
25001312
15545641
8686378
4337759
4154050
4325544
7830086
36013119
30110616
9290107
42415881
25769816
8391693
1182582
34889370
37099161
30900047
27780210
29663656
23063264
38282609
5834571
38767702
3060214
23871918
27713687
37161987
37693356
27912603
11628746
20264388
9290642
41429020
-198491
20292017
35111397
19114284
16285294
32893701
2473560
28017288
26389038
14959115
15394345
12755268
41403578
13295791
20392744
16324192
12828112
16589860
43051785
37893756
26324816
4160195
31777133
9540248
14757251
22557710
36498927
35809595
32722000
21827172
30796521
3343091
3228606
42673153
39955648
33071374
28889975
28703203
14897164
12618004
483317
-283475
41686248
2762839
23864006
12997331
12907776
42181868
37503444
27128677
33926044
30563339
9645291
14277203
39057795
161727
10837916
39906755
299916
40893408
39205900
36764099
2631066
21104109
18062708
19896056
11900891
43132386
21186844
26352247
23930362
37374271
25751797
36222090
22444057
18851096
94492
3526860
6716297
29703800
33156036
43420286
12698644
17676724
27566316
24150983
24131762
19750254
39717464
5721651
30483253
18959486
28616224
29271776
16934149
8683850
38167569
8585825
16816536
41582283
38447831
16882709
4843640
5954168
32245239
40820913
9781719
43317105
19464261
35871439
33992269
25331363
37847302
35075632
43325248
30988483
12632096
6665612
11193005
30847128
5711796
19333097
30966245
33677276
10331795
13656421
22387380
42716145
11776619
21308944
36448443
41808679
42817519
23556268
1835804
42918628
35918527
-718532
6221981
9093828
11764960
24941315
11472364
42791775
16004186
12207189
12774606
578949
20314574
869276
23643697
21541184
22016849
29570842
38431011
17772566
12743480
18489558
196732
5985710
20121324
10710725
29878507
31660627
31832199
31825444
32924406
11204921
15637341
37162118
28936075
42671811
6307324
34569231
35331883
24358494
7831817
30723945
33868776
32537605
28850444
8326250
35097497
33905218
38720917
1161137
16579324
28314659
32374386
20556043
43110122
21104940
2606556
25630883
24215825
21228153
34520331
42322631
26882464
19359730
14330815
21901323
38717815
42008045
31400440
23554221
15356793
16024126
36935507
23157658
43513210
24793751
42583234
24956323
1833532
18445625
40339734
36871590
21496002
25125687
11356691
8783300
29858039
3652396
33265307
28712283
19491158
43399544
21858481
34048873
2181481
27555890
12641998
20570737
-801058
26181875
27498809
42570953
15734140
8165149
25537942
27056944
6061337
23133580
29337308
39770512
36386269
43355765
32992798
9261225
15474365
24462459
1281124
13689759
21218685
35240612
42899704
14364252
30206076
20097289
35902583
20578917
2264220
19363737
5064775
39921578
34504639
29063284
20988958
19598446
34065798
2745376
24663671
39077492
31169364
3813149
11446601
40376354
12877426
3928468
37282044
2463015
38989684
40684634
33404117
35388183
23423817
23628075
1819372
33157173
31969288
8199414
28461664
21170223
10281807
34526239
34839319
30954206
4182438
37862259
42871534
34932024
43506102
11851704
34004967
20999415
4186641
33546863
40634747
25229417
5525118
18911679
36973476
20384591
30093706
14002006
33138650
13205921
17139894
24994359
26859741
881815
11699851
960262
19446684
-429577
27606408
32352912
19792389
21503157
29830343
41053972
5390173
32842270
17737451
5444225
35787576
-349328
41025597
15916831
8785331
7550165
40105198
27116543
6251899
33923999
3908250
5819567
22245685
6069236
22567912
42160124
11947890
23030568
26513658
29426008
25651680
31098960
40525212
34361605
29793818
7306399
35970550
11275574
7127201
29907152
43101268
9745392
5376763
36276014
11683846
23766817
9675228
4096232
19815388
33242342
28851405
20055595
16645462
35202396
27784280
5575228
27495760
4256089
24070618
32426206
9773893
38059151
18651440
21245116
39474467
40512911
33150511
26285374
11637429
-223308
10689301
16024827
39920773
32719748
30841527
2637589
-616793
15574888
36051417
37416224
41584033
40820381
22025412
39635403
1075640
18259471
9663720
35551253
-116304
29984231
27550626
1915293
34601538
-947031
22770247
25004597
41483887
12968803
12958923
11651053
42318189
15295295
42869599
35131647
8968571
18507381
26977294
39820191
835399
39104875
32301339
37107292
29587315
8241371
29840631
43328712
12938093
6961744
7700978
42328419
8124380
23046039
156495
22311460
12613588
43483017
16178160
26094603
19490412
28824111
23396095
2851507
9120248
25339001
28001633
28698789
25369788
4758520
25466383
15750723
43487658
11998502
21834221
1784624
20752120
26793015
3245547
11651137
358275
21046189
16371210
20572618
26124953
3504843
2062399
36498008
4203273
38785874
2205770
36345449
21315097
11742281
9840868
39461568
5857831
26008164
14576911
43193581
12851042
34874782
41676254
31881358
21803189
1804710
7135418
20291166
2204798
20682943
20243056
26250804
-360211
13969237
28436402
24194815
37941972
3498184
27020746
17668974
35815740
2831229
15938304
13917412
10814956
12200562
-816782
27697228
19349067
40477237
2623918
20024327
27321532
20489540
40395424
34849855
137330
26333516
17398890
38971457
15747187
10790678
42877
25180534
28169441
13559429
5530843
23847371
21703472
25615021
8325017
32308328
7176032
11260526
15544876
24228917
16051921
37453281
13415758
34787378
30594164
3852989
17949793
2648891
-770934
32026656
29543590
19534411
29137292
13425126
18806959
4450097
12908790
12086185
-234922
23995984
40900519
12234863
35899282
3958334
41795920
35857554
32320858
26427913
35119456
29186630
38433474
15538891
19855829
32175226
27385101
-283440
17673603
14870448
19685733
41317010
34442590
41972905
18029100
16804223
31160
27326054
20833374
1502861
26091424
27438497
23620847
-593524
29312027
29984676
12509020
7055786
34226630
2771614
4420264
22780821
37584679
25245562
-648992
17305115
40938404
7003293
14390030
15369823
31841751
11143773
6971759
25769047
11083914
9452450
9488625
38778900
24781844
12834878
20791059
7371548
4643101
17253390
6469967
40938175
3979332
2956417
10102843
33143985
16751349
16514945
3311726
40678219
43473871
38376616
32253173
43532751
13424617
20713625
35514507
7452125
36797053
16671238
2896301
1775854
15262693
22396235
4897695
40302116
40484995
34452476
3004548
39614271
29964564
8167012
30428253
22517547
5228747
41559391
29235622
23974701
4657435
31706591
2105889
9791551
6894851
43160408
17209765
659802
21206696
1435218
24600556
7564953
34682545
18005231
1726259
25734279
40355558
31101392
4777572
24796206
12630852
42895748
30452252
918474
31521872
12216707
3159875
11827587
11096452
43200369
38653403
20613285
34884045
8389682
4765979
7065782
12849431
26104788
8480807
30103689
36976087
24969686
38993572
14868136
9516060
33440688
38157440
3756519
32562411
4986554
10789849
38613420
14675898
16979479
28393683
10202755
40439609
326587
2321441
8883742
22001224
1482223
9967227
38084913
18541065
26419671
26695680
26370519
5078071
6359034
13322479
38197082
38150954
40175086
30253352
26770624
37634928
2942549
26926949
34105991
29001430
23483468
15082520
39783595
26415549
34557399
33711771
41469317
26127233
31261929
12246367
31567390
9966661
23810216
11251992
40481877
6424987
2191424
8898582
31213860
-102612
43497906
10711549
37070838
21080607
32726475
32613082
24107197
18716159
39627782
21305880
8909036
6667697
38503906
32734052
32991514
-322822
19625515
20955976
36969258
5398381
25473636
349803
8583009
29811592
30943761
33675252
38609735
11128944
38295418
19793895
2250087
18190115
23813334
-678890
32608040
-645519
2692586
7170977
609635
4126254
13781717
7441800
11500596
16611951
17352808
29625159
34012603
41767502
9434378
20570249
16672715
25956723
41571131
38092549
8470827
-52261
40068466
14893458
42978061
14619701
27767031
27831576
5820887
9323771
811245
3167932
39923095
32955576
3590170
42166683
39604809
1506137
30724236
33411233
25751430
16577863
16779864
25617423
31249396
22821030
27697064
37809886
29832570
9264658
13210974
25646660
36771273
29330898
42106641
17784982
24807992
13403754
19450013
25447648
17848507
18578377
38402598
42311363
26885762
4601420
14450787
42836375
24274150
41434390
11839095
32409214
11857409
14869588
25263039
27159594
13853293
5139085
5142273
37014250
14018153
25224508
16900481
5525468
27106620
3552321
22959413
42530899
16713046
26683715
-93399
4076042
43180340
513305
4329655
41035943
35191956
38051760
35250618
-615165
476918
2449757
13924190
31736383
9714168
10904005
38798175
40718803
5968213
24819402
29840774
11957279
37017635
20368232
33603229
20274161
2630295
37910021
15718159
14812820
6797231
13667326
24315636
41597027
13768667
18654984
7940243
14447673
20789582
18710439
2267660
32545656
25469399
17007879
35180006
14697938
37556419
17187498
9953903
1054203
24662940
1344905
8385624
7590477
25075366
36569384
22721825
3634726
15100377
27218492
30346432
3727974
5785630
29736440
21947108
264472
7758962
13050248
22673959
36775133
-17582
2413509
34414287
17855785
16448000
32098362
29621495
5340331
35894379
39705914
6117207
7420935
16972006
13299104
20541084
42957332
1829340
22533517
30803882
9002833
20765337
29855409
-605115
29130517
38095856
32232086
6012585
12406736
31273170
17517986
6484558
23752349
16144046
39336940
22453083
28896896
27621299
15607960
14441080
42623635
15652867
36717462
11941097
10253835
32261776
7534607
2320597
41986876
42724703
2051090
-11539
39041959
10080341
26813058
10347227
4080889
14015677
6286775
3731627
5394637
8206733
29594558
35816545
13660032
31360214
5423181
42459911
23818545
4690768
35978789
21753412
218806
31008280
5435977
20114893
1114685
16543430
6352600
8707531
11573191
6033511
7038835
32222825
32947799
38592434
25058054
13192521
28086695
33899361
31090771
20669859
24285628
41528464
24366254
36217164
2267914
17639694
14031019
41185097
14831908
14549735
6599722
38762812
-835252
16667304
1188661
7326973
26550565
4484732
37087545
29736776
8280687
4736447
9910142
17619056
23662508
1811987
9493997
41420626
-653861
43372507
10981630
33392867
4908068
29089387
30762060
1603921
24101392
29790551
17371735
5570993
5071258
33832880
17076228
9568446
-551910
37656641
14438692
41090479
27851134
15701966
42487078
16436030
10401131
26953445
-185436
27914650
2633451
43408660
11086277
35885295
41884325
38309743
22203522
42622356
1308682
31324061
13339542
5366827
28166399
6430190
15615402
7312063
28737271
9917593
27946584
39759414
39726697
30347162
4643070
43097552
20779075
40662646
29219866
30625365
19367707
38156636
22913959
29204085
29356481
14982611
1876281
-691125
33558057
8709641
22330720
27911396
25150388
25576302
43207566
36446136
-319680
1624088
22251187
42299268
40628996
31559877
38721346
38453980
5048416
33509126
9425753
40186759
932804
37416401
28110323
23645896
411663
12938007
33485679
26805165
13984869
10143818
29627388
20022680
33911065
11954612
5766227
22655823
18052504
31105706
18193591
24836248
10394455
18177481
10529092
14550203
30013789
26849552
14122004
39180167
4015889
20280552
33762235
-541750
18502852
20783872
10152486
42740927
5471202
28589955
41648092
30407610
10669705
1193559
42258057
37149921
31334415
3610544
18325016
14979095
36932206
42455147
11313523
39597823
24928946
858615
2741678
37511962
7524463
20007735
39992763
30664841
26686430
40697446
30967070
34963375
25423804
36319065
4760039
33910099
36879861
35693622
12829496
-236265
11592976
40372086
19374731
24559836
23571303
40818738
15460692
18398553
13685439
524490
4909269
28775482
24429095
1838995
24693427
6036767
32742958
8973369
7945957
22978792
35293750
17790438
7233228
27633974
21848131
16031781
34806983
24937084
23755635
14504299
30416218
13659634
29671614
40352284
1218203
29120024
5186995
38253373
21380774
18198955
39629887
40128622
17150421
27446201
19830180
25762100
8291301
18748951
36614176
20574827
9054869
23966972
30752743
32577936
6144455
38486930
5211612
40840287
4122006
15998459
37323896
33094947
30105840
38595786
34973079
4519384
10158850
16025653
41798425
9728467
40858766
3293443
34351564
30350818
20306045
10497167
12349401
17909053
2070462
13477471
14918932
15971043
9335246
36960703
34982057
29541887
34086943
29667709
23136150
35611520
903994
28932529
39366595
30290588
27570553
33757863
9042483
25028775
39388268
18431358
37999719
2415935
12731216
20304718
15557400
35674192
6893861
15000173
25603693
43381578
32747966
12631101
31660135
35327224
1094038
27281981
14050611
40479166
12661274
13059303
38880720
6648014
11417205
33725768
19772675
22555507
11141207
22148831
17687745
16394266
4177929
1628522
32637819
21811178
-950041
17162567
40072446
8632973
1419005
38169928
42751099
18231528
23038096
39674920
-557500
4166809
7056048
2630352
7580462
22388574
5192029
40556149
35581364
27272015
32463286
26101531
5625325
910662
10813589
15461103
29153006
37476303
32487831
19527829
15298901
6515112
19513878
41001157
23840886
29900408
38534438
31239873
33305403
26174023
10861288
18256708
-410388
14193882
38742267
22005850
5133215
14467383
14585384
9586548
27991486
32329559
606329
17806094
-88599
9461435
4305588
7567706
4158868
13612473
5793024
42917195
42053020
18969383
34881466
34375112
22786512
7208629
6796073
18580583
36484817
34971202
3879900
2709111
23024230
26055216
15148096
32120465
9202480
39302283
18407529
16617385
27104985
32975941
37762976
19950092
43007210
26984567
38026044
27234151
36526440
33955492
26064323
42646168
4757691
43408894
19673237
-329144
30340276
43369643
34065465
34575887
26324921
4857348
25588411
10962670
21076468
28599683
39474222
3051830
13178879
34052826
-799364
4580928
2066560
10798438
25982621
36910520
16479889
16530597
33423056
9367892
5860549
25724502
25139032
13616741
41815811
-269926
33045327
14422997
18547063
14591344
3786778
18227388
15329444
25353332
41566027
17228104
13428603
18939651
7066403
18149445
27943615
5975764
9953616
27437337
37568519
19372996
9737835
9468396
15553630
1013274
6035720
39522424
20136200
12472199
41256717
24649761
31151953
3775401
18141624
24563481
13897554
25192596
42264231
28916808
4676724
36626624
20421088
17009748
39375885
12405727
42953068
10532084
42327807
35893217
17788511
42923012
42007056
17871136
39398332
24315523
22665395
38563234
39468522
37063460
28184464
7306514
29958930
32787740
22590873
11707720
12142640
23230368
37405563
40291912
40837892
16589278
35738363
41308125
21636230
3927009
20418327
3220257
22563085
39644391
42722544
-836412
22128241
-129295
43492584
17484601
10474615
25913101
31184514
24075943
28636613
17196581
8778083
35571203
19646409
34834652
42190277
10626661
25638301
33057469
25998924
41387179
4677601
9339300
23810789
3175833
12842911
15947524
26256645
22711388
15329569
2000090
28932160
38766065
26464734
26535113
23081159
19656109
40598571
31645064
2124255
40662327
16628214
19639633
25201957
18852309
3026022
15098718
42631080
7609769
-346038
19365957
38055501
16949158
30895255
16733112
9205887
5682339
7294877
42703731
33509153
1497442
27586383
17312959
43075975
4099202
22292814
20117005
12167641
2391711
35948815
19055224
3411807
32787177
3802406
42433471
12029739
38863297
36651797
10877539
10293481
29869069
37631031
21172616
10025701
11798861
9377870
26433762
9187862
22120993
21036945
14426543
30243122
36371767
327805
29044284
14930319
866144
41744118
-474260
27000072
1651643
23248970
9907505
26025448
9109982
23611292
20249922
30507354
36123886
30363993
25762814
8579808
22501670
5655995
5523101
31190416
43192284
14906937
6192897
8311383
4117776
14495974
36779326
18017506
38492478
36324864
42465513
6000131
17594749
27409356
32838613
8109218
846911
20095717
31118447
9818757
6527091
27677932
8077063
9845917
31147399
11661955
8923005
20269388
10425777
36370867
23062000
-390993
19800248
36749632
7460237
18511564
32002595
15671696
9963951
12006886
35297848
30448523
29667761
3149996
43198240
29323675
40881199
42748079
12114094
25805291
19078562
32208465
41680756
27937857
43521292
29645393
16415042
25921500
4696386
2976120
13859808
16662610
25143326
33208077
16664540
20345754
25794510
11515679
39326488
42380105
41194423
37992480
2396788
5551327
19629010
28412723
35329037
21172795
14904975
-299802
23382317
15849939
3422342
18016192
29452440
34919099
27353189
37629881
2383717
