33099946
25275707
40893983
28372812
1240443
8717002
2785933
7415969
7493079
16604890
39884126
24383512
4572432
43489906
37585667
620148
36678196
5259055
25959575
13225753
33786524
20454445
36535838
25632290
17612272
26439092
23805896
31287578
36051059
9249456
25236710
-171768
30366688
11738851
14601489
10113328
28480059
4328676
38720032
21845055
42195904
30494159
1034431
34325655
32182359
9466792
34231349
41751898
6604707
14885286
37393158
38813358
-976092
40129482
37121071
29748142
28556972
31361359
24319559
40334709
-255194
1896493
13032335
28328489
7148698
6019206
1724884
11780000
12335019
19154402
14834254
29429311
5881653
33059719
2826731
4849817
36163779
2211624
5137819
31928257
8533557
19569275
42402388
31625093
40124239
18627199
10017518
14751324
23463040
38318192
10856909
10337000
23412537
24176969
30707745
24298039
26277653
20761573
1182588
22368696
32047369
2831257
17781876
36358823
39564564
3273663
10200064
15032073
40191126
3999297
41997232
35825368
35117960
34315031
1070289
41192817
19048436
8783270
1582700
7138868
34679456
38089978
26427316
3253913
40737317
5374218
16374859
28603238
27984087
35702822
32219433
14644120
31163559
23520317
40091823
22855246
33022509
39931956
10075801
7210980
11179234
20675898
29229828
29395832
26842870
38413880
3944771
30257453
31660943
38799128
36261778
33286475
43475583
31758019
19954045
26403111
35231540
8339926
42521898
22378892
35981820
22359420
1956738
13654902
18418892
19057427
8708308
2674767
32713024
1972071
37540211
18351983
7236356
27630489
15826849
42563005
18201222
34482448
8502123
37675709
30172943
24055155
14019493
9498219
12430471
21621224
8305007
39815293
23579517
22844060
39269259
19262697
36550433
9475552
1007002
38368111
-519299
3872590
22885965
1595766
19702659
24037568
30251712
5420893
5973327
30372299
31637962
4568006
7628451
16873782
40696667
4625871
24783132
36964148
4369315
25134541
23319547
37053599
3643128
8470751
25001438
23665212
43160807
42814856
26241762
6955614
35026416
10296300
27244526
5129651
2360819
35892860
17465030
34956895
26029473
32421237
420299
8975985
35353190
37289720
27186584
20748579
15284709
28041561
12728981
9229774
-973084
2178118
17467940
9816026
5416158
1600792
36259843
41602867
23755506
39527566
15742959
16572792
36055971
36349723
22684590
5645266
28559013
37179634
25260476
912009
41454241
22339050
40406417
21765877
15456309
38444388
16914713
33524749
26292876
16400022
43058635
28649933
38911417
26973515
26903879
8230075
25109312
3910959
12077463
5670893
31480662
41342908
21383530
16759074
28595467
42968097
15077595
23332717
40996134
22924470
18884576
2708822
24345224
21291839
34459352
42433596
36910179
12652531
41374796
37560803
24792526
33727588
29047121
10648680
36610648
13462203
11178629
23819229
7012248
31531243
31949795
20055569
23765208
22312663
23529317
2575228
36512389
32415847
26547505
23641818
13542238
25609936
16432528
23798068
3298692
40768456
11962975
9428733
28504276
38615598
5642152
4736264
4322493
23062930
26930684
38561376
17239877
31475169
7047827
38664096
27759269
31360360
3265260
30233113
3559478
32566527
18843767
19997023
40611488
9212175
41313534
32965053
29842997
34978433
37866708
22085419
37336679
4843624
13937381
19267343
11127955
17729608
20220820
35132567
29429642
2212189
17029163
1473395
38900155
37469098
25640484
26039633
33605589
14197669
8045489
12794459
25043430
37558175
19084359
3141711
10917029
21335479
42419062
32939120
40226969
18837221
9949105
33897806
-444294
3528369
32957941
16351808
42828523
20417819
797339
42021739
34909378
29723615
546339
680869
29314748
6704616
34284053
25175316
41308940
4448790
13020808
1543581
7812236
12159856
10792829
37059487
14980654
40679099
26445001
12628984
34573071
3252376
7215050
41886
27085728
11748642
10281266
1496975
21617571
3423977
7326678
7807884
10100695
39728981
-324984
33626808
2734475
26801741
13605450
34247939
15959426
17676581
31318992
35473215
37952898
9939625
35930672
30189012
39222650
37651076
39955165
18570316
18374915
16506385
41623497
5935314
41041422
17341586
8775570
25645385
14822263
928406
7602146
41742538
33770194
35989101
37766588
42564056
2814670
20064244
41613820
24582301
11696683
18724218
24125726
-49024
1843020
11749104
13535317
14157148
37302589
35176716
36603264
29126952
27198450
15264133
39307618
20579117
27526114
39977812
35764510
25866854
12604842
11329811
-370619
10575532
39530765
34846282
11528291
11960789
9033358
21125665
18415823
24918358
18680253
26759394
13270198
28856734
7506166
38953644
7242204
23815116
14255965
21061438
42166498
16100178
33578876
13402710
34102265
38979136
27822401
13122910
2826801
1871266
41257376
26510473
33082206
8608316
8662552
21673466
22914815
15874793
15850856
39151558
24257829
21187846
20583673
15923330
36277712
36059236
3823429
-205143
21587073
15706667
39117692
35824716
38774143
14442101
25351906
10678357
34756132
2447070
5630887
30272109
38807498
20578990
19707520
2491317
17693532
39843380
35534636
4508911
931471
28314970
4150414
13266559
16430925
24244
41225904
24619586
30679431
3642758
27499674
19676247
15936653
38119419
27986234
27028508
43335859
19050265
32615083
11111326
43497248
15346262
35260895
37510499
43518340
30472196
17320610
2122638
6199926
513443
-710155
25305899
36272738
4120304
42138047
42541408
35598444
25868058
17254211
42008077
34121845
36189280
5251821
43336140
43350904
39546457
6677640
11167162
34193077
19718285
27985884
18526033
40395665
8321768
28643345
23081674
30464440
31138665
7842828
19161048
24375695
5312974
32099703
10127703
33030229
19781846
7707963
17650319
737664
5862301
36684464
16784253
11106676
9889873
-717869
18162578
30508121
-651945
9783013
42221871
27558739
42550391
14607574
17962213
40099584
17854679
36987168
9817419
13333345
13612320
33621060
40944804
27533070
30987116
26377395
7981927
39763672
23488545
-518255
8672747
5568519
12999445
7993795
2930249
19800249
38576638
24326475
11633696
34728553
8633101
11722950
37843670
39771564
23430136
24346488
38563731
18947960
12672236
11128362
32766785
2501210
18793363
42190814
10657700
29578977
2778037
16701204
31321102
3905756
2876753
5467403
14707909
23667726
36006442
16331272
19878236
16331570
21352818
17233957
1077219
8666827
19771900
11164442
875202
18901285
5953535
30332175
12741694
36305861
42544696
5328566
12198974
32748753
5673017
19656644
39168823
3549291
39984793
36913932
37145307
22237716
23081811
21398406
36051533
17685825
22379422
2354112
42712251
4347558
21336553
41146050
32490711
8444369
19950759
15604757
13012968
42188504
36170084
22774527
2395831
19347584
10473305
35028262
18225082
18373930
4134750
24974384
15289427
36100447
9388219
26429411
38831835
32185920
35490316
41437531
26712452
6681377
4453759
16875310
21413851
3971043
36946553
1227407
27188868
904705
20349391
22329029
26983093
26452166
19290929
-484606
35282840
30202788
1797696
16222078
26129962
876512
7261579
4563181
14414171
404609
36856882
31412703
22845969
31525248
5069205
37821576
29477458
4809511
43018463
42910350
29958568
4915874
7985798
9745080
15795304
21069753
29462248
42590323
4806655
4228898
38926952
42976398
18290023
37252420
43279076
41884090
29655173
10246536
13717323
23636125
30601148
14065809
24234522
14301242
20215712
16856701
23690159
15408609
19288064
15691096
36869828
41063607
6814503
16449209
14923652
41992458
7288854
4797178
10296272
26562434
19837801
29436862
18965816
26819634
30017434
19929992
31908204
38372508
21332517
8005364
2716549
26144762
6803572
41211978
42904711
26843005
24245965
23394717
12911730
17965494
14989719
28389086
8019127
22919497
22866469
38540333
30254839
1261978
28658371
20062926
13441153
41450174
4300912
7840966
14357793
41162082
20762061
22445778
1438738
32149069
10986370
26889256
31422105
4890233
3236016
7784926
-624950
18965521
12591538
8767932
4223329
-859931
21674707
23083151
15742264
34833879
17835531
32325961
36892401
32072904
24837042
8626304
28152475
2642993
10109810
34163095
32528578
33728107
26293292
12324532
22018461
23728642
1196248
30921672
35621829
1933812
5848098
7720890
5170128
17282652
16453307
16598839
38004427
4310380
38844737
387907
27799696
14339327
17859821
16658238
5726640
37487929
31169052
34212858
23
33978672
23119781
20684258
3915322
6689980
2440862
24387651
6364245
38116143
31032362
9816946
2773534
41323943
10097869
-374585
32548041
7761569
8746716
34085932
7531227
39344634
23299101
11663477
19346550
7468594
1283061
34181872
2515605
409337
8503088
15402512
10641600
41596317
9490662
5343936
-788527
23740968
32149279
24288328
31126392
30279674
8185712
9474849
24711734
29854597
23278771
43354099
33195586
41761412
8947621
23061671
17805546
15585487
25409758
12708957
13000380
42863550
16420206
24369724
7812224
33790302
13824944
28094136
30969981
267637
34174705
27571724
30378169
7269340
37222287
8641965
1109353
23853403
21330078
42362658
42839253
33650718
15440642
13647602
28334021
39583913
29076050
23182006
11965187
2692144
22713138
12992352
30548744
-319458
43366537
35989514
35084711
43522641
13280571
10730905
14229347
15555699
12599832
35542408
1276128
4161691
18698912
42426952
29819470
42495209
19233164
38216662
39044113
11702222
11545045
33689534
659215
37864949
29245213
43459620
27063426
15856787
35816230
41563095
40436256
10883033
4133279
15557143
30261534
37579764
38786787
12732028
437670
42677943
36499916
36045898
13055302
29944633
22386673
22971303
43320878
8819802
26293009
27802945
40591677
3318866
29367389
39267480
19023753
32046745
33289696
35772608
15144855
34538508
38695623
41090431
25340677
4804219
31373584
22345574
6332110
39627803
18779290
24902131
25799260
40934095
23243989
15581363
11751639
-624962
3619105
11029383
4032314
22426375
40316108
41211750
1827539
40303459
21296768
11602521
14620884
20607774
8001443
27111061
35942385
34811413
35371719
14715940
30727826
35916555
22456507
20573029
40392144
23441721
20388870
14240328
-793101
39264073
29977783
27533693
21750354
11427459
42744662
12469800
12819650
10312039
11635328
6681590
42730874
15847031
19125552
33000005
26167009
11595383
17795534
27471422
18602288
15925073
4813624
25827211
26832518
24625738
9265959
3626287
37323111
41879248
25214494
21660120
29801953
4815584
38509906
20704022
33734671
18393949
23704219
13713412
15468855
39302768
41933592
39352315
27914849
442578
1893852
30907527
11380816
15627996
25618058
11736270
22838223
-605053
42930148
20234960
24143798
16739082
14463438
30422278
1188817
2154514
33445977
22819910
19462078
3272574
10791491
3517598
30271071
33430373
32227658
7013835
34843638
7389688
29711647
2061643
9711674
14942741
2954344
10101335
1264633
31524268
3647677
8662128
18813139
5806070
25556821
24476242
2492196
39091273
42184442
32887924
13823854
18239925
16114218
39694241
7072638
27754886
22446036
15428742
8742117
36746184
33052350
39793955
34849460
13269265
37033579
41392568
10779814
23622215
24008028
32158293
38760218
14362264
31570105
13109194
16522892
16647676
38943487
19079864
2057716
43211647
29092421
35179459
17840331
20519823
9714639
26633631
25439943
37422784
10116762
23833561
31948743
38980837
20091282
11287523
31871367
25790425
34444944
5453726
5679218
13286945
17829348
18128154
29579132
23305688
35812983
9771203
-353907
2510595
36679003
34344560
16795397
43182361
31097188
15330995
31682894
16627006
14036602
31027312
28623721
40325816
21666231
8505439
14279322
7630576
29908979
24114667
23887334
36675734
36602666
18948264
-221801
24633305
7743271
31666820
24462096
16960673
-73179
5449299
36431693
40375823
34514490
17453943
511203
38836486
2991256
39746541
31680959
34838333
16354519
36045738
7368547
810259
41388568
32423791
19083395
4695452
21860644
8800849
14067434
33748587
13502374
12282254
39396176
22360357
-481747
32864934
1756327
23567858
11053816
16430908
11909156
36118209
18334332
10882916
17279521
6123081
17822298
21791283
31990151
5740364
24585344
37363357
14942232
39679322
3702035
5545832
8071103
40379041
33959585
22019617
11311140
1577628
38042915
13425058
25817846
1629891
43408949
6984714
9829484
32726668
17875219
16195300
2128667
-490880
7442643
21430054
28091507
12756027
12651234
673080
1158032
38561954
25335404
18967089
34107838
31245592
7673836
9453319
17776760
12319598
38141735
37575012
22820679
9266619
33783925
138594
579196
30394591
32766773
35422028
33583611
37015998
11159000
38287223
36937006
17839987
14226133
-388723
40586361
34874052
37591055
24481204
39110585
16553603
41720015
26474135
1852484
2872664
14907336
23889077
29123287
13114062
25973452
1844242
7627306
10359317
8649244
4986975
33573876
-939190
26740650
25090314
22412634
31710163
11298727
9558150
7420773
23750452
42403914
35927693
1207453
9943633
13720195
24471957
12082273
43092233
22095440
5828428
27523019
751494
6494946
20546181
8895017
22990194
-994431
8088697
441522
783651
37634715
1689329
7754091
31557595
35580449
93085
15231065
7063876
10941977
7376405
27127597
15377330
22795375
10625762
2924352
34099679
21409136
36883715
20743223
2881571
2228655
19829268
9288852
17915104
4273470
42773411
-504171
42251815
39035463
35988072
36268329
20309888
19484790
34422790
10005464
18075378
11642535
10593411
31040594
36374411
22884417
4507403
16000091
1228600
32215129
37735411
24218817
33161070
15522660
21646297
24194620
19496903
9131020
11452158
20799495
18561909
2017356
34736814
20338500
31622747
6253353
29154589
37303001
26380111
26648788
3841119
38729571
23020608
43248049
4081235
19100624
-87077
11935604
15405941
34712812
9267690
3427270
41018729
3597655
39431292
14937929
36429917
33361821
37279464
7483660
-853135
37403060
33349498
37971855
27880604
3694011
10871618
26047610
16402547
37438293
8693789
37145440
37824359
33423709
1063768
29765697
24283175
3071142
8822845
38518915
36193573
35099203
11318105
19086755
-80873
11258555
4293854
40700484
30817835
37121356
28411895
9696447
23332803
21326091
7482143
21016363
33773543
40385133
31355388
28685915
11425181
4619311
24141362
36042491
27981560
22045496
26077780
27650325
36818416
18452899
12112855
3670357
9293968
9122168
13553535
7984747
28867784
39471370
3611575
13381192
24758001
26658754
28289356
10956988
29137543
40894231
41139946
19316690
42639563
793392
6630901
186891
34447081
8639716
30495131
13446953
24299946
29780144
42130592
19225970
13622731
36738925
7419396
40803791
31305288
27488986
34347540
32014754
35918411
36968087
38739508
25797591
34149507
21345075
10871641
43349231
41621998
31822791
40753282
12115850
43175513
5774737
31518126
38065525
23571858
6447410
35065877
12614964
18897437
21924380
13931490
14687622
18494958
14400021
17769829
39670896
12268738
28746600
38808478
17105544
40887689
16764548
5389523
10999308
559268
38017045
18987458
32929644
16921451
40460743
15023710
18290524
13068994
24953400
19929230
20775698
25418873
35556901
7261440
39453237
28115363
31323139
23701504
22743558
31232067
41644993
6968483
26656770
31104771
6073470
3741748
21326472
33666580
39082561
1390318
37705362
25543364
15698291
21364328
29689988
8237038
7827073
39033542
26587699
25617508
10480140
18962791
36523489
37580409
21601708
30579661
11721270
-859018
27526216
37322185
5818352
28195283
18295002
16622311
24226156
39747718
27601442
34546275
7303864
18442787
38346577
34612103
32665405
3217390
32299679
30050868
21270962
8150130
29806570
18466870
42926862
38464257
25592485
22414716
38034704
2978858
23073359
2133221
9222202
176384
32642677
8212852
4640565
27710865
41540398
39617339
4655137
34353320
3247014
15516423
6997509
22841134
26820832
6662053
930611
27023377
33517605
21124984
2849330
40868470
6931455
26715952
2210790
32168378
20213065
2455911
2905971
18796065
13551110
1151875
39611918
42145793
41555205
37535528
35321392
7269110
18630869
17477355
12042669
28230509
-659236
30679547
268246
24878067
37130321
17988842
19412030
6564215
11024353
42891685
36100926
6901997
40976152
32670110
29392622
7932160
36588560
24979197
-867408
23381629
28687473
15933033
4834242
26346113
16118396
15892167
20780781
31763580
13144818
16460376
21946614
26869620
42387544
24777802
22422683
7279066
8868780
22430436
37297386
40420677
18374908
42958549
42569436
22757048
41653814
8176449
20576332
30392278
36234126
40774388
10832630
23259512
30964905
767287
14496242
19098589
35286085
33214867
40976351
1577040
895854
40740072
18308059
18785238
30299550
7989830
25783855
8132896
24782895
16743575
37111355
37885250
23829599
9846142
572861
41895930
31271833
3078919
4060225
-504156
41001517
32637883
24691853
23563393
13164184
42006362
16019543
37198714
18411080
9633315
29390300
33174765
3060076
41687302
27889541
43530592
11101465
7305642
2913572
239065
19384365
3841472
14686529
16568225
372173
17306954
27633689
16359125
-636174
11282541
1722660
36368300
-963747
3880824
30382268
31727913
27346108
27248184
11972807
38681708
26762216
13529167
23148328
3639450
39218485
12226786
3085058
9955436
14964278
28287617
21668439
25358168
35861391
13972339
29944226
26843458
11439874
11103645
13408832
20834942
27854132
10690215
20836622
33129808
12638947
31574682
20271029
17955394
29653372
40849147
35090660
6867645
41408505
17440948
18886854
13784851
31743130
23578789
-358025
21753793
2652392
26011685
42654283
19092759
-755131
38162711
20534981
31793364
28208244
38017674
13848918
24235431
18993428
24346125
43337281
32206477
36141830
648964
6578583
40472872
16583908
30141513
36302779
35569812
126842
11965393
7592542
17363676
35821821
8554334
32047891
38900231
2714618
18934086
31295472
1268897
42017225
30410025
38336505
20997877
1209104
22604573
39316852
29145090
20339028
39423863
19235229
42829687
18799880
12886306
7760309
42031685
27845204
12212942
9471534
38665823
27905030
29682563
16718436
6173314
1742068
11696236
40215137
19627912
26652128
2259315
34770455
16966767
20091536
252576
11548955
4234792
33271569
5214177
23283448
42081143
38156518
37966190
30560761
17227889
4659393
10608324
1946157
30375969
20367636
42751532
37551504
25667986
37822152
42002554
-251329
2508299
27232825
32357042
42811095
43509371
21588337
5072423
8039131
27157600
38434143
38479589
42658625
11171006
2758773
3726643
-569648
11700817
24463641
11043554
28268333
14123561
23092237
26444855
1255537
26573398
37629704
39553875
28832714
19057600
14371205
11924719
34799235
39379889
16330475
28956578
3494180
41428624
1697449
22039964
2856000
23553650
10858705
30095219
18601661
28052574
19546061
39224133
5394675
11006366
18488785
32300735
43239049
29097026
7252820
3847409
15437913
535136
13131223
30091657
11386080
33599298
35962447
24765908
8987624
21536562
25667263
42268669
38323957
22517897
12660435
2016111
26925014
11812637
11101585
12081484
36370799
39094706
41667481
28362132
17265626
15013366
31130373
1793789
2324351
41654557
13311464
32870031
-760395
8463164
31130264
33966583
40423859
9597645
1918609
32870238
39832030
20047818
28014087
30648200
40599902
28936629
14116871
20442872
35031727
15940406
26551181
33027738
35351885
17533363
24985945
27464579
13913481
769090
23522733
3816442
35671053
23114051
22883138
36027355
-125311
43308470
4193130
31932226
18691363
29269848
41039285
1342203
15588054
24764259
6340720
31089571
38371693
40311885
3239071
31526545
25077933
31940778
18846962
31734201
31340942
39413610
37971159
447820
-541638
23869328
25427402
39220214
20661998
8083090
12207184
22842616
17830095
43440599
17921967
807913
17159831
27197826
19702933
34766772
27015217
41992534
15824523
26239515
42364923
9176435
24437732
21662564
12912430
2668434
35527855
37438203
3475068
8019196
36262216
38797552
6531874
1513097
5254956
41176065
28097042
6332695
13535176
7446077
2387860
15393591
37253613
3968116
27937144
8643189
23939173
29671392
2645945
25645458
40328469
15134902
14651414
3465479
33778430
29584142
35118866
41414792
1293170
30139633
28713903
33145634
10041437
16990842
35926200
3094661
18627576
-336903
39442165
28214087
3996103
23835055
8927013
28547352
2383231
-183451
1665763
2279248
34748007
26595247
7712943
3289351
35216794
42045524
23527181
12839536
1496939
24444631
21609319
7323207
29842630
12028519
20458596
1950353
137702
7063570
37949469
21137679
10166669
15451304
39059033
33968993
10990316
32630145
17218743
25285734
612172
7783991
1062121
20066184
351201
39881782
9563568
3410969
30788074
25767315
15637248
27980686
30621741
4652563
38871061
26223363
13802064
11377914
1278640
12799009
3507357
6542373
27137897
26640347
35051129
11129436
3289919
29114316
40347410
21153511
6650211
16742475
30132164
7638517
15503233
9407240
5449595
9398506
37859387
11554388
21392811
32115325
37493760
4069659
39993946
28739524
20403146
29079794
7467132
39762809
3228404
19950051
41191759
21308926
6566320
22487372
8884772
7451980
11552369
217921
22095532
37400270
4887111
15169988
41591443
39638147
18457636
17927922
20301343
14033222
24712405
27710213
42618081
10098685
18235520
32009958
21375005
8484524
7046570
38482952
22167435
36805059
25062820
7371681
11428274
43446982
20214624
-411545
40357087
19431699
38312385
15304852
18492746
27964187
25931157
33712509
16340625
31123181
1857653
15153342
41003166
12769633
32408312
33365660
29397837
42687899
27727985
7824450
12461977
39714323
19971749
22052241
14058394
2849169
2429863
24281473
40823277
6275663
6460841
15489464
5845677
34811397
-237742
14968233
42569204
6610022
703837
-35175
42904429
22095646
41275461
22322535
24848122
15097467
40809888
24537838
38430016
35909889
38317498
39084423
7693111
30288251
2432160
39042460
25336714
11374863
23918176
22547800
20732079
14467704
6213650
-768145
37664183
14777059
34416997
1521811
33780837
9333943
3459393
25346173
2674865
2581050
2468975
21363473
39868408
15003574
7604780
14802215
22910727
11257566
29024246
14632830
18918938
4277791
11916508
27317378
17996793
19289658
7468258
19113595
12865282
2580120
39906044
28895419
27305244
15024544
7619931
40627225
32249693
30434972
13836362
34129891
37006893
40868776
5152369
10889669
29669699
29881951
9278982
23590523
7204470
23896921
38579572
2719186
22370620
19351546
29351856
41571335
804017
41833255
24118806
10564994
33285149
27588977
38320842
18913271
28158078
3608818
6603763
30579477
20620495
5745416
2549760
9696101
34212344
27861618
21634283
35528985
14421484
17620839
2396971
2352183
21467420
25892172
13238513
37782108
20113468
-171888
32010494
26546690
29885494
41616798
41605749
7515895
5581785
29845697
24226587
15687368
37977041
36243566
33210147
13557501
4441386
20443914
13717909
9227622
38691453
7009893
12383415
396012
41244090
30422577
24901086
4707386
30937791
32169609
39580154
26916284
4148459
35052954
2420118
16555608
35869319
17882303
19221648
39216667
15566512
17641292
19126432
26221301
39574037
39037393
4256687
-112703
31180316
9230697
24846762
2750147
10404722
20288220
13242346
7599415
36716886
41372215
38896400
20414218
4407788
30835066
15450459
30892375
38942698
-582778
19256735
11144534
26104315
29660583
36546396
6360667
37432387
34102119
3604449
37472991
11668241
12588309
4507402
36898673
30704013
38219010
31434096
29137837
40232364
32851118
29739346
39596925
36961474
4863228
8854485
42946917
24297079
15693243
13881829
11981263
43178092
37816135
34888986
31944900
39112154
34782784
6624902
871493
33184066
12017578
15312509
14436593
19209897
34593899
20745890
1859013
4778327
3615393
3498478
1525078
22687615
32789359
34478430
29608226
33038940
12117341
16403228
42759861
35512279
6966276
7881273
41248211
30902834
32459364
19812165
23890991
29719015
31745727
22589518
28740510
13308188
32203764
28517590
34985152
25053165
36798654
42291286
924468
24195190
42046851
1447676
13782799
28051944
10747960
20516395
22392154
17587201
27935960
16149339
7849229
18690593
19408346
25621009
-294231
22124226
31823628
32739686
6544353
10600529
43175952
35672945
18931875
33205522
36903894
18325782
39322244
2595733
39428212
18866785
19992108
6186151
20297172
6773218
28445378
4221566
34330390
11887300
2419575
5289238
29625713
14416826
-703318
2711546
34147153
10340431
30493991
3754497
8364225
2814232
42584608
8864798
23196682
17071744
33198219
15807304
27722166
21734087
33022796
26633162
16641271
5892747
24060864
17803872
17678527
11127048
41329344
33314999
31119847
5162161
26330961
30745826
474652
34898686
6811860
31996639
-204281
43262108
8973116
36977572
10245510
3462599
-39378
43414180
24641063
20724903
26235143
37560988
27383567
41117981
39553655
4787943
32619894
33039778
21948484
2998101
37299535
27833390
12221635
28020025
21724705
30940887
32884327
16082908
16577663
3865529
28423490
40145374
10951141
-16883
42242114
17982664
24937326
21398986
22255664
3994826
3421166
39528813
18461789
41190530
8467187
6807021
9662287
36032025
6586445
21384922
17864042
38323629
767976
22896601
10930079
5276715
20095341
6520129
40338920
30470261
3910113
38877350
35798486
19357163
21064953
29699373
24694336
18352628
9616428
29957528
23691059
26577831
15182343
3318726
1110971
4594723
22136865
32356684
11019218
17726413
5393614
34256363
27265662
42341335
43413099
23037881
12995674
32530476
12848313
5697224
8894848
5513662
20614283
10493099
3588883
15001404
42982045
21819450
19415845
42871608
13970944
1951505
26277374
20089315
30978925
24392916
9314107
36786950
28481473
31790335
2307479
21935500
7876259
33338487
15157009
32776499
15107736
36445854
28250177
28499902
12877199
24695270
17739336
35930053
26043479
32939739
10268328
13665790
19042642
5551097
28594722
14371151
38905264
34703642
8486817
17401662
30528857
22237622
9543983
14229999
18075783
23623515
32196575
-876890
34041449
1353023
34482800
37505886
2074712
37078823
41134539
12047428
38221684
33442576
38919531
12771808
38038995
2656644
-789566
22002015
10947904
2735371
22687352
28365038
40008475
38921228
29505957
31406433
27939303
31634742
15421009
38258117
6300249
30210096
24829897
20310738
24624436
23745667
21296851
70078
39570732
43230364
41241172
13154521
1088629
13502766
34533612
1596454
6468868
6686018
36372099
37832575
36902943
24518762
12349453
42593845
43098363
33196448
16003027
38318746
32726002
34680750
26057824
16678625
39807476
40958611
33392722
7082138
8164074
37742623
30704480
14552372
8985724
18871967
21168528
24988023
27822307
596528
4017365
5400748
40197375
9731279
1389401
39269685
24434886
9536707
591212
601853
21005869
41936489
-262387
28055711
35254332
37004907
36869073
1620735
14650411
2261075
27140674
26387072
29058675
34262749
22916683
29609457
32993598
16704452
7614723
28742408
10247229
10963473
27226433
6079204
4285263
22183269
27237703
14152043
5053267
10846871
15499681
20437834
13597585
31938155
1585138
32425111
7923014
18197125
31406720
23942278
42273609
19196786
27707941
27235333
30240887
38330036
14383672
39064051
10829992
35161046
22603735
15414928
37791550
7876865
-192689
21319729
7555530
10503315
12950928
32421385
23489123
24717519
28396726
785265
9083120
36945100
39796677
33524766
4478319
39729576
2106180
20716098
19800333
-647501
178631
17934158
42321647
2858004
23420936
3556865
-24019
16611507
33940489
34114831
35426035
15784980
20810788
40777549
34854968
2736416
5960042
33571430
10193159
25439731
31772512
29220525
25145196
22270200
24829064
21762193
26210054
17895309
15194293
11465315
20759557
8678247
4914637
10737518
25956415
306658
40192557
6694677
23982376
19530048
29808519
35834040
40214307
2915222
11468664
40134129
925601
37340411
1635260
17178204
33759479
16697573
25630435
27954785
3123072
18435130
8285185
21924638
8883668
19062139
31200598
10317015
10247085
584210
29312520
15276061
29170762
28321759
6701934
34109481
15510674
20100607
17673048
3327784
35441321
16377972
21951564
12615494
16623367
21735514
15106105
37139750
22387731
28769526
27280853
37303535
10063843
22025944
-457742
26257219
9387718
26158986
32107855
-290057
33337620
41950582
42712520
24668242
23354804
19720668
38032811
26729199
29286311
30414861
21645282
8535980
33362340
29713964
7492577
-853913
42509605
12612777
37032281
3085529
230404
26958395
16723415
3290868
32934854
25740528
31432929
15260306
16827220
27434614
41080195
32063800
6258101
15143561
9951410
21049348
26775462
14747031
31777505
-809794
37895480
25633768
33482927
26735460
1243664
6945115
36621176
26368319
21092574
15244193
42710998
18504349
14256056
19999892
16092824
31646092
37038321
20916381
825118
21161390
15756154
-251031
24225204
5817148
28542158
-341550
2608305
3296647
14968569
12797029
5722401
39489193
9980919
42266150
13914693
14776809
9102976
7859440
27616769
34416618
33570661
18843289
668137
10665907
34957480
7609781
9630978
36701962
8998196
34579638
18515694
30703374
30521060
1801728
34172282
28241800
32389253
9705249
6021581
132871
6413899
37448769
-14136
37113920
41566327
9212263
12629338
11036101
11006275
28857426
5765080
32906038
8070811
31115207
19227192
24701348
36359045
20749951
2961649
9578019
2445239
1150620
13788272
27392674
13191818
15398927
7423437
31155939
25580301
17654969
19222530
5334744
15291753
487472
35745310
5799524
5379746
16346117
16828715
28952369
36496697
30970089
4018776
1204823
-153995
20943844
31936929
31448869
11970293
32476716
37377175
19759163
39424040
40418879
14639182
14954555
2872591
31131716
13042550
2431567
41706781
31058699
31531978
3351359
32842764
40037150
35493923
3816739
32402469
7699372
311843
41364016
25298228
32468201
37581454
38051033
24928761
8998474
9684422
13789195
1849276
1852606
43032699
14599241
2721824
19886635
17396847
-87287
36311648
21635148
34853207
33024448
28826656
30747213
19794753
23402912
13198595
3487480
22462148
37817286
665012
821216
36297989
22263560
7511886
23059626
42411679
43434571
12949475
38904010
10603833
23670199
25027574
4603406
21531851
15580226
31642544
12823940
23149712
655587
23121247
30357134
12543015
30144678
38297417
2915576
41514217
33563915
8440278
26565991
11283754
1431324
2357421
40392525
13290615
22199042
24654894
3818806
1366131
39182100
4255658
17623928
13152826
7223003
4731576
31443485
9063490
42704445
32747376
16231072
29281194
26115432
41903924
21092905
42819233
18192619
11303919
11157833
2497478
8670753
40744891
2431913
3206379
41278490
12271799
41531996
31244909
10594088
1657869
7926759
31982595
4145606
24549498
19781598
9383129
13594590
18482728
35326070
39003374
11489902
15313014
8518190
29794914
38618699
20765275
22656365
3141776
39632472
5641410
13626725
43365213
31148753
30737490
29623800
39481593
-841161
4450997
18151808
34384459
28893763
20639987
-918936
30263445
7216724
13342740
35590876
19528149
13146750
25079248
3327170
1672852
28725624
40523975
29881589
33646333
29028093
33341151
283136
29430136
38730468
18582041
-846944
2163728
18649396
12299720
29202332
26855348
31728815
2040464
21735075
11137919
882003
6919908
7738396
13164449
9742930
11082650
11603410
9662202
39260467
38633416
5515100
18411351
36591943
31649462
16449222
23363375
19067205
22797740
43176818
16474564
33745049
24086851
26432526
9666734
36135177
33904237
27281721
25032937
40102448
22121766
8456313
39730516
24595595
17985414
16775469
32913127
1800535
24328642
3723771
33763356
43431113
31349212
43140724
31121054
43135003
17140989
31124550
19036348
37984292
9014765
11015388
19270046
6024292
10797139
1892690
42312947
41353254
3793646
12252300
32574706
17418377
2018852
36168223
766589
26079267
31577097
33819204
7756722
15065890
636805
13805630
30931645
41781494
24099872
10011656
22640408
33548029
23299933
1141673
25152700
28843135
39107713
12120767
5776721
26536963
14940450
16408644
43407978
16402679
34220987
23398958
4775824
24564933
12056723
40821872
35720453
20480219
23631151
24655340
27625642
41537926
27860301
42454536
32851585
7856418
17781355
21465510
14527923
25102630
29093768
33404424
5782217
37692052
15091108
16433545
15355485
5033508
30849791
5495886
17536356
2078781
15125962
12085037
28437898
18873483
26425799
41228263
19929923
39207485
20670548
36799953
27166108
13110525
19959572
10346595
35923947
34173098
28840899
29514204
9866567
8350529
5751029
10670260
39032399
12628327
37002798
33274458
26767255
33253439
32957060
11079726
22868216
12698010
16334895
4733372
13604894
14585331
32779131
34619922
9897690
26382513
19230406
41123804
23991084
28076578
16938558
411792
3936185
41655253
41037179
16541033
27035990
-560809
721985
28372035
30085555
7173267
35729619
34369447
166239
28685944
33339074
20430996
31280144
271035
28493329
10828501
603273
28804495
22090795
11102247
10368722
1306544
39435397
39691641
3847169
-21885
15186809
8046524
42717056
5817499
40429645
37382392
42090123
17836492
26871258
24916728
32560618
27604757
29108970
12804411
42786505
20031688
25807289
43372556
42626633
3163690
17155996
8425832
25491529
1527382
42075878
15955195
8486994
17217053
23673515
2722456
10508371
36928107
34688320
25417280
38672522
8208159
14393905
20501117
16047558
2480906
3943858
9319365
35211275
21881158
27359314
34535471
11669153
27952114
35290586
20752556
39851138
34019267
36417350
41282062
8584630
-726332
39093715
34121565
39535214
14872659
32006990
6519883
22225197
37858342
10023786
28588283
21911954
22093076
40634633
17083159
5724309
40849645
7997293
26904890
25846954
23650044
43242571
36825625
27139742
17384806
10133469
10964912
-456128
42411112
38192178
32531852
38419499
40479602
37155603
22798004
13070465
12874600
3979027
31864102
1353727
38188523
42575598
28761218
25969921
33494611
22653099
43358246
6189327
15883955
552594
22851652
23229832
1096933
6163835
36742790
20054534
36244443
32092413
14547851
1459416
27774136
6852464
4280420
15355316
5406559
35652099
1055196
8732860
19384073
27781017
13521399
-791522
10858999
31572352
17564497
27319810
36529974
42897416
42279818
13769047
40220157
41550340
34241061
9817392
22703074
37454154
21320857
11423751
32196445
33794051
14145750
7399389
6839058
32988954
38983729
18270792
1019495
9117088
39751112
19649163
33778598
23154302
35736801
-9970
35560743
20573255
-907355
7760587
30218497
27118307
27537500
526812
8107807
2937241
20009256
5901385
7085250
26109862
-1958
21232989
32455643
22814323
2091874
30564426
32000126
41119848
26902927
20530808
30700109
34061121
35342382
2378481
5544296
15948149
41939398
27525549
39176571
18963631
14452238
13291638
4826914
35128772
32296999
24902270
17026520
-773467
27051953
37507095
9701561
42301049
37816870
42172338
32221291
41061538
38635317
34436045
8914248
3893684
5547010
14355782
22540256
36913353
34513293
20900932
14345817
26222147
1212776
35651150
965139
31324283
18075812
3860002
29043988
15388067
24485572
36553226
12550874
15141889
11527070
18134968
7737672
10904401
20495419
41541112
35359273
11908530
14738585
25855680
40549862
12562138
9830140
23468551
17512650
21811500
5518654
30609368
9083488
-363753
10402434
35312867
24881333
3012609
33564327
24078594
5891340
28193762
21336263
2094904
13708337
6050787
4909548
16401345
24962474
8440836
2249792
25651351
24976628
7936507
12853345
40560469
-214926
29556353
14581573
29888740
42775225
9627637
18881466
8456428
-656578
31538107
9298395
38829362
24193934
6045446
25206354
12854990
20788368
20331250
17637906
16943341
9114318
37115791
17776371
25653975
15025251
7865933
4207540
5674807
15794337
12098643
20336519
16189688
32507977
25517635
20922274
22970666
42375039
24389465
30607983
16776527
42219499
17728803
-936501
33626476
37323228
26322418
33482724
41091206
17439090
39021028
43157178
18860775
13110374
21889924
42496468
29567337
38947023
28544492
15080954
21065189
-451629
43345515
15014100
-35065
6908028
13021190
35907950
33890498
21154561
3106196
16465201
35215758
32543855
13950779
38552699
3496682
41252849
41830072
25002317
26134544
-560315
16766067
22155560
37289863
9001564
31611053
22796486
19489888
921480
5586991
7943231
18413866
435482
26323971
25213732
25008740
10622011
7805850
12951369
37166666
25565561
40885189
38469758
11913406
14198922
17588869
42864597
19727785
33459891
13328180
9652904
16214888
4016595
35824904
36064169
-595722
25022819
16221200
40127220
7790783
15676122
24935439
9540340
36852484
3468526
7245317
13698121
40615969
36039494
5133048
41778786
42274066
19391868
338557
5129424
26275760
42134294
14357621
24712384
666247
13972271
13573568
42903252
37846819
7364603
34476075
23274780
20398928
19360472
40586288
13033687
39544345
10164031
7924943
7388039
42418282
18594921
40733807
6856733
32620450
31979591
29093637
18957261
15011749
30826641
26117472
15881414
12575617
-368633
23853947
31150883
23352035
8644010
38482873
21564131
22268598
36686025
26424007
41397762
12424532
19475723
37624477
32151507
41454640
1878765
31804286
997146
27271184
5944064
27540330
42117247
3588413
29527144
12757490
2768184
-504354
12198415
15185358
14997167
4192684
6874660
8709697
12203420
32747451
8153352
7486997
10267076
9286903
28873471
11636721
36200570
29755907
43254840
17718980
29279808
22000086
22402893
2197633
17511115
9385265
1374925
30199834
32704660
21253390
26621375
23965649
31672788
43119346
32483727
41838291
38339375
25890328
13169184
29098946
42238520
2245867
9899808
20884295
5049096
9500342
14356774
27458194
27445098
34385642
13700600
30051683
13283446
35877355
18219338
24522670
39926549
26009330
499661
34850492
6396923
14697707
29456679
26547640
-784694
18219116
36777454
35496296
20071589
38549024
2098350
8953714
26365257
21283270
19093647
41768827
40123693
40131056
2312
26967548
11563557
18401584
39079458
35538077
22736497
23403873
11588245
4787856
8796171
20525264
8948894
23306625
12313338
2357820
37073551
35882621
11041518
14403010
27533799
14819162
38219112
3127065
11749313
25429412
11598234
21202306
1718628
11102261
24297679
-989309
20428183
12306874
37641531
16071550
22693002
41410089
11767681
27206972
3317727
-322114
17835435
7584406
38172690
22240838
19266497
37534783
18640021
14113492
18970913
2477806
15036481
14252354
40033431
40202113
35217765
10267242
22989968
7193111
3052401
31172352
6902198
30212670
33961566
9162424
21174670
3093693
13657786
10581709
1723761
603394
508439
37853046
7449072
14128156
15874240
11543316
5008684
21295501
19667321
2715753
36160898
15955363
37707272
3759561
20223892
20150962
28605928
11520734
23436337
17944195
10046014
34214959
36154855
16786225
1226252
28080603
14863365
41124575
27757630
28369344
4869507
4064178
19328450
13379873
10492115
31289624
3976089
-886414
3201568
23457467
40146883
43305139
22315548
-595193
22295659
11830959
28726196
34029644
29080233
-942972
10310060
21401325
36424402
19403321
36758932
20499509
7938088
12150658
28018022
13564923
5545547
2795799
32499877
31602210
22673067
5918271
32029486
41102726
-623247
27137517
37656463
19973093
25760008
27675027
20734969
36027763
12976841
-844248
42967051
3740079
9435644
13010534
26092654
29801319
36385327
721715
5150247
27015699
16654187
10198393
39615978
35198754
16728462
15914847
36918935
18214003
25403711
41480501
42090712
32722371
19161351
24759022
35847656
1896060
29102649
13094072
40928430
22487033
15496414
24570578
812233
18357422
35287690
7760056
20965830
6335046
13831941
2934449
40093604
35837447
12224031
11221083
-323578
43230329
24814653
14551274
17251732
25083317
26384281
40996779
40255296
29001406
40086165
20432293
-7361
18745667
10284304
7390877
313863
12520527
28262334
6190303
10805346
36402504
1215223
11349009
5049335
2319849
686843
18760040
19480713
6577043
12922051
37137176
7055311
25615457
26261450
24488229
23830066
11248667
30620819
14347520
18317078
2038337
24582421
5380094
48299
31709887
14863485
39299552
26768147
31085169
28903284
12560486
335737
31443692
32030855
12025116
34378042
5831726
24112043
38236583
4920470
12765152
114255
-54341
32735728
25824499
9868997
31577450
42103714
39671587
34732738
11973907
8546216
25150360
35048932
26702274
5862810
24820460
21816769
40250833
40274757
8237454
4255219
1210981
677211
14119787
11471896
23622798
22764498
9588887
17023869
13157832
32832082
23887611
22105021
3168123
36042291
