10558880
27267853
13286196
28552863
31776463
39208677
2701169
32686998
15691329
5441051
9673409
1995153
35064380
31459692
27334165
22691305
12652486
30536317
41321389
25485968
10594630
4480216
13396130
37732030
14857154
40319286
35447558
39344790
18684870
23715283
23407392
7025184
22612720
25599380
5939270
6346477
28136020
27470349
14918986
24029167
22925168
27700404
36313229
31135232
7062730
24654415
42467982
2541864
7048396
40853186
11427223
40509854
5140045
9320724
4353480
1757653
22185581
15616179
4307784
10987508
19099934
24989520
24191520
-148940
43480371
3891193
813557
11795905
4382626
26105672
37994809
7379015
9334034
8524190
10706480
42305707
18263817
-589211
5036644
4554136
7186158
32569497
36416471
28381956
12849666
19705883
5508353
19915423
25671516
18746767
989943
15837806
21953389
41921576
35345583
29971981
-114931
4840377
19909137
35016823
26730652
5844950
36974633
35504894
6210960
6868765
31962601
25714711
41848770
32771730
40567514
33421495
33740630
34704723
40300164
42400817
16406779
37170033
4440202
32766583
12819986
7432987
7578155
25693816
4714152
20146282
19641513
21687889
12022935
10373414
3867954
5869676
40024280
39137189
10791356
34611477
1235627
9782811
5516079
38419200
40006514
13582726
4002995
22516598
48376
13603574
36174604
25986824
19002843
26414722
14885442
-838580
37114564
10655382
-990980
38710263
17596945
24860061
31980186
887514
16100011
37114509
11621998
35674470
20027059
11030042
3474704
28924274
38339768
26559621
29559834
18003093
18439134
20180110
8413657
13513279
32241062
40447358
35833891
9227913
43001077
2563313
2702549
10519523
17868846
-339514
5126940
2699650
25424923
31958119
6360261
23492119
21978820
927388
42330916
9372695
13260438
32161643
41230674
13046773
6675458
41769085
25920793
4524742
502105
31527742
29314917
27640771
-33780
23287294
25258750
11358402
34144810
23071989
22506221
37095638
36774547
14734928
13807602
41129314
22566375
30579437
29744698
30392786
34376969
39180669
23937416
21517006
20273334
7242067
16574826
2739622
26824636
21404876
27791554
-482853
33261953
29966850
31817707
5264271
36327748
41550961
12521331
33862003
21717923
35888531
33666701
32551041
1012271
17207881
38235898
12942849
2237246
12252332
6117782
31319939
29003496
28528089
22371338
23411696
30162848
14430465
13088894
15098575
28162628
11404619
5557647
15473578
41884413
-189553
39004654
1797844
12885974
17082466
41340008
40005720
5840720
18884120
3232927
4806841
30758033
22199699
9062099
15017917
22377032
5505579
6004319
19770551
20944627
23848318
31966698
25160478
26082813
12003226
3139899
28650055
43086846
12063083
22965299
10741135
19271005
29999883
22022384
21305425
39250957
35208265
38209445
31074879
37271715
28419325
8312307
32322828
430222
4130955
14475878
37368528
42304799
12330064
491532
8128025
12850025
40322430
12872506
9378682
38977870
11288265
7645248
13095709
11237068
33121479
39838054
33764437
38756778
16159050
20483679
12757681
5458593
12273431
28434587
11545491
5625648
3743456
17633386
9014014
41980034
11689502
30566983
21321138
9389303
36761326
10878577
7404628
34678862
8222517
40971852
39708264
9472195
11897778
6175116
748961
6243760
8387240
17672500
30927821
1547678
26124088
1339278
26677378
41786371
30662328
7080493
15084019
28338896
3750834
26683433
36598737
18362079
19506805
37723618
-29923
20877557
19247593
4575603
14581468
15382333
12533260
39015973
24743570
23290824
19362435
38011610
13363506
20901548
27330313
11805852
38113446
26745466
31418852
27314
29384529
42506424
6452484
2060102
7672628
31876600
18206932
8261396
-646085
43525661
-763227
21627645
22956316
33713343
16218281
30526307
-349356
15237006
36949390
38614344
8493566
14827339
21678188
1278605
24596114
31642041
2108747
34053591
-538505
18054650
25030114
26398018
4592005
37549800
12712982
42884196
41765829
40357223
11415085
20580142
28787746
23762591
1258159
10640396
42968701
-902693
37131122
42171917
41557531
28727301
24280216
5076495
35324267
40934398
17178504
7082828
20969412
28368431
39790443
35935435
24811554
37718102
10892036
17932430
15455891
28581838
39898979
20742161
9853472
2879527
2931726
29603213
37236079
19430350
15160332
42528144
42224587
20371432
17033726
12939997
26233609
11718788
4715959
16658951
27436332
35786047
2388399
34459402
19571439
8232647
3331399
37597136
34846334
2573050
8055861
5710106
14175723
28178420
7164466
27387502
10821968
9572667
40578762
32964225
29331837
35250063
20493459
7281166
15286113
40430343
41813712
14584153
32163289
33268320
20241347
33933475
9179328
9757644
21681849
9583812
39930209
36826955
15783225
34839380
22085061
33398897
40580108
12856049
41276133
38426468
33251564
27588530
5306866
8741493
10737376
41546990
28533267
34104976
41441300
33834641
39335941
27725258
14855776
33461285
3938346
37633288
11367520
24000902
13083251
38205895
25216544
41573933
6702974
21078642
-642736
16690559
38404960
23246979
41467824
27058918
18635792
42745972
40943302
38013538
2877959
14581042
15851241
42758550
31186421
1196319
43491635
10142452
39279677
42942864
37971349
6604982
42591283
5847836
5498904
19082126
36474113
37157453
11570751
988903
-785974
26610585
25445432
36473693
10862113
8773292
12824136
21285270
1675883
-353166
13599993
41046898
40497185
27602782
31325683
21311117
37769462
20809991
18603739
696131
31294177
37764153
37726884
11669671
10782215
19268942
9847187
32543986
34274095
35491558
21681583
31886955
4306399
35605171
20137658
18653883
7602585
23427412
42943846
38723258
12575558
-706659
10826141
17777752
7108704
2642090
4090196
33643009
30476511
13215886
36080869
38906120
20942451
17567941
15586696
7632409
25355949
10706703
27485506
34782295
8365492
16660558
37733251
41335568
39849958
27918563
34909342
8164180
32611393
6348469
35697755
15908513
5547
479544
39864610
22729179
14624463
29413204
38662827
13469384
18305980
27299020
24735504
2979563
17217580
19022464
39731765
37022000
9473538
13482983
1071204
-11056
17803818
27747188
22343453
7685801
851362
29682100
4094023
23238830
19986013
1223062
27310407
39927669
30229703
29631431
31227931
3777854
42659358
36572437
4774886
34361084
35256861
40426933
23746804
32443309
18673023
40770822
17083265
31019237
38588553
30080942
37307190
29549892
19471199
24588023
25551607
23117406
15224053
35895291
11577936
3073478
25385992
32661190
37821894
12235474
5850567
17034006
24310445
16137877
-359308
5732577
12659816
21992433
1467173
31947145
26511089
3614592
21367219
22503261
12516853
7870169
30150035
43107980
43257488
39231350
11894584
2040223
4357508
10555477
-59620
42598958
4917019
31314477
2390712
31750184
29501993
28028393
29538277
42725289
6853425
10773345
29120965
3017056
28278064
37325832
35962228
27028087
25479431
33368553
39500422
8457043
8018977
14384726
16057420
12870138
30757927
39064560
31113383
11653827
37310672
5122371
3990792
11836496
14243564
9900638
33558369
4678257
35367648
42259297
15981490
765218
782995
37075947
13400342
32501327
13224409
18637666
26898407
14781077
14290279
32059538
5552174
29265619
24049548
8573693
21679851
17955379
35248728
33557102
24105667
25149996
26175840
2119286
20681563
28925455
16556424
32260792
16933349
22978233
25163854
34006659
36283682
11587160
6581636
-806214
36389980
28852302
29666433
26940830
20372259
33515578
32673297
9233987
5424733
10427673
14251774
12215875
13877808
10933768
34842013
20461718
23915859
38070958
26377726
13084436
8464164
22129957
-848096
8649015
26431150
32563483
4136911
16915491
43131233
21843506
28427740
27281531
2149237
5781354
35400040
30043206
5190300
21279933
23628673
3010610
13371269
25274860
12060029
2787998
12065217
3368801
27401140
965549
14470461
40210132
6388579
19027806
9011372
13910854
-214199
24022601
21890517
13901313
34936455
3501549
10371582
12130622
31021733
-170914
27793018
16606100
39460163
32873766
21679381
23955618
13884446
36095380
7324920
41159424
24087955
34338973
29397654
23799613
5427337
43007789
10689607
24112925
6329846
35056305
14188522
1586265
10438967
33286271
36892207
25511591
36300362
39365579
17313907
17110508
6035921
29962328
6135099
7013151
34530898
35251999
35489119
906948
38013356
20585114
26206659
-967998
41823893
545216
4892359
34373839
13000328
42847438
29158138
14645426
-655824
2092626
11252218
8011963
9693554
14512723
28524627
4552999
21530926
16986199
40489579
26057546
19892658
22715743
34745845
16927742
36029503
21782338
1396697
-488982
29484788
13689245
4322577
4670280
20928731
14566222
9532283
32941774
22416069
33661341
30073739
41277050
18070231
34040767
20293595
41237456
35025410
5890360
12324402
5146109
486317
24490742
26415694
14914442
12722539
28228496
31518372
16569485
33374453
6060710
22411626
16089337
27172651
35760887
24980274
6941165
36040041
29866783
35598316
30637440
18157523
4223015
10488266
22583707
26506963
3898607
18729793
10181149
23258681
4122475
12202398
22529431
8766819
10114600
42450968
14192160
21519657
3501596
10491205
14463460
40035671
-754792
27807531
3674963
9611320
26684699
12688691
3105061
6825444
30477303
36878742
4708641
19479709
27784705
19586985
41815107
9849495
31197547
41170435
34631748
16476186
940427
29120678
7914643
36636629
3484085
32137224
4503187
31106349
24446417
35486845
37659081
13638496
18863012
25495752
2429384
12843254
37855231
21644138
12272810
31338140
7183368
19693426
13687017
22476724
23571975
11976277
39638314
34981674
3462114
16860719
21366289
25530829
5190771
28805246
42130567
189158
37539132
24365355
10884324
31385576
32528402
12070493
13812059
32883969
14211640
1088018
7384680
1379791
7681589
36361324
10561967
38426402
34905621
29700863
19209749
2932852
6234412
24727983
15287387
28739916
27820608
17547257
3869892
37240135
753091
5486214
27008404
19331039
25515283
36215672
6427598
10436734
23706583
36371246
32568057
39159159
22007556
29064620
12650681
14884609
37513774
19266533
34137771
18042588
17269231
5798230
22378189
20624454
37794797
5669595
25609817
23962637
7377170
40087006
41434373
38045002
6843889
31965386
5808064
43218110
22959011
36305031
9050214
11666422
4344634
3671081
33722038
40213209
12014104
36148978
43137609
379835
31271752
23506250
12710568
12498328
12895182
25036595
23895179
27574059
4685909
34722233
3408432
19435530
27623112
19305527
26133449
27810095
11632002
15710084
34673578
12312021
24999223
42453296
37006251
2442351
11389971
7681936
12593022
2299129
38356676
21289986
26701157
40531552
13560004
4593833
42357209
31218305
4403568
18631223
4554028
19852310
13573476
39611917
15957577
32723208
40896697
34337128
41688905
16166082
13068812
20359889
3126923
717311
42737399
34930082
31558048
26379226
29231793
16392750
32554626
33821919
2018076
28335433
31785744
35260168
36216990
11675206
23191344
9499475
30870515
30780645
41858672
27157142
15857259
37707043
31166249
41188880
28511089
14662179
36444228
41279870
28942089
15440796
42889842
42637713
6636506
24971040
12616420
19392684
32047444
13249104
30900615
25909522
888854
7488098
523577
11070847
6456598
6705768
15829222
40080712
16168654
24817192
14267601
22277207
41961023
14986210
29738709
26682554
21280470
33068032
41503763
7318131
2700741
7531660
29037898
16074471
8606936
7638593
32624752
13460488
23741582
34368573
28851270
32420323
6090627
23781867
23041373
11093581
9610823
6250139
31227920
6348849
23709358
22591009
5278406
22491947
-153098
14640259
5014164
41579666
31586388
2648946
22278448
9919849
17290241
40678086
41909085
17552561
26382791
41883317
25528097
4845939
36861415
27868379
22917010
14816585
17360545
43149084
16570678
32077515
12104879
10431920
17722504
18031902
36526063
42144932
23285290
23449841
14743696
25598335
41335812
33329610
6929721
27084223
21225740
32683502
32524684
27843376
27713847
9168415
7293902
3303924
7290971
21114614
20391892
29764091
-286714
22901430
19648793
13192890
36884883
9768599
33708979
39906797
25948237
19983438
15741767
33563068
20238687
35169394
-318685
3174545
16171860
17781307
15534229
19255164
5290895
41427239
12908965
31390195
35427213
34035203
28991118
15182343
17090457
32699983
36225087
23746460
36787019
30494926
946577
13607118
4909384
36929228
2641391
42347730
13716496
24069625
736156
4060403
41899679
16172410
22455058
30940236
14981465
15740462
3636229
8326779
12909708
30665554
21696070
15711438
27110810
21303568
302167
38343999
15745498
9473255
41148632
20961705
-592700
26604634
19578696
31579663
5323094
18768808
39208142
42214740
37379529
7661628
33295896
39661350
5714819
24815329
7825722
27030308
10570751
6671725
27648554
6748704
19098052
31342161
25445769
34958944
29095621
20771674
29322712
15177348
21315816
33155470
24772824
25177344
5990889
2121084
26268215
14826025
9758144
551682
808157
9428794
42966452
31454417
30142992
21349702
3719614
25166334
41107849
2721123
12396438
5350522
20761236
4799241
33361396
14073376
16438904
13756784
17763212
3832351
42237435
37580967
13021171
34511793
33767739
25042600
29915436
35327504
1306550
18365762
37173950
24331926
41654347
32743068
36226643
11322281
13090842
8652056
2086294
38123841
27990004
15725701
32222444
709723
21796592
26377073
30683090
27403519
33632770
14356389
19145347
32805627
40107807
2499862
13632569
29606448
6593927
5544887
12504782
4565627
23142141
36535566
252712
411692
35283994
19106912
19596634
33275658
-631798
9525366
27890391
32452181
6472829
21001814
42990377
26866005
5358296
32001299
3881536
12678792
33166859
13453481
36168696
10550884
24992294
12279629
3861902
23902538
36218345
18092781
28947048
34977030
3634206
29244313
36745848
19000339
20579618
12229203
-209264
20875591
29406462
11015210
16856166
41270901
40274175
16154460
27203258
34504086
32665811
9593790
13900969
31595192
35697508
42289343
29895594
6299831
37147918
9514496
23622905
30084826
11381008
6894445
24487414
25842765
38948530
30199806
13396378
23908316
26741389
1688320
25885536
10268683
18469
22557826
8262939
9299947
32738880
32129263
11550490
9139626
7595426
21578173
32034475
42244508
17592081
13646590
25946074
18284669
5700989
29613203
1459081
18352665
-149641
30067751
16960790
32844478
13751038
40014082
42724925
23883552
9484454
1215712
2092848
24360022
23340132
2058114
5116632
14569138
9558490
783902
30627298
33211291
40492962
10048940
30967134
22718353
18444103
24075827
39269267
1897408
28195373
15894273
15423390
25129311
4688561
29694557
13032503
9690610
24817535
19421458
25892644
6554523
36907417
37680149
21869640
38388743
34113462
42280810
14362287
3889959
28009723
24170521
21665721
23204651
43306464
35701056
36365192
41753693
777901
6400701
20061889
22402410
7872472
15670738
9547003
24161495
13541728
7040544
26256378
30947271
16613313
5860329
24630056
19659757
34109656
28948331
27050228
29312389
21075020
2742661
341319
1591819
34015929
38533186
26872741
9311825
21125132
23765122
26767694
22013191
18733223
22699431
42586285
4698839
36350159
32589977
12438631
32862985
14507324
-303646
40394155
4685747
38136819
34368258
17297772
37171017
16973818
1998317
5032067
32636438
23945052
1164866
8020397
11000947
25834589
29687710
30952939
11829432
19290989
11857604
1642564
2124596
9422372
17133805
28908652
40427674
20245575
-879558
13404845
29132213
19340436
4298391
37134125
7630316
33264962
20507182
823366
34786201
1084182
21159214
39768058
24767211
10085086
8163504
23945999
17733404
11220445
11559094
29266590
-811967
42240850
36394088
-492045
38162572
15002665
26749709
26812252
35293404
33884007
39501375
35400051
32862867
27629116
27513792
28704682
36139265
8648585
17581071
15006061
20372751
12792767
-143081
23890158
26802590
20395137
34050079
27657789
15997302
23726477
906941
25745658
15286590
8715540
18491067
2548569
38250752
14317132
4600210
11806424
10527705
17107350
34569629
8587313
21009449
16899253
7455956
41464673
31701001
3323393
1970203
10695995
33493772
30902760
36186913
37175336
39860384
33573278
16572139
39522826
3303907
11329452
8794789
36568057
6107075
26495842
8407426
-1484
28727174
29688714
20894369
36237134
27510707
17562168
34302675
40598176
17149007
27262887
39218638
38026989
5048323
39851701
42563121
34200333
39032277
17960867
15984257
15435048
1391303
1204215
1473201
18109621
15747903
16723840
18358712
25845103
20026139
264741
14109345
27092316
11341938
32814324
37148013
27865602
-440875
3240585
19800727
34582899
27686028
29609089
23144866
71289
34146923
7965154
36366087
27155829
25522244
22610441
697426
58866
24847926
26016529
36585100
9622054
-611433
34841598
17456524
-975755
27882612
7449522
42643065
25189218
2064900
27620378
17736126
29044833
30172287
35230471
14799369
39050560
15984609
27811108
6484476
13894411
31207878
16484901
23071758
35741411
-99765
13750856
36483245
26651278
33899939
34486946
-385066
36436271
35240228
14081190
14125111
22337702
1227907
2962906
40613521
29781899
41082160
2399908
19665642
9461062
16945509
33271725
12305453
9344653
42562457
212919
842052
7847788
23546539
28531075
43147838
31794151
27030798
13177010
2556724
10122238
24234299
19369354
2248919
31951690
31370699
37392198
8112289
20708575
11184717
22380397
16946668
10453014
22779816
10498563
40166125
196976
14548455
31061600
40489907
15504833
20079554
38327215
29818244
21644738
3064185
24085718
17098438
21563222
2984295
9925816
32487638
35596140
30113714
6363787
8501791
18148906
30168608
29464923
5488457
41274032
36442031
33952403
28008272
15907248
23968527
37261812
41418734
18617157
36000768
38026522
18055107
12327636
18224453
16489169
36913508
29119895
18557297
28214539
15178879
43251986
18054686
30750236
31389533
39768460
789800
5683589
29590796
4083652
7249746
3663705
37934491
21643247
39407733
10323122
42088217
21827988
25973307
3761203
28356422
31249419
5379029
25734124
29933000
13392646
23483113
5188024
30487817
11905052
7694560
18858521
5365606
24680556
25633775
36389628
31133194
29410522
3993209
29529930
36480327
37042933
21870616
41954016
29496145
5081819
19346321
32183563
13790684
12976672
19015471
1335989
21248903
20905949
36199409
12152396
42582710
17873241
23056228
31654242
21225495
1605284
14553841
43329198
7397202
15106237
35490427
25238869
18156599
5432021
34876360
29649531
16917952
36159561
39675738
19715650
32169231
42020944
11439951
38923066
5711731
26727578
30014468
38085731
8204575
35453400
38806123
34006523
30256832
12059682
12901327
30713442
9614512
34589502
4511624
8082020
18905543
18892340
6143135
8087785
29992285
1777281
24877468
968624
17835950
38324942
36741246
37803733
22247824
14496354
23308510
38500919
28405387
1170095
26464039
29076273
6424930
8060657
11581215
40956346
32608211
25187493
12217539
8333572
24374891
29779502
6015857
1749459
38254124
4939273
16433573
26628952
38778690
37955222
6880341
19563960
17641802
14328003
-394168
17697988
6062892
41920566
31456257
7204005
37611294
19952969
12860905
31252202
13714629
7442368
8555041
10201440
30179805
42919155
2236178
22401142
24001416
8373362
33841412
10098580
6745865
4401939
16203157
6329607
8728870
39057317
-680699
8643490
41782640
-68600
14950805
9618767
17472651
34841813
37746644
17132860
9410209
28209446
34497528
20542824
13591586
17467211
36495239
9542528
11946566
7094576
30685065
43495313
27222926
25963459
25445156
2863780
15604982
38452980
3437990
35240863
22049565
22451206
29148664
31326016
17479203
39025376
21043673
18720102
18050668
37311736
43306288
6946212
11634264
31828256
38591227
13071537
16440933
9762830
24609900
11901457
38930645
23903856
6993876
2949012
32223803
33804027
26731711
15621346
42002961
5539327
23868542
24152308
41570208
23488248
34006233
21429583
10045932
20584684
39046162
21058316
29975438
8593644
8688140
11363273
-60394
35824317
31477580
39540850
25076986
17231602
33310990
19788724
36966342
25081793
17725566
34946939
13005069
16864
21428237
20141469
31152970
18553640
42972604
633927
14498014
5589445
38951093
34693112
18631241
19341128
17170506
10302284
21363431
26043092
26222945
25683389
7256801
19218688
24859457
25264442
17049568
25446219
34910
40149796
14459332
12481661
29663924
40237551
22344153
29292749
11363621
2886344
4333805
28832024
21335339
24330213
17554590
6797045
21704980
37432041
4587907
11698067
17163497
507138
4393756
24045706
41883456
23789038
33595631
38370259
4112893
5248569
42405643
11988199
39706654
35483726
2437387
37274073
25252779
26598149
8728772
28533155
12966708
32460807
7618263
14417787
6846876
43089719
41397121
31335531
11249423
14544150
41862677
23431085
270932
36151692
37561181
-556889
10624341
3667338
17787914
42326097
6440105
43395403
33720699
39372625
25950136
17126657
31301435
41599264
12434374
35617089
1853952
26455011
34919090
32075079
15912632
749544
296192
24903458
29994311
30002482
22447155
9857980
17937003
42686143
32624320
38007339
9622858
17934991
37732041
16496659
27419499
-896195
36909922
31679542
4066614
39821074
19443935
37739566
34704701
41502608
22583725
33762791
22330099
7059128
10052965
30691321
12775825
24504521
28065222
13761398
37248359
39699318
12503784
13448934
39686202
31065739
9115624
28923166
13069577
34366766
-916229
33934705
23337920
23923068
5299613
21707532
15870275
-774047
33434797
23927400
2043493
39731097
22627866
42295969
-644345
15194745
34992998
6897961
33826311
36846948
8427751
21814518
33732966
27795008
23020378
3935848
38368892
40469935
42736137
37090297
12942885
40208156
40243113
35484582
33176000
20982569
6827502
6047764
24123625
42997443
30383534
37825075
32979389
18618233
32995822
27441627
18021990
1322228
9051297
37333228
-102620
24187088
18381787
6381531
38956457
24697719
6838756
12458537
40744865
36438913
8773295
35541927
9102431
1743615
20592031
1851025
9258897
-584183
-86008
23733813
23351074
14426139
3913643
36117998
15380289
19441790
454487
11493015
28926406
39606052
6534437
23509834
42760373
41886744
15770230
32334195
11008030
40854742
15871724
30547275
1263825
24326042
20050655
26077093
30940092
25817771
28267147
34622647
42482259
6533817
19475069
37797565
16771977
39477390
4200928
21332929
20784260
17081615
17665740
2943750
5757517
4409398
38368960
43300642
39042217
22867701
13183007
21759894
10754468
9853599
1320108
23532761
12867322
24497904
24280143
15563763
29792845
3346347
31897036
33551730
6933405
14911879
16352163
31802116
31930429
16022748
40566120
30588836
31532495
24302637
32037238
890130
1544313
42788451
34465095
19673244
29387047
14868199
39204997
11693676
33137447
42170053
6906980
34551944
2216311
37395051
4619297
22342221
37895449
6089456
9835758
1147608
29029551
7989154
38483661
7134226
29076843
28853155
24372583
24404773
31955831
23439060
27982978
20072366
28460653
40553144
13557830
39028471
29171717
37458149
17723129
20268331
39193297
18386587
32845009
22984916
20121340
-251108
43090788
13145903
26831031
5436750
9725958
6038941
18596334
1258463
41081502
34688632
5277930
3781919
24087236
39942331
15988486
33140102
36991795
25246615
36763491
34347128
4257530
23889155
23175725
41390959
36079261
35875668
33463903
31937020
34472782
2727738
11237509
22179586
23681365
27369049
5040019
11441933
25009209
3939528
42561777
20664944
13349338
-289201
29675007
16836459
27462410
23724633
28005729
20316902
21366969
35854466
30371105
31744158
27161258
2676500
43093121
8077110
19669953
3857175
3421002
19117258
19146642
15771033
36342210
36988300
42368329
38708976
16596351
23710603
28630035
39760897
25945798
19235363
42721374
34464873
34483438
5230081
20268992
42165638
19781912
24730775
20941646
42562289
27150618
37533072
13843920
5672611
28846278
31625572
23335944
4292791
29392816
9057161
26742907
8080284
25429815
39156988
29573279
2241803
932773
36975825
26293927
30051595
5773285
13840726
3403517
875390
2559694
19626827
29966752
3968435
14731608
6387195
30009163
33723224
12037047
12321644
-135623
10864527
16500488
35756250
17695764
9250326
18535018
20115369
7148915
2825055
86553
39798283
16611513
28307440
31926359
9763450
22145015
12022422
23757839
26027646
41376180
41195157
4927769
34953112
2731556
24619270
34873867
10520250
356256
35532679
6744812
30773625
17006327
25228426
9059004
39237928
12743072
-512977
25398549
-764193
9932537
27146628
1592763
6655315
21736476
29594999
1749126
33325825
23612799
9928038
26735247
35962495
27185747
42470900
6788751
43484452
28056188
8244144
16323151
9985655
42776500
28691295
27599817
13879069
6924514
31336064
24548199
13887229
8297703
27862341
4758215
39759156
15173185
28152359
22621979
21881593
26035481
16170025
28083375
27690678
15768898
21238866
33443364
-188770
25668511
32472014
27758056
6414268
9868551
35971944
15750678
38063176
32818174
33199181
8879165
37612915
16817498
27065056
42938847
40652092
15946271
40919717
10365868
26244695
2353311
15436957
11947631
26365233
12887115
41518520
20657382
18027743
12955675
31253895
2958153
41014196
39381571
22560840
3117350
12551578
25439304
3125871
29369386
40914833
32939538
40296747
5032421
902766
1807050
10413614
42975770
1644397
-608840
769346
28696524
5600114
28599776
23418960
7623084
34214166
37878185
7034715
18345364
19007769
19656452
7175784
15485102
40240937
33280622
21943429
36246964
28586965
33951982
36611895
8301635
21747668
3053706
29825596
25811718
36513228
27971402
9937424
2974398
30518607
3797621
7599554
18824316
24008306
6703609
33691987
2601027
2978075
25543156
15347826
31099663
35690735
20093659
5470465
36695724
26036988
30167006
27921986
15685735
40223435
42014962
4097190
21706475
9754196
39992620
26158028
736437
40616118
31873120
25766519
19243507
27895458
18362984
26495313
1700719
39312530
3774793
16842971
23407624
28499676
31236507
35921014
11921891
11965180
5704641
26997472
14718542
23688929
19352491
10145326
42539429
25011471
25387046
9946570
31753821
19199708
430902
37350352
19584998
521822
10115530
24483507
31845074
19560374
8378977
8661281
33995297
33100390
10675156
17618757
31916641
36679461
30264826
32550295
32269213
24460835
34561086
21084984
30261994
5969617
31924485
33569886
14633031
32193922
38787121
20111387
28219796
22535442
26825968
16534734
17457899
28528999
6778988
26912859
37542847
16662562
1339194
17305030
15662529
22779156
26209017
986921
28161884
43382678
42837399
36216006
13330688
41154430
11655571
6311959
9328567
31390622
18113531
7031460
16382906
17071243
13763848
21471662
13106314
1560119
36065361
37853154
15398689
20897319
12121451
29899300
15789082
35199602
43105705
21601816
33542639
17745876
41550274
11750322
34990357
2806531
40994839
22569850
10671941
23272829
32939197
-185160
8667236
42762009
15752596
4288158
18278149
23666400
11668257
3312368
22177478
21271353
19521584
42966728
16047845
13291659
33403932
19431694
32595938
13447022
9240223
29804583
12235587
1055503
36972788
14449672
377453
4815816
34047208
38511086
12164343
18470310
21180351
-118611
32608470
4971077
28236661
35815371
13722184
32468368
4257268
33547378
15263989
37663512
7619635
16700957
4063355
24129270
-29589
23114771
37767181
21588432
30702862
26264606
-19313
28316190
8090756
37647753
36767732
42218591
6098536
7068521
22508743
11968978
24514832
5137934
7466663
32006321
16052841
9868268
12386619
9990583
26379335
14732738
6376935
39879891
1873167
21981989
28680473
2697901
36875155
19820972
20569798
34288120
26733140
41940700
31186337
15312965
10814667
31068403
28335062
37040176
19866180
39370133
22464620
1148004
33662761
12226983
27353561
28396043
29116619
14619506
16918727
22314353
35748842
7240893
29303344
39456279
1695111
-506914
32162538
41948318
29740250
33802355
29382621
42787789
23249288
30263107
30735158
12878499
190330
31833661
8713800
7439616
34712252
8129344
10826814
11686989
34202567
9026636
1591025
1647822
4181568
4582926
13704531
34103926
32198849
40984964
13984686
11773158
-761387
25191875
39706767
32885325
712371
43008595
16567065
27317003
25050780
40753250
34500589
37479656
23123348
40147089
-876555
23101753
12888796
38363961
31965603
28182150
39453566
28073281
10718888
30923091
37192007
30548129
24074027
16148934
-455590
16693544
8766374
12046217
1865594
15836276
9036
870727
33066992
11088304
32779179
21755621
30170329
42381707
10994999
1103410
38635969
27210008
37546679
677662
20797355
17769291
35879506
7234131
12726892
16714441
31293216
22366940
7896341
2184428
14377267
26389082
6683365
13819428
22239770
40543226
25994823
190939
37234713
736342
5522893
1772918
16536029
10710723
27867913
7343838
19502039
5458429
3670330
35943243
9812548
6057904
29449521
17716789
16785403
19429718
-278078
22861542
18363344
37527805
28340770
35915669
18141079
14831167
19637257
18571164
4799331
3703519
17211543
28825147
-995920
13828994
41392875
36881139
11408798
39228327
21567720
16825274
38497043
11337108
-433615
41905750
13512116
16870341
36086343
28548288
21517582
3884967
11928797
39940605
1251914
8250401
18110663
18007020
41654970
26587474
7174766
30668094
28467565
13744675
801209
23124439
33570874
35260996
1040421
42911222
22301610
30344730
17644225
20392976
15497627
9651325
16850711
36269429
1008482
7780610
3836921
12748132
20933659
15033354
29366620
10874378
38381621
19188560
28974122
33561303
23499137
34123417
23957463
1496290
35110804
549848
10799729
12056598
39506277
29072104
36192971
36375528
6001024
42095308
3985317
14673828
16778824
26795043
19190322
38490464
33468413
9861487
28364312
43382574
8989082
13204845
22645458
23734964
25049048
2425269
16522046
37572132
23592788
28823495
28228745
32953915
28290445
25042312
21709473
25593810
32207753
14927976
22725835
21152421
16342255
33119739
38743829
18675979
29924184
32600814
27907876
41293575
21369073
14358648
7273403
22027247
35025648
18940741
41738752
41580446
14491739
25755680
13622843
40931030
26997019
22825296
39196286
1332863
27059617
-779584
27580447
12301217
21583325
41766107
15513444
24370287
12652415
28073209
13413604
27372432
35503830
20768174
8296355
3871840
35665112
42361330
18179241
42010747
8224115
40164541
4494972
-294761
42984660
17920974
2387407
19007531
11905111
27598902
22893735
33348892
10104234
16729689
11623550
26520338
32306504
19856109
30622746
31865475
26129624
-946864
23988792
12228400
8461821
18918259
4013801
29583081
32058934
3194722
37940457
28031476
16832102
36583764
36689034
244007
30098613
9028357
23877024
9446060
32118796
4696540
15574661
40718023
1123770
5599818
5785934
25045569
13065681
22177248
30296169
20983913
36409624
42634707
13963802
18666022
18145214
19809556
405886
22690236
8111591
19037784
15727690
27716807
42505618
29726246
-852959
42274630
17902023
36586771
23328936
18423735
8575600
42298307
24907229
12211127
18780935
4100317
18139876
34358345
30701970
6342715
43182046
12377087
38988777
10812590
-703780
2146099
31696238
40015791
2842452
20741356
15298497
25157379
18411521
24765286
32338518
43203491
33437644
24852557
32271210
108678
24319532
11098227
18683623
30355949
14613325
40757392
37088062
32592752
5036849
25697073
31128902
3881111
27289240
3981278
29745762
663601
30244149
19707262
38272090
30260404
42781903
14628940
29200417
2762215
37801285
42340626
43095393
12545329
7494880
5877681
26360802
-842230
34873320
33193854
22766301
14209126
13049684
9549607
9802367
29702794
19234374
23115790
12583764
13628729
11315441
32929991
17767827
36115868
22846596
37971554
33202028
20691598
22014213
24733608
633383
18439210
33869850
42160813
28628645
22726798
38665927
4886126
41610999
28557024
18818786
30085462
-235019
18565426
37180356
15755606
36586067
28533463
42266983
42216172
20802757
15777390
6694550
42145863
26179916
5470082
34964894
30392922
16069887
22061896
13943103
33078992
4830340
33664821
34885541
43258242
1102520
42055883
7492134
27713811
3283985
21962331
39675459
33041291
10508859
28607172
40755703
30139366
9085304
5866505
34386260
33607215
38353411
17126539
17964796
13913495
37726296
34051219
24596900
17692659
-310672
29242335
43257476
42940649
15109007
1225591
3920971
35636918
30946918
3823033
14894605
35910650
4971137
6970308
13161087
26420028
7777145
5677063
17489609
15986061
24278758
23768501
4403667
17855263
7136562
2701401
37091743
9099482
7888
28718233
41099150
3945551
4267810
38862325
5074825
10310213
23757665
3256873
32387659
24993335
13157673
37693072
16064129
15745602
16836750
37660416
16738335
23349406
19882358
11112663
32917506
17341372
6263380
32828253
575237
34823099
13945744
-865967
43530025
29311366
35444732
15195804
2892813
36702002
8553492
16734490
21196720
14430240
17426633
41191184
27591099
42101467
13380144
4987541
10877728
30444191
988008
4470660
12530002
39506304
8915010
24838673
16404194
27129775
42164215
1199975
38517220
21475878
36829901
26328325
8561403
27982832
21610969
41548969
41508761
1903858
10539328
37012485
35807166
20591696
6518908
2346887
21447370
27257622
41700690
43164522
31689222
31476429
10379712
8885682
-373953
42441826
20925414
23135208
-81569
39241268
34688367
1008539
12799924
7875975
25985036
19477167
9910703
27983314
20019185
17901003
14038571
42653811
4807195
15526825
538113
18195868
35092805
-112873
43209251
39825344
15099513
20647472
25249423
20585823
672205
23153934
126094
41069169
24460627
8347065
3088308
31977928
12739644
21658694
30688949
26283073
22893514
33528239
26199789
39756232
36498741
6803377
31346751
20919833
32838055
14820693
20476951
21168005
11436297
1033579
6831498
10379440
22053685
33942
42213426
3930167
37800064
29793618
27274541
16398889
16149171
39580057
9760823
15342658
26814868
4647454
-188520
25534339
11176779
9665226
37134928
34353882
8600339
17505578
10466008
3738573
36990350
37075832
33422445
19128888
8542304
14792736
7975190
38846043
25091986
28719270
25999119
5642035
17872742
28457909
7164259
8181527
13677023
9200727
27418110
13836782
19275696
34291878
22020520
30053077
13902793
16525075
22111766
31613522
7648580
41034497
11552209
32744767
1449089
12611197
12875731
17530499
1160489
2989045
28523075
41103692
39774326
23895454
42050271
10912253
17142346
28648
13211875
27186843
11428878
25910418
2124121
14908336
4144602
32205484
42400018
6358105
5576733
15340432
35798457
25221013
8458891
20557046
14912551
14170195
7445503
29402714
15426993
18487892
669308
40427819
34907157
11478283
25857408
39331796
10422453
6693358
31500306
32082543
-535125
22550740
33939886
43022695
42796469
19057184
25489714
5683407
41709326
29845158
22530836
8481683
9851189
4769915
37930392
7127095
16062964
9595355
1429837
27039069
34450221
32066481
21675743
3368420
39198588
31017102
5794516
10439470
40446718
23693635
29531600
31146339
27961088
26194979
33704882
12907233
7209209
5675437
36566172
7614001
27746939
16020390
41919598
34554369
21294031
13680895
30590454
18995209
10422073
25893775
12777783
4402118
23629585
43439169
5138820
18374289
22153210
41405302
16679253
8405937
9838586
3289748
19780843
16289809
18586725
34576971
13441189
36643820
4352437
2187021
28564328
26141677
30200401
26093159
10098847
3743564
26683501
29866763
12798650
14941892
42705978
8316537
32186988
24284449
19848131
21942984
38397573
13626184
28871604
21179745
11421457
36011109
37284496
41599548
17873457
16306117
33416670
3705434
15240679
29306746
4028743
10366320
24892225
39570110
30203654
25026308
26244682
20708919
3027283
2956394
2936990
37747111
7133609
11276057
10596500
26451183
22117724
30552434
23366354
25412686
14406205
30219718
17657637
7484437
42809936
18223143
33677096
40129925
30651574
29973412
16758978
21143753
34955253
3522059
4986867
32925646
7789828
40304769
-186065
8305652
13966583
14039215
21719894
13581842
18996206
40518331
37883766
26423694
14230573
11850324
14726141
34541090
41615682
34805721
18712910
21237781
31883318
2466911
2148702
19374075
17420498
28847550
34101226
10183801
14840678
432181
1846427
32003246
22461654
9693299
13471704
11715703
15839007
7986934
34742546
42725056
18932390
7158734
3280342
36480292
10031793
37079621
16615833
11615137
11203416
21733971
42767138
8972507
3228534
13914110
17056435
43491055
12506692
31088965
3114837
25322262
3503123
3986079
38826968
15021203
27773578
24897037
27835150
6165209
17839756
29595628
38087654
18052755
9003936
5396155
40069318
22728589
13756670
18499499
11043698
29459065
40900132
32055511
40331072
33640420
23009869
27038884
8711257
13367091
27147816
18713407
17954949
6852366
36996663
28978073
6191147
16473224
12288713
37765791
24997647
38407949
43104227
31168157
17618076
37040374
40786192
28406887
-296178
31331689
12406923
7481381
11317289
7406021
9859254
30654662
41022167
1552482
5723751
31222098
8595058
27056805
26385620
10138796
32478322
18394344
36035232
34632452
24933108
9178759
30963172
13178465
13606542
37593311
14756998
34815990
41104947
12557309
18627036
41700043
10214808
18626423
2773237
35179027
3812899
32904612
30679437
22489207
21291866
30809526
18564886
22946576
21624365
42116213
11686884
37001531
6166751
14065661
9854218
28521836
31681511
8013677
25404579
8177408
40990162
21494559
35889916
9543583
15990772
21015484
24966441
30661523
34298223
21898274
35753786
20307707
33824187
19542741
41970965
23430248
37776170
14706881
19352075
450051
39997212
26588667
1002432
34609402
32445768
25290320
20205580
33923937
13009853
6320933
694466
33603366
6899649
20619566
35775507
12875079
41063835
33804412
28194337
16709937
41324824
38875437
21510743
8304758
40000486
34806337
1328636
17031818
21612763
38711617
29349781
28279837
33642333
16571122
6597129
27600062
34445690
19844431
39081666
32161818
39658876
42252394
17390435
18062958
22212832
20932923
31250436
4218269
31699753
35060495
30788988
6119364
3188531
41413146
39328274
17352033
9069791
37797874
14995659
40776314
13612012
6399603
17928006
43323707
29694064
33386156
38897634
18971087
18190286
18778260
21713611
17415145
31359706
37773348
15482860
18077100
19905720
30618403
10004051
40004336
25583149
15951385
36339452
37406911
42884359
61299
12171904
40146559
26076234
21860346
32761010
25745652
40941976
29580504
32692902
31000459
36132767
20565612
28858909
35741544
26292774
9127102
8594911
10156573
40393518
28786580
28668528
37554660
465640
34877837
22491868
36012292
26518728
20578205
-242282
36388242
19416716
27117884
18558117
16595289
35772637
4314516
39195960
32813593
35101698
16475511
34745226
9570468
3551986
10621944
9575078
6855624
6643432
34355675
13342288
18965222
1546797
43065727
7037108
42553606
41252677
35040413
10003515
9037264
17724828
29647402
24988881
17253454
9388210
16815103
6957946
15965970
21993545
35855206
18970340
39786900
32396835
2000705
17812833
32494959
11710583
13197286
25833310
38533991
732074
9366059
28956413
20323162
8660578
9310055
16387879
-521144
4500398
13928692
22857254
18478806
25593319
12935616
15185584
27558723
7862569
37769547
36939798
24494377
39506634
24115926
37043286
38082984
9647918
32794691
31445122
22867543
4251253
28842875
34167317
14728552
39628694
8594926
7432142
40982761
12608062
39028632
42416793
16958057
34881003
20221280
1750815
43247590
29966666
20974758
9815654
8900818
25588653
13298753
9444425
15416005
33111379
6835909
38577958
26407270
38441171
14727460
11675977
493143
19876644
2050102
7674989
11892050
13084300
33575525
40405350
21604181
36695416
40263510
9920893
25799874
39033535
34410743
42862458
24312242
16828332
35666713
24113961
8137068
-454149
43200176
23905337
31071888
28619064
18099831
18715595
23445458
37864780
35336737
38398284
33019281
33948385
-898566
1350133
38837573
3290188
3427252
39199647
4014053
2733048
13247879
8439018
9601805
13401599
4489473
24177584
17234178
18096961
13743917
28056122
22545084
22237630
40858448
8845375
24701035
24442430
28235808
3241252
13435206
41452666
13969888
20821108
1266372
22783689
38004676
10333532
25867633
24675037
35275811
42505523
32748681
31457627
11523107
30748501
31379222
25059911
1884932
24065933
21217595
28623083
26675104
43382888
26771349
23988289
34825528
10200603
14078986
19539240
23088270
21153061
27138554
36213185
29020826
38292073
42190219
22484907
29772108
34106572
35770490
22498522
39433211
14518740
22096515
38792837
32599109
17486039
18462828
21143661
