16227291
17716526
28083048
24483294
15166846
11568204
15536863
13028100
14741538
13279889
25772820
30605970
35586251
23155973
1864970
5262359
41259748
-558177
24021351
25690563
388819
20153537
4215555
25398076
18087649
1170170
3735803
28883784
27221630
28506998
12876067
34966746
29920783
42481130
41593788
12183012
6250557
16695742
20397467
9817816
41870115
247535
19379839
34021907
42479406
550626
595272
12558381
19174047
26159159
16984588
42807423
11326087
15243241
40486321
7105482
1213463
35199925
8106784
38343565
16211293
4437810
32199049
37239694
23886281
25550793
42894310
40403649
27496868
2473937
41530755
21574936
29205224
41971465
10624384
15869901
32429067
14151801
11316528
29599853
32004188
7798598
17022107
9530374
11369456
4946588
23438902
30503874
2251904
28776782
29483576
23995870
4508009
35961150
20518596
-610868
17897633
9011437
26680769
41445310
15119507
7552458
17683888
15710573
12008423
37923649
39344548
8673184
31149410
21435295
39659229
6686144
23543870
41822691
38872611
29059384
26992025
32911487
7488696
17955096
32494522
31871092
17241344
27963716
38920929
38759348
7297303
22343787
2985805
43300949
31261316
41332863
1580928
3064160
35763458
25613878
14254980
42292424
41498280
8338855
14950938
454295
16671174
22354355
17023138
17532674
7481576
29621516
11586486
21235935
11109897
15858714
-517732
42493975
26403415
1972279
32592228
31271733
23455229
-693627
25613889
26133581
15540669
12534299
17176147
32523477
6368551
22743700
27366237
8678902
14390962
31662977
36543016
40087062
33615587
29568084
36350962
11326503
10013836
9659753
15293884
31348057
1019154
34189081
23209547
21835295
5548924
1675908
40955149
38004400
29141312
9225334
29451858
16577420
32211058
21306253
21223588
7700596
34534209
10550969
39159109
39319031
10043348
6472349
9833504
37481800
23539720
43098096
38556248
40140818
28727201
8364370
15083120
16305684
1936429
12928062
43097910
11237030
37081595
11131325
26629217
7888053
8897297
33586565
-212474
33895662
8674799
34669769
7247656
19050946
37843036
36828015
6231036
17530191
37868170
41616230
13396930
29992604
6716005
27039417
9172141
19135124
2610326
1828745
37913387
22790735
25482537
8789679
34851047
32128331
12516413
30073744
32218908
35963049
9645364
10810383
4705708
21279435
30041246
8641042
30838864
14623013
8430892
19901357
23993425
25195324
7592258
30080728
6399334
702877
16044678
40049375
27849756
31782072
31142916
36762268
41358680
28019418
1986308
42452209
17698167
604278
4557585
27709373
10897011
30682573
11470827
9398320
29057973
29255808
41711785
9049129
31713165
23889178
1418917
10962037
13942662
11945757
9690100
3254579
30517381
27540590
40302582
38035568
38720790
28670520
27150528
19654958
42442341
13118223
8700581
1738785
5848849
21038574
36872357
28984684
-632347
10179643
34075780
23752780
7006481
13674420
22179435
27001398
20067009
14495768
34673400
23178567
10862887
17915910
19928463
10227283
21017911
43527417
13414942
36332297
15182784
-113049
18072518
20723469
34162505
10571131
20381175
24955939
41665350
-151026
10587436
39729854
11477776
25671957
12532369
23022266
13067672
35100975
25065485
521440
1484749
11493848
21181744
20549669
18220563
8667103
42635195
29868149
35927034
5072579
13194282
40943894
16809573
6339093
36073576
41294169
26823624
-376609
14418209
39949331
12841081
34359566
34606999
18631812
-399097
41563373
43241820
24548296
39971022
25104818
39044637
15976918
19692888
1554832
965017
42428635
12730572
18649413
35602692
26267885
42693609
16947821
13774305
14893369
33956084
17714615
8203106
18008185
11707532
20668678
42513953
2942541
111222
20265716
18513773
21006402
43038161
8719334
21326300
25403536
18749171
10899929
4913762
39265268
21938526
28254147
50629
17461258
1156964
36793966
6698241
30145720
18319655
6314801
41590986
14408122
25330420
14131914
24481824
27914855
2760811
-810283
8213829
9068452
35044613
26383593
40466394
21344422
42822596
10889637
8036
36175406
28057280
11894659
805
29000481
21206958
14200190
22372417
9312084
23929650
11298812
21116454
35439946
28905699
1467223
42377144
3421430
21694501
34576173
19998007
4965139
-600957
43513748
21461661
42518979
14513624
454271
16091176
37463029
1427997
34990594
16868127
8869881
23000961
13704337
38695444
3264791
11943835
39878986
11045938
12474122
22528348
8166005
9042443
35450472
7629111
21227202
30515587
15627299
3765572
26002435
27063211
21315659
11949626
18525662
13263019
18523415
11198032
-866696
30253271
26028958
8285972
39063929
26231535
16407049
20151148
7091539
32337481
22101278
1299382
26721349
13752557
26252225
40928532
34341948
41313996
31523417
14349815
26585732
31671031
8088225
-846323
27903770
35627680
41060971
41749134
40269210
33966968
32393655
23076678
17699244
35447425
21441997
2102481
29237209
37544166
-710428
13391602
4793607
36433593
26013606
39444987
20078805
38953684
18849124
31504974
7857238
17762617
31186696
42117185
30375644
1807935
42111080
40353030
39691600
21098681
30810930
15888643
32978861
17026176
6500119
1037900
26942161
23137718
24944859
28983025
27820871
20396415
14094054
11408809
41264358
35356076
4961677
30526158
18121373
9748950
21118203
43079108
18173974
16743510
38234303
22657523
4159408
8867646
42997795
10017133
367059
13857467
28252377
26887806
33743334
-45592
12721175
1657990
12634214
11724740
11556571
8666862
35250580
13989072
107000
3860332
38581710
36328843
42189483
-782594
41676998
35019032
32588335
29446998
13470117
6671662
14133979
28142268
24187635
34373990
1508380
26413216
39516801
-318914
28228148
9607527
35309242
25194267
5601402
41471032
26479875
20381603
11950305
38776382
31486658
30436004
3722655
19602562
9530987
38854322
8188459
5279259
11869348
18528617
13777281
13725373
41432796
28878488
10717861
3848771
26645525
11910616
19652134
12348155
35691924
16743953
28812047
28311480
23620764
18730927
23250190
26203996
5248106
12928953
8793680
23100596
12575063
29530083
2305388
40002230
16315363
4127220
22734026
43341049
12592533
4703749
11378481
14955168
16115302
8950760
672687
9482632
641585
11927957
20746937
16392289
36669352
-60225
31514897
32442498
21842749
42187988
8351881
27450061
41115907
-922672
302391
13534314
25121138
4627721
40063729
32323706
1334116
42097848
36765112
27859090
42278536
38281615
21629230
27606578
32498904
23933819
20132500
32757410
27116845
-917308
40039955
24801045
40550721
39177136
37460640
25290394
883525
40754387
18078196
16373756
11049246
26793144
6115910
39005456
43411660
12510934
12421625
8732989
21185421
12028340
20039236
21485882
7651087
31205265
2934324
31346344
10832793
36975317
38140700
5176282
308054
14923710
17623418
21282782
16974375
19246982
42340863
38741839
2262749
-900105
15403033
34170663
10497782
15625267
43493628
17493997
11339976
26026381
24358186
19023518
4563371
15804221
27926665
770601
12887737
32025669
30669602
1384323
4717900
4057243
31891724
15525249
26472969
27083680
16871740
16536828
20183540
21295345
26190665
16855825
-712891
6699662
2951899
28457297
8923821
870891
6586588
20507319
40194486
2898494
33337558
36198055
42537089
55322
17983424
3621215
18634475
19816801
24725631
40325182
17465746
-826270
30313554
31764039
9748765
3547385
39914661
21847503
42071284
11140150
11112337
18066549
37600507
6269698
10446336
7505759
25941635
26298038
42191122
38942816
43103052
7857520
16884112
6452949
7373718
32260344
8935855
10635009
23186413
13214123
41633037
10062659
16697733
6361865
-373231
30159346
8518387
40226687
32652294
-249046
3650099
15474185
22404194
24770972
5281049
6068721
22359914
10914769
13510336
28560425
39165124
13978031
22139018
18380671
28939717
19668399
6987322
27667120
4997378
39014431
20135430
-64815
223234
9499580
11186406
36872250
34427139
9579575
26112364
35315616
26397570
30036203
36398288
42514033
471141
26919245
34622419
5490439
55087
30850146
4256404
32247397
14537964
16559248
42025461
35386569
2010711
40910135
8866342
18652475
23492268
28248542
16404032
30017278
22818678
20989139
36508831
10135275
9375438
9222771
35701674
41479738
35317910
41840588
21654592
10203558
6780515
30802646
17286244
6072024
2220001
22886527
10840016
32502018
28293745
37819744
1253548
2280350
24011319
16103342
1354627
12978215
35470318
33713422
12324208
7116694
32958483
27280972
17867525
14507526
3033928
37161143
-322321
22577659
15145186
2229490
11794683
43160676
42069420
36334199
43342844
21548669
10869841
29015086
18710413
34019194
18442687
192178
5849784
37502279
13153658
35992975
13476793
41672940
5645457
23909307
39844547
32413431
9815064
17078418
24929271
26527222
36852137
24356855
40865024
19527414
-681782
39151956
26325074
27731933
8360657
24950210
31286438
5261452
42563824
10026835
-786233
24660491
7344163
16414378
4132970
15720501
-269322
3892595
17198647
30910119
6129610
27179720
2691452
41993627
33351665
35770847
32711963
1119287
33813712
23262579
25922835
22078984
16548117
-602464
7279629
30873882
38330808
6766689
7866548
33268567
10307172
20394246
37368240
41394530
22047867
16890653
8279383
41415421
12952471
32638184
10148000
19740208
38208464
38540700
4207597
5088310
13377374
32166084
30589503
22419134
39232741
24998032
24694148
11101286
12036017
35222372
12834946
37637650
22366914
7243296
1193497
-232425
23076373
14575745
40528695
14877222
25336097
38012285
20042627
29049300
763766
31263403
35670279
36655377
-224708
39124076
35116694
29948047
7514814
20493406
33834906
8502974
40444070
24065997
26444266
5612009
4357835
8155786
18040819
14195092
10388639
32246262
34073278
2457832
-640676
37227936
-343582
7609781
32654427
28177194
15511976
14771749
11877313
10841052
4319420
36312059
4544236
29373437
28604673
34560970
28830614
14675482
24605108
195994
12188180
11087126
-65788
30962348
28862730
41210835
13170898
35111652
40623982
10746465
14837729
22884706
19134664
11405935
9699338
9443133
14766381
13604476
23126123
33956343
15064745
39730188
39625666
-741694
33760099
5578530
42532778
29147407
23136185
37487308
4795830
31268039
11694081
6014381
22190504
5630523
19606389
33066144
37542984
30857783
33924777
42477590
6688665
4650476
27884534
18796125
8951141
33215603
41872273
5762185
19520469
25148861
12861145
2631203
34642119
-192642
14278408
21125876
11162749
6684212
42548175
7728217
20260320
25378583
42620810
2053225
3642862
40722150
8267813
39462050
178481
32603604
35902848
17386401
38880650
816291
4941416
1888843
22664818
27261239
36159715
10630216
7007033
5244977
27981270
11607885
17002872
37532470
20140024
12315141
19469730
26355598
31363873
22927464
17903557
40337385
15384455
26455079
30051829
9424094
24255825
18884238
3645763
6610531
21906901
33151893
29337353
27671734
24422251
37163418
29591903
36836191
41240267
41289191
30043953
10931701
25885057
26992982
37308905
20858297
2696815
28348728
22759995
3935068
21455243
17444388
4789934
29306433
24662691
20962852
42280760
18560524
30333946
42821047
37342681
24802863
20110211
3679744
9734272
5791897
4498995
31186688
1954638
34292097
8645913
36270510
21729945
21618192
43376358
19945402
37294849
41438022
17040656
20546566
4595609
32591814
41715479
31845811
25980705
37298737
18850612
33934099
8520205
9316610
20934728
2449746
474070
32757416
9199486
10251624
27302255
963580
13303867
1326609
37994326
41805352
23168734
6633545
21043974
32951502
25745589
31362369
24847088
35937079
42609636
1623606
22797036
25993015
8615714
38279688
28067778
28549747
26329330
10698650
27550986
37616711
600561
14000384
19896221
19632253
498895
23635696
7471294
13064015
24591372
36015131
8038110
27780547
29150792
39978488
34587754
11961526
3623105
37803771
34632132
4885913
37522655
41339703
35125970
11853100
21261695
37032222
33181433
40367498
33893843
14723943
17062379
31777190
-696642
39429922
41636187
12922640
38127940
35921728
37167272
24271828
17887877
21634061
24090206
17833996
38742492
9250289
21907473
7014374
30690208
18993921
14636658
3160016
30818175
31416414
25636506
10453974
20772857
21319756
28656822
6781316
10493822
19151151
1068007
34013899
15783029
34867554
9460553
4039426
35087814
7525598
18887452
20926946
18662831
28726118
4940815
38194930
26030661
12208863
41533309
30715446
881912
16647112
8864067
38483660
9312070
20600213
15666306
28637196
32459891
6668254
10485177
35142590
8025488
24020434
22999717
7445873
3162
14557789
18591720
14533902
8855785
10770415
19021986
17553112
27903269
6485349
11065013
33648796
1070506
19553305
8381556
36072279
42576286
6419732
18998551
22385412
24164262
12699015
9658987
20303503
42989374
24023059
15920631
8215528
2671165
43334918
10414880
33707028
24984544
505243
26587298
12065827
21734877
24682585
40801402
12895585
5579820
4363333
30259357
35629006
40546995
41359703
6350599
26887273
28248644
8315963
43221108
23668683
40802566
23681079
13502329
21382787
19690997
15314919
29240423
2895745
42970941
18788525
16894220
42347834
39073281
33628422
19728317
4166196
10914479
29607421
-55439
31319812
35224195
8119122
10565306
25380679
6085083
30213942
19560205
13804273
33186157
13372566
24498192
-295782
37810937
14672461
5171489
25647649
6261597
35695537
31353945
32605699
29687827
18486843
21660362
12648609
2746854
9232663
-33012
32113062
12400640
10564843
35401709
31747962
5784178
21674501
2277344
31081554
24591604
15122833
18569124
43016282
42723733
35636586
5842926
28711059
24936571
15603021
9363505
26642049
10126719
26006171
23142031
28140446
-827325
34972925
3648853
34806587
35083728
14283998
29603388
13159362
5818270
41791613
42224894
4584619
38984908
13570594
41436991
14899797
37650519
-640571
40244127
8294819
21558669
36905500
8936944
40519957
34674878
39481358
10644048
43117163
36162427
27560774
38233686
40729423
43384607
4824358
21588518
32908923
10038265
21684363
11977341
6051636
17557429
41776681
8350722
7623958
41383896
5076018
27467597
34802426
14638066
35456281
-416280
17421016
15807687
35487817
22884437
20389435
25614066
6559914
39196748
14271031
12777974
9624738
40738106
21428060
40987267
42314331
23094570
974649
29625470
39680032
14487099
4634148
233009
41056070
17810776
42928768
3549094
5894706
6198244
18306145
29650571
6525883
15206655
42054226
33626990
18900216
39680009
25966514
21139688
3477561
1364349
10560942
25693540
8747621
12351476
34288902
28347033
38304395
8159112
20717956
42330274
20145379
18176043
35789067
26585348
6498782
355513
30484366
26772967
29990373
17189705
12085664
11780544
8464726
28825605
22969232
30395293
38529859
14758446
4365028
27562339
25464654
17195461
11727455
39842410
14912629
19767039
26489166
21506
25598874
18250868
17197464
4848874
29233361
12482170
8882309
29172196
29495908
27456716
33201465
19763
15054445
14152670
21115885
37561721
11562505
31359621
26600124
12945013
38787329
26121771
39677407
10718016
28125978
11032735
35686762
18291245
13961227
-577940
32228816
26508906
25711207
39849533
41923646
22457552
13850911
17348899
-977256
9217731
26353242
25347523
16120700
17873583
1228089
881785
32555440
42574468
4582263
23089734
26941788
28687468
7334950
26599071
7833365
28007437
13501706
1832548
27161829
32746994
3970652
27428387
36764857
35161278
3487537
7826400
23387901
8054619
14907795
2045363
37875142
2472199
14153262
-356705
8849186
14777056
1933463
-672507
17930285
40292624
36975477
12559588
17204045
29525648
35036300
2356263
-11676
-76757
12129069
31818882
3025496
41422623
16666037
30121058
3574252
25395720
42312848
40198720
14153252
3030582
16593136
16914453
2808250
22134754
10818172
9327374
29222353
16193647
-359821
21974326
24027939
37584773
36124786
26609573
25149182
780851
39251591
16800129
37251095
41966724
22086818
21773563
20557027
8404779
20401898
24037971
28490545
38077704
2449295
12842378
9210040
39992961
22356932
40031531
11728449
9479933
-688982
15200194
42911179
17947078
10838787
34039604
33180164
6404528
4706643
2547466
36854066
33628187
11437306
29051764
-645964
1534185
17024751
15845708
13740497
20288612
24990243
21209168
39001751
20954080
21332002
38931736
13057078
41531192
39284624
21079165
5913903
2840836
36452825
-634646
31677819
32209167
36771190
23396668
29280268
18154019
25543240
-176585
31754456
40896680
19769455
4762619
25451189
18741595
17986039
33327758
8294243
41589283
16946109
14381824
7046746
3462341
32972385
20567690
17486765
42219297
11511836
20535560
14582380
20863388
12508629
31003710
25081263
4042846
15899061
28677757
2684388
2709198
35042440
19546439
41513689
35466588
41787164
26849514
28478685
10496644
15939310
23420958
17979932
34633836
14450909
10256407
43033991
9202793
18044895
5509472
28535957
23083567
23396827
27465166
35816382
4412113
31650434
2335584
27237226
4801517
35580617
19915280
20660736
25358341
8769625
21930170
26126791
41617209
14443419
18761857
13500033
24942702
1014624
24142975
40969628
19638933
36115249
25696463
35047546
20142228
663558
26011649
33277109
9054495
9030420
20876421
24229957
8835931
30392222
7022713
19190098
269937
26037589
21976992
13651969
42515855
34555353
18082366
13013690
31813344
3875713
30750073
32778595
23563995
8215664
30079248
30485499
28758896
306580
40250965
12195765
34563826
981069
27579875
21021892
682567
29357944
4232908
7414833
2761875
28212304
11948104
16520381
23425970
2794605
31929247
18107114
33898189
27011901
13539834
16629457
12772786
42826662
21859106
42310287
6647852
23656972
11451924
2220485
41940823
25821234
30826610
5210911
24177045
30937577
20041319
6563010
29278745
15274737
43452087
36200807
35150762
19525846
20540453
3843681
6978039
20086088
29085750
21222659
16614001
14225027
7210700
6669727
9306423
28727496
32504828
19379642
10010936
30880116
5703201
7113236
27677127
43473350
19300484
-662312
884067
7113559
23748975
34201337
18365117
16475227
13159801
21546928
28061381
12750928
28879326
25778848
5198358
3832784
1682880
39055694
331184
29079619
20058443
31013082
-90572
26162429
9891312
38131832
27734043
25613707
32764633
29271342
3600767
31901041
31396132
31480106
1823648
6612099
21506742
34069966
40178228
19865682
4610289
17076186
34345839
10990312
27412380
34046345
20673941
43191833
38393179
21984457
25189244
19619941
26792131
32566155
1689017
1411934
39477290
760578
30389659
23723316
21955252
1898213
9624329
13606836
25073535
17556486
24201157
10013578
33639604
8003687
21525444
39682397
18839833
36996369
36998587
20926194
37116577
25357181
4508805
39363482
22458278
17581099
10566398
42889999
22210912
8782668
32536510
27694941
30656922
6149202
38916078
26895492
16025864
31242873
5544891
29311792
30164443
16300094
405650
2198845
27433800
42830782
23322326
36840651
8391055
14192052
18965450
30120385
3486555
24352828
27424788
39947586
17024516
32772358
36096704
3651087
33417969
41428105
36622017
35887668
27041537
18415454
29606676
11309277
119500
-615640
21909255
22299960
8641597
32515606
4224079
35249834
-121203
17003186
22274435
5017889
31280329
15118287
18375391
32628408
24304513
2872313
31887268
17145423
40497043
31767347
16358050
36314260
32486549
1789506
21416938
41479149
31588174
27754132
39767294
35909083
4462437
-180980
12846339
36758329
11013600
9893229
21551251
8163661
38950871
12524188
27549521
8037223
9401148
2602010
-913091
21285712
37319089
38404854
34644978
40163959
17175909
878387
1969153
9730673
13867075
12313484
41224238
472891
4261581
7842131
13781149
38345327
3211937
22882790
29157450
9715759
25125323
27025557
3453009
6212329
14880117
9155376
34597333
30387382
3972848
19783155
33234216
33542748
19534051
8741717
1302671
13564335
5744589
22944310
20932979
677534
33382385
21696162
24648203
39730095
29431667
2866000
3228711
26830606
-901924
12865385
23769207
16138875
41838599
37241873
625078
22233767
41282400
23401222
35183584
31780204
42152083
26307817
16348982
6344593
35977138
22653388
10795865
10929626
13313794
23139280
4865435
20930413
32530552
30347069
29148062
28404501
1088634
8966311
25508624
14723692
20578812
40324229
8854454
17353730
37197996
26879135
26225580
15670154
8390054
-282272
5514620
34750674
19264393
39739922
14134867
11539935
6317964
22242151
9194915
14515499
15349947
828535
11537586
17740052
10153577
30403324
11890396
19593846
15713081
5327076
14819482
27159505
27329980
24495177
201335
42738170
25268489
42327530
-405257
35690603
12019107
5523989
15634522
4932436
39381798
42618699
15428675
41217081
26969020
22970507
33387273
41893849
16103392
43466832
36102077
13197807
24465621
22358575
6294060
10908106
39127960
15655832
5639144
9627695
25442298
3087906
15025665
6821024
30340501
24552636
462716
32901009
282632
21918868
37889094
5661308
3363729
17165956
242570
216962
14181814
1802162
24866667
1490653
35887802
22389231
35030968
23943409
6976202
4364106
34770867
82106
4832779
33678144
35110927
5578115
41600461
14031854
9770629
16220408
19621764
39258813
-657372
15918860
17508126
4784313
17627116
38965322
37249557
26651030
37472741
4017444
6764385
18084830
6006637
30217570
25415981
10679390
27128250
43183938
11328560
8369162
422630
36045904
40120177
29930954
17564266
8156316
5850550
7119139
11778355
37332820
42466683
9608542
26674977
27541319
39373396
35455956
2146300
26082518
8432672
40472719
17825694
18216486
4704814
27040263
5146932
36143067
36877168
39623125
35984077
22264600
20507655
-484265
24276879
7444674
8466944
12208228
32664405
16609912
8176630
36933889
38380415
12817951
32065710
28365793
28327424
-846674
20205247
16365754
20140853
10365041
10961092
17718293
17849767
18700643
18973727
14623377
19644555
4223232
17781366
7208790
43440045
14613327
39779822
35775977
3459685
19886035
13757735
15365978
13331138
25433548
25287306
26243011
1134757
27299781
-784965
19702368
5681218
7192755
5869755
30789955
275783
38782914
10310071
30762109
31264025
-307196
23452310
19440813
18037378
12133590
5651138
30725512
41639736
13594693
6848773
16036693
40212862
7741716
35766525
10358033
37584166
11189857
15244175
33111823
27961611
31087728
28723948
16020433
20347509
33466920
25103260
7768305
30503197
6515067
41486469
1773209
21267184
19237910
8225648
23492075
25515215
7538281
35191245
2642861
9950649
10446431
5157964
4626148
37159892
34604474
1290679
6781168
38720554
36294349
2705949
30412522
6038234
24896625
3879845
2312993
9097439
19878134
18635759
36895539
13905411
37458949
37348105
40057506
17149851
11842671
19823217
1773256
19670033
22318249
29472164
33805781
36788479
39381895
36357623
30922152
31296669
22135390
34617853
16694659
38640192
33719311
38493023
32016937
2811072
9038220
31832363
22435763
6580342
15225253
11193191
23507405
37031979
575871
38275907
18365414
6102691
3545798
39350886
9741460
27488475
1467468
39245356
37192325
37892223
1224098
40576889
22851204
28242074
35772820
22085050
10025892
17148490
187254
36133540
7203018
13110469
1028772
8173300
-907808
27994150
33824612
26612630
34575874
13959791
33449202
36574881
-66404
4317567
10982245
39692990
40385327
12909699
19457552
41740232
37260419
4715390
1667238
34374990
10838112
30125108
18730598
34472245
27062185
5625940
32308383
7507101
21707283
37869340
23482971
11037773
26578795
39338071
32881725
7743894
29285787
13127869
39646567
41820940
41218748
10325759
26982555
31977640
21131399
3467622
30098062
14794441
14709650
14056953
10523779
40925531
40562938
42298399
41185470
24649985
6074693
15522725
6867014
36565952
9724303
10087807
13687644
39413040
17940875
30625701
5648402
28030491
5600453
22333763
27006534
18903553
-349622
38612349
19269581
11560409
2290648
29747340
19016322
11490017
16142762
29687773
5980252
12306108
33261367
9226374
17082518
5920487
7446492
42404021
5294847
36457673
22976951
30382172
8636988
29371102
218143
10780812
32479985
15949836
37298839
7235823
-539993
29764174
22605409
37503982
19465598
33793775
39716810
31531422
15222118
28961573
6978188
40665327
19364312
22692250
28752747
31348804
19917414
7718249
28212761
28151958
5595641
29518186
14654784
35403729
6947824
14930267
6773676
30186238
43511190
28207763
42251687
26337689
12057113
29091996
11818753
14187137
24892118
25236076
16680618
20352746
30448927
26135576
10443750
981772
20626518
35070624
-964490
27825484
15942316
43101293
17153213
25959868
2553427
4341286
39207122
20352136
13381095
3316745
21855731
8799232
21219929
13057039
40691505
33268200
9067121
35056281
42817729
16904936
25562365
31212602
39879535
8662346
6675228
16048858
22320523
42448313
19029179
8350623
15782889
5690048
41958311
1995480
4037447
9689008
9733696
17016202
3668557
26288440
2316626
39610328
18512298
3131194
28016281
29894589
38116933
40489932
5031115
8823026
12970934
28156956
41949720
17494971
5823525
19899532
18810053
43181263
-821060
26431988
20300005
1849453
20074337
-617000
2048335
12185862
32938737
36277251
21879587
10692247
20738556
15052170
18057660
15311830
23529395
26946165
29157437
4853089
37601121
42528454
34020590
9443972
15515694
34586126
31285123
786965
6606904
29106317
3195774
20624955
18624877
37003974
16876530
16366188
31459087
29335573
3669765
7968278
35192688
-894091
24047599
35605161
12839835
29503725
23060283
24821827
15296001
28511579
38211191
15631597
26760478
10217130
42640727
28714494
5985573
28197357
19534903
5748365
5524743
38800797
39701733
34143533
3737596
23619754
4140595
12652
16376115
28227374
18379970
12433499
41474596
1965242
33409964
19788292
-969081
17977369
35463527
738072
29925304
7508044
25179305
134078
32801012
17892298
7341980
42936857
40066552
36184807
5533785
38913403
31892542
25521073
39135819
-382537
32361171
32807905
18236677
12629222
39814893
12027701
22443222
19505878
27718517
42700978
41470173
19401009
25026959
19461220
35510258
28797249
28145596
23934914
5722180
41392650
26837531
41698447
18025449
25831974
12555512
16471516
33427843
30838814
11327496
26343878
29102807
2668697
3136949
34626966
5899013
8682594
41400672
16245744
11594523
31084864
38310014
28886039
31231158
22230075
13294312
34142580
27323760
24005885
36063900
18252903
21371682
36367439
42257116
9473083
30015845
2315574
40058799
25828870
22976336
21822188
12979810
1149348
42028776
6265667
37277459
33290943
26477396
41573531
31036883
40981848
14687806
32882201
23702972
39170427
12098721
40744264
23944851
35983089
36463726
41366542
35673897
2405327
8191771
37809973
41554457
14122009
31519114
29640096
16005268
168260
29130438
8477131
27301720
7856161
27195092
1596353
39438769
4931253
1671121
43512429
22439483
3529074
42876716
-601424
26175612
5243469
38749432
14171913
23649433
2410269
10422866
11029497
34438541
31009513
37178384
9955872
21659375
28682951
20294319
17379878
19374594
735833
26220529
13931260
28532865
18003789
10532043
30203873
13225830
28648730
6331472
18155206
23152356
2629588
22456252
18670297
21899908
20920118
10352900
8666828
14124550
2239751
30075263
18095463
2373782
30189796
33574138
38523596
1063443
24531061
12861269
16653139
12963084
2687427
7259220
278473
6400462
34692028
2857629
28429385
27399176
20905070
18322742
19862390
8716163
15896289
-393349
26523881
27018812
8670405
25370137
28247420
4169098
42616982
43062881
16658902
37031047
23525688
22514550
36285745
16341694
5611730
32329327
2245594
1758739
11601676
8993527
10508605
40217929
9236899
10243262
18751165
20270231
27365626
22664351
13651621
33234927
6129074
2945986
28224514
3746129
6287570
7330792
31848280
10227008
36563957
32597267
24569937
138300
41827878
13342942
28327168
17148888
8772824
28493538
15485703
17836518
12357829
7954259
16102716
3403879
22890101
29797772
37151771
11188713
1215185
21469839
35481787
29134785
19187032
22450308
26604150
5423038
23046151
10524369
40479526
42767168
32838261
7653088
36030856
-621015
39606984
41844928
17742090
38294358
14401839
20293971
12683585
36459877
28084523
3990321
29079844
13803086
15573353
23740511
31934467
42087113
33245358
42066718
32924206
14679411
-311557
13246349
35071533
25442760
540418
15684824
-407764
41431108
6812743
38846253
43169345
6780740
23808885
2896417
21804263
5426501
33986567
24001773
8617777
12572960
36226438
24832241
40658067
34032599
37980327
15529896
9159597
10447866
26226697
20840267
20727301
16301036
877516
13729095
23537157
34725626
24048285
6100171
32684897
37331736
24394105
18702693
7679386
24349608
5411057
27418389
4011026
1617632
6250652
284998
9596930
23878223
32570256
25226252
20102324
34176702
35386356
3737363
11515366
25056757
17902223
40947180
14895418
1265454
3400189
31776630
-178892
23769933
32046844
26296295
4064341
42016411
13924787
2702655
13935281
15487669
6419363
37590737
25368376
31001305
16746789
40859782
9638352
14662445
349012
26601391
37035460
5281058
20452893
33363918
7110621
31237967
24473730
34531652
33605535
40199066
12282342
12508413
17734708
41159355
13454389
21738195
24806182
15658289
18270371
11199021
38136968
3236162
1319305
19031440
41838047
27879038
9270704
37611872
7160818
11888507
14673276
8414553
23317602
28830766
20784268
28036764
-886441
41978761
41796353
40038363
32233854
27824725
37719001
22901780
35258387
37603717
37317268
33377430
38438282
24944229
39523757
26236797
28850524
21207480
17909052
20028962
38616059
32279996
13633252
7115637
37470340
4718779
16947922
20802396
32581321
28265499
31824976
11777977
4465434
11211305
22440521
24307725
22813599
20341015
34187715
13417265
25515965
16757866
2519894
31521661
12143668
21622525
24361605
42829346
14683567
36723718
20179565
31058469
31438139
41074403
37296929
43043068
-703709
15968045
41380133
43185847
5143720
40241229
26627836
25521591
40348463
29458284
17216721
7787125
41849583
37413602
32057823
1328294
5980157
7522233
2992069
17481348
14317178
39103219
34652349
1627578
29397934
23762714
31320186
21640366
13140169
28850763
6064793
18120023
34016584
24355251
43123324
25342778
12397944
6449533
33806696
27546478
7260948
37342976
21620109
33499969
19284965
28437357
33191553
21104041
6694323
-752733
-473870
28994590
42144111
27909790
14348562
40742438
12130480
16705422
30210641
24924797
13800577
41179560
40323636
25669097
9325056
21046970
13685717
-15786
18101518
8653136
27544788
41752911
22716946
5658935
8768426
41275614
-902232
37961297
41726609
26855695
37927740
30392658
38040352
6383558
38751007
19757908
23278051
37114247
12922276
31629046
43088556
36330298
4076942
28440730
18248536
3361197
42743521
38110676
6328618
9445457
36792368
25514903
23662994
10703160
9276466
2657537
3352673
41511145
15764498
26769733
8451731
9615856
1083828
29135385
5034862
24474654
31706298
40041807
17108575
31305579
30682294
18665161
37412161
37137973
6748465
37970163
25476479
7852962
36435685
41697306
16852757
20460951
27151830
10399886
17951747
23309907
20382667
3200348
39280161
15163137
16005645
42931568
27548006
17453437
16794475
30072014
24535566
35148183
42066840
24750636
39002186
19447092
39315660
17663607
12174017
39772058
29246585
25877139
7020430
26665463
42980177
7979130
21296250
28167801
24596647
19178522
13012079
27610354
35320017
16575288
8026388
36109086
42749412
-755369
-227250
17514112
34545124
17103436
27595027
11240739
499188
6818276
26465176
32385548
24957971
19717930
21618813
20269384
4497630
38383110
2146945
19182579
19232865
2275964
10162692
33989289
-874133
25364687
26883094
30470649
37574286
6597373
4615519
20998224
25023285
10104712
6342255
36618002
37412507
31787371
16264888
2102484
11735420
5187803
22096045
587877
39033162
27076606
11400238
31418146
38021324
9458251
23671503
24163738
38571094
41306594
20046023
12221333
41331475
20200800
12126043
5661910
32800106
8939110
28365399
8381597
16992466
881069
22816211
23737084
40311915
36828164
22654641
6533685
14126612
3031772
30886998
15228254
5538796
33495970
-365328
1071909
2846091
28422619
8435548
37630641
41258170
36791719
20745046
30216635
33581035
26394248
122444
40118775
38544095
2410040
43416652
6068033
26038246
18767903
33225857
13392086
20843139
28833417
13566163
15246883
33935614
6632745
16095598
18632886
10392068
38370000
41245680
33755709
30831272
6721701
25844098
20677887
31294442
14129466
19203020
33156023
8730629
19040234
40206596
18261169
17395735
10293246
16431397
37283504
18337384
23499221
20748574
18268476
9190692
15172583
41737014
160696
7399150
22910639
28516952
19201985
10488490
-385855
-412235
32680691
8992019
41972258
4630483
33945972
42333979
22488946
1911182
40565289
6806027
13950947
43494235
31456157
42412707
-64424
27666276
35607151
23763654
21374685
24645614
19910718
26783831
37321585
3278791
35063958
15320420
10443065
23612946
16644983
34660172
33779757
36114922
28938186
11624439
2766908
35853893
9285832
26694338
8561980
40378275
24622114
22218962
42305097
29513880
15740543
6373034
37730052
29130913
39475181
19007292
41557051
35582776
35211974
4026978
20339300
19493316
34931721
13027250
35474218
31692393
5426366
15158129
12022962
32926334
26377738
27073656
20021280
6820309
-106124
11246244
8009211
12867664
8457604
37393302
3183702
22070660
25907291
13633287
35040915
40378634
18025688
1430223
16591885
33936243
6446675
21843080
5430139
19239384
39910223
12009613
30586889
30087292
30591808
12564029
20721873
29201688
32139377
19697462
14831449
18273466
31019725
28393653
14180464
30441156
234834
40215419
27250975
8022190
25620478
39195723
14584318
18295372
10949772
30612967
29445738
9546743
43035001
37841442
16787907
27395373
16130046
31038119
42586059
4037064
26460101
15178772
36482854
28625181
7610702
13212269
15566686
6687837
4233879
20224452
18088377
20129550
1812787
12289422
33560123
11816572
16256709
34965850
4035041
30291404
22900814
15540448
2415355
30299650
15892431
15292884
26691790
4916362
13777598
38805672
8145804
28516464
30890005
18109845
3647243
12863041
17489243
30759057
12376242
1895
32348743
934554
31409292
8721570
29035203
15973997
6565326
26240921
10317538
28272256
9887163
29745521
29508162
31488678
39636368
41318870
23457517
304518
13962691
23822284
37767016
10970425
41050738
766330
370104
36378139
12405653
29430290
5997588
2738804
4631895
38111188
30981976
42470774
20952715
37634991
12130165
29467292
15415691
5187985
12246063
25578230
29300761
39403506
4537262
18870711
14989152
35163860
13598666
6685079
32110905
31124839
33744113
29097361
20234271
15433970
34218150
12839963
1945729
42057917
17258936
3062621
687066
6622463
37162372
37982642
34446956
38438512
14423756
35160649
20471783
11677304
10871323
28945835
33857319
33659283
4407567
5063003
22662991
8408884
19018202
11914555
2307123
38965819
28275467
32592240
-964936
14073204
9405460
1094131
27037641
1593264
35086502
29431881
38374300
43369301
14783017
34612155
40930641
30058532
36535281
14255362
23240271
36740495
42730104
35109701
37807473
14494099
35419115
791656
30598387
26070760
14737371
3683930
39070942
2735020
977264
28014923
4102125
6065798
28963841
26664587
26979504
2166660
9519917
42501355
32628790
39618309
31065082
19345191
39555364
8995129
15814599
9823638
14620157
32018656
22323440
25776112
26785211
29037744
18392593
11079913
10824030
23138175
3483709
18184811
38761356
29199857
1952117
35700055
25192025
17851917
11950084
33108181
-533387
150731
2771250
16766047
16323104
41429842
28995258
5939390
12968009
33192179
3580034
38940988
10610171
40138540
39551859
40922845
11773130
6799145
12555769
9701381
39328651
16657610
14604570
853285
36218518
30784586
25033207
20940171
17635046
3982763
29868382
24218064
10260972
40173400
30488274
2610271
16970335
29122651
34894023
32762089
27388108
13546159
19990965
20072413
42969139
30203737
21565969
6881673
4615481
27273342
14771042
668461
25998464
30928671
5128042
25886791
32154730
-644324
20917383
7808825
38625497
277892
26991993
27230219
20501232
37289688
10660562
5863304
25903049
12913094
13816488
1960456
36565184
36383047
39941603
13089924
281522
2996003
20569906
41264623
8208699
1716338
18445026
22467317
15408558
-884786
2368702
3626545
3238621
40345706
35770554
30732629
20066928
18797225
38881538
7001895
22620999
-535930
12143914
36121345
4473907
21608715
26253534
26703994
12310042
10004563
26480717
21808970
8745158
27281573
23060344
38832767
30713522
1044956
961500
-606484
29171102
26535300
34692310
42352925
11682068
25211025
34891482
12862379
244531
10036666
40630828
28706001
10353510
12203590
38808217
19711918
17106058
5065446
4028006
32464798
10764856
28407352
18317645
6147718
39041151
34854750
30401654
23734266
29763323
5148761
16073898
26713560
15679372
14181343
13492959
32896048
17673066
25352479
4728758
11576974
28086337
1943797
22330458
20899668
3854088
30613206
37295375
33816014
23743063
14501019
23191714
27881418
21418527
9745632
-41927
28674541
26486893
36401531
19811957
12722882
10731082
38799175
38231817
10841219
23371733
26285352
7549023
34668749
25069087
2157690
15407446
6295180
20861840
39680537
42385709
17027845
18129336
6158081
26515266
7914896
39695589
7475661
15452338
28456572
19747338
14845316
21365219
3253569
15376257
42855881
2541069
33102797
12526835
14962650
6048834
662597
23348570
10248945
42967258
5358205
-42990
975053
29638041
9739049
1883417
29389349
22238691
19427445
16164393
26539141
29213579
17797382
13654678
20884812
5743172
32201835
3833418
16126081
31590526
7587679
36109271
40111006
21322
586881
456343
20255728
43294023
2232246
32654591
38637226
25904702
-694292
1536663
24517700
21973818
35303778
22131261
14116798
14801788
2830444
42100219
749607
12392181
31641845
39159508
20009163
8137617
4161909
28047166
537867
20506186
6295080
28661996
26962905
11905408
24039101
39264783
15746911
22614019
32355867
22898286
8524853
13012823
2256755
27388133
21450052
4317268
42466248
30872286
29613003
19405961
36614831
31478609
12788254
19253814
7473950
-641768
28068878
-279291
25017501
34800175
11021008
31994171
36707280
13428905
7930665
11155627
9229159
37825429
31131019
42957580
18338223
1550199
4659907
21314243
41891202
15878493
36306983
3028718
34536503
3612240
36281033
5658294
36801965
28227929
37339081
35420626
5969629
40885527
38342195
15119208
8019845
41994661
43191877
5644942
36239799
37375241
15410655
39546523
43168736
18998400
23715535
2981317
26580770
28540308
8760637
40490474
25632374
28709592
26292705
27852521
11550557
21215866
17485624
13285012
29173130
35490922
28690182
13741239
16372095
37079560
40280683
239616
28630862
17765823
4248160
33732273
22064723
28659824
35624315
6166861
2207696
18589987
35927950
18172238
23459196
15109968
40298148
42690851
29972195
32714754
12256109
15210285
4684241
29171415
32376975
35169887
9107722
9507527
42571966
18587285
11042590
36430646
5714413
11440050
25059511
24250821
33285775
41785073
32873349
17057322
6492110
10771389
21921017
34669627
38349929
6002561
35483456
77526
33312709
9513670
17437453
24989401
-156838
14034360
42816412
37586011
-530855
42192906
31705403
5265794
32494394
9874937
49020
21562357
20008379
11691273
34090679
24519154
22838966
17076270
2109352
24700506
12373750
27020795
41137754
26954605
21058104
39116730
29081683
26094071
24795911
32073116
25497761
36506368
4864309
12441900
11873581
25567609
40293684
36862477
10559648
13453527
13659720
16145996
30262782
30366360
24380820
37586139
817278
932619
28098846
27949986
5276921
42173334
23177071
869757
21302023
17556544
15402330
31116814
40912842
8710290
19414122
15697747
23994603
41233920
8568951
12736597
10730673
1888202
24441170
29715214
40492900
6250523
26155865
24733232
26927083
10277850
12383573
24779921
19023407
41812090
3773891
2432310
10923063
13643528
13682151
11106167
27811518
9211000
4145476
19445293
27071204
11075204
29546276
32871616
3530560
42453653
23955900
22618265
2995908
34687980
12652389
42866650
9032148
22867526
23564715
11044343
27295470
14370341
14499620
26318176
4175667
15802028
1071073
5712015
1296138
17378617
35788941
33934714
16261569
17601236
27019649
18225034
26254142
16029391
18235336
28015317
3842728
11909379
17100315
14257689
43426892
4508198
18179811
10104439
14973672
36446007
26893703
15793205
19860360
13244593
39674862
12080070
26505476
4033094
14568860
35712210
23588794
12306952
22872351
22410043
35618969
3778601
23895902
18392150
8030251
31781825
22369725
19061437
15202818
16901982
34919716
11491900
14512396
23044519
34352155
8060588
16509670
20685252
23295960
32813159
33514856
40733811
11592163
3057162
40893396
3401399
31021154
9168632
15799898
16031952
25445841
17173361
41852953
32699332
25410810
42249192
24835834
30762319
19679817
28865728
16196017
31317636
4326355
4185649
10097836
15073713
22369595
31668963
25570208
17559455
26805998
23796965
33044078
1019713
14514934
9739006
30717510
32753127
13303251
33064001
33319863
29889878
18164071
7611986
4136695
26723582
16681486
7646666
35698310
29594260
36742796
27942264
17405031
13673276
42379103
38733408
32844071
38609807
29854411
9669976
15717768
31856816
22039481
42354451
20512615
2529908
35688240
39436125
1450874
22052739
-81964
18145026
12587148
8498202
-173141
23312347
3813231
37923471
16877987
37635862
9767287
33360373
29334411
42316265
26138412
33550541
16600559
32895516
36077100
17451273
13058641
22250775
19058015
14467322
37414921
34560910
29111436
1123566
9576789
32768753
22540668
13249323
39679807
41776770
26066797
18199238
12106439
-115429
16239631
6358552
7277071
23093403
41079412
1808127
39986372
36214432
38350029
145731
7170933
31734053
22865863
16120620
9830883
31689253
6138319
18571028
15940948
9906262
104237
-21419
24107727
28029385
21934434
15573001
33944171
39244353
2815461
6960268
17093817
29715777
26658460
2939873
20272261
31114819
36124344
19503242
253700
20354829
42958584
35175635
-131877
38534378
12290823
38583386
4286740
5837515
16070636
6139121
34129690
26361753
5043514
19869338
16511952
31497493
523259
21497459
41608428
36464250
16790358
10690296
42799408
12821555
31499255
42013012
3331290
2967218
37661064
14617672
4116798
13135200
6755130
41266270
6787114
35166117
20063045
33157575
22873954
10000166
11504611
29924408
21852100
35519917
24434892
29925231
24396160
42430496
24348971
2774363
18293357
24171937
32165919
9402470
18184959
3388675
22327285
9975667
32745091
42704283
37301891
39508186
8557465
28471700
5533952
36773652
30734440
1093465
21411062
5322244
24071049
40859090
-864678
34064182
14640600
29782068
17294504
14321141
30922108
24860338
25272546
12458192
42239047
18740159
34924785
24849895
25661393
33671479
20452320
1908373
22953844
2139280
12357542
15460425
20257150
37114220
5060455
2025785
26083533
9839446
11422806
8996419
38892766
12375862
33824900
23749769
35878546
17304524
10871637
16566273
30528035
35085661
5483879
33614810
35742868
38227084
43152355
3717590
39802806
6747046
27597941
7511408
29593950
2646323
24933874
15047188
1355918
2288829
28323599
12653828
13967923
33367379
15950074
26826741
3409353
5149915
30490168
1159742
29996210
30851162
17939812
36022604
33414776
10614500
5730327
6621150
9466755
3697961
41547336
19224202
16146760
12519726
35743190
39501425
42408723
43310831
-532105
35342565
21403760
6493221
27410934
8349722
35177326
40104587
25466313
25877557
3858031
11895847
6052819
37629596
16892043
38544307
10199564
33041913
26346589
21895476
15442042
15912187
39122287
43037682
31144580
1835547
23791617
23724787
10732644
-460862
16198637
32132807
8290177
40584564
43143561
11665743
27542293
6817674
23635667
21564217
36008956
42691401
1469057
6306276
18933985
19683487
807050
14662223
30231269
38872068
29067754
30733668
11650066
38158181
38305812
26493454
41521454
1225068
2221968
16420506
42157421
5853069
15118367
8656072
26617244
21051414
37996339
39041156
40710386
22797840
22090703
39741694
17268968
12948239
11764140
1947781
27551897
17670454
16872659
39702194
12379190
20312028
40848759
18116128
41492677
7831780
21613936
11837901
12996470
8674182
23896284
38824797
30647089
4446104
29152331
16715089
26993322
34161383
18818740
173041
29900007
27688293
11572604
21470991
10359814
38195882
-430264
19617859
23690792
12763052
12867285
42564261
12968444
7876418
32895194
6569830
28865792
32918460
458192
42735814
13569791
6902470
35659471
10003377
3881802
4332012
34288504
30428561
1500118
19493752
37365029
37912200
17195218
28101424
25716235
29339629
14581733
40864975
19560842
1008963
36528110
40653077
25955859
42006625
4699420
26436514
25160864
2789330
27380683
30989183
26464999
36142007
41039347
19649987
34964178
42976199
41712393
27341199
37219111
16788615
33782470
26413830
1613553
39216713
8645465
7024127
40567872
30312280
25759975
15356311
26628751
-250725
11626535
12267891
2593485
33345384
21470459
25442899
27893897
12973595
18149491
20650068
41939786
2233664
6109710
27110359
25152373
27011373
39958037
13634664
5292536
26241787
6773839
6616246
39200643
5963910
38216315
836039
20038515
21205325
3413630
7995189
8424070
14977877
41865748
38647492
38041606
17219749
10770998
15103609
-746631
7173128
-992628
19586445
19431862
-686955
29220385
11574132
39253641
25179831
1554759
24606166
14712619
877193
43201247
9655016
4303036
27594111
10831346
4649640
7800775
36675385
14291768
34031049
17720533
4513470
19748732
24283464
14040453
-112752
30823899
19997519
4868434
27784051
13139481
7469020
10283902
4481814
36737626
29909996
38761906
22088739
27498988
7982074
15102951
14893666
26954226
28368805
10419394
14106646
2365336
26823183
12440420
8809872
14986730
13928236
26250406
10894851
3976008
28475565
17542446
21889992
22142433
12409042
4979167
20658842
42696827
5573339
24953202
29554015
20518246
32126780
-539727
26555350
37072884
29751217
42190264
32270108
21546341
2665085
2305878
32492638
18974278
9060458
25364722
28082687
41516819
17968471
2953586
41787503
13482726
-970860
13890819
39581569
3163220
13032586
19187816
12065173
4744148
34525126
-321023
9433653
14625967
10564796
9578196
43095986
13867837
9466587
26052965
43170878
18580621
2099963
17974809
13527424
42956499
32599320
25697914
4651519
9503565
19885879
31619501
6182453
14573423
41577425
40138947
35858789
42638445
11357637
751978
42927750
24507887
11744915
25792599
3512939
12619356
13175671
42898090
4518158
1227317
34685409
17182271
34963596
11673749
21464973
8114255
14017104
7893534
4496178
20636604
32513002
36829561
38289720
41060726
7995141
-954357
29797951
30019723
7732957
22481977
30333263
29488001
37357711
2761151
6731825
-618369
4922176
31473996
16071751
18789331
19309556
23228311
33971107
24181168
15851754
2514023
30854076
19417770
38252844
35980215
23331465
18785302
18206243
37517993
13641390
18681956
20209491
22968944
29959456
42515313
34286006
24462681
4217636
41936149
14557922
27202510
25388974
30014518
8520064
30803068
31957554
7504350
20056719
3165688
18015682
39787742
20925119
6089770
20036366
27277552
-5120
16353889
39049462
31191856
-330687
7341991
10279441
13035549
25653290
10397902
25562842
1540890
30527090
24628512
29969648
9242463
17869518
20721662
26421719
12712046
43318339
7499993
43259238
6707983
30642355
17933404
5059865
14176893
23322137
40506458
6880239
11981988
28967067
26215141
4879078
43176920
4397670
36529858
14974169
39268648
878621
-227390
42135190
5677424
13150034
4799401
24690536
18100874
20592275
21333321
23581072
14091171
42078510
4291730
33907148
18186614
15871408
23263455
6385599
9117081
23408765
42713796
21530465
26952801
6922037
17260545
38394400
11572077
40586005
27542758
7431868
42422130
39647566
27383610
5925535
27399108
-854674
22409970
12315807
38133364
25734657
28964853
15447177
21558135
18663466
3099694
24961307
38782313
28067133
41652335
38575494
10425801
11334247
5602346
3436673
4540864
39463009
38212496
31934991
20749895
4000708
13785768
22236223
33941366
1598593
39001086
3269624
11912129
29405872
15847418
231461
38530910
19301679
11710252
8572969
29705726
8600432
6341065
6830281
8111330
34846591
42105073
34363378
20370536
33544328
10856428
37399283
13360717
11140082
21961579
520072
22371707
14072626
20405336
23471229
-151233
24163199
2332399
24002487
32624331
29239323
6899483
17237092
28174862
38097397
6967593
18180803
9958603
4366477
34493717
15418112
39957299
23841447
37757248
24857292
-412039
20002965
39139909
20709409
881145
43122162
30688676
19280228
11730739
34952285
29380570
1726267
33076697
14116082
40048423
-463530
41898349
21616182
372452
31952340
182567
40263738
18540813
21762098
16031083
35949544
37352985
13033948
6113593
6452916
-661715
12876663
35858767
3827914
18301877
6495651
34532123
36476479
5655671
22379856
35093791
6597601
3808062
6458813
34960702
24536856
35975218
6078063
11309257
34874187
16424042
39978544
37965139
3036131
31045109
8505116
33101483
33281281
17240292
5140670
-451251
22745295
21296123
30786921
32396118
15545202
41896924
12655080
3727376
40760005
38924896
31542006
20745888
12105481
1984812
25543942
29168635
32234070
1547550
26095699
30266848
5885328
42758941
37449564
30697538
5280991
22944318
36623885
446097
17125939
33797874
35373512
27013505
37520831
16423950
4360200
4334661
9613830
41649657
5752336
24369711
11634444
12691567
12689580
10710528
32124089
33931298
31817447
1744192
35892068
34510288
1361716
15338096
26115326
4997481
23612392
6793920
33583904
31314440
7575615
39444651
2133279
41348618
2804294
22892581
42285193
10861172
43187226
3229640
13348599
40284478
4571213
20380446
26389216
28365605
14493750
19900031
23302640
10100192
35256756
28403278
14217446
25911670
25826614
19899019
12457908
18667993
12754961
20416470
36329016
36943131
41094184
18177556
19509995
12202815
13290276
8046454
22039752
11954070
20265092
12304742
30731828
15672166
12706007
4101386
10744177
21787339
30290952
28576081
6630865
29565799
7952999
38422473
4595917
2056444
23719584
29480977
34374728
20239693
31661388
11585881
7876486
26787805
15065813
32720425
5733564
11569648
7550348
41730010
65407
11042032
36733795
16721283
22464973
26446759
15997276
32729169
28911293
670442
40161136
15674004
17830073
25331228
43375109
42235171
16643837
22321684
4478360
31983306
17900616
40334109
40667491
10335731
43223506
4159831
13896974
10031956
19071389
19053897
26590442
27868284
27484684
36780430
25136377
15334978
11858019
30860620
10492952
4056793
21840014
42085233
29034971
24263943
37748110
26746299
31618730
34980622
41471002
6064726
7329107
24295255
12902468
-652154
31618018
6953295
5319191
37904483
18109639
11453576
31840115
10920061
24045816
28882884
6359088
11655252
35296305
264942
7568841
9392194
9924862
4578375
17408073
14489631
9094855
43145598
10598606
6272945
25894707
30286342
14962163
36920892
5704004
20625994
12623248
22521545
18877442
18663128
2563501
12205979
29594957
40491645
41078650
8467187
4666513
18377276
41518229
621342
9232861
11569617
30522678
6690169
10289549
11924619
36087461
38621519
11452946
21816203
51616
6320176
24558503
40009599
33417970
33345575
12132185
32363936
29672496
4707103
41611610
32064530
25811062
36967140
40004839
43309657
28399925
6561815
20831565
29958816
38416435
6596680
11682889
5529360
13363407
25785617
18025599
5820383
28872284
42501034
29373004
1420721
24219701
33601473
23383701
20403849
26755178
14343910
5302468
28392156
11630607
34907118
37042042
32559131
8138532
18002713
28336031
551219
19066462
18453617
15199730
28564946
10167246
37054525
29470
29692899
17185358
29235126
-561122
28349495
35247168
28099242
3733311
15820358
22916752
12725439
40806328
24423362
9873904
38438580
26496529
17600050
9630924
22375862
6449246
21058645
30273660
29663132
23662721
2948587
32458644
23311801
14568127
15008491
9600568
37918539
25350189
17764574
-706445
25917172
1162436
15761609
30616836
10237031
17402820
24051596
42976800
7729845
22141074
20471822
797955
29392765
18792514
37997898
-140883
3421317
37809551
9081237
41888837
14783592
16118006
8243640
31435622
31736894
1770037
33590418
26665495
31004091
31299161
10037766
-245031
38540607
11393469
9182931
42935420
20595048
29055739
3109625
27583875
18250014
12980084
38356858
21226568
37589558
14473604
40068122
27943431
42429854
5692672
30870875
20348710
18171434
20775012
12507001
16998508
1067549
16748761
4825283
41242804
42545639
20058175
13992507
25721425
16442592
12337195
33137051
33470701
30894818
18356790
41373192
21078763
11998560
24559112
301503
5260197
9852215
13328888
33939861
5735553
41865953
5609090
10494404
21039736
28792295
36355534
13449217
30800319
31292356
38411619
20701026
39614296
20749075
41095966
29719970
7200453
6385554
20105173
17543370
6988266
40865165
29154308
39913148
30280078
1737596
27482066
-512918
19258963
39581450
14339230
36016810
19502298
40616287
8174523
34189093
1394084
10751657
40398771
33883830
7231914
32521344
27960256
20500116
2454946
39707009
26881586
1644468
40323714
18124674
10664652
17767392
10088319
568202
21104101
22173583
35419423
22356093
21775201
15134667
15105152
29466298
26710717
2670870
38102203
11731546
18390054
38761713
15512612
6561769
15963681
22495937
26678392
30574219
33624134
22455000
3684694
339490
39203697
29551843
3321280
15117547
43355682
30991999
3383903
13270045
20076044
35279239
1832205
41831219
37251881
11078713
181842
5575101
31275806
16917376
22308584
25739921
3145204
32013039
38199074
18722300
36008031
37243749
38888246
18945072
12171608
42305905
11517588
29479001
11022284
5912965
28480595
-451896
1825619
26203209
42593366
40455770
43460277
17740779
9873381
29813564
8714532
21845236
36943469
41549262
-296562
24308249
26236698
14984624
41278619
40350013
24291771
29931010
8824093
36264647
9816794
21307734
13314102
7781561
2637379
15176771
4870885
1005711
40176558
7974719
4552297
40223738
19741779
7485633
25679375
20463244
17746617
30290865
56217
16230346
11438135
15486537
25336614
32639726
6401855
8444865
23469919
21970094
22952089
22272883
37642858
22241872
18667686
20824514
19468907
651258
23005199
18114060
42743744
42391067
36586285
11310765
29575391
4570833
14317578
35373837
17969248
34724811
31419140
34243491
17194924
37818380
10149048
35592702
43527744
22452229
25867105
12073237
28925441
20659223
36960554
3127687
36673195
14088243
31348862
42387428
8138575
24833332
40888139
37163602
9015793
29269102
20875879
7677609
12942969
3454092
23590674
5923661
9299537
8492457
30254350
20841433
34390439
37594272
39765483
35002501
40409614
33590995
41299523
31741816
6898969
9363128
24238278
34832632
34946243
8912354
37734587
33316821
25563056
17791749
36074659
6380133
22054814
33915660
16923228
22337290
20478821
32052140
36474874
35318419
6079917
28106443
29787136
1932
31605720
29736777
-276160
8828823
3806758
35066127
37369169
9958065
11276116
30957333
6404192
-812729
34054581
29963505
4717439
39662988
35266894
26148525
32297163
25973533
19995857
3568088
17123610
8225279
14275353
8867593
4102455
39113518
32709265
27540620
6579638
37734609
40109283
6915363
23437702
40811813
16737680
6832385
4579852
20091487
35037547
36490703
1846501
25848346
34716095
20073324
27121896
42004429
28454527
38260192
20993106
9591183
28178447
38549800
34743637
41654936
15009818
3878596
26446641
24473421
-857980
41844838
2766258
30936565
40026585
38392638
30187745
23998347
17334432
33715503
11918907
31678669
18484082
36165223
2710740
11770579
8921019
16179407
35751352
23766702
41281514
34915349
21571268
41412011
28210257
41171669
14013229
41689186
33348048
21509018
28218909
11971504
19783126
43217394
16544274
20375044
34893557
23026580
42345276
19551659
3598419
-543634
21326602
5774662
39875032
37401472
16131362
33370847
7213849
12060908
5340167
28722940
23549903
2240114
4593244
16110177
9916967
11265496
34500578
39247201
3278141
24478825
5827826
12787659
40640675
37921877
23581288
27188881
42453885
42825866
25408232
14684925
36226952
34051858
36984787
22392184
25293634
458035
3517802
36778531
3085362
40882165
40599637
42103281
25341878
38167360
27609098
36396739
42090148
40032500
25587841
13320008
34239563
13528737
8525210
7959046
39404269
10122452
20482841
25335317
35981551
16805495
3026494
36367643
42550014
5006622
41164316
-106085
40445009
30077482
27769244
38801737
-388875
3597011
12023659
14087588
38378715
18023000
17679559
33116126
2258830
11312503
9452979
26963561
16133003
16407951
42752319
29593098
37799256
-55781
23458769
34733617
43444360
3484195
36131812
2583172
17632798
16575894
-207925
1729010
35549667
15673572
28315719
37764714
-994102
30923251
38924239
9253242
2054880
9855951
2462852
-173489
10903100
908435
4029087
14769764
21440666
40848251
8841774
2580029
10742177
22236624
18616320
20196745
10247839
10823917
34068164
13701230
29518101
3660171
17766618
42780863
17885303
37456045
12197309
22408203
12217620
4896703
14040451
37143608
2048669
7383381
30830720
7644204
12001151
17145415
33711351
25899511
12350927
14248994
27519140
10126136
36743275
40795829
25605187
34981758
42983073
8275951
929985
19205988
6448669
42505493
12310562
35296239
29044656
23678800
25404485
31911511
721443
16207220
26573621
14320943
38512546
533573
7242481
34089580
34011973
17633026
7454978
17500005
21318377
8294089
20995758
6588437
43532500
9073620
36517207
872876
27301848
28929779
2629021
30070791
30914167
33661409
5196908
37420247
11106230
24990780
27854665
22542143
31176744
19117195
34670477
23647373
39096415
17875918
37207565
37902360
14400286
10390369
33317311
41228045
1759690
43430653
26454889
29805306
31658947
37918728
42339629
22392838
23333977
42555873
848697
5577247
24959803
13644203
9901038
24648339
21897064
22665869
2098095
7637046
5317782
6289156
28306103
17351084
29100047
-542783
29794707
42232201
35103874
10092562
42275223
20509464
29608912
27228580
21054161
40219569
23013892
31176229
5114765
-727270
23268800
39071821
32028352
9050735
12555790
32063118
39453740
31035589
33918668
2959283
38906671
22210390
38442867
10486647
31106176
36520567
34369829
13461838
21851920
19546594
24285758
2721178
17818645
6369197
17381231
41835772
9037178
36435831
21819992
3077569
27820799
35523175
7453952
38631377
38986790
42171834
29302269
20702991
8674815
16927297
23973350
25621267
14798943
12923654
39981964
12604787
15785489
28716220
41687596
40773909
29202135
3291435
36792485
39830523
30819634
9526410
5757658
29989667
31474961
36688135
29041521
3768673
6909929
28730598
43390069
12444726
26693115
20347634
4552088
30535616
32155798
3396038
40043859
12582756
42857886
17746986
249133
35570974
31336264
31897773
30618797
187244
22417856
29524758
6404661
21254683
6913940
31310405
37505681
41427254
26058916
22366736
16653622
24465908
17280412
20124240
6405477
3526052
38712283
37024904
41359606
15702897
9523333
34401426
31010128
12746952
22651478
33177348
5584648
6313407
37902615
-744206
7980079
33316044
30618698
39791640
33153869
22375290
11441706
2247942
1792198
19804435
1685442
39592646
24673718
13130348
17837647
4015989
578971
37984765
6054564
43288197
34741249
3026288
14393653
6809194
21529753
9402792
22211463
34706858
40305487
8803917
35873899
38423899
41095327
29757477
20735263
8570157
10732271
28417851
19451716
36387804
41268411
29082699
25799317
40610490
10194699
35868993
39941672
3030318
42721877
23254473
34349007
2317286
11580280
35935077
23056123
23816638
19809871
7260215
3453413
38026015
42752755
-211025
24169712
10007319
23319603
9851580
14336938
16295423
6562400
41915270
30618953
7561715
30787742
33331480
34002317
33589382
43160037
1010893
30549719
39515050
35283579
12615634
1129323
11415265
11782250
24573124
4889222
17064182
6254314
31072523
37174234
13777773
8830564
40712685
1606481
25702180
3577582
4419383
40199693
11106377
23837501
40112042
29621926
31436917
9699942
9607369
17488018
41167916
36003408
29938322
36742154
4101105
17353237
32917017
42623905
16210496
3997964
3727276
19669905
18421451
30973882
14247514
37013058
7033762
29125211
15119214
2328744
22175454
11690198
10560838
30035342
11875310
7739564
20420147
8320099
12168270
2801391
15062847
16890530
11506680
-12668
9135913
27019846
16603828
38670866
29712115
39391819
14073350
29147835
18352002
-101624
379293
41797964
14145534
31512524
37098912
15095018
33570313
4931884
33720783
22025469
12586578
18778902
36680396
39391973
30076876
18457471
4096213
25087879
31758524
1074666
28424204
984068
7461366
15992048
29990010
26644596
38056310
31217565
12189217
13720138
31848619
29809070
5931693
40196419
29339529
25267278
13066733
11588897
24846157
39589487
4402854
7545273
36055509
4688117
29456849
2283285
37289686
19936233
36380724
2033879
42413087
24189689
21390454
12522346
22340479
11213344
26211940
11138972
38848354
37073783
43523769
27374614
39261998
13731254
16515081
42065013
24382369
4661847
33607429
-363152
26169330
18069251
30809185
4343495
41167091
16968584
36839300
10058425
28815371
42195445
40916456
20147612
35487347
35883153
2350734
33092162
18485004
29823939
21421886
6860955
29734458
12692149
38080725
20180635
23735777
23438307
24187294
5981925
36623620
26303416
24940382
1920744
26976493
20093107
1477620
14809967
18185590
15875281
29309817
19867361
18066699
32957674
23803761
17649659
28784484
6261902
20429428
20196392
36728136
17383117
22979381
31108892
28042542
10230495
12164791
29575213
13137498
4852573
13732827
41324221
33538450
18348415
23968856
25720755
28721888
6159599
28351089
18667446
16970768
30424423
32232622
17442634
11911475
5266349
11417238
19399456
41245388
33209660
32961397
-156291
28941675
30160095
15619988
11790961
9061523
13259322
40269655
9152136
38151877
190246
31043461
5508387
8674346
30059615
34810610
13976029
15869350
1375425
37648299
35273203
29330099
26086619
9328884
5724758
16182077
8156409
34878514
33019682
4066388
34100161
15854022
6027526
33817409
41815736
25534612
13677731
32087262
38798345
27900629
14341582
10634614
27659851
38868061
19346978
32250005
-542246
6782053
39601673
2583812
25543777
13135465
40177259
32877465
26448865
5568580
31850445
24593842
33546579
3898901
33949911
23500378
24105251
25464023
36517040
37550688
1152642
41836623
38130433
40613107
19451979
5201632
42807357
25683148
33970447
440455
13940231
4070933
17768185
30723758
38165152
2954641
10329518
37829749
37380557
22987127
22345621
15101433
20034688
21747737
12155265
42925747
27280316
30742225
14248053
20513829
24619467
-170847
-280862
10428933
42684374
28746306
8068275
11053868
13527308
28937189
29416563
22189372
29663622
8714182
9668845
26776304
37154673
4500875
26493993
30122126
4102533
26343222
