20169032
36274939
30251476
14474911
35330094
14275167
32352840
37135625
42784954
3392699
-470592
25686363
34637811
-599980
27307203
26049430
33329472
40876988
40359470
11078974
40884160
33542382
17042506
2877999
5146000
35015210
28996719
2574197
14072921
40445535
4600621
5947519
27669037
-798184
31187664
8980372
38139861
10249513
3103017
949596
27565232
16766025
1443788
43343569
32415409
17517708
20486332
3727904
31664485
35853069
23484166
10607348
37061551
39851541
42880739
38969852
30876025
11601971
19483860
35217170
29590866
26754940
10612803
17519419
15105335
42827754
12821330
6044546
33624926
31921996
35992451
25771212
7545815
9943698
10504994
41551095
6067759
43349559
37073811
30069263
14759156
20207725
17904231
35078940
21223882
27169723
18811658
20945398
5667561
36525947
26456584
37085245
9131654
33146809
18149783
14184213
30213078
39789741
1773106
4246478
41258468
41915407
41331222
40263169
508330
21915871
14064893
38234715
16366247
11520539
17888315
8499218
2074470
4731108
36956944
16973515
4952466
23558360
2668875
20078503
6200729
5890354
30309418
18039054
29966168
26146050
8512624
18740775
1278013
23132301
17676734
3574333
35278261
14836624
33194978
40463407
25124429
36784702
13384102
-570718
14762024
25551657
785
20829117
28102551
33401546
29703333
33428415
11401097
1052146
24516850
24870148
8055297
28646780
10372295
39802918
25561419
33737632
1085918
-113610
7174223
41346583
35166174
22961031
38514192
15718860
28224403
14617137
17986712
37084645
14999767
24330276
33282113
20331738
38961444
32064402
6655540
8183228
42895126
35471674
9317528
10977858
42348234
6820894
6473502
21311188
15036303
31869228
6558488
4116200
595080
29453287
8780859
12451446
5497520
6564325
11265598
7885271
19759556
35036916
40529544
33529750
37958833
35930532
15723789
15395761
31848984
26482251
19013579
33987653
43386711
14982207
32864541
39928988
1821756
24165943
43435505
15256388
6299078
19151554
4555489
11035579
11982262
10651144
22817166
31302447
16729959
29124666
14816858
40587417
15532013
8554629
34972506
8251350
38476910
16028500
24794125
9468139
23916662
15292249
32864099
8621898
3322880
24181651
8446889
5713370
33837977
24252109
39906528
14770902
38441818
27609856
11090775
25544060
30009155
25327250
38629118
23262430
26807862
8081458
14647034
11449018
30933883
29665388
10093512
25938138
33559215
4636685
12622472
25245041
33065076
7172092
21542886
2690179
1027681
24882316
15977511
39177165
32974177
34055846
42675016
26847819
4457995
31791473
29475330
31768486
13781248
22559907
38490021
34429813
36308591
26398660
36368043
8133326
32844409
40179442
22744689
-418845
20834468
21948062
22750736
18946585
29661441
31864728
7628693
30523645
11135552
31274582
2445744
30398703
5537376
28689986
15055734
12912562
40420398
24358068
41756498
31879635
43506531
33921225
34144178
5600382
4155664
1403851
22395937
2955767
21884085
41670415
27185423
3768203
807284
29640903
27525741
8983969
16151066
3524913
14633016
28044106
9093475
16715096
1232594
39794171
42466630
13065597
7032400
39427759
5129172
8983181
41075843
40861992
7689200
24941806
27005593
11074143
11135169
1633475
12643979
29213474
15658868
15001610
30605972
26342394
41612901
6157826
3201655
20251883
36114904
25636455
11357024
32927117
5060644
31820013
17741808
9139761
32577367
26021561
3193815
25547792
28180359
32876513
42464262
3017760
2657749
6931438
25547964
41429037
19274826
35146689
11396318
41585629
37525636
2125087
26850516
35247296
39998968
6951772
22712556
13434496
12497724
3502563
37445383
27374119
37947200
41258850
23784702
30181636
29642352
28277883
40720666
22623497
42142562
5714220
42936297
39624649
28779599
31280920
15212509
1376188
32642471
22493547
6171022
17601713
8464267
35225273
431544
7491215
7752993
35231076
21010339
25982206
24200614
36651317
21040920
35495854
23073901
18830120
18965146
25108092
36966721
1094359
7636581
27078572
25940005
29699356
43131804
8661969
28781373
35575077
35602419
20384124
22157808
21726893
31050679
20313250
24355925
23940725
31003908
8537040
38378554
35143333
25140474
26242504
33644420
39784915
7670964
2604663
14356852
6910673
39183434
16753263
35903936
15604682
8897481
34887759
8298334
31876069
35515807
16103960
3331920
6816611
42743499
30081353
37785022
28354201
16363417
19594544
20049903
33825322
13997733
34005717
6942805
12439457
39628605
6598960
33415
15022345
881179
-878176
34185560
31929289
9569414
4443886
3873273
306221
726557
25412866
25433871
2762954
31202801
3995839
31955470
25729515
13582640
22662318
19654469
1765735
16009759
20246416
5020791
21188085
8720583
26272382
16948775
30087045
35739231
12985704
-991292
31222072
1277328
16791124
5838812
9040400
26992984
29614945
18278440
7527352
25566716
34002286
40496986
7089553
21064946
4029767
5949119
38336768
24217076
9036269
28741649
42652649
39336282
37450632
20581574
37344881
2617763
12501066
-164436
250188
21847699
37643801
15721160
18976929
5877194
17408361
35009970
25420167
29360030
3194439
21129185
28237289
38817391
19594997
3525935
11204933
20298520
10761892
26896941
19282426
1822441
34069437
21974224
30750
21513763
34212606
29240144
17044521
34356795
30318650
32841930
15738444
27958882
16723962
32216385
34506477
13381732
14245101
30199999
10884040
13307078
1050620
11791751
16583424
38814983
43276270
32994177
28823100
2393940
23817203
5610493
42124589
41939032
35866753
25047377
2053143
13527335
40419885
39761759
38760698
1250243
7192434
18061843
33726693
-171229
16165586
17923424
32512095
33853394
16984064
3696078
29434778
3055190
16854657
7125218
22236133
29530661
20435346
34524402
37893455
2535946
37188930
19908998
24492310
15045779
32695870
15937322
3504441
27473955
10469458
20298373
11657667
21058730
42044502
2065257
27978980
26505635
10182394
32255465
25093157
30004923
10977214
5617438
1996875
14013732
17581819
26136361
25783539
34049558
34538208
20592992
15158399
27285345
40510214
4877028
17167580
13349833
24317785
12246867
35710631
42176013
7602789
6848736
3329957
16277952
15735431
36657008
33054285
39021860
29981194
27515277
13608440
7042241
19267984
37399791
8559163
19853249
39330021
11309923
42223189
28508890
35760150
22513342
5333475
9227048
19184009
3130277
24109566
42657646
3781063
6478132
28524628
21498750
29799529
30031035
36548192
11928612
33449502
43461795
10151799
7508432
18232253
28059991
24548014
40612418
34988602
26172764
26946858
20498624
16861808
13193502
24682887
7089994
8839293
22256222
35772513
58327
16019776
28768317
30131134
12527476
25859297
39036040
8488719
13961010
31777619
-348316
38759663
38194809
16173934
22165584
18666710
40102438
39556235
9690290
14594942
31491730
5880670
32753463
12779824
26982716
28809493
25660383
25575159
6446830
32708152
28462059
17577744
42909440
42501360
20557667
25485124
2100384
29065509
39650621
39829170
26758966
11179426
16285205
31362941
30480076
34756073
29415862
7022426
37682358
27694756
-114981
27275256
17326265
942433
35993393
39159960
7478407
8989178
26323808
36354062
42836349
16707982
597869
22323408
37312187
10176379
31016007
36744188
41335334
43286150
40708866
16907723
354033
36430697
39370347
11769853
24041440
20604776
2156685
32249064
7320969
24466457
11502390
34269967
24790610
10079950
11896347
43296546
26144823
19982982
19673372
32082604
40723119
27481060
32238666
26041024
12260341
7467883
8063146
22837346
42128506
34472301
19964006
36511030
13481861
37396518
5458915
23308361
922688
31617776
43119287
7829619
20257425
5592683
7375522
12673339
30750526
657516
41966738
15323243
10917061
36217365
27749274
29365306
4036694
29778232
21970668
8265061
24487087
5394379
24728005
19569076
11976762
15137424
10618262
2686849
3615458
21812486
3649825
4527305
22020976
12313260
19209723
8805780
9361029
5761008
24333062
19995398
12599924
32606734
35528709
9250500
38420010
19348419
18934281
37869235
39568981
14132571
15532445
8807497
25523303
23248101
15971418
40811925
36674377
31095235
26692999
13223545
23031369
32229158
5384538
33413086
41965523
7754755
25383699
19571038
23706699
9563132
1057358
37598956
10184087
26314284
14262669
12620147
22332831
20787530
19721705
33793837
23986043
38088314
13847788
10644448
27333134
39303654
29864853
34464656
20461292
42068129
30323887
22966392
30054406
34871756
38336880
28089118
41117091
15356396
28367040
28957492
7178562
36195030
9486719
36957868
40611912
36936988
20213165
3044421
36579752
31751123
13014519
34263649
20693304
27362498
17480231
38069196
8241409
6648908
24459839
33697320
1535942
1022481
26920962
23189380
4753542
1358418
23308489
31289588
1827310
20790215
9854258
10012500
36674614
14305738
32412497
32654068
39775154
34036075
34370754
25457701
13840610
25113565
2540303
14535247
29603490
2806722
25339226
19271163
18441829
42060326
3805750
41428927
18725427
12870051
14593460
5911981
-55481
23150599
29684469
27271129
6470648
18648431
38668783
28691504
33445109
28277060
19880733
42216073
8246168
5357171
15699236
30566882
24513539
16664212
23319270
25430277
1133405
27799151
43451827
10202306
37482600
21273285
27332067
41323405
34114632
13492804
32290096
41002737
24509970
21493033
17283563
36564096
16238552
18344786
24150200
19676256
25090552
42865106
1884079
37986667
13935054
1532929
14081522
42518676
844860
8728093
6667872
22571793
11091523
32573557
8020179
31957379
7492916
7966368
33608065
13064137
21623731
32386753
24722947
151813
3985004
24787457
33492365
1382520
31099580
33362421
41567485
7287194
29858664
12770279
5882929
18146198
41304503
20829861
41720372
10262385
15255258
9709346
27739882
38784360
35237556
26609029
38946294
37049621
6316473
-107723
8764084
-555784
19256821
36003897
9319537
29587001
38915993
30547067
28454652
31283911
5564574
40441867
32524014
42096572
27812215
40372059
25698325
6846733
15996597
25935670
2248847
17117840
10321864
28912317
6963815
31158029
34722557
21071883
6485323
12494731
20769643
22950126
6757865
5998293
36798842
-821796
42143856
12698596
38432931
33886590
42249829
27273479
33283191
40170511
-539062
26625477
24656719
26597221
19993445
25318896
42504351
17572360
3673742
31826970
26936776
8873549
14242499
42979673
25486999
36525525
26867241
42660920
12435575
28735133
22831068
2226515
31920423
28704806
32021115
7891742
26525522
13119035
21832453
23758031
25009997
32051929
41886324
39271925
39183190
40747044
27537313
42514441
30329197
21788312
39106802
25475786
5558010
8412458
23649244
20583616
7359813
16419394
29315459
33070391
9520413
32157414
26168985
3349965
32151735
28057910
27865309
2770849
29669528
43173761
31366590
32508836
22939597
4451837
11165486
7821110
21635896
20636894
32827422
40274816
39729035
6594060
36854560
30743970
27714308
4250047
31553409
34260119
38734514
36805234
33710566
25926451
11713595
24780690
16155739
2786150
11402153
8694416
1513884
27466885
42135364
21539027
24651778
7299732
18636603
36812375
27896411
4964540
17154548
3286607
16253430
37641694
34793589
10825089
21437429
8723360
31806686
5687972
10582037
19312417
13471185
14854046
10962496
4086617
33108760
11174637
13353855
28209157
14320273
20588663
10570242
17614513
10394730
41661802
34135899
41866209
1899243
27623092
24709131
26023662
38630876
17193953
3309797
41346595
25834255
21325411
34630158
30280682
20041822
40792269
41242894
12522475
10468270
19632369
40482537
32292515
32129804
43454769
6389653
32204710
34420930
16606390
30885096
3913916
5656876
11143130
28767041
19526724
39682877
18069221
18184034
32915869
38102617
10593399
1156847
35159111
25545535
43508707
10215623
6485769
26396117
14171946
27792126
19331393
26903060
37466875
27263798
43504074
42867375
12173447
33751347
14594969
37735553
7489891
30242983
40219497
41001813
26049443
34962502
34441977
39874458
40229261
31492636
6096060
37723111
37702593
12920802
16490052
26622675
28814596
38449181
30708900
13633369
28999327
14651076
9446183
2872888
17224878
14198273
40997221
-135209
37505490
63290
24664108
25963503
33620509
2362718
22472532
42385611
10716365
5749184
39180841
17901679
26914867
14786567
3305963
1836766
10225239
37478188
17121316
17927103
13427086
38377384
31575682
-792460
20399899
34714559
5688010
26509947
6135740
31089987
43493607
34134989
30634500
39725669
29991041
-415323
14737724
4055164
26576689
16537346
8961169
11249979
15737606
40881194
29417410
3197581
8682753
40683126
9110696
24953504
3978317
32166803
8583482
40376696
14964887
42330316
42144803
22386110
1064367
31188227
13753228
17910494
9860273
28715374
14763373
1791113
29808514
14139096
21449032
20606786
20095146
10531819
3254416
33608974
15375582
38320362
25136372
14698738
42206777
253174
18438452
26348647
16824688
15378626
32841395
33311341
10664945
6422326
26168510
19597327
30196445
39485944
14669173
27810828
27564771
8504735
40040730
4777968
8488092
36949179
26662163
3342520
27552922
5721270
30788039
33165369
7334353
39125869
16827585
40507621
32214225
25027376
27509930
8642549
25677950
35806708
26879801
37173293
30799120
2582750
19454157
33236157
36847476
13002319
36615195
5594599
13147554
31697318
39041976
19366448
4115634
6265527
29949280
17865020
2981808
7184458
30631713
16724806
7506712
41279541
13729448
40478834
7255630
13371762
28201506
17832436
27210709
5535386
26481856
12436159
6989357
22215562
29166046
-669231
37490909
11381152
6365227
35153744
22779797
39395086
30437556
25648320
41373740
3063067
23448351
19455066
17110527
15408334
31204005
7096753
5835377
42363700
26621745
7883451
335405
36035362
28913152
639711
37766895
7681081
24715154
36413902
7537341
27592010
6297243
1041019
15567333
20206721
15401558
42065900
9041179
4961267
18773571
3007422
32504665
37161910
3040803
25954701
16312459
38716887
13914998
8142241
16295414
36380224
94010
18745965
35497371
36322833
33256302
1816547
14429965
22833867
38104503
26131218
24675652
28851078
24948350
9372905
40116375
13930827
13785890
17702570
7977289
43156652
33368148
24741859
30157638
20239288
34306213
19030247
21287818
12388916
11782490
10783010
42042410
18436356
18948995
41505481
-263720
13686515
6067863
21811343
22838063
26045906
10177129
1553610
22740724
36872157
12222857
42370587
13802709
40211260
36065380
15679947
6542798
40493630
10370581
40576741
39364726
25692548
32147405
33298847
42041474
41952623
5820329
28826586
10009315
625535
41147732
7913797
32853718
16920508
26641290
33828169
37741854
42457446
34131070
372288
12746046
28392163
30810467
10656555
38548017
40475229
43350759
23865084
30818204
25046952
6413799
26900114
15155230
16247326
28969354
29056088
41384682
17219976
40136894
11818291
23853480
39210409
21845182
24608974
5830959
24896829
22220103
16415880
43206300
23942089
23109638
9986975
10255591
32781508
37633226
3438768
41631939
11690836
36587867
38574318
18968731
21444755
40728987
29298144
1355135
36547130
38713857
3470519
4405381
6555197
22826915
12186076
1094152
27660380
33879026
1744630
2381791
41759509
9710078
16652137
13452220
-246087
35012413
20117450
36644328
31536676
4037026
32589905
8478722
43315918
12703524
36967805
28947578
6720252
25370651
-208574
231236
40713218
36893168
25746098
25345932
29016591
40875242
27415812
22236576
9407050
15445884
11796334
37573669
17390719
10382240
12754741
7074866
42172903
26704160
7564917
1656169
21280381
11890657
17916765
33718021
30637405
1238569
26349541
12292608
25812167
20704951
21336606
7423929
31344155
23897362
28407599
12655202
41488917
17315905
35448782
34370191
14946317
27734702
41837665
869057
10296405
5061507
25240858
24932818
23169327
18067235
-425017
11539652
37481105
17851533
31369907
10997561
272289
42834272
34251498
14885804
29951314
21391343
32109608
30080126
1575178
28133350
41099438
32393732
24558549
20189517
21690213
9584581
9352116
19847970
30623571
15311924
42092920
14141141
24281621
5939143
19653887
34750010
29037521
26928753
4697302
15907004
18060161
3853073
3599220
3883477
36245129
30168927
-21860
38654942
31887724
20810994
35594370
33140411
485892
29743789
41966311
4044815
29264990
6255845
14711821
1667920
10415607
2229623
35498763
15709738
35603
26034017
30657668
3334773
13813655
1858110
24224852
37725884
17240009
23587528
21116418
25587320
29443191
9020207
27615505
16345973
27763415
25946787
17902052
40025793
15207644
16870511
30464866
5589989
29135560
11616777
33585328
12242015
788106
22600097
26343928
39743704
22878106
7691179
10425626
2959575
34384172
-875377
38445653
13045669
35309966
11074960
3150010
974355
40334953
14698093
42457876
28377159
12147895
3811797
27199637
27202834
31539675
9976595
29624316
28141228
20857796
39801166
6021570
15435175
14307856
42864335
30818663
24869636
38065494
-657578
27745734
6915070
3867593
20512269
25183629
1909508
23987273
33302266
934664
33589822
21495212
11222322
13395881
11639079
26670140
28227369
41012192
28213064
38400323
12720454
4113513
16312053
444451
35449077
35840571
24614304
23514497
25653655
34228681
22611890
22417936
26034292
5672398
14736054
5893698
11395477
32314065
24235002
23768919
20898135
30173842
16482749
40066148
35974849
19819368
20901656
18687972
37840837
-630989
9290061
9272398
41622861
42295081
21131604
39702749
552530
4496792
30325765
23534348
-919751
-651064
20153911
22006038
10872710
40778367
9533650
62929
25565322
7184177
6552233
8736356
12782406
29546522
30090787
22183088
11229513
4511147
29355166
17963081
35196236
16342692
39866750
30100683
23166129
13642645
24807446
4424629
17974242
33869027
17162455
26872896
42256531
12080286
27787400
24690035
27745933
24609946
40001869
27132373
21582262
32283993
21285478
41407418
35419198
12823236
-469814
449348
27338970
6618983
27657456
1081539
12896612
12766277
42040916
36780988
29263989
28237120
21808384
15568131
18327396
18668062
3537963
20615152
7288194
15994881
39854199
29000710
13043302
8995758
40665466
16635276
42197004
12837979
18623583
15959399
39276344
32809879
14970530
11943030
15401880
11364057
22198937
38142452
11613907
23656191
25290456
35031632
31601403
36217879
17232792
37855510
20583340
35057520
21552364
5629950
40960688
2115356
31645949
37702985
33895471
10218914
34778827
-710123
39523888
19130345
31769983
3155346
27856044
39756572
-60961
40115482
31808069
20480311
3465815
2052314
15223590
20781803
33201430
30881569
4943708
2577813
28815592
21942297
24087534
23838295
8316129
12559924
19777978
22370380
28295002
29930438
19119760
14479795
20421090
32572963
3987538
31393521
27274271
11343907
21943639
10268236
35874855
9506563
43326465
2819779
43265110
26434973
20747828
19499275
34003758
13165685
24830965
14656336
17434416
21705755
10811388
12971133
27568631
23841521
33839306
7514127
9597199
41352758
31710387
41936659
-690283
27229544
43205465
41550826
13673315
9577980
33820094
28790654
7406472
15639429
42489499
31151745
36447373
31177976
14404970
3531069
35634171
11856148
18310273
11625677
36732302
12224945
27321826
9555205
8155341
10023746
385507
12387166
32144100
34612576
28184736
32114119
35328734
14313401
30980749
3972685
43107122
40512775
43221347
1126632
913172
40651727
10609316
14452406
29452306
17567762
11102013
23578557
40672245
16959042
18979571
11344847
29373746
996446
9510381
9270226
35329753
22261628
4458170
34002268
10693621
5588824
19047382
12484899
-746470
216220
876677
39339343
3545534
8951270
40082680
21436316
-270989
33590961
10847213
14656818
18517177
-971021
42238001
39740583
17377657
16662427
558205
4659049
29132106
13886351
41842977
19875179
29373817
32664152
4166768
11815468
5694454
15015772
18646890
19126270
11432066
11507225
13742055
40495595
22674895
26785204
40070300
18002427
11751020
18018167
34238236
36370959
27267655
6247909
13065524
4890917
31065836
2781414
16404649
19469629
20236034
9128678
36592098
26419594
28387664
17732053
12265929
16785018
12335697
23023860
16236474
25374032
440441
2074596
37302870
25262424
37557845
22107018
4537873
19024127
30823150
13549793
28049326
21460820
29983648
30158118
31672375
17891138
33563742
2750934
35819081
7177676
21421526
42938766
2787770
1516969
42651420
5204221
6888360
30767015
1355392
24971388
15863087
31948719
12800279
10500222
23763942
23774941
25533258
39775921
16983774
1090989
26996500
14080264
15303405
14423483
39114083
19348302
34016874
28357044
13421591
20467646
21340536
36100532
41113087
11828169
17996506
36885155
2865907
41673027
29663534
41425389
42147022
28002625
23493419
17698603
21653119
25078903
23308422
181286
23458842
34225328
11890858
37287824
4885604
1216549
8296432
155891
40800615
11304883
42067469
3145008
30785785
9703142
19966531
10998307
25380656
8584420
31546956
38226334
17822988
39794091
2735920
-946372
5601291
-382346
16909269
19228129
29552399
2683875
5605731
32515091
30458158
43223036
18131122
14176060
17766359
10522073
42716197
43425852
6803011
23528460
43156342
8824068
4977555
15617579
9412369
6169785
3356098
17887050
15358419
31746938
28963487
37144590
28961471
13507474
-420345
26486078
27517136
32743053
14688483
23806776
26219481
37199508
330024
11862690
41493743
36189312
12869166
35049539
35456598
18346726
8023545
39525756
23398270
13582710
34773362
19612386
10928420
27718998
20375433
26797720
16238540
38934845
652384
20222391
26079278
20296373
33737208
30743898
21017804
17376377
5678779
20664112
42306265
42288205
11450705
12281873
823541
40399450
11513371
25908292
7375531
39958380
-889675
14584053
19102548
34971725
24695319
38255065
27474781
24654557
39494361
37856901
36014453
15860693
12633656
20498660
39464754
911847
12775756
17598276
42240011
3954702
13360259
4835657
8772786
-847357
35855419
36824569
1034336
4613986
34740218
40485836
24653675
35101029
18021509
2527818
29794106
30793925
20243271
35769345
39054121
29139517
30100038
11620462
30622738
36812551
30824469
-523146
26087599
24357131
11991010
35363528
1645692
40978153
24823226
2052377
17696118
40608778
23325473
27201379
36670701
26098690
30125415
40969485
10693345
24213066
17325874
26474135
15474083
27677389
36654775
29785495
2568914
26824446
17850594
38418618
32775352
32818802
40498332
20356527
23493133
18556032
32095377
18119671
34896548
8231096
35324053
10456039
16815203
17686164
33150270
31332057
15954060
869205
24995940
380050
23893296
36620803
19474271
794590
30087429
10606314
38695864
23016954
25473254
28937352
18858067
28493117
35366532
34078365
16078595
15207481
10057737
1075239
2984212
16747500
42272167
40775720
1864016
36528808
11243325
42783944
23334042
3621506
29200353
19471172
14632918
1547352
18098342
6425305
22715485
41093596
22412394
5486326
19031125
38314493
5676488
-908693
25223614
31283935
29815582
260130
14793758
34004648
1081244
17549283
9859984
42126544
38592744
6304824
14142670
11714636
19538686
41272431
1579602
6827911
6785524
7991714
10101946
35603865
25179507
27203387
5124121
34097098
4163868
35083838
14801967
23434791
33526847
3777406
18824125
16339736
18411729
6357688
1441
8626712
18608205
27833217
11154853
42474200
18098269
36149544
32364181
32513537
31134030
8828627
21480876
35518433
23058456
22437016
42942279
22097625
32618164
24686525
38428700
17903869
31000897
30889621
9758262
22015380
30577517
13286510
42183783
-30137
29994972
19904853
14896264
15709659
28738120
16221661
32432312
5944423
13933803
28468305
39462616
30194719
36507612
21798678
7978957
13749022
33060546
20009213
10083962
35611494
36669351
14639705
9413829
14428753
14438181
37173335
20427982
775765
23823781
12011086
36679485
28230273
29012006
29731006
21953426
24569183
20235339
40013809
747820
41145371
8439693
35825325
42949227
12807276
19652007
20568152
-906437
15939479
16922753
2795552
2827319
37722410
17812840
7968211
35466563
32999143
-87291
24659915
38005035
12942368
-279433
33571311
21082921
32008248
14237774
1570979
7282590
25287118
22819440
15199674
22119716
14388194
13896031
-143494
13392223
32093428
34184529
11568609
26713303
5497362
39061147
14440949
18136913
25975714
20146394
2221002
7418005
23445352
24967322
21330305
4687103
34816663
26654445
29571929
18192007
23945197
24721533
21259916
9729553
22589717
31619545
-864049
41417160
25724461
23851937
40275454
16415043
11389826
10228569
38889015
28730046
30308863
4870262
33248042
4880119
33238747
22242534
9494498
15179445
34855873
1626567
30351223
40709870
17925006
38025648
34954093
12630294
20321708
9623944
29177764
34801989
41234169
40313006
28296102
38333465
4890111
15992075
18390803
17812605
38110823
27636487
15749865
13163115
37330167
14707744
27270108
18502116
-7777
24774600
25429295
26686294
40057390
31687396
28832500
3279069
43150989
5457960
9110108
38683905
11376104
5061230
27803235
21283283
40934123
24195371
41663706
14742386
35337824
32471165
37018323
9068333
25435237
34190039
27950254
43364906
31668266
17559533
14327689
27368118
39528847
39680121
957360
42476006
31371951
19857782
1143781
22617536
42569626
5016414
3380471
39326159
5426966
4722887
23455136
924505
18809338
13896099
25272700
39584952
40166707
34297367
8386523
35859149
41934055
5602869
42627013
14247912
-786824
23144602
17726976
34158296
35018034
37472625
20041671
15470422
16925210
8296063
25642555
6268004
20664055
4598445
10106287
35399440
24726561
9451619
8706697
14981323
17694390
13176658
35690361
297757
5057656
21896416
9996424
19314843
34954971
6088633
5002220
43043362
13085656
12656422
7443770
38269655
13661081
25540372
26276666
28457744
4401804
15364711
38467697
18063881
38265630
22814737
4329771
33357937
28912218
30378338
23238497
18028792
3677427
5613850
32406402
41572309
3980533
1260030
40712847
1825765
32228368
11059709
24259291
2988853
43519600
8550103
42480830
31338302
21886610
28619494
21267964
11473041
21699773
2204321
43532341
22723703
37667288
10860562
5187384
31442839
26886870
39220122
27162656
42319740
42766000
9751376
40994696
31256627
16341
26705192
35330965
37310328
24061195
13860657
16850262
32473200
35119752
21335312
21186376
38850007
32567999
21473368
5580893
2978747
25371244
5844858
12403815
15915727
41696049
15144589
17103076
1062583
39738542
10042371
4220652
38493017
30054899
43394200
2130827
20251150
9457932
5030342
7692082
23091689
18916683
37797599
32264339
3996991
25201467
34362197
12918188
16818348
18307690
32770116
15920093
3972486
29475028
18960722
17008447
26214353
41939349
5518089
27936868
6716950
27013957
11972623
27255121
26140201
36481857
17920215
33423413
16504031
14293979
17757318
18289816
2699457
1804788
20729354
24774714
35886622
30734062
15552275
26530756
43252620
4281503
40331707
36729657
31442815
28258022
43155009
9984962
36864761
31786596
41468625
8497304
30613634
5644642
13801631
21850296
1697036
32132207
12397715
10022785
31466274
14258145
7344470
38099587
17546382
29476844
18337891
-2445
3220278
15546474
20697834
9439607
37897381
37434702
1998172
35249507
32959971
3390703
37754636
35881639
16850863
39614658
33198414
42375588
27891788
15971794
32912772
38110493
16784196
26528273
9316809
732628
38923026
27014115
567383
11302860
23880209
25038133
30025053
42448302
34476726
38307562
6894733
37538683
4186109
22180002
34577181
40729927
37026236
9782093
34016399
40555285
30269911
9646986
11252909
32382597
17539575
771369
27619341
-579815
864610
19364702
25890753
10878010
41285552
10688692
7972692
10301328
43173127
16019006
27264113
36347882
-317897
25858114
31849864
30935459
23452001
27087088
8209143
28455415
7520228
29176958
38876936
21699185
27948156
27737304
23681661
36390071
30711238
13716155
3851230
39310489
16827798
1008749
34861899
7087774
3290659
40312165
31909797
37137723
25423157
20969303
43071613
34861753
22639665
33005999
29436422
39380257
17638420
28158710
10828025
40663872
17028896
24655936
9138811
32871947
7489009
7648069
31516236
18826415
9780560
33791439
9025101
10620802
29253311
1411791
37456767
2116990
41761240
14916603
34096506
8630215
41489329
21443512
8180819
10739501
14869925
14707285
19355395
2260115
2511496
14228272
27410120
26326643
5773809
35111219
37072386
6993906
41542087
7402337
8834178
42722056
4253724
31704305
24305837
14684491
5286946
31141738
2467941
29217152
42755684
33272005
37674966
8773216
41646241
28683995
5778393
33076997
15526984
29711492
8855464
29405507
7595775
40560965
10713626
33746572
35596124
34604597
13283889
12413550
2750189
2012454
13904007
16755504
-444601
41355420
36982180
43511702
7143855
29921672
12927004
30048954
24310370
23439592
16872731
22057313
20063476
27553533
13330789
27546946
9721044
22785801
43262833
14524435
345839
18378353
25231708
18753754
43026122
7065901
21051828
5092011
14469777
8645545
27278366
5884855
43408069
36948265
20525948
27711318
2423173
40779528
24084436
27158907
10635873
34607002
43110071
8411688
25430041
10379272
39017981
16684254
25154674
40143426
12376185
36674054
35407337
33693032
30971029
20299400
35489995
10927671
31600523
27378829
2359390
13558378
33050829
16836892
34474741
24338858
11427303
24448573
24359003
34408076
-946785
18018703
39103604
6076557
5304166
39294498
-523399
17896567
33063384
8892072
20824788
18111759
16706035
15771967
29246584
14947439
14540289
16788718
-242935
5555384
17770458
13395215
34591092
2461632
30046629
41206482
36253936
11515749
-61239
12245442
11293355
9701963
31799939
18748016
40967148
42544921
-592588
759005
11352985
5732353
37398339
38495792
39869467
22385104
35592336
23898612
27902764
1907127
38908752
27751292
37877181
20402177
26837817
42772641
38344869
4818506
27540564
13271349
5735113
18923999
6192801
25339996
23190126
20288277
26759330
42698854
1651760
11711157
17412748
24054288
35191338
21285587
26069982
32279792
42318722
27694506
19285930
30520167
22409216
6734569
21143426
30351818
24479883
39850160
17746861
18096512
40564786
12750634
10280426
37332349
9536766
29778289
10496637
26744941
38358993
3942280
36639339
37502169
17971488
21713726
23608855
12995858
4851562
6980552
39406764
43167509
41981964
339528
41886057
15827452
9468334
25580815
11569472
26600980
2575612
17078562
39511467
41788835
20743456
26546476
22360392
2033024
29005105
8151989
43442588
31104967
18312534
3294148
798712
8364619
7218197
17802738
30461798
7469222
36540219
9862250
8935488
2594608
1597386
8867601
11379289
29241994
25358875
151592
7153200
28665069
707475
21621731
6137017
28329953
11772692
40205731
9968760
4852656
6728367
10550586
13593286
17850804
2051639
16455063
11131515
18663993
27382400
36579669
41443677
36507456
12420114
37020055
29564983
12042790
27886176
23837005
12285269
3071033
36655920
13367709
12819310
2154867
28882538
20927212
38724981
253118
12026849
24819279
41885884
27597813
41779390
34845778
13488742
26544362
42541594
38933986
39171782
40297879
8064527
14291618
14968543
17296583
18633527
22673746
4061224
37343570
11461468
3187350
15172788
32514152
5758468
301299
20215550
15212127
23179595
18833282
5831004
42551972
40004616
31032513
8369585
38063856
22911520
15755016
8653207
13449378
1190145
20673508
25839026
18684209
29060203
4126829
37055993
6406619
-567980
32175177
26722396
23378504
18208181
24662737
38744218
34230842
43075082
31988342
-514865
27170935
10339333
40771360
8456845
21271336
23093961
30172436
25676788
12508416
42851065
25071436
2546101
8857611
42711864
-887666
36847362
27200040
15447274
11948192
14155289
42907233
26038741
20721926
5589444
27368909
8274770
-972001
43384191
3077308
31237343
41165207
7356254
35704395
18933760
12374899
35288460
40968878
24202604
14041990
43501
19257181
31813612
35505634
37005646
11510138
21639544
4128110
21153655
36213288
39742440
23108846
42879942
35932659
26843339
21440725
16291871
41338354
19634274
38198644
13363359
27432056
32842339
13285996
42103973
24652552
19274235
19014828
39060214
25372588
26591673
40533992
9145233
3838886
41442027
23040710
37734964
6392495
27622898
40745532
11277685
38637282
7106669
43025479
18355545
12247217
24381437
25656502
19117374
21578872
10645285
26208833
10439189
12639380
2397067
12224724
27810609
28017785
32831237
39318019
-567726
25423067
35815675
35557944
41669720
4957580
7871682
-580655
4304670
41303455
34169702
-456940
646577
33727108
9241844
5727285
13398194
28764012
13946501
27773474
29520
43182863
1767086
20102481
43408515
20296720
24575625
29742253
22120025
8224967
36895228
14478734
3778515
23140710
41197505
23874718
22057106
9003108
-319942
23457125
35841012
27302115
20852644
43418469
21013116
23290097
21285672
25496040
20438619
25087671
10561984
35359481
18993000
39337046
13207563
18151779
-899342
6867250
8741854
40721305
20759409
27645556
20686229
8029889
14482831
32285145
26755641
37954437
39631440
6598753
43131966
33297632
29696957
41656741
42157026
15715337
12598411
14630277
26247173
22453265
35803383
39048602
21016008
38410591
11582302
25625181
1214342
26212640
28535167
43313369
9599945
20641745
14199535
37053531
10700598
25632026
27239540
18865866
36828031
22877002
7887379
28633677
-428210
33345701
32127947
10483925
11554538
41258996
3446790
30856020
23620869
17587844
10081494
22122909
9121540
3969014
27462989
22525946
1654223
19116784
17635195
4126718
33472027
30782703
41948716
25217304
16840568
37971734
10417299
14725964
23375947
16802081
773719
21833120
6619441
35174418
20208707
24954439
2904967
14346429
9592487
10277200
22846255
13101486
26902005
17712872
11589613
6583125
39007680
22935714
1190091
26693031
9874532
24150941
32289921
15416810
36812169
6959112
28582595
24265321
16545611
36404390
28260984
32724926
37891614
-514629
19022519
21736607
11214351
29760572
29621710
22318427
161254
36573022
41011667
33876534
13850280
29863744
16198807
25130642
25635466
32201951
18748469
5633757
5863918
22486295
7414104
10521520
17140386
13770339
34105300
21421543
33719971
29240262
11697849
22818569
42710475
12523476
29023396
33582147
24242400
26556791
37182458
41926395
28565643
-366098
42572144
7236140
25375442
10598773
28905597
16290627
26775853
37356536
9012036
4441462
24167490
-553224
35123249
476240
2548202
15496883
23869340
6712701
318990
16725569
11671402
24444576
31864737
8258785
16791463
5754356
20010490
4396752
1884888
40972292
32411807
18303985
32535386
920834
5622629
1370993
14846005
29000597
5733687
1461611
26850763
36359259
39077711
29444476
1719301
18766461
20559709
36891087
21656520
43127670
40523654
39114078
21775863
5155417
24857086
4071566
14839874
13325897
10190948
12762405
36867983
11180650
13095022
34781169
39298792
25935613
6933884
20281121
31139105
839467
36157143
33186507
14117917
37941069
1151139
29685035
17789792
918213
16202939
24754209
21229911
26360994
31566589
31193152
10035721
29281142
39008809
19658878
31721050
31773786
28555428
17559188
11960452
38944672
31976688
19074213
3146992
37534157
33996400
22430094
19908931
13795539
28220920
31069858
25501149
23056686
32604576
27089467
10859429
26611143
37797817
22910064
13834150
15324047
5672822
11744058
12928868
26313530
2883193
23032926
24635335
6026011
10221340
2220946
16838956
24478639
14991413
15126771
29634851
13889426
42319574
21227700
26774204
-124602
25376075
5318416
38930360
3730282
3632349
43334302
2697310
12625135
25091120
11591686
1421242
21316342
11573452
18654113
22138970
17558792
9399402
38029181
41456701
23312452
39906777
1321734
43292601
12031508
37094023
26114183
24767005
14528467
13219349
19870723
17823757
26588091
10981086
35045671
2066572
8512636
10627533
-189230
24671753
3594323
36743374
34278139
35775698
17767393
25936933
4321914
35192977
1570217
-937643
23478778
6135778
17698925
27921061
19794206
15470766
12205981
29668571
40291118
2581107
10647773
41752319
9303854
338993
40277068
26102978
1353381
7551537
37524047
32481706
38075453
18285889
24269311
21818425
18778264
13176994
2104418
7098142
13135190
115015
42178692
34185461
35646693
32131732
41481908
860602
43075037
35703775
2611948
33958779
12917785
27071312
21073917
-483187
33924383
34936243
37433060
29921605
6757618
24819639
21549671
16676054
26473484
-774444
13788231
6502145
2720493
24591440
600168
39972236
37721970
-254857
17605017
1491453
25293675
28535012
812991
2550243
15614187
22422432
36520194
1082316
36976211
32120832
37499226
34771342
-828869
25932356
15179441
16582882
7881881
30781605
43202982
8031976
27122237
596499
35268652
32414516
41118176
13419544
1346922
1148497
14934384
594998
11679584
35246238
20856404
34117070
19106175
37073933
4335732
10890432
26539008
3172965
11471346
16376956
40985148
26714666
37694692
5071805
9014595
29580143
17551348
29031529
19354078
777673
17551686
38147350
25053140
25076909
6972510
9550437
39267098
42924096
20757315
1904752
23249055
11507982
32527663
17677560
10840845
32299697
15765051
21284462
35418597
14409326
722637
7512052
8851072
24886306
31708482
20120190
20259575
4459782
27848865
29129348
10567766
1455374
14044912
11431249
40622789
-774058
29265444
21703907
6822394
40528912
7045953
21071915
31971579
39096583
21001021
6840204
21111805
29275971
32955700
3745139
11771284
27315918
29880838
43250565
9514202
1087200
142352
7884601
27801103
42339264
6829229
23811497
40070880
122023
29082538
19951476
42721511
27828436
31275482
42646733
5009423
4719529
21851044
28174853
30966124
20065389
7124266
30388422
19264599
40973580
38647445
16419577
5208214
39960259
36524054
27394351
2040855
12438852
3140942
17157000
27511258
6995027
20114984
36799088
40581685
35240492
1547628
15640339
19197974
7661410
3615579
16112494
37451304
15558776
32444505
17687338
6228177
23154686
22789504
34530246
-517692
7680106
20473330
31619502
33378384
20291058
8328791
37924613
18430730
9095705
41963071
11394723
3179160
42637874
14181929
41039709
18976121
34481187
16534214
5158289
42650531
26229755
26719717
31762875
3785472
13201247
26632677
35037356
10486155
40770225
17517721
9379078
41636820
18102521
36150887
4902778
7351268
3345544
4793142
11453204
22496312
15759062
8987858
26892460
42702462
32406740
2385437
5255121
1879307
35067348
22553693
3058513
3283224
12655079
23527599
11536590
30833337
8094708
-787856
18792191
32912580
11999687
11415686
3125504
9267744
24437064
21429185
34607475
1270928
28242596
251881
42464328
24426991
32592392
7484702
5993881
11153420
35626223
7935208
16813681
26827913
29372129
19375162
15893257
23898401
21630955
-768296
890304
39915940
15991697
29973469
14516934
40302815
26808940
41667695
18566469
17833056
30501599
39621845
14032923
12470258
27681540
6519910
2003095
2766110
32793430
24214062
35868934
35423449
39029762
30007657
27834831
1546041
23548565
35848788
36402284
36786901
-463229
14695617
12848707
38172939
9440810
21453427
2083127
19150876
8762533
12631734
29378482
-200685
24168296
2808988
2513762
19080642
10020282
13099225
-171699
15190077
40388754
42438601
31592949
26494634
22590121
17193989
29818812
36828721
12617071
19334353
31871006
5323228
24003406
41842344
19919485
29247124
6234353
16503029
20988107
7873412
6628959
11763249
20525565
35888956
9594828
8043661
38141746
8664479
3857161
12217383
10289680
24167647
33237674
13480145
38232768
16655329
29360168
29042349
18873228
4051652
42450520
21012525
7283468
17305751
35575983
698878
26314593
30381647
19134127
2131347
29065676
-427605
26685301
185385
34066587
27140294
4404407
27766486
10277100
32976354
20195075
15033674
1126115
16865321
10701649
23693487
21983624
42718687
24760747
1796197
28393015
22678894
13563586
17622315
-430105
42504451
23391043
4231878
41358144
26489668
25574161
3639901
8938678
35223068
10757124
24035654
32674173
29025361
39553235
31245318
41553703
24390393
-515554
545950
12234340
22610547
3674847
18334137
12931710
42549530
34014166
20506656
30343019
3855
40863342
18551275
24044610
21278295
13728343
37156045
39487123
22705978
38368350
20822134
35688468
7743870
20052262
26734492
14949770
17948384
30740891
31841434
30480876
13229001
8109059
41153289
22043824
28238884
16149901
22983828
41648835
10136293
33515109
10017185
31653691
6480433
22064319
9890227
27501691
10994973
25235391
24799166
9079966
43488057
5516050
7661627
31722676
20993402
34595544
20065311
27907174
35078851
28178582
3662188
26876716
30282560
10938825
11495313
21823760
18604288
39538710
26563320
1985852
12381754
27120265
29493734
13280821
22618118
25994483
40628535
18305733
9825487
18640014
21442687
3617983
35412052
1164675
1781878
16845709
13820728
19827611
33159000
9538589
13850094
10909613
23385032
254296
12264309
36577493
-173340
32820829
31930613
24549479
19219602
424017
8030
37906931
14168679
41678892
20526039
3592037
25421638
4394029
19956661
32449434
41375891
22391676
7735748
6454159
395088
17165768
23192176
2955454
2683537
29757258
34430782
39865479
14373575
41266146
27679246
27478072
37790230
3537490
23089527
36854991
11715700
15496285
9626976
7702451
23386167
27845196
21717831
41618616
194263
37624601
42523945
17662550
33471443
29253863
-565763
41903100
36028879
17325759
38914381
30020048
33900399
23311239
35378414
27876232
16469096
3701119
10108544
27289821
10233623
31885799
31267875
6954008
2391832
32320088
39954817
42286378
11528640
9146851
15360054
17766718
41340588
41453999
26640129
162215
43494019
5405134
7880444
9484077
12239604
8354249
27350100
16721182
13792985
29544839
28882240
787768
3353082
6362333
33393324
6062701
7943896
21776431
29257974
22847429
8659385
24453498
11825790
329708
10413779
42985230
37052615
35939669
15803115
38638674
596920
19558719
6010452
21228502
1978887
10249179
377902
36125054
35510329
1603858
13420946
5489414
32829049
40018990
17051437
1679671
19606754
1587674
12308821
41850557
22150878
20312106
20783913
8908029
16196983
40809011
16760875
10247806
23534545
2168066
13321262
5418987
13618165
10081538
21978146
21786570
38892868
31810671
7382428
29407896
23378773
43403685
24415038
19269579
7736016
-393684
21029873
38362659
31520331
30631439
35473760
7988000
26230653
34562712
16929233
22121891
35772713
27041416
13952399
30211367
16891943
22790804
6450921
9393143
10810912
25500023
29944329
20369114
6680672
16615011
817964
3665833
10975257
24183493
12575425
7671951
20743647
39669405
16751295
37542241
36150749
233958
27619378
43411925
23412700
36778100
23822737
34107255
19135720
3660782
33652659
32406221
29046244
9419188
41526133
17301490
28599731
15670954
37653301
11837225
8027296
7814587
18517000
12007608
25319490
19518010
5492399
-574479
4256031
3598223
36409160
8438630
11646453
30289632
44491
39753769
42660130
5771424
18290063
35334302
37363827
30047981
3658837
26210137
12273257
21395697
22726285
31300635
39269807
37662769
26442898
6905566
25477571
14856213
12379011
25418331
39005349
35569950
30271769
24426464
6002431
6409235
1174689
21209512
23923949
4252927
34641519
41106165
25588562
23749638
20266605
42817436
20487048
12297977
36267994
27771919
4086488
10590379
27998433
23393250
21861302
13297545
7522420
19057711
4741024
3829449
20329647
14189856
23287006
2850125
13286298
24959365
4950939
2785388
41289198
25162375
-530705
16787878
32551765
40796675
11530384
12246953
37782541
19858476
39990384
39700519
21789677
10635393
37109332
4415583
12106933
30345825
29020645
22291265
6598201
35429118
40455456
27639304
22197680
30452052
4721089
7093184
10081379
39800470
15459382
13270380
32236750
26744786
31941594
39238994
35152687
1260851
25428235
39109667
14184027
13640088
1977889
37990605
11281818
26499723
27745880
24973936
2099301
6737098
11838152
1187469
19317636
18474098
4550912
37184415
1176822
16830142
11500135
38942697
6723019
40798843
10512186
22341080
10230478
868838
21456999
34221467
13394630
4448458
40401659
11706305
13207230
20762248
21648101
40121060
38183842
20537044
2420870
13312767
41688376
17969233
15827817
7864159
3276550
10416934
-34016
38227934
15061365
20220112
12297639
35354529
29064224
34274560
-58544
21157674
10200418
27555425
9902482
1281178
23087981
24669935
28308224
9301050
38887098
31275666
10688339
33080751
36396369
30128163
31024982
841238
17575547
37303128
7471566
11092504
26220785
10163882
16582587
1658246
3504117
34905524
14732588
17487609
10463144
16481439
12633248
37571061
35867768
13182866
28298120
17071497
21136706
26683613
9341815
30442122
25161806
18250958
30667294
12829059
3322031
39927130
37926758
17436665
150379
39616923
8187833
3344758
2085509
23295619
33792773
18080621
23423991
9450825
13910217
13643782
31256615
33360902
19608876
15721945
4652827
13167020
1074532
37388476
34897998
12776931
35412075
23141782
18907482
22597675
26629797
30706905
34650633
40737121
22520909
6196776
-118154
17323018
14053658
16372537
24229392
25164424
42748597
24521226
332014
18153139
38071615
31057191
14151115
22717312
4698833
40950666
37577433
16039792
18250741
22094701
17139539
24024500
6344135
3380144
38290077
13805989
42020056
29735078
10335962
13937219
40934747
14638723
11083100
11938973
42021853
35041080
15711141
15668362
22883432
3354332
25447276
14538954
36530099
35352669
39438719
6311518
18073597
35888318
26300406
26242793
35771072
26253676
39766410
24181299
8297743
14458764
1823685
28416316
5517779
18132721
22045003
36409971
20419523
17810667
4460118
24603435
33331133
-758277
22714330
24992826
1877812
41213501
6740571
38559252
-763707
18662272
-642301
36074836
36542768
15893781
9407287
23059768
31882872
39708644
9164805
30735045
38329944
41465731
22919549
27871042
18627872
16743336
12523445
9382226
2760382
5903053
942767
25565015
36288359
14172949
43329533
2281067
20698381
1424384
-510845
43445607
5984981
15931529
15844297
30222017
40372068
34997215
27469186
21352125
15936435
21128161
11693644
31531464
32001828
25288007
25539216
11370864
38166316
15702610
34262707
22991723
30680269
38183344
34775907
19889219
4698352
13172579
23380137
6055390
41108538
28835915
43279748
22052542
25059187
20940743
37605316
5310263
22255430
1672318
8393471
12827476
4638561
3407924
38674789
-321408
24178385
22462790
22412692
7254349
33742706
-685558
15580729
30160564
34931936
20393513
18513473
-530871
32411275
2918154
32353277
9578301
40706969
12638473
783077
6646989
28161188
41465656
5002084
35269824
35451927
40360334
2228688
2578893
30177828
24764689
29132600
24331625
10154255
16188179
-179565
8297593
39637391
9111498
25437351
9078680
10576730
26978369
36107115
40951508
22390932
24051054
39893673
25558687
31005844
30447433
36569729
661303
25539574
32776776
2086949
27621104
9394933
20142519
30115225
31590360
8952554
14831008
2845431
2519892
35815460
27354706
14475518
21456533
10013527
4371868
27889002
29728090
10437115
21704149
30991507
-274493
36446723
15235611
7222091
16567497
24766960
16899080
7405196
16851268
10144739
10813597
6510758
17990428
20609448
25449720
2727700
19182047
16218051
13153438
6613964
13828028
34938734
17197162
29969311
-511820
34037352
12661394
3088226
34429721
23918990
1333765
7172915
18224588
3680398
16984388
39426720
24870635
27412060
34530658
26627848
20738039
9514308
39027794
15388476
6370005
28134108
20052616
-573530
6659902
26462922
391588
41720942
10886424
20305314
31323012
11185395
33086076
25182443
35620494
37932050
14539163
7543813
5970423
3468097
416973
12355568
19672297
43293054
4716878
10298370
35783058
1053967
1609262
16721651
16038854
28422679
30860906
34481969
5287791
18295091
16758195
15295910
15867843
39287714
3882401
32894182
7133512
30067700
571025
474873
7368263
30595981
43412969
15061674
38893032
29756058
35682220
443925
22542398
7553013
3047195
38256902
15767729
36599390
6556992
22447668
19245282
28958270
6884796
26962683
3484896
23543769
23546190
16839356
29724202
27595153
7151268
6700876
39795784
17830604
1683130
14959707
14034619
17282658
42225586
29738743
23766816
27379140
2746891
24960504
12610726
37377698
40399387
1746021
18627182
24369453
40777973
34789960
-803914
15909282
33818608
14111590
25894692
28599821
-464523
13629751
18271530
31248764
22970903
11492066
31589097
36220304
25153977
15385697
7084708
28310402
34263508
17881036
33400801
37909277
38083047
32846632
1851397
20731234
40338942
15138704
7762671
28004855
29945752
25147262
40839163
31796002
24897112
19258666
11385885
40068137
6012756
6354297
4687571
10343055
4118789
23331149
41033120
7226935
731886
6561804
14088367
39419309
8215080
34187573
39799369
2659090
1132460
35764601
-494260
35643833
32710930
7445089
13991654
23059286
16254077
41386791
38066153
35312624
34372612
13819419
43426125
32659915
7968400
18223718
39165642
16740861
14284736
6949770
33061586
18982769
35154296
12271761
10620205
41714551
19933694
39891375
22958756
17109967
928813
20570392
15872756
19019937
6423033
40234874
9568070
28078101
37384995
42361509
37872823
18532520
22221489
5554080
28886001
2893606
42543482
19057200
41222597
20496297
29121872
35984598
30073028
22421318
-444439
9654881
21836867
38794134
30170613
41495874
39639056
-143991
34164480
18845868
4971059
19037945
13031295
6636196
19068834
24738497
7178167
19614978
23957361
31055480
10514484
4560313
130207
31053082
21907834
13080358
30797337
26176778
3036941
17215188
1112461
39486600
34655411
42469283
34835192
22740056
15960529
30091995
41027720
26662867
9939028
17695734
22919357
19056054
34085629
9102058
15207244
10924743
22775170
1194200
7242315
27764743
25090665
42321539
16687320
42445158
14782316
8190399
2264094
39680354
39410407
35111015
31480228
9936756
37364347
42409511
36950642
19039353
10716682
34698711
6789521
26992612
26220170
15304089
25708440
27882093
35980047
3092901
35947151
36256893
27968426
14693703
9902263
34079528
32349199
12671260
28888913
9361339
17877445
8630794
3960317
22474005
31552508
953429
35361978
-679531
36723821
4387917
17383476
30456160
42717170
-310946
34769458
27392530
39570886
37007880
12266365
27700954
30673421
24352188
5904194
28551521
4286440
2848569
16935076
20433082
9475672
35780785
26428019
5265299
7528941
3320737
8721382
1963189
6241378
33428066
13900553
37338631
30076960
19163167
15195489
37348515
5985885
6217129
945141
16047414
10956201
-678370
24375670
12310400
10532739
24336559
10495104
16351315
40190575
32181550
22260962
34114799
32070623
17803838
39648252
11324065
31123451
35703340
9427821
6307148
-165954
5535619
4715026
32610971
3502887
1344397
10315021
34468621
15315005
26839103
32657031
32690679
10568983
17146439
26890767
39680964
1049564
30693265
7667890
15109640
5793927
13000808
6995572
31839005
38898886
26269217
41828844
22153041
1245480
21410569
4422231
5530325
2779253
23260572
25400788
32941827
13706756
26564168
36362782
25241046
10934885
9537959
31040941
34160344
21098880
3769096
36933667
-570748
5712946
16876649
5259214
25066894
32085888
28237331
36139954
17654558
42994659
24380681
38426518
31720949
36541830
33567525
22050283
4817572
29493428
41792968
20538956
10508219
28940275
27698441
3569169
33597797
9428673
36167319
30619518
41589860
7073082
22399422
33556935
7429125
13133445
28845954
27254527
3067223
39576757
29757324
13027956
11180187
21349501
2383118
40024845
26827382
29465031
35166621
13727278
42384676
13397146
41188946
20769392
15461049
31921342
19777655
2481705
9705789
18755936
17579000
20780974
10834760
26148148
24969986
23473187
3667458
43007208
14176224
23461357
27376061
21129347
12691521
36242752
35507765
6083908
10523498
21815966
23770315
3908453
19627881
2237374
42807391
29438580
19338849
10264286
17037451
20287819
13038309
39748509
19284719
31383186
6663957
35897620
26509864
5352866
16696086
20884555
20428972
30997345
19432196
7274096
28002636
33591310
-741647
-883566
3956487
31517155
24379215
35058963
35628647
42414928
2574088
23348351
20636889
39524862
12175090
19499135
26011836
7828009
14789956
20201007
3345558
8543826
6240251
18446423
37815066
15414187
16905656
39187968
13328036
1713182
37875740
14196842
10067155
15794230
308302
31648029
33990780
11030221
43499860
20979288
41033344
21774215
13407120
30654698
28894481
27879168
19355891
23901065
12857016
20404245
385013
31360787
11197165
13718526
22764189
-77198
43011788
30873405
8303243
3487141
16621939
24429280
28220142
9304347
28181716
17951537
8213476
8044251
33641751
41316982
23495559
5838077
27802039
5816719
43491881
1274051
5273540
20962000
19853556
21423169
11131218
29933115
11065123
17690426
182582
20825999
13346653
35032180
27414343
23923929
32389197
-763809
41061675
13532699
27175148
7125969
8125004
4582026
12959197
3039407
19686467
21022987
32933545
38378305
28360988
11224586
37884391
6952109
27258413
6321369
12154613
38691604
-24391
18587621
-963460
21432878
6231471
29325231
-921232
21172514
43087342
36922022
28628163
4604332
12689020
7726799
34635444
17378441
4455908
27472433
18169225
17770592
39687202
20417928
-517501
9622448
24798510
32654680
30276629
27859303
26994571
15916011
1255190
33202850
28083230
24603641
30768223
26849754
6802609
12603518
4131274
27724797
25289961
12004671
14083074
4462936
13758133
13321222
24596722
11236894
14196993
11085228
23624907
12837937
36418843
41181953
8805867
22760396
24003849
37825053
31490803
26533041
37050188
40680826
31406212
15615699
25614402
21790175
11037585
26090800
36036503
27048632
35932197
10653814
43520127
36718079
39501680
37887781
13832356
-224806
36967540
23862915
22789656
40219236
4261898
12567239
28643655
27684930
18473890
25191919
26903569
4649181
5252472
34986631
2519137
15969898
26709261
14646302
-181657
31351402
24635233
37477087
-190290
33326349
14875268
12181766
38440474
38119847
39652977
21535054
12669240
36838148
31600200
13938850
13755445
24917629
23388632
40582280
4088489
34848271
41009680
32923245
18434035
15217932
35851096
13403003
20793414
17097042
8204799
8442364
34948860
40812742
25091727
15539275
22874624
39863855
39966447
14153454
10423375
-39334
35378450
42624255
41863360
42629640
24427036
37199153
10614816
6455401
1412999
17729276
5584843
35838687
11960519
20002035
1660162
411858
18843606
21626603
30850055
38793176
16252061
14403387
4597198
2930670
5306513
7724757
4145121
9108969
20655849
42326958
33200318
30896516
24336330
18029024
34610268
14844212
21886690
23617017
-223813
30761841
17850297
2760488
42630564
40635600
35791351
39740841
32521315
21898739
7664286
42077178
32863052
38975130
35079240
16224412
9779739
30750434
9424699
23330709
42339706
24331579
22418007
26645101
26443526
13637148
1551291
23283119
32347536
11745436
40349720
-894912
15184209
15701221
14609692
14446087
29176269
28862188
38102807
1948540
28232832
28910948
-842603
40746538
21259824
6998303
17007138
31699522
41347628
34166170
33253910
24932259
17047162
703762
4086375
-127336
33641017
38571761
40831188
25494705
42904063
36041153
8697233
4152251
18430844
40084516
35735890
31844414
15011909
8728772
30585483
10733542
22963256
29784254
4778034
29166900
16359962
26164416
41307103
24488862
23850889
-960848
42058166
13386453
14376081
40924675
3654343
11195807
29987166
38102784
5067198
31453601
18915442
34455278
38187501
27294619
10602384
6634198
12084050
3263498
17140165
14553051
28201966
32276853
1081341
40165248
7982945
41696539
17959561
964962
4010240
43174678
42190033
12793274
5214598
37305864
35479970
26791045
1010446
11735562
1686678
28482829
27243843
37460195
20550891
32735658
36152913
20911564
25305333
22746532
23361976
36670525
35172394
8979885
16736618
31123529
34102472
17110530
11440380
35308471
6888155
36378182
16163045
23785781
20576808
15109005
25989344
24822316
6932776
33689832
39852919
23337581
25328623
39271775
17745862
6500576
21873093
17943842
27663982
10543662
19409091
33314385
23807908
25265060
41003167
36673442
19072921
40325083
40310179
7551601
40397836
15716020
21178085
18216373
30039925
29637580
29156910
8493213
17990303
15297615
7078397
35069132
-565271
36765375
30427817
13578355
28000527
36947032
9991654
27903739
37992019
42656652
5700825
34019042
25666253
34363724
21411787
30128738
43206250
15951960
29169233
42238758
29196214
8676616
11092105
26600363
25635408
20172448
13282649
17806709
36436534
20029236
18158573
23506293
18416652
6870458
-688384
11933810
39439246
36254697
11220904
36874681
41160040
33632448
8964447
10788869
18802660
34140457
39617030
22245256
18509598
41204721
17255797
-551565
20411853
5845020
35655714
4244402
37424743
20369816
28587250
34984677
31469209
-324132
35836224
9943965
33213786
27819194
39303238
9056801
26550943
8536095
34645588
15320007
2850312
10962674
13130932
25256441
35314472
25332241
6038665
42356140
22214204
37044079
4680482
31178067
261208
8420416
38667866
7182395
32960989
32644362
5532863
37972058
36444592
16241400
5498637
38104904
41923584
4470865
34402418
34465862
8402899
22654762
41887456
5329321
5007050
19138757
15155762
747642
39548650
14008574
12593508
27680472
35832786
-838944
40975002
42551817
-716817
20659041
41598839
13182832
8367936
21885855
32787946
11385502
36212790
17124474
31186350
13463219
18672589
35242455
2117636
42016851
42265094
39732523
32983058
37801987
41406212
39954689
23097477
25620403
20755414
42217068
37789525
13171842
5694315
23203326
42152726
10003778
7673385
15682415
21981038
8820575
20982815
32596908
18662621
31148091
33882280
36836053
32720932
38794469
32057929
27246894
21767066
31456310
35622234
7858644
8674093
4543497
26968962
31254487
17736051
27988524
4273551
21594638
27793417
35466863
16382690
15230421
18469606
22196605
38539775
14775996
27631595
41016026
34651821
13091746
12084778
42045432
30573145
41061811
30871012
4184673
23960349
22139890
18982910
1819836
26080057
16441501
942653
23621537
750873
13782135
36257121
14325079
27569546
388852
21781458
-556191
6415254
38218594
32016939
5890591
22654422
1093647
41098906
22439811
41136369
11756442
7844654
21559332
16322252
29752162
20544640
32740929
14428
19482981
1309221
1445494
38295861
6950496
32079293
6026003
33457870
35063991
27182508
33748701
35195807
11409765
18152333
10038201
25515966
1272281
14520162
12047945
3507100
1579235
1985633
37498727
33679361
11519834
24452034
6150200
15293101
4088367
23542909
34174736
5159906
7397712
18238067
24993106
34521962
13286972
34708918
6116067
37739654
26783630
32758995
12109894
19824888
24810034
27427447
33057392
41975851
14488891
2633435
25335170
13077226
31480319
42866813
42594356
18502872
19866692
3598993
17036238
22029492
2129050
42649019
3788138
40903618
16121931
4175350
18847523
5369039
5918501
7179922
2419201
20669135
24116113
30297536
18732660
23232343
-279860
11557405
33651940
18334195
8119024
5014426
11877014
-781923
15529472
28687524
27414154
32082666
6070131
16212755
5274450
6873549
27032988
28314459
10027113
32915491
5043011
40098535
30438393
463231
38086990
31755648
9139504
9788667
34556971
21994633
7988789
14688651
5222838
30738525
8898820
14997707
41138427
29160535
25202492
37129477
6303058
42080471
15539663
14087746
35215613
5177539
258818
13922245
43281551
39604256
26746923
6524283
3765768
29336062
40407461
24462938
41720971
22479370
16060064
27002115
29373489
13728864
26702226
3052701
9528490
2190044
25029826
16624000
36239940
5049644
38879164
21362917
20772064
19226825
1865199
34834829
34725878
3348064
42474746
34160771
-308555
32185029
27969330
25890995
13760676
26533509
13963647
24795051
34425186
37502953
12246530
15956274
25293171
32551703
8747984
6758349
30446426
23107803
35735660
23067177
248643
39688731
38183458
33590408
6941772
961229
14299378
27596667
21186870
10949814
40287011
5665059
42358004
14782216
36065876
2602463
24208846
18998098
24983011
-858162
-162370
36783376
14956117
38978529
16056928
28660959
30285526
37405064
7432490
240479
29491767
9996166
22400956
37007722
5155867
-203877
31044128
24023335
10301802
34236751
21975336
19987366
4338500
42468934
21875873
32567423
-618192
4590511
3402654
2462124
1813308
15106
17623841
36506054
24974174
15203590
33655470
25032639
-507592
35126371
13892504
21587929
37170941
2563998
42858922
326938
29539125
26646338
34711483
-150338
18178604
727171
35534465
-331748
12047516
24858363
11004504
21534632
17956192
29072938
27908014
5425095
2665827
9778424
3866801
13669086
34383680
28241764
37593682
39765120
3664352
28409646
24574692
40345180
3213855
38831857
38749440
539180
23249409
37878881
6035981
7554430
8857416
7668018
14607832
21674753
33377030
26165289
25932997
18280665
4299539
16626946
5438604
39735289
28408291
1156116
2936356
6374767
19146082
25276326
24702467
4681113
21598616
41414780
14842659
5876783
11312970
15945286
34349957
28368689
36837129
21314544
40417218
-148093
28616588
36908739
41903200
22738495
39476973
32436512
32943405
26538981
13967034
7952504
43419870
28975017
14305083
38945797
1410586
28846144
31201010
4700745
27018089
15989106
20246050
3706927
43455692
-218518
26607357
2835058
24848338
4958729
1828965
40917095
18622391
33939662
32519791
14281396
11486403
32401456
2928122
24573908
13047355
40185126
20038047
4625244
2212888
11825500
16906877
34003473
32722498
43177178
14482670
32259940
32845910
849113
10678371
20601076
3664345
26932107
16335308
20518685
38612401
35363662
19030076
9241679
35485220
1032689
28815048
3820390
25586036
29639241
5389606
34270421
2050234
39047079
5250083
12489903
21623726
95760
27539353
26054505
6107341
38628197
21143588
18289078
15669925
42316937
43015083
16965842
22527213
27619794
12440008
18559846
6676161
656883
4691167
39714869
42185332
35867583
420019
41847566
38142688
24028698
32305016
18808291
33924241
12938007
6434159
5932998
34047772
19576889
10192859
41847027
38449091
29634804
4450959
28446526
5548360
18867864
23791323
-190877
10943294
13018479
28603249
41763551
21795547
13295259
6586219
11086501
18355465
8274298
13393281
1440152
32425592
21438491
25512859
28175467
15505365
24017107
9573925
39930417
21478834
8597137
24112615
9742028
7476291
15027677
23115363
18131441
12808522
21356452
20528730
43022084
13308423
11344267
3515597
13827899
18668506
25496621
3516641
36071681
31143776
10252865
25743930
8698003
4054939
20025936
19909392
11039111
39862424
13126933
29200828
8755480
11657449
3540558
37328966
5211363
11407106
17270421
655152
31724654
17562109
29920710
33091630
9196450
7971367
41236444
37484512
39207284
9843754
35412380
12831043
16660457
39489772
5482871
16729476
39029964
19426614
4849179
13800080
36970655
1631694
1859388
16607786
23391256
5479366
16977715
5118430
11065201
37597259
28697615
38925987
36733229
22645939
5595968
35544394
19690858
10454554
40142665
9202864
17437397
41971293
16523934
19101017
16833546
23834690
43184026
21320823
2763399
11024038
12376832
6549272
10630633
7635015
36472723
23667066
35977824
11324568
