35356367
33402656
-842159
43331070
27774754
27827639
10845574
12433816
25664452
18436915
8980040
18962856
1866308
11805359
40043310
10722332
18787687
2771244
21691294
1270966
19146669
13336376
30186121
87699
23232417
11142727
7064904
38605523
34493206
35075649
4503001
33836283
33979388
31836114
968598
28788929
19613665
18117056
29924180
11073704
29254688
21711256
22055332
21046190
29962768
91134
27009476
28058808
15463576
5737495
25980430
40260897
19562195
10841494
24154164
40737499
29647033
-542023
2920957
2139696
35456961
29541004
16352102
34851883
40376298
5761264
8624368
39555338
14233175
19909329
5050954
30464401
13636478
27454341
740577
-917525
35096649
30462001
16539472
-30385
9354716
28455533
36864558
39036146
19047020
20060114
26408470
16849091
31761030
13765745
2414800
16690370
29824791
-543281
33014874
15271366
31575742
8376416
31037531
27458419
11647888
24297802
40401050
4312716
16703144
25457600
19632133
20298863
29362940
20224787
20567299
1022344
43273268
27207701
40501599
28158953
6972669
24779225
-454877
22584518
33032774
8587693
10183668
39237140
35567615
27358509
13829574
4010281
27618122
35155016
32236572
26872190
39380052
6022341
26340619
9359853
3207889
17384947
8672785
42857146
22218144
26565332
4878028
26014549
28082941
40714963
25573645
38029090
16901748
4146026
27992298
35412429
29399473
28597014
11480342
13623825
20120020
1372146
1759354
5027938
16846191
4532006
7882524
17999058
15505099
37986867
2219956
36727535
8900578
2845418
14899128
24439142
42438902
4935030
5450706
3332748
8756711
29067707
33948007
17689660
36176978
29975792
7063899
15154948
33904550
11924222
8100763
32414870
17171899
14529943
35710918
8147315
35143995
11017276
56002
18294926
26270703
2899370
7097884
10705164
7346835
22685958
23360815
39239602
22837343
34481342
602851
43000402
25348337
32799648
-748291
5363044
43267556
3766575
26386227
11482219
42722605
13706296
38962016
19772112
2576944
6702352
154963
41758806
10417971
14317823
10210902
12485375
-356066
34410455
5148587
18778238
17651664
3472075
23012457
18086995
10925886
26449552
10646423
38267135
26299127
25017433
19008710
220352
17223790
41998979
42935106
21566751
31852465
5192380
25572301
5212231
42528341
32138756
23774825
36952408
1952159
41716762
41994783
16060451
31576501
9984743
22133981
4327338
29091982
34226184
26178748
42377551
9130674
3993227
13059008
34991047
12289028
22672058
12747807
35005492
24368519
4726013
16810515
9934343
28312969
14438141
23776093
37367609
35909985
16302096
34105524
43476379
15034455
2474165
22330770
36117475
41747733
12074749
8481292
28458534
5352168
4642885
1024519
15946590
19563188
17908797
37093320
26459045
18441997
42809480
33528893
1414693
24918644
28782173
27530744
15833073
13352337
32681258
28365509
5890593
21669086
31119942
37620509
25129314
36263863
15506915
24355138
11597160
43306240
7531463
24353573
25084844
482926
39261324
15341531
17165331
28688549
4077515
12767516
30045956
168572
31979072
7317577
4850321
37747107
30699017
19045815
19179501
34317650
19848524
18252006
41521531
3889584
36312737
38552568
1799770
16870252
43109545
33547336
36600998
31680634
39442660
39177069
4550571
20159242
26657073
32001846
31886551
30467563
40332276
40138098
4416425
21969556
40905003
732093
25317499
31703194
29090061
15405287
4076338
-873137
36336314
25613004
5903832
17825345
42283104
14218831
12410935
-933008
12130713
43145880
18457431
17235230
26101000
23490087
16800072
42891243
12184266
1886275
21558678
8735930
29589550
13396409
33245079
6365966
37476805
14864341
35870952
41925936
2793919
9778574
38083885
29488975
12434623
29373025
15653315
16752514
32244938
15459272
32163422
18542208
43180929
539571
23881299
17658932
1000348
25555352
29986850
30693884
26405109
14339700
13619132
34995134
22242911
34260655
31084397
36878434
11184295
14662946
4152435
26515680
35618314
24491069
1748248
39372433
40900831
13928531
41813901
42681383
28963253
37713302
10408697
29347464
10780432
18269119
12341818
-941664
2276325
14731604
12363189
12512951
41497759
12092765
15751657
24235531
15486369
21737112
11680102
21282333
34806467
30464620
958592
12587783
3790671
42334715
3225968
41894030
2611819
7294154
31033303
84692
31420951
36270536
39287208
34081441
18738312
19677088
5557417
19701536
34615735
22033532
-608856
38886705
30568787
26959864
25986276
20107753
37617333
-233371
13883861
37931104
8041617
927708
6278066
8056900
37153132
7513022
35208492
26187770
-686080
35569066
6579595
19700369
41572240
2931097
18677305
1741619
31236276
10459743
3304144
19667045
21835439
6877996
28094320
18928802
32753607
3179958
6601626
10775950
23478319
27787789
20630797
15882709
25269378
28001110
24693946
-277536
42676276
17629607
8233436
20662316
7724626
13451475
20478187
4869359
26560620
3447250
19590150
14048006
12339116
21428290
39411514
33346622
19964119
38043870
41140763
24856136
39466969
27330974
14649576
26232042
21316950
22042594
21531048
28375059
18588823
37714628
13877927
29491004
30871995
2219178
4049187
18358
7595018
15916550
9241928
22845690
18594016
34622079
12710578
12526723
1120093
28797901
28872611
14477071
24057445
9064853
12277407
35217539
27328323
10090802
5453899
36719470
42854209
23765681
6385798
39298642
29487968
-70397
36628498
42022541
11599577
2803458
5954049
9460343
-877176
37025021
38837874
31472918
23435735
4040855
35279087
13003528
34687446
4308863
25261426
29861917
41603715
36938493
10378880
29344673
32343205
15046942
38211039
4606915
42853283
7795965
38621570
26557826
37106017
13437831
43299333
15036314
10888296
23463169
40513971
7949645
9553818
32212978
42465496
40902675
31011479
41495247
23564307
2327013
10066925
31099666
9460824
5802120
28843165
16855010
29089770
13001347
35309711
36434465
23734312
3875
10394960
24521257
21592237
39903099
38742476
15914387
38177887
17705803
23630839
12877122
40444142
40016042
19386820
31615003
7743031
32322695
29746448
26792946
29676630
32816992
19610975
12001877
2189264
13400301
16437187
5368063
16952189
42464305
25414140
25426873
21440086
857148
22525939
19571282
30545325
12010868
28283561
17634175
28246221
41739800
23339026
22429834
40852607
12987779
18014554
37134665
6069618
43090230
13276343
42984477
13677003
32737471
6892682
13410864
23985852
7013054
32524001
38853987
33312527
39946050
12751062
6760653
27083601
1548031
35750275
-452212
21524769
41827566
38067337
42418605
21277310
19158621
31838686
39543652
40862518
16975995
1013422
8001501
31682913
-475940
40562819
36072561
30912118
32869025
6851619
41275744
24554310
-764418
11608841
12317694
30504037
28971790
21396735
353750
17872000
3466164
41453635
42034124
25517829
31014032
38510760
30348594
28804162
690808
13084409
35105698
32224015
30380124
6717563
5789416
41352223
6203947
31964941
29532697
28103971
40362579
11177580
17293768
8016816
27609607
15619195
8702720
22535572
5358092
6335513
17772620
43531422
19041696
4743806
5787569
26022634
-375630
22386803
27230544
17674514
34313757
23320104
17496163
41370248
3461550
10849401
15104260
40816340
32517226
27472563
2160543
41488562
31651850
20697581
25821781
36271035
34244030
33970097
8569291
23791092
15317239
1498340
40298432
36393272
11138722
4653057
13343771
13656984
25017343
8135667
25166383
-593195
34208031
1114614
11718492
11848010
37247172
6112667
40967621
14638056
1257754
41409564
15358667
1859201
12424141
10928939
28660021
4091092
36361729
23328752
30808470
12555882
24596863
17309930
20722524
42653496
12461338
36584304
29811209
13792786
25689173
11920319
32922395
33746300
30653024
27815012
27518194
37313251
27988512
26783291
5690055
24658903
29647224
19655501
36363650
21539292
35988200
21821284
36310187
7762589
27225196
18851085
7063730
21311522
43117188
21666887
11922734
5617107
26220757
23086812
8978500
22929791
2432581
17739408
28833814
18520866
42540524
41465273
25200446
38062245
24322293
9227698
6783219
34660104
384907
-673961
19270450
37754419
39971549
11705344
16709887
38927516
32455367
17747943
31487045
16896403
38036683
20162094
42779426
18209868
28877396
14035024
17035359
36107605
4505009
24893668
13753961
8923264
-485473
30214161
33705913
12205579
1066550
6417192
6249736
3605651
7539951
32937992
20185883
25621146
33855901
28161439
20035820
14711297
18786624
14233028
26699762
33043399
32706227
23885084
3041232
13718856
18676153
36691343
30675503
42617701
36484918
21960508
-165144
23190830
9444169
17917689
35346761
5032244
40675768
7185844
30852654
32134334
7725093
38534930
28422718
42030184
35910575
5942391
12418775
31496874
4043499
24154424
2697683
9290099
32183679
29945854
17734470
4899195
41326837
31882792
25495969
14535564
16434211
24124046
6302409
7741170
32824449
23657176
27892805
7406051
14068532
40522800
17278118
8681747
30337996
28430422
723824
5287182
42200838
-978298
40921679
28128685
36341620
26378160
14007979
34645144
9495139
19683367
7102259
16499676
22556895
11218944
17758177
27966941
12456678
26011810
23674758
31771569
5289642
-327321
15628314
33730672
39462642
33776754
41955163
23936956
22250545
4754675
1733679
30261216
12723576
24929688
7961904
1263677
8958007
-70974
20239877
17166165
25051122
40829610
2334049
28095708
15266343
8852937
37040860
33942825
35301707
30167273
38596237
15186602
30328323
21766891
42528287
33962382
9326997
13976935
1270924
6957834
34174568
36559755
418724
37405237
33280114
18685429
18919836
8446293
22621166
41210229
34231238
20315503
36311641
37688968
-485450
41135748
24003552
32028242
42492033
-748477
5343202
4467245
24512142
7066423
38760855
1827778
30441
6592986
40804156
23522506
8443274
28305605
26194306
22939119
26424766
16674948
16504077
25945640
20831440
29634351
38938561
26905457
27618845
1625010
9943258
41000802
9231476
19204173
12568994
38132717
30622693
26310720
20269892
21747371
14081875
14145584
38811334
2253421
18015487
20911822
21157882
-35659
17750450
40111714
26460120
24419633
38307379
36405744
3472434
16783071
32693949
3069629
8934273
33636293
23287756
12535343
25261305
10864765
19806157
39868701
21517299
37591440
11861098
36923957
26733092
28517742
21451325
25241588
31713553
1419122
36876290
42882152
29600137
10687249
6160316
9449232
6361848
42079584
9214189
7017060
3462075
39447786
15467070
38010506
37636831
22034084
14744481
19276805
32388974
18809525
30892539
33526656
10059661
19629754
14466134
25176703
34931273
32971784
33983600
31445291
28459225
38833099
39209320
12624998
29634220
37554986
38557494
20654035
34854354
9397485
8532862
13211798
13267169
2867220
3692643
9441915
39130516
16618253
33406141
25593954
15334028
8922334
43365711
11519473
35096382
39020904
33806698
375161
25955318
1011439
39953332
23952871
32601160
30668580
14632913
23849992
1562193
22668456
42669709
12706323
27170906
8792198
8609088
40883107
1870441
27677073
14831422
19294512
28695405
14072987
35851672
29109832
40870586
30924144
21491906
-146326
15873062
28567753
33856720
12957907
2230386
1040702
7150653
28062935
16686724
16781522
38796909
24403608
31751208
8794663
10597567
32147810
39543922
42006124
13357355
18257987
21775808
25555313
37256578
961705
24294909
15126060
35666671
10476342
34878316
34097637
32464625
9483693
19243678
35065822
3559184
11600801
10256237
20872603
30034813
4800915
19800396
21015854
35687020
36661107
13667994
39431970
-244180
2646897
39761115
12021764
18817298
39536106
43208058
40168326
25808026
-952041
25150615
27329376
3025245
4115290
14782742
712560
2182234
11834603
1474683
15817751
13107091
24990586
7820934
35359578
25249018
27847745
25856982
-881962
40808247
13745260
23288605
28732459
25352275
21487641
40713653
19465072
8171530
9365789
6002325
12318082
13226291
15549729
31861912
66116
20701393
18626416
41547801
38844694
17400716
39881772
14871854
38723827
27332494
42955987
37853071
30728250
27799641
20747531
34987719
24423509
2353248
1459058
32760445
10251593
4145438
12624346
5302988
26881886
27890550
31919258
11261386
23500517
40168760
35871765
42530952
638290
23207327
23693713
17772959
-811654
42615510
19830605
35826079
40203315
22114799
28950867
41101205
-746250
4530875
13605892
19825468
13597397
13356520
22581895
29249064
3485081
27007256
32028539
14619974
41031008
42645228
22291918
39209735
22721589
22755003
12280986
528377
5185140
25335969
43398657
15749116
10502073
26842554
42110856
4080063
32887097
33917161
32642606
25781343
23624622
28854482
6814710
42895438
28019137
7395896
19343127
3700601
33288646
20596663
37494662
25517694
7925170
41315499
27053871
19881436
15269134
26479061
39184864
33651333
41909662
38795064
18534340
42197280
10096272
41845285
16411177
20749731
16913898
37886534
1108562
-38615
26126676
990934
24679398
35001609
5906056
43172348
30776622
853501
9316806
2169615
5000866
21205052
32063885
13381333
42334383
79806
23995974
20955665
35894859
29255087
12633517
38591416
8373161
16252702
38813472
3315409
5853485
8254515
26997893
24435021
17172222
42385550
13165565
39054521
3493388
13776076
30009108
2790502
41594346
28619312
5224617
29041579
30004777
31284416
6157566
17292529
26403752
20824169
39377315
22898545
22526509
1464242
40950084
37714792
7648884
42842951
1193366
27994105
31193238
43138150
-948899
-429972
26290142
19983109
10922379
6912226
13365294
43064692
40438177
17727143
20262970
27856676
36862737
59951
37782305
29057012
41876381
43344040
12683953
17508519
43134633
30398040
9418170
6860101
32370364
14523096
3921040
18727645
33554536
9740133
10347437
2516247
4086953
2431854
10904755
40511239
7019245
2957987
31694118
10144821
13703799
12359479
5478106
15746459
20817621
7991565
3608618
34423792
4655305
18671115
24461811
22815725
31983823
33123830
35350378
26089138
9685703
37051408
9698026
29520858
11285383
43092696
22406257
4507261
39206690
18890763
12085018
19571422
24891573
33691513
10236285
9350536
29500707
39842774
6060298
14079745
33047613
5797178
3529620
18379599
1850910
30642827
37282679
14189800
29684418
-833614
29250331
28304524
15928777
13590345
37140374
24913000
16637992
23359813
27837070
21130074
17140477
41661910
28433422
43074534
7716226
-964016
12341494
36054266
15018983
13794457
-753460
42165860
2438823
5816377
5669803
12410247
39710655
27237455
15693634
32694968
43427509
13717071
8554394
37572580
24636281
1968335
39454946
30355572
41862848
37308909
29411743
26462813
15139972
41388557
30200993
-535169
13959610
6148570
10624235
38077174
20103379
30354087
42981780
37026938
18408144
16794641
1793065
41138203
2689328
5408501
10539294
709861
42684837
4640656
28091346
23686354
42242186
5598528
33250397
28735720
6299942
16449183
14217483
27299459
8364193
27542089
23494647
8553115
15661557
34276611
20887021
6627826
36059898
18364227
30357766
17727784
43203794
16775450
800966
196331
-108930
16002727
33894582
32052103
27971710
2944495
42055088
37829620
31304289
3830696
38297087
43462928
18453724
23455334
16818203
28584345
10579658
31922165
30669521
21917429
23516256
7096456
23267790
38894262
15436243
23729297
29927021
16354999
10168211
28923531
18373304
1218100
2328930
42654140
-475984
30417321
23788969
26650106
19540593
1479067
33872083
18621640
41722364
42197550
10289221
27784086
24882634
13116
30050445
19310057
31264302
27004235
10263488
13533526
4736357
22588203
30157322
20131556
14911697
24425027
42084349
21664654
36106453
14522928
18756959
31423385
40197661
8399120
31645094
2483072
40078706
11025160
2590157
37291498
-541235
17955054
22228178
30802894
42494151
22287336
7107719
39224725
4647882
32955729
32167521
18207301
4407573
35171400
17444279
13577149
15466746
31903469
25712430
26727309
12008773
27446701
40571391
24478245
37510103
19988798
42030142
34506256
8606673
3107958
24501135
20483259
35893155
40678786
36700364
26652421
38739774
35541209
11868334
40804307
7014928
12233366
18229849
22883796
22329466
-990247
43109552
25027576
19476660
998497
22654956
32781629
24222831
2355065
19302351
13435547
12530213
12553960
6290810
5494907
36413155
16929667
35059688
4561330
11439591
23393070
2995996
18698232
14255209
-379196
40748556
-273349
21383523
1132014
15823329
25607241
30698815
14365988
15055558
43181456
40173634
38048648
27407454
21885698
6129513
34903606
3970526
7997295
13538014
12954791
33185896
18903454
15612760
37221599
5536641
31683952
9871268
30461791
14943442
25264920
24727525
10771240
5532830
42320070
4397918
42858709
19232065
42112742
19106540
5343058
33183222
10366936
40126255
30963291
25996310
30856777
28574423
1804458
5859534
33762891
40600474
21598641
39147353
20719301
22036474
21510459
34674072
22746393
42351450
1548017
26772879
3194494
31650349
23143145
12395036
17061193
32138685
31928952
20815136
23158703
37836777
28023972
33756624
27018885
13184848
24853874
42957673
7882229
39864182
34249388
20194890
12665128
13062148
34378769
16763412
21736842
28476876
40734858
27712792
2011411
41089652
24007067
25868725
39127399
32984982
39280706
19628863
10199207
23553283
11151408
1979391
5647117
4121830
1751376
38329493
23715024
35000575
42121976
7843617
6072163
3471230
4478211
8547413
35155458
3880617
21739120
8652771
25802849
7110545
4412339
23515937
12463095
16410611
4439424
2244933
21060187
14171425
-110913
6765905
42837087
11946510
35132367
7860032
30101340
11349507
26675233
41017628
26054827
7070073
2945339
2559342
11272051
34363634
3137823
30738447
4783448
18285549
20057074
37427617
17745852
34017085
22207542
-814340
27041768
21476848
358173
16613155
4086208
2828691
21959769
41915892
15105849
42920576
21258116
34041649
26598921
32431119
5377917
13506014
21636188
8388629
19747106
15022247
1762951
5774253
42904586
38963517
21993936
7439717
18716799
34754665
8558173
30953392
40220917
3511033
7772213
38097501
1826189
24358569
31616663
22686069
40766396
17443274
43034907
23197771
15248271
31373805
9238891
38422708
23258379
31147516
16182843
5820586
-668750
16828769
31966691
36310867
16181911
31767693
12950336
36642332
12947302
2330971
27646890
22315398
30434342
36231210
32630207
16631367
4922215
23971104
37952803
38401921
27450906
35154954
33143991
29595355
-782247
14483577
21067618
21433976
5441618
5658342
38990475
6853740
37460799
5250722
21566627
37757633
28524694
18495854
26792597
40479221
23786161
26133237
24884916
9276264
7821077
4601347
12988683
6452966
40460444
1597119
19687641
38691739
10582456
27713274
35024622
2985762
16560289
5401329
20695100
2939797
9353442
43443490
35387215
858474
41782848
2867035
6340575
37197825
5788492
649455
36985717
7640196
40581666
40840036
34733718
40176057
3762424
38881834
20496744
26381609
3838994
39564568
1696257
36685576
1551927
21468856
29473227
31538225
30090682
31497250
20569361
5070851
8619555
9550524
32232170
5089553
15925719
19210418
28426581
30301825
27698734
17675400
40026067
1726191
9306141
28406628
19968304
5271773
19520717
28584229
10472204
23192917
26833582
9977892
6904315
4173968
5779812
25418999
1119951
25636580
25675485
30154768
32710244
15518504
13523794
23590979
38856702
20700130
12690725
31810442
14707312
33673684
19660601
28273003
12293003
32404897
43241302
20332453
1017836
26566589
13601254
15178864
14782067
7323881
20857137
20937323
27480670
36235200
37882632
8232659
16534154
19938381
-153720
22261258
25044283
23934043
21127036
6374330
21362580
-967128
43307612
38365046
32420019
39260719
13459771
35716297
41717008
21973656
-243710
6648675
21632497
19795889
9627149
15704753
7220334
40449379
34050978
42500635
32438696
19797073
26032591
-362590
23932087
24381931
13030958
42053149
43149494
39000322
40669350
15834324
7675269
39662426
17541191
9109790
43310201
36731230
37092381
20333722
9277205
4609930
6202855
19058504
42517516
17298516
35293308
40107431
31542571
27548331
1430906
34923665
8070353
6938244
37449530
4758926
18516717
-884326
17993334
6440543
39341785
8304017
14775033
37429973
-424331
20309551
329540
4661334
5854456
40315700
14095051
40180171
4679199
18319968
1884912
26891245
25484371
16137902
14306231
26066665
16757931
10738721
9255770
20674749
27090094
7519972
23701275
37178636
39753923
10153576
15236083
1881340
2581720
1204801
43059120
37555058
30789389
32388923
39913842
9779212
22610091
16925242
7272440
26565449
2991395
36288944
12195888
17759028
21957575
17922547
20834508
11478670
15057411
15696079
20074684
15421701
11961797
28823108
17866943
9982912
3447992
2815937
9664168
2664472
29308721
18294360
35385403
29402215
28268867
38057431
23914851
28218798
30263792
20502410
-785013
36713516
22698327
-627130
30577846
5654983
5713729
41231996
23606375
871212
34616922
31049138
-792385
27055194
2687438
30842457
20837711
7080066
31680050
20777147
30151158
17836886
42489781
12942926
39118452
38894028
12714310
-627332
39269433
35227912
8569051
8899920
19559540
40758924
22952089
19644231
36331387
31333448
21635212
24292250
18796892
34812679
3191735
2095037
25703032
18843842
25978088
1584466
7159699
41120805
32632943
1657047
41215933
10479548
18816322
4968122
-573061
11924216
36703936
13838777
518883
8787669
40863624
2156243
22449885
7974511
30133898
27671665
7389510
1583233
26458720
42195267
34139061
22072585
24019908
7572570
23406718
9068606
37534569
30770856
5478827
27483742
3225123
2914715
14880329
30087966
31628269
26605493
10992568
26869123
31413753
21714857
23305673
5701015
5694256
22046378
10279705
19304109
22271594
7853763
30062834
5835563
1268851
29505766
21156705
4253928
6412449
29037461
36866849
34487426
37855397
9528350
17339359
7432973
3015218
5740441
9591875
21730855
11273393
42924263
27801390
40211022
32864602
3308054
42232342
8834277
20659933
35015569
23382343
-581821
36127298
15424308
22687720
27712162
26041600
23817982
42101871
20613308
32791106
2905356
42019019
31248323
31036721
39093943
19907238
18921333
3492582
41480728
29591166
38898476
-726879
17837134
12317263
19367594
27489282
19652750
17195656
4836791
32556703
15396992
20408789
12525147
25929468
6792083
24543605
37103871
40198967
35823480
18540110
30110519
34173822
30275132
18928275
16032027
15555915
15115700
13078835
40914968
28869432
21096989
-685138
515317
36627922
43179972
24939484
28565327
27609119
20436069
29579791
21189055
17354947
2113658
43098273
23451143
9182171
42358067
17645855
29777695
9610190
10189666
4287790
40374792
39487140
28363297
15549942
15039296
28168013
30112376
11268892
36111610
27493344
30220895
7729418
18599457
32802866
-704346
26973705
9173682
4894576
39224511
-643962
32515401
26584009
38364345
7631932
12335640
24345085
8714677
10806675
24128945
16134273
11462327
11952771
11240751
14178488
41022120
18048238
37483499
17438676
1539808
8556637
38713821
16445877
21230657
5311487
29011267
4179813
11852665
36264151
8241223
38578808
37213192
29003745
28473509
24486907
6305450
30582299
26746383
1358236
16334813
36124166
10525980
16203236
1518289
22794803
33413326
20023030
2150949
18021615
36813097
6952006
19061973
4981091
27096401
26145393
24068428
29977182
15673441
37060818
30737715
23733081
11258686
1882391
8921407
24027811
39080937
32760415
3364389
646310
27976180
31176502
12626538
38354651
17033173
14612323
5733986
41819551
10230520
933328
15242320
36335785
8336494
10978820
807184
26618307
15696480
10009706
20797190
20168753
10710665
-570032
24131504
16785086
1497738
8810955
27435546
39387791
5264671
22843636
6860393
12748936
18004628
40046150
-575217
30150369
7646279
13124002
30561408
32839130
41809081
5944708
31932782
42381720
13134102
11744788
577459
18883983
43106597
36372272
4191624
17411846
31503081
31868115
21460450
5052638
35860570
6272819
30086237
27914086
-236399
835711
16679292
31639644
26955704
5415236
13351743
29695585
16746660
34290249
29953768
19273067
37598856
34219277
22573508
21947534
9747680
42299808
41629754
20027568
1148329
34611851
3171945
4903775
32975914
22038420
8542587
1759342
40940309
5714023
4561190
20195251
41820436
25359677
34983263
40257805
40115960
86304
33832343
43227843
42575415
17205890
12580464
23482912
5728825
24707750
34804129
5197998
21094455
1989791
20428917
22783587
16226429
23181879
38315370
17983260
24306100
33237090
33230504
5603233
27224797
33313537
7783954
8860782
31872445
8566067
-520616
4754190
3681035
5041491
9647448
-658416
1296888
42119317
23400319
36611519
6520178
37245313
43315163
41399058
39288672
22928651
4302698
40736743
11032814
27777653
38341690
25085216
41989858
18890680
28996631
1748242
28492804
25419541
24019373
38250889
1297826
17429058
32244849
13257239
41752678
12568534
12291553
34855070
18127072
25801656
27963232
40574360
46189
19280987
14085391
39791005
41320589
29673433
40301305
13172061
6666198
31540377
37013890
42882149
19969457
22599186
39920860
28698709
17573176
10853381
5254948
133164
34885561
12811614
25308914
28088540
-613206
32744424
38451564
24378359
35224116
4216499
5193150
34934272
21026015
8183132
11989928
3308426
18706248
13588164
-78045
8301697
32722384
22902287
6897222
28767787
39710274
17843417
14144010
33623836
23054115
8703600
41753878
35613695
7746180
6454930
27171058
35513089
9163634
35668990
3566294
13796475
33595515
35524494
11578434
5235771
365302
12660235
2519644
13793074
2325267
17745173
13093649
43147362
5713031
26936080
28593140
37560373
8057755
22054478
5348760
26630906
14143137
8418365
13678369
18782025
31217249
32653393
1500028
36774325
36540490
6442654
36553807
28044507
6417887
14531897
29633636
24452037
7849720
1008570
4121520
23274984
20968065
14477513
10497666
4751564
26079526
36198055
36575777
28607558
9954049
836063
21467293
30612984
35705180
22888056
26205181
20390920
38848648
9092419
510099
13925925
32300053
37485567
12971267
12712021
35318737
12690685
16918766
39951758
19531769
23806942
34428570
114818
23729801
18534043
26982531
18191608
10243483
16768256
22385289
16377412
17609798
28612612
35439357
2506862
11341259
21611228
8712173
20173498
6182961
7117102
42741322
33513799
24185921
30353703
11492115
4419719
34401470
26113585
27989088
7012795
10372228
37088323
3813607
24826817
1864268
11087777
38788876
34146906
29731087
-564740
38122316
14633188
26705893
36341939
30474194
35972100
8803113
15555131
8507883
8230358
19752585
10394700
25674754
9787804
32814481
12117483
11789695
31494245
19022071
9094928
12808635
36496571
4597084
31541725
4601343
42989715
19623734
22543471
28586610
40035070
27028287
32985130
35029412
38356901
23428793
22009694
23509435
1028637
43049263
9692902
15100341
4807679
38161772
30757594
29986705
29082662
42657687
34428820
21768844
40292325
6905385
9619254
35707564
32855651
16407183
35691535
38197465
11698691
12781815
9605141
8621131
33525307
33357686
27128417
22393599
12568982
1947287
39765004
8884538
8939907
28116192
36639448
-573916
19409870
38075746
17654063
37168460
33219840
33994376
1689495
26479034
1282022
17880907
33645414
19965605
2117772
24745600
4206131
26231641
10485805
15533090
42412711
7824537
8708341
29765867
37387960
19538188
23944240
29692350
29654717
10769937
5968892
14732824
39954624
41724631
18314892
26540484
-420683
627928
13204174
11165853
33679293
14936048
35008267
10265626
2315790
19794131
6049577
25860849
9997567
31424845
3219762
24786529
19828101
15630706
18235104
2421057
28867037
26649842
32527723
21008493
21485298
7835946
6166942
24157799
30828073
22903674
11507576
11878877
41899446
29489417
32854173
15998725
433618
17257052
16727853
12130335
26723602
37791947
10114089
28497622
11987699
20262271
19729536
41969536
19234092
35880582
6034070
18054401
11886842
5461092
4728913
29006470
5099313
32924523
11536595
3706958
36476939
-728175
5382993
2179155
40513944
18612041
23516356
6152952
21825927
19556436
30571126
23084762
22049681
17375632
8474022
41312596
7398191
29051415
39900172
10786125
15818790
40260286
21703324
39653675
23690717
8109590
-24080
31196970
19640628
42401024
14903695
15083477
17804712
30569194
10999724
19815976
13664230
4198178
5958282
32274870
17166148
40987296
13082349
195003
8769841
29051876
9885923
28141137
31131289
24517548
28225001
36169419
6755940
12402699
18865052
7491741
277986
32418124
35342058
29748280
6024928
18891946
2648397
33133371
2018234
214731
29475909
7065698
8060615
30524063
34637462
38687346
30397848
36894996
7926963
28321202
23907110
39444736
13860676
12248301
16583074
4832864
32839455
31625381
17735173
12513439
4308695
34391861
19554658
29115165
29230119
16902328
19751646
37848441
39243536
41676309
37120046
1237252
39564710
20181172
39269427
30700405
19841151
28039581
29119471
29921778
5832176
37707186
26678148
17336040
12000293
36137404
27557748
3410898
7206011
35974057
39704642
12197875
23125650
-415135
37906853
21630503
18354334
30265162
37163089
14207344
1858417
41383079
16429561
42124942
27251859
13670512
2362245
7073099
4894158
7210666
41377643
21375519
8669817
14427220
30529967
6492674
24592004
13161398
7351729
890686
34351739
18962509
15459791
18192346
15078519
17096993
6740200
27132816
31623025
19918961
9750095
37089413
26235678
31932367
3181696
39789732
8724564
22690903
9578867
8286321
36386170
26983287
5259481
29858035
12136338
42483543
2921850
29843398
23654527
16532110
33597600
41291649
22468106
10381820
41568534
38045563
5038199
4208209
14422775
27764739
20852400
12427510
37544318
3607605
17260238
2979685
39071636
26845021
17765576
1004477
26095350
30055947
33311980
40357434
23294102
30802475
29044351
18293311
2565687
17369617
33437005
39447644
22833639
33084914
25162478
24174363
40847469
18677912
40336894
29348283
20104851
13767317
12104156
26751514
39806161
36144005
33856744
5882965
20596816
34283840
8066927
6556404
18433477
-672149
23334825
9107670
42810107
37641716
1367232
30323687
34600493
32775622
39619493
6811927
29631452
12196905
33341883
37357542
32996438
24381830
5074206
2857961
24365849
4423728
6255450
28554363
36367710
27756810
6223347
8720403
39190289
7851408
38501323
22569196
16845203
10391798
31507828
-972773
7372171
17871086
28433345
35501838
7706441
34207914
24237307
10462617
9748373
43269343
2915187
8627960
19644026
15588898
23452676
27464593
10333072
10252760
37306389
33272816
41682949
2410550
15357232
3831634
39823610
10763916
18661466
24051483
14132439
18308528
7801404
27408458
8557243
18161717
35289913
31178668
27622272
6070096
4257228
25179488
24850202
36104401
13664838
22157210
33064971
32987920
4111753
29286140
39654234
22019192
29092667
26292631
17108395
1557498
22999813
26447252
22900098
9332649
35333398
40196917
6095481
16691336
11117914
-666757
10216423
27078769
31965955
21568796
29620369
32422774
8137877
40582446
31771512
23579049
30223835
18369323
37559623
22353835
35837601
15514341
23572023
3591757
40464433
6511957
41494415
36444977
6944260
42842933
37005308
20877805
2469592
11418141
21210308
20806567
40640909
26545183
2346065
32447455
26340181
5511180
30786297
9995668
22178177
32809742
13158929
17768789
23934145
23460288
8439689
43490154
38443521
22661726
25716230
1366709
39391582
26358252
22765707
26568865
33630808
1013289
29560775
29009554
23919905
33015196
26591004
30098807
19659889
39649107
16635162
14656001
36355552
1248695
40113503
36138215
4081312
33617055
42227848
10177077
12671732
29680824
38628394
30378366
19458482
17039207
33527849
3545938
19117
27445638
27549587
35189156
30361243
29593945
5451810
38267133
32274396
7296232
20559584
372828
19456031
31535366
3248700
7194671
2234041
7329436
6825939
25748520
39814021
40198109
38058746
4603869
42906680
15860435
28192571
16096224
24978941
11389463
21111166
-316871
15523031
37791090
9425912
9813323
8517424
17838259
37178744
41104493
2646188
7500977
15260368
21194618
35476882
4425993
36961115
36462010
21738740
22690104
24014548
21915371
36693352
39840618
37562407
3321404
11069374
7319341
43327687
11722042
22639011
22088663
39286148
17970294
10260524
4508886
2502743
18357540
4052200
1631027
19071410
11264997
3163393
36220169
12843662
6180514
29190085
8131184
15990113
12265668
31665050
15916462
7183252
25335739
37930492
34082099
40084704
3123954
43050773
3873926
12442328
11940366
34902855
32630406
25643475
7283159
15542763
22243136
36240867
5374079
2364650
42546214
20695681
17181203
24784942
27640424
22414367
10521309
3620610
20501508
-673118
25874464
27308607
28580678
27836260
-806704
22915130
16877638
23551593
33778371
6071999
25601855
30037817
14714772
13567738
20845759
32855492
42961962
17103736
3583775
2493419
7643351
4121028
37035611
30653202
20923045
36663241
17503672
30814011
24906523
27151199
4572893
24962391
12353806
36770619
38918486
17598892
14279007
28118625
39869394
31940912
3080878
6969064
26315377
17916493
42098597
4577546
15005033
1478773
13365386
12462051
20355920
12911303
5713530
4060426
968978
17134403
18180358
962200
2742834
317375
30877312
32451376
494266
1493402
37564967
29404957
26984044
34352928
29662575
38714924
29578320
2800013
27196184
14320511
43327709
13971342
23045585
24666442
24395431
39765457
2836034
5088817
15612715
41136555
28202733
1257099
15161314
34671252
26041807
18261075
3658285
36955341
38794272
14428280
23826529
33961909
25427355
41993297
2745911
22722215
42192026
33892242
38710690
11819100
20980352
18412340
16497887
26457580
-404097
30022433
29561187
29289199
26378097
37521024
19561603
38976902
8737715
13220714
15613813
40128851
8995104
12941190
40334139
10338859
25619105
24157537
41613646
43112218
36722197
8410262
34353711
23341061
34361769
20753161
1979044
10362249
37103841
14438956
20309832
30882536
32378071
9979883
33523460
11400704
26597229
4795577
12422246
15794285
42682788
29297276
10320561
5622827
38111115
10371478
25917962
26725133
25268092
15869522
41177417
3388841
33189339
18440182
42579670
3831786
11065254
26937746
2075619
22156883
37755245
425892
1059962
5714323
37887626
37462922
10386528
35947188
43323400
42357657
27501528
21261739
6552889
615318
38293398
27105474
38544900
33965822
20179017
13759019
2843098
16628777
32075167
659070
379952
38838433
2467243
30252803
42792418
31251045
21614863
27218946
39633926
38368209
23960569
31887998
7112021
3765174
29133970
24469743
22316964
38930447
14618816
6159433
33191532
1397548
42467801
23153787
43112343
13152878
5742968
42682475
32783620
8268235
34662093
3771854
28891499
22116776
23683463
11709897
20883902
41989768
15425508
345485
16986386
239205
39795466
29475992
38499943
1002215
12943374
13586846
33974753
34008727
27750283
30848879
670095
21449124
30991364
19488234
30472758
3653137
5391706
33309490
33818960
10023421
33030076
23788630
40418273
3563613
26043368
31004127
6402633
26608662
10260206
14023915
18629457
23948070
21726921
19594161
16408586
39748745
1448647
11182134
5508171
28451253
40465561
36461656
24749949
42272406
7281102
1981392
31653224
3008384
14830718
32839570
34393198
7114210
38319869
8731881
11834247
27339293
40344151
13254481
34975346
12220615
39266379
30116837
10467033
41825856
26873772
36893675
35930716
42076128
16186790
23073693
25308797
8286019
22320817
28280821
42957764
27081367
27566152
9877038
9746893
35824515
6288975
33104641
27413303
22806267
37743767
33563159
4663695
30227482
10182878
9379906
30903417
39389051
22739354
19640115
10099713
7087309
25514671
12792378
27363544
9279253
249886
6257573
31377852
1910442
5465220
36909227
-329007
7832629
36513944
20037404
19310685
26357288
21412819
9963633
10202216
17861744
39565651
35966283
27099764
17395763
7566877
13827612
20573605
40223535
9110272
35145194
3220148
14402044
22093416
3077885
2257384
15983466
32891711
13533081
22653855
27942485
29213507
42191460
23244690
9854124
27387075
3364359
29658934
19474311
18289417
12742090
21301000
36047330
11833329
27751211
30445858
4109076
14208746
24660109
1346660
29285826
35111583
42483872
42851833
25249586
4236230
3814885
3559887
7190269
38960288
5696635
29060621
31776980
26879644
24091611
32175081
52288
27138792
29053158
19123492
17776006
19751479
9268124
3950047
2527198
40830018
25030457
28783295
1770721
24161700
20114666
6668713
8922036
-286669
27823435
19181322
29859309
4028432
19675442
12829928
26150631
22049069
41351105
-171449
20205430
11474502
12495460
17178161
41918911
26070874
27536437
29456086
39761655
27555075
41592100
16111381
17197031
35069726
11772689
30291902
23590057
16734409
35509596
40071529
1816524
22110194
6493044
29358311
21437649
-465689
25577215
18112095
2392641
20580663
13723942
14284943
39983162
12384596
32140738
27590888
27259336
4145819
20272239
32839862
12546133
23807811
8541977
39176378
-738583
5144629
24380645
16130187
6202194
8712582
26021418
1058219
24170758
24182295
32918363
43401169
12756916
28796057
41911314
36776686
38700413
35243294
21359016
20314032
37633364
6229169
1749409
8464011
16677901
35427028
24613010
32268988
37503392
10117250
27596347
4394989
8211546
6733214
41536761
30194796
40104082
9589411
35328606
21809384
15244712
43508231
11245425
9613228
24846590
24707258
42642644
6769894
10526733
15580578
32550024
10083761
-538062
30910561
12343777
4538183
14313344
-625789
11579592
10332007
20364824
40951355
26935193
14374678
12377990
2494057
2345713
19354034
7500884
10550323
2022079
10953695
6777070
32734861
27516288
34715652
6617189
9839341
10214525
36266385
30610312
27574382
2186804
35355379
13450303
28285422
33325802
1863256
18199207
10770340
32818587
25062792
16083943
10369516
6728003
14256347
12622234
-253273
14507243
24748878
17824257
38949458
34253597
9203898
33220963
9861966
37169730
7722412
25396088
38651096
2462596
32718684
36233183
29940509
25260957
20413577
24316047
41749593
37972502
33628122
6703491
2685683
25618553
24137662
29919110
17748836
15646123
31153094
29436785
6908017
8611646
4785924
41541013
28123994
9425555
22987181
11990059
3694654
3335491
5631263
40967866
25762350
20012626
16554090
27313447
25279620
9831194
22865937
2880218
38467144
14975214
905296
30354181
35703368
42058941
3284755
7553462
11562999
37417600
39470797
23534970
22522306
18031790
4200361
9712754
8979455
11388288
25396710
27842698
19699176
19618713
36589951
15051015
10284350
24686360
26653576
9903313
37779687
13218538
42498119
30764622
22041960
-958329
34133312
18070372
19478423
29820879
25530473
29951030
11983810
41822514
25752949
4824312
4266416
41244987
17097719
37127069
14225931
22086453
12882635
9307161
22162124
7566825
21673449
14050995
22451899
24913597
19884219
2236682
9323267
28610192
31361538
19874507
42320301
515064
27138299
33697146
25694108
22661413
5494329
13493778
41780997
16654248
41845060
20688488
9244651
-949732
1525950
16469594
2668521
36100008
17780841
19816247
3624374
30056280
18910628
24571587
38479365
41327556
42993021
5360813
2828392
42915121
43494749
15049659
24163724
41908063
37573670
36447677
13942629
16436955
35969121
5112865
20929467
12727131
24836645
11957353
36015075
28563475
19063869
9427851
5889314
10564173
34598886
107371
14966357
13457552
22353311
25873819
25781392
27511810
8301255
8193505
17892393
32504834
11327412
30669917
31071148
36056448
21495424
30648278
14406165
31126439
13388968
2488389
-215854
28703710
36434948
10248209
-105059
39761160
4723465
40688524
6398662
17054539
5659028
14893498
12173090
25468416
40231538
19020674
9058332
11134666
5600488
34151104
33001937
27317761
16185862
25263056
15890079
13325304
15239804
892445
22164336
29686665
34453970
20649601
1019099
20862407
22341502
-349783
32173204
6046779
29980623
27407289
17370440
25500003
39847672
5809714
9787853
27903077
29058013
4287496
25131770
17526720
27249809
39802830
1723549
25263866
11031140
629157
39774276
1931653
14443568
4183159
36127794
31382582
27124932
16890791
3962839
40034467
16251346
309321
11400475
40767561
5838973
5370510
25578219
8992242
21633578
-868303
451599
13283612
20446686
4858444
15261878
183636
36667468
33828493
8804266
2434702
408653
41372907
18898430
15050887
36253456
18270946
33785411
5891489
-535535
39067813
27872067
4584484
11540093
20984323
-691333
9222470
5549001
24080579
1440447
18584538
20593621
24546264
11206539
30437149
37907120
-450683
16556879
4028016
22085100
36127181
13458688
10666982
32144463
28552193
7881753
12232808
25724385
25001410
10056985
8157908
19158817
4817009
8309273
11151753
19139341
2017028
13296614
-160219
18095648
29929255
12980769
29879542
18478927
42340434
1711328
9532456
1542338
23320195
3505229
20819747
9173530
10601967
35512557
27789962
7274990
16881256
12097377
38710798
27678800
33950214
10495768
36303139
36715143
22389377
16673641
15339270
34418905
21345524
15891731
30640050
39264714
23552125
37244001
26257741
7931153
23308133
13591229
19651585
6697335
29479697
28479124
18423275
41218396
41854156
36551906
8482785
26970894
36346979
9430218
33610933
21779280
20948773
20689420
30105980
14476311
18798391
37128075
7749677
29874720
32559378
40814890
4158551
11915428
17496280
13301650
27308918
34885301
18120770
5726800
31759497
12813332
6384498
42546647
28503329
33898905
38081859
4957450
13579480
5333718
-541499
7238048
26297347
15617628
-510757
5728252
5722680
41212511
26285083
37157609
14149534
20041337
12119978
25004662
12409447
33702744
8867265
40114514
8248193
24219655
8609495
3531946
4369627
13468145
23258479
21929275
28027845
19744179
19794130
9317312
35738778
32911336
13661145
12908089
2199325
989123
27731474
22143381
18308892
10259017
36226597
36022603
27890031
40002823
29575497
30444745
3421450
18488615
23476768
21946451
15151262
25923627
9424513
39123592
27966935
5288843
26541753
38327484
15479443
2699576
16917973
31376173
22797730
14956434
35043135
23533234
16501462
10012857
3061962
16677266
36078214
8667173
15481056
-704040
22727723
6664386
41007195
33323565
22235235
14996189
33958575
2676938
9461549
23023287
29237048
8025478
8538687
36584255
19591863
6569155
15032571
12270624
33998311
-276692
37654365
5377782
-397812
24688695
17261291
17681783
33415930
36305158
34983536
2817645
41921385
33748840
712419
20736532
27417536
18104488
18668471
24958183
12071764
28347466
31266289
16580022
10273934
26885321
7831990
-554440
43010355
18976948
8375531
21536444
16137213
26701418
793713
18255295
18614822
6714061
14714081
12664568
10191115
36133904
24332454
1627242
12763271
19439891
19068305
11070631
42361599
12175620
7470003
14593735
25169785
4692143
25699039
2924284
41944885
33395651
19914206
42273163
17184564
13076250
35890350
7472258
42492025
12743503
43399508
36767331
38216475
33716056
15214722
36888311
25170753
27064881
23341396
24579066
8121849
37555884
43037426
17608377
10683907
38196844
18053715
37415259
13181720
19101056
38249317
9763045
19231359
8533997
9130256
18542710
40538584
9519717
5010131
471769
21887255
37839009
3405444
14570492
37206637
42690953
34325976
12062670
2088428
36183261
25815293
34014521
12758623
13588392
17096569
23875023
5970692
39294115
38238591
27754297
31420305
36827977
1065627
21881388
37537533
17947689
42009035
6095611
14881804
18578763
39588026
33650204
6408211
26529626
13046021
40249396
11146484
7679718
5696699
-139438
27036315
19391130
38336156
21675814
4301838
22138212
16233057
14786231
7194823
19396567
7728815
12215104
30147427
24119005
31191476
9623783
36671753
27833013
4197710
6484417
1755566
12716187
26369770
19417081
15918918
29023492
20112971
2599370
12933616
27452203
12456270
998680
16472350
8432652
32174344
39005191
37660080
15165676
12659729
35043865
19426250
4442693
26520239
36809669
3681707
34116402
33024314
-607534
13805678
31256019
5602800
19232176
5661794
11907025
38424197
37161241
630515
7947945
7782014
5099488
37487505
12497640
30701839
39363311
-570531
10758133
10612839
6197902
9986909
33174168
17635457
9498548
812720
21101792
13703821
5618924
35492566
26033869
23266494
17344256
7525743
2377490
16476170
31692107
9045380
-749178
2533746
27154055
2938675
22881375
24522900
13698159
25520308
8381948
37830113
30824183
11025803
34668240
15531539
3448518
8960306
13545149
39656880
32772101
6593591
11558557
2415694
12544618
25884413
36381675
3119658
3576498
40088757
13248336
40781752
14227116
23867664
33701668
4959983
32295382
5687951
13646369
5187414
27763809
33693301
3731489
25245295
15558296
8429927
3074972
40642342
34927180
5753960
19959321
264884
40260424
32962547
6875660
38090007
42547430
27216837
36862100
1514618
9342384
40044073
26666638
28953633
38314233
22185344
3585874
28637648
22081777
20884326
4191652
40578360
28714872
7316962
43323142
5473840
5933125
37728014
18172828
26368322
39590970
41204037
38633352
15751794
22181483
7920727
34928803
2027768
20852735
27039030
1924081
15814266
2562014
19926437
36089205
12787662
15769604
40548810
18362265
31553525
13662241
30526890
3278375
39639799
23861236
37937431
4721222
11224899
10682470
-800076
42983467
12381215
17710165
11688454
22852929
24229832
29092073
926909
1067155
24138738
43408787
38995528
18511196
6144618
35958512
23014920
15814437
6044032
24959690
645892
1344195
-832206
3621583
27205581
1198982
2297729
34033164
30609807
36299947
4348643
26601817
26263045
1041004
11534420
17141135
1015623
37218193
8221879
14745935
-840622
35823427
12132161
-179142
40974175
25781926
35940752
3827933
26639183
5511817
15195215
33114585
2525425
38813583
42084311
29881020
29599514
32227084
6498012
3395084
14292554
6011974
10092931
10080950
28980285
35027562
6710835
7162830
24439105
28639637
10846078
4223551
33534722
32820170
33156191
37566577
23353571
20151196
33775088
42786779
36136443
18144772
27168281
8852615
14898207
8854768
148881
9588832
9415434
32788352
4687979
38164822
12400384
20176311
10353659
33498195
42035336
43086399
17198326
15216530
36321012
11345882
5184844
15232684
20130815
27572330
5841605
19315905
39981823
41828162
25098408
14461529
20004296
42672677
15336406
1265029
547144
20622656
41377292
19392301
17538040
9635712
16847766
12261419
8090380
38952861
24779264
42247279
36839364
13048867
35974421
20167171
27437504
421025
17622302
40532838
24175952
3736149
2290282
24938405
10255984
16521876
19038980
29188359
29713634
43010404
20049208
31886565
33993144
39387739
28456207
6242307
37708412
9353909
25512352
23050558
29310754
18589177
21016597
13291134
1338276
6745143
30645282
15759822
15908163
30457154
7888002
12269512
25024516
23960541
20140720
12549794
23173362
20087481
10060203
-364113
36346204
39951154
13528468
29169945
8947590
2895533
5453389
10351034
9645462
23019510
30598680
32751657
26898011
7190852
4387264
35552184
10248393
1933351
23963697
21905805
3952928
32922990
9778224
21673536
27704294
24004453
28591653
24199585
9570427
11402797
36675611
17953164
12819442
9193917
21780414
9991157
26498370
21382546
36896807
20570556
35457219
25803238
29291859
19141521
23568730
29507366
-457284
2008512
11190870
27237090
9854273
17509835
318112
33148529
10247878
1988926
40485678
12536867
10828316
3009777
43063748
20545306
27734778
33408569
13548689
17516638
23878816
25361454
21038382
23776587
28726295
13932974
24205092
10949620
4025395
16086577
31663595
35812408
37288074
14158152
33510785
-8755
15203612
42585557
14896527
5738612
21468229
30064996
12064813
12653569
24463221
38310367
3758472
-560151
22416218
119668
9599146
30174285
9599597
5015176
29510537
36220011
37280314
20288847
12077244
6859032
16638042
15840406
32713445
17686665
10461059
9849981
13342682
9948719
24602178
749264
36848684
37527999
32942259
7131617
20790462
25458810
6713106
1602727
23118009
39730330
34927590
27142387
14295652
36455896
29420193
28785702
5240645
19060845
10024724
41344973
18218878
30708567
23751626
29794856
17783675
29932369
2693821
23847323
41931215
20684817
12268092
43463500
16695745
8868514
32829233
29370901
9680601
34905600
16935876
32998144
22506726
14218679
21049709
32034024
11170411
6255707
12343803
41544303
22782365
13489127
24999645
5492529
42732826
21076407
5813154
37987916
15952101
41114020
19056328
10371760
24686237
6326992
21338387
27306398
12797196
43240133
26063161
23077308
19203094
5042071
8426548
8707385
35071693
41476827
39608557
24922675
26284698
7102225
31485641
26075443
5240925
2697573
13996894
37168401
8648104
26828527
35479755
36583101
3556993
23857762
6814697
31808335
24855893
17792438
1139590
499541
29265319
24761866
7167877
19962024
20537353
37762522
13360306
25651213
31337332
20888593
15025423
30686454
32560172
38388179
4296830
-776547
18814032
29525316
36819389
40070984
15531585
20395491
12912977
17986743
39828664
35105547
41242526
1623363
13773406
11808439
6858410
20518475
16952111
24000700
42043647
39777301
19404277
29613212
24559792
43295324
22048250
7652291
30111584
4641187
23262557
4436012
36437136
34536976
28358767
25217426
10571278
32343927
13326358
13830099
21346315
33118280
25721739
26077584
26760231
37424282
41887482
28205630
43351177
35382670
39509042
3812506
291564
31827283
42568573
2582034
29895219
30499617
11315032
30896469
37858324
9782511
31723316
17061177
6068457
29530095
30313347
3567982
28455867
5784239
9091327
4974920
34698658
4377843
11681919
10476285
18438177
22441420
34339515
18912516
13165660
8481368
24864370
32900258
40325002
42339152
33675622
1989297
28256610
26378399
24748120
2163634
23291113
15668795
-94529
3074627
29756008
6871438
15458659
32156801
21832437
6785181
28787585
3274239
22899014
15124861
11814845
14339488
2939383
42245018
14435811
16080132
21397187
30667969
33655507
8364112
14350624
18130200
5960028
19216068
34785817
1789348
27735392
34308668
39700300
14878785
15916987
1984886
-948605
22282386
38223910
3719512
2829796
2108770
26103251
25839844
32739748
16536235
29291626
25020546
30684316
8592111
15489177
33178524
22131825
17958637
29610815
5568794
11222717
38387212
36572328
24768811
15122996
3597099
34351099
34824781
16971104
24969194
19071172
35427767
33738049
8155950
21618730
24624680
38130165
17628088
41018301
42247317
25117023
36375427
29323204
27548682
15264521
12244232
924869
4715874
40992163
43107080
3924875
20124316
32361608
4814290
36421039
13458381
23804774
1888838
2963340
38352908
11374538
25734528
19910423
37662712
18197409
4950594
36990123
21668164
33177484
16780015
11327505
5798448
14316551
3149146
8912330
39974174
9605382
31353735
41975384
8385398
41141584
8764677
2707945
843915
41613929
43338088
37868524
20980622
37242352
43000815
1413951
32016476
38482879
585932
35199270
24525345
33481420
3852467
11015492
19338653
24199929
4979981
5278441
27814410
5830224
39114549
32402158
27865597
41880818
35427394
1465597
35668551
33404475
23646574
33357327
11403080
23369211
15619018
3659376
18675300
32616393
25931283
13158780
39288676
128855
25567202
2933770
6565518
236829
20679688
836326
15915849
36420614
6071458
6061804
31497811
16279675
35852295
42917275
21204923
20672826
12772541
42331861
18400111
12829918
30871450
28009822
20648487
9152396
29346400
16614479
31176177
40963310
24413728
7035996
2477770
25183085
14433009
710997
4309005
22218281
3688426
744250
21292332
7276249
11465270
841175
32206322
7359372
26155287
41166013
30311318
25774096
17468998
6634375
18012871
11317559
31232950
28238407
41492521
38145121
29830150
36725782
13988156
41001073
43142278
36066378
304761
-436285
17978693
32659165
24253741
21684408
20467620
22641700
35772899
10125445
40312949
-468574
12341302
-549583
42320857
38188429
20451943
11339532
7974866
17596586
12087791
7063086
35016853
24630747
-636128
32553499
35376025
10931513
13260835
27493140
25347832
-191350
61930
42755017
6673823
20698570
30583452
27773196
18846714
29641822
38103771
21769701
37565932
19624370
22966177
11601739
13178504
17489445
23862943
3313719
31062002
20432361
37823256
14969297
14085295
39895171
8446979
30386435
20813696
40902748
1869268
30442276
16404620
20342331
40904071
25111000
5765042
38304803
31425582
28843571
30741417
32269709
3215760
2642012
3277681
10762708
42344094
21427142
20256260
12927277
5924228
8193915
21281528
26874926
40475945
25930231
24977852
26847460
5804072
8850400
9627313
29693917
16282165
37167394
5342705
29837426
17391051
2071195
42425198
22567448
14252615
40352010
34905238
33661405
-216052
3869521
43215778
2140079
22790725
22286599
37042942
26506346
5109614
18356817
25552634
35567009
3711758
25211463
9589290
25931359
1980843
31815238
24755151
9812857
23052807
21532686
21281724
36390636
13504101
19319234
12008398
511741
15658603
34278361
6345063
10065760
41625912
42947837
33622917
13987663
29342447
948661
407801
2015414
6029952
3439495
39773273
16590623
22394545
37102121
24078523
221504
19148746
41195828
33823639
32207571
16763885
29982526
33516483
42617251
27903397
42329071
26424298
26884389
6171925
28535333
41707325
32677339
25850738
13229133
28575676
21227117
23310955
5162635
22749464
1912160
20380605
10875381
35687540
3279428
7337439
17970798
36228571
7284348
11118028
15234302
5236478
28113788
5030414
21732964
14563224
23403528
33381082
38687898
12271939
38382653
9154463
19872634
18680033
32366692
6847149
176774
22715026
12038697
19735687
292927
8445192
21799412
28261704
5762123
23994312
34163879
43168849
27992037
33301331
16364299
31324390
41942251
3185395
23395710
24001716
15577722
17814740
11311235
28581165
27023361
213859
28730430
31189222
20163975
9577993
10216164
2791426
25220138
36685014
26237810
15887871
20640819
19759409
16401433
42384656
1209663
22640703
673322
1393197
37544987
2428624
3194272
19905862
34061658
42060159
17900737
16668107
39979173
19880362
31670752
4940774
8951395
30658547
13100858
31008682
38982701
24081110
34425203
5526972
39958750
25511971
20629698
43518112
1710587
28817640
14650073
24513553
34182779
31574255
23450602
8743298
-470601
30965782
33568982
21457997
32552624
25073633
7454113
20921729
18120309
37955189
23097590
31898563
18663172
29667405
9614595
30916058
32364222
35407529
20913648
35572525
11876440
38611669
24055390
37557389
8670030
36172558
27721322
39392018
15099203
30248923
27072553
32624613
5616634
17791377
6318932
19655704
7189505
-113381
21671689
31891739
6026105
35941039
5530645
24333681
25938212
9657342
4245248
18683591
31913545
9242804
16799039
33887816
39322588
35784838
36825284
22044360
14530793
27444973
32331910
19211539
29950790
16900386
41731917
36316263
36136138
31913608
43066267
19839356
19154556
35969239
40509601
31772337
24057084
8097784
18219589
1453767
25769376
42197423
7691433
31015963
21933923
24899978
30745646
22016256
1183047
37938375
16378494
36301712
35957757
30124848
29750183
42499134
37912843
25850420
40563808
7168246
24331261
22835282
33639853
42917998
21173639
17226281
27787181
15741483
32321067
35851253
41341471
28882942
37651391
26253017
3784759
28606776
19515979
8971575
38824043
20990383
30180260
36070266
26487997
26526746
20144249
7303246
468151
9000409
30558495
25538703
36646802
28650925
2604306
33995831
7887684
40747170
7444444
25537908
32755901
38948433
7861813
2094324
7121760
5461671
2741240
5347949
34292141
22034933
27092498
9077379
5091214
19271058
23978878
16074652
2851268
42339675
14462592
22231809
30438189
14541463
10562985
41797690
29953648
9169035
4128454
8826309
29515761
14483070
33714242
38108667
38536326
9998270
30708679
36095636
17307578
30260659
4081223
7200918
12593412
17727604
7814965
29553946
26892729
13185665
19240826
12920059
19992377
32287316
43207763
23264021
7718267
17491577
40320977
41940654
25085979
43176698
17485490
12079507
15033622
29087693
38899600
3942608
22527369
18231546
1702767
27289701
-933918
34643433
15094616
11077834
890783
3436683
38065131
39883193
9578983
23998898
13340690
41025572
10702883
21061463
3186388
37437283
34469554
5757291
1831350
8194302
32417430
42359026
41657361
9751135
25521941
23029499
41379135
9820498
33903657
29510213
13280192
8392117
12739308
22496297
33573053
23533499
40944388
27009079
26812666
15557746
-892838
5960693
10078631
35066520
18629184
17271501
12306595
15341059
43130452
12282060
4810951
25727145
12304336
33946036
3779554
43051650
15024786
41786725
39553564
4278600
42977114
29180177
18363394
16124667
9310949
25476340
29405405
14321
32902640
36527550
512590
26544428
20106009
13533512
5436652
5529644
38210614
4127739
14800355
21003108
4429099
24294967
20908755
2080478
3965760
17439730
16178892
-422670
6104207
22089376
16684968
28422548
7499655
16073893
30091411
4613669
13844927
5230998
43034247
2916087
15369686
-112492
40073852
37206048
8186006
24922053
9901591
9771209
31873006
4541466
27436933
15819938
32520986
2227198
8948214
14588757
37203068
20599537
10801038
33441035
5369556
15131814
22639400
20358317
36065345
32441206
25223414
4731154
2822653
41859153
10076275
40266893
5912059
23738829
33460182
26867185
37587194
41582369
5286541
20834431
10788636
36888892
43463862
10819530
37621315
30257272
24184784
2919532
34203757
13619590
26507131
17876014
13664189
3644555
22182659
37997463
29594129
15213535
11888619
16889237
25621636
17293966
41535484
25276268
15041894
35281839
33300562
3827162
4940550
26956989
11625210
9927657
41749817
8149083
26816418
41124194
8890134
42194115
17392989
34447683
10010739
36936725
874575
286534
34354185
18829211
6907970
27661980
9350424
39001755
35172735
26695728
20906427
20201219
-391074
32226604
13118520
23031922
18324821
40008891
15125475
16350705
40861244
25759430
20181536
39067851
17051201
14836707
18424265
22713419
22351226
16191977
7498753
19476304
-61572
2495018
7864014
35156566
24789943
32621160
3524699
18276920
32678867
30701104
35779253
26935776
40124650
31375327
18796662
34984485
13762851
30349979
7764743
41736992
43141208
35354604
34184260
36924690
15858399
38213382
34261329
23101917
30249659
-823356
41275040
41923118
26083827
-814271
7430124
10711083
13158613
39753526
6690651
18357005
13027248
28396375
6948047
27928541
31949109
22332418
19976510
24292527
20472059
30120608
2552693
16567697
2963399
17331413
15382206
12415861
41684908
28476136
20151984
42250133
32657169
22757308
19894028
1587694
12543947
5402877
393832
32619279
37631517
17142373
31822370
-460611
29448118
34335032
34580791
4754085
25325419
30311677
25007053
7161317
10553204
8763029
39083832
11397402
36408285
34049998
8049553
14234873
6768480
38655711
15393792
15226146
42442418
4261675
2141412
19990715
28508340
32553785
27854449
-260904
13000907
3969067
8584211
31977135
15070748
25163731
13378967
33355439
20642557
10175733
2935789
14882000
13242643
19179187
43028562
40717000
16217308
37078425
20633995
3868061
23940138
17432612
17775969
19550637
4196660
37217912
27685371
41584783
15257156
9978025
40840981
2206967
7012867
20831976
13087390
5125792
2815145
9491028
7045434
9371603
29495990
39433280
5723953
2174353
39251400
16882127
35694066
24460415
21401011
16707487
25550131
25199467
16112358
21479086
909080
12286622
25941462
15197407
22668754
1691167
5058934
21098051
12323225
40457692
30923030
30627090
29769740
40448246
31013649
10008643
4258651
32783984
23963843
20050013
42881765
6585593
33562796
10149896
7380525
30256158
19527777
38925793
2847773
39687394
38826149
34199383
22094249
11493103
42761956
10765050
19816222
4084625
10825724
22365601
38709430
42968586
42541614
22066820
9462636
7394905
38701515
15784729
30765402
1279759
22948758
6894666
16131162
22178596
32725004
21085080
39705957
41070528
22173749
29107598
15421209
22681006
16685675
446745
19810821
27889778
42233318
36439855
30986137
24643599
3563915
22287776
33658946
26009642
9483361
12621475
32534624
37727255
25686670
8609541
3368945
7204004
41395857
29524915
9091933
40602766
2576949
40770549
17633426
8340629
-11407
38221272
25344124
36979324
5936891
19444137
25300560
18912783
4936312
21222964
2522473
35192865
34399892
9036291
-399720
16679449
38500019
10720355
34525352
41327770
31638797
6851616
42316107
29971845
16692771
5247892
40100634
31212481
34531745
21127851
14659235
8179134
9891917
35250211
41478432
35877990
21234356
12190544
822811
20331816
8084525
-197194
39716826
10093797
8744853
28773620
388700
31175563
24749121
1339901
27154289
21022530
20892374
13503031
30791774
35127181
10273605
9640048
-566929
8415720
7002480
26143601
35669898
37810627
6676100
6400459
14306178
6782995
12219802
17526068
26141471
-210668
30426411
31722181
7391327
42746675
31848164
13316762
39139183
15533831
6366622
38710024
36380818
37037683
18733327
20279091
41295878
21368660
1699280
17996671
15929683
34663376
18608568
39439115
17941245
28012803
3724048
6114691
22267734
34728708
30186332
28249191
33480827
30331691
35191770
6865825
18581811
7189853
30975635
7759423
825568
25195740
26034336
23978088
3408637
38916692
15947431
31321608
5258552
25038238
17347369
590973
18448267
3162101
18520473
7960916
1983002
41555524
40222972
1000119
14554709
13687469
21088977
728869
43277489
24851235
5754202
38940350
14244784
12395308
34204005
33407569
30884331
14793800
4227422
2722210
25533642
42452615
24654618
31212865
5750230
3172635
21655331
14274261
38608963
41325803
5694421
42204126
8288497
14678363
30128767
29281381
4973233
12710330
18412240
15197588
15066375
34292042
10770944
5688617
26594005
36922080
15530474
27009754
15827265
1598359
4863894
11222082
20247466
13837613
28526220
33086673
24160529
20800012
35425383
22518066
2230481
24389572
14677476
42865778
41922830
4155299
-538631
234347
26822307
22249699
18805947
9781242
489087
5472216
18192845
22351771
19122243
9495446
35976395
24564343
17326422
9237096
16204133
34376502
21032819
20608382
10991579
3109498
9259254
43136063
37793082
1046136
38381663
30583258
2847173
-861986
6696032
447961
34400817
15486746
-408407
30267648
42554457
15943535
2383993
15844503
27761386
2229503
41865398
42380137
261508
9262596
32253716
35239063
40958210
34032300
9626802
1269347
30739741
37653337
10620679
2040161
28036308
31788354
31985566
42975399
41985523
12255031
9890491
36450262
33853044
2693699
42492775
4794520
20829764
7473946
20786660
12604914
32144021
28454310
25078384
39473013
6099821
20547082
31199391
19126608
23130077
30573311
5855187
36556419
28090332
22312842
8698401
8616410
26139026
28465665
27872535
22796065
19450110
35902221
14034523
36334657
34563929
42222932
12281724
26676049
9964999
30574040
39662737
26598489
20564002
39523246
27500948
42930268
21768798
9852696
58448
12699915
39010172
41658451
10682599
35478267
35624759
-757632
33670483
11863592
15302659
20963124
27222926
15755511
4241395
2007641
318604
8172894
2822083
43388704
17570178
37447863
13557364
11183779
15808766
34813415
29874911
15786624
1598883
42704999
14029246
29569038
30312191
41387010
25102208
21844365
25639907
10613850
10769531
15843657
23175675
33436503
21590762
40334424
1769791
2240568
42333617
11137052
28990671
35382028
16806602
35000377
2163312
14558264
26705205
20913063
27174210
11635573
9840237
28776800
31878515
11743408
14168368
14134809
37438386
31822302
30484445
36547282
25862591
29898715
37873796
36997191
36813837
31228407
8111631
35875998
20696505
27687485
12388856
15347887
32997363
22728582
-612412
41642899
34677706
30376249
15708201
32589752
36032397
11605122
25970827
20095180
1669567
37594744
35509505
-959466
38005344
18883234
42479996
15692946
7107469
8412883
37138449
23279650
24867785
6870124
32909364
28569959
20544477
42284867
3252709
4881430
27552262
13915518
20445305
19737175
20260891
30262661
40130583
29715253
3419544
25555689
42935230
31821319
41528359
11718813
16235036
32809616
34224829
4070670
3411818
13782710
32539866
16642664
22074360
34240454
10134001
43347840
16695679
14465980
4174294
7207324
42823536
27884536
10552219
6837196
30052921
10003036
13833378
40510359
16824908
7759367
34074162
1499031
33762026
21052914
824087
27373755
19467211
21853040
20854550
42541387
7372744
22814114
39204173
28226578
42622919
5873303
30091
42282341
3765177
50196
28974892
28579218
31983893
18579030
29666792
9747747
10098122
40173518
30927946
9094479
17784224
6502675
29426389
18117066
23231079
31101849
14304370
20184110
11504369
21695891
30215342
-850810
38663529
35232487
19008359
17469328
4625944
28344651
8345222
32961561
28995122
28488933
15043340
41540213
40065837
23073668
13842319
41394941
12474654
19386664
-591111
34224257
18394
-814816
3942400
42669833
574510
18348102
13513358
8445333
14406269
37745442
13036683
36579177
15595156
12819024
15125893
13097785
36950170
35597095
7266263
23407908
31354227
6038706
-933710
7647069
10775775
39327659
2577631
43181653
21111283
29646019
-70041
14003218
29816971
14693797
42114767
41287030
12396104
10548393
33664208
16760116
20637348
37489962
39104379
1841020
3710635
32247940
37844492
25999582
35016708
5988551
36556331
29601456
35914681
28106602
34563628
14859666
43165572
5496641
26529917
24654636
2960648
21123539
41108491
39905377
19853609
16683457
19828808
16141127
37219369
19447448
3851357
28163001
34817365
5316610
24219653
25888071
34905052
24332181
13164401
41057894
2854406
38883588
14324115
25581423
9813440
3454910
8533210
22193600
17645577
3556168
11923131
43211582
22140300
18360821
-524624
43454081
11637330
397676
41320641
2330445
19137152
18933465
6893027
20220479
19288153
14670246
28330349
39525141
17227468
18510661
13462970
8336949
36931373
29377712
38687720
37073864
41323878
24609348
2073572
6954989
17662743
35033664
13656633
13035733
30665148
29771320
9174572
24360361
32979658
31581390
11632299
20257315
38419598
33696575
33944953
4191664
35178595
11939124
13256272
14836490
5999878
29312245
31415964
32842620
36490666
29395012
29648545
1059988
5411077
33286906
3444591
16005334
5682501
12505858
8541522
40490879
34569911
777223
30118506
22803919
23182663
7005510
16926792
27283228
10469574
22067796
7948440
27769674
42547758
6893426
30276859
12372846
12162040
26595335
3208076
18904548
39562991
27426969
35865443
12349669
26455475
38480407
39995532
27628384
41240205
2443311
17276645
35612096
26147061
22847420
21656974
5821736
2153868
37112591
8066932
37112568
16003755
20475390
10835865
23074170
39408697
24094328
2871030
22541020
27729057
33450845
28562259
26515073
31624027
29977057
8248243
2080083
41708017
7141648
1844618
4592661
6104597
25365919
17266622
12657967
30456327
33207182
6876979
10002920
2673459
31026985
14197601
694482
18014689
5743254
31271523
7621440
13038053
9206621
7617884
32623950
29211876
7649090
33998162
37665804
28814400
37746592
17197339
38808049
7624027
-4354
9908106
16822513
34192941
7979747
33738468
20375857
13134870
23122398
38088343
5629824
21159600
607929
23774500
25727031
19118584
6264493
19855225
11901836
19874070
36528814
8556976
6345632
15618217
43081357
2237250
38443178
13809800
34123309
26086094
7851168
-467723
21345637
19717226
39635015
9250752
31306028
32178125
804166
1770852
37917184
9749740
21042111
39652613
-641390
13139172
19241112
39866869
29391737
41798524
7109765
22256738
41358095
10418385
21560057
30799777
35919331
24734915
30415924
29560490
12382245
35209721
39463663
12285931
18533492
36542581
26008949
30251409
6443647
42943760
5740617
3396093
13527303
18826731
38802575
17633797
34360248
18057981
30278954
37427802
38773409
12743978
36954271
40041012
14026153
26971842
14620421
32902560
7931835
42799704
15458251
31881968
11352770
41759486
24774251
20381821
13608275
36571238
41191372
42747312
-658280
20421437
24723334
11257409
38906964
38936940
4190015
5833095
16490310
17147515
18891417
33950407
9498245
-550002
32835521
15042507
10912565
22179626
32859747
2055276
13403627
9042714
4556374
1407763
12365276
24399681
30595861
39743504
16870805
15870776
41257867
29461667
7148503
41325936
43118344
7960828
2463905
17173465
22862148
38866698
25075934
21582815
12278587
42047567
16470867
-86280
17291784
30474999
1911057
5216789
28958631
4162146
15961810
9989380
9411758
11376240
7836584
9453086
18089951
11709507
11523512
34037117
20745987
23064256
18405932
1758892
36788833
32722111
24051229
2165924
24523436
14650971
16563237
31645065
2543960
7193476
37867271
1207600
40798839
3796985
23113125
42088138
11894946
14442736
12023744
41487971
1294175
29939549
3560090
10159917
42953603
23623675
40873543
34017311
16493679
5279499
3383087
14134407
24030087
18011036
7285943
12956331
12041397
42773417
5887017
13714154
21720607
25936939
36180000
32678163
39551817
31324352
21365756
18707545
23763907
14219048
37472460
16524530
30021724
170404
18527542
16084675
8041789
37375413
20894796
25941875
11347877
14467628
42027636
35694651
18651690
35092013
38266250
-804755
11267095
34767527
20557855
14445583
3049909
28553410
27953569
42552891
14526939
35035655
4432427
13535600
14082333
28705646
33952625
32623477
18651529
27052551
12258582
29026171
21756669
10664494
9532622
40547993
34500606
630348
42700843
20024003
37517994
33744474
7634836
12499978
7019591
11544939
11767351
17491422
41868085
3558474
28934167
18812145
19506987
34113148
33742
42677240
8710280
10003551
11994893
33713726
29471207
-280085
22214638
41404513
13538245
39881288
42220245
29035082
28423527
1318147
20022629
18208344
24453285
23500105
34000373
19064875
24054197
18347125
23262589
40206499
21684203
41317838
16636890
3320972
6598067
26315654
24245766
33621994
19873809
22912784
12216027
17595234
2254152
41608457
40774637
41784415
1053955
19969881
13270342
17499249
2034542
25885472
42307100
22228260
12723354
6429233
15108933
35518035
29701928
27899742
14178353
35329781
40272853
30210567
43032417
4278098
43278192
7514056
10914092
38242637
36665205
28883899
36397482
15028603
33151137
1030624
27321148
572789
41610659
4541092
23075490
28934367
5353000
420287
42000034
6939976
39936722
2811371
38143811
43161703
18826078
3964401
20474290
41008406
14005217
29444601
32857393
36603323
23767256
27542681
37571913
39733500
3316327
35025197
38079553
20917898
27862530
13539642
22318235
19198257
11608939
40016671
38093635
19800661
20975437
2789062
3570437
1981038
12652846
31751849
25963595
30726678
3766881
36143505
37489988
29883612
24863434
41573150
39612799
37784821
11583267
12624637
6831225
31810832
37813548
2416147
11944372
1451018
18835937
16278479
25896262
4447695
18033063
34113139
36484678
20362774
20411966
41445437
2138909
32541068
8515030
41226716
15260378
28670740
23555323
11358595
9363834
7348823
2414698
11414094
4656164
29217416
9971327
35691216
23699421
34963488
10831443
11461709
15409326
38945228
40622010
20393376
33089448
23871355
-951194
16349968
27730397
9661906
28849730
18094236
9939171
17398499
21227864
40708116
37966520
27457816
32919808
38830679
-832850
23259233
6854163
32357339
9598499
17775132
2618710
39402719
5862389
24789176
20701461
2839966
18618160
1674281
9780656
17293186
4098754
21727342
16784069
6599637
35025738
3584502
5809767
2193947
22705438
43361030
29155621
43029697
29183055
12093188
-498651
1818681
26446358
31810720
14407031
27431816
24144360
22976415
776612
176461
38508466
39145711
-971924
38998888
13753151
2022535
18879233
5317780
42895047
20474255
25469800
10303294
7586660
18004956
17144506
24659020
35751628
13207995
8746219
-222019
4974484
20251846
39871395
9517213
29612934
28114820
37486489
-177985
15126197
12957697
3021582
32216823
28944191
5280699
21160519
19511984
24103827
25398156
41468269
33439696
38343395
33769556
1712058
35996371
12559332
21542494
23345159
178623
13796414
13349160
36340690
20442677
1825019
6749594
16593461
27135287
36495358
10876198
33839620
35782473
206996
16979749
35680096
17729822
10427830
24370625
4118671
13903992
9644764
13342104
35395099
14683565
34728406
22419183
6143499
40634145
39713924
29204199
6891594
14155261
15221401
20442250
42142018
22439580
8748436
39554847
29675970
37101740
5762667
9123323
36504214
34059814
42500245
33602128
19061395
11570717
29029901
37071893
4020913
2930155
-21143
25877540
34529008
3565293
21981768
22270924
5028919
33517433
35003642
26472723
13121011
39800648
19831401
37830579
40615045
14681708
40973678
13015166
24603437
19684804
25425243
28190099
8741140
13351554
12009366
2443607
17624740
34381912
10701567
38034626
29195825
3326491
474956
6108053
37481939
6732648
18912299
15911756
1157784
26882001
22429111
16086599
14612216
11160302
43099529
25942329
9643082
35476632
22463027
26403491
43303415
36238672
41017413
10210363
23773626
25805450
35274940
25778375
30935885
16403303
37675861
35793403
33858082
7843189
5828017
19010021
23983319
800492
33788268
23156823
621420
12192242
7258503
6836777
30796043
16969707
27351968
7648281
23948676
19711569
22628903
16600753
7581448
4379572
1760649
21437357
1995006
20841615
36148852
36815775
22236748
24230458
7209300
10567403
28459329
22801937
22503623
9111935
31471654
10957631
32063061
22617766
7275135
25435949
553186
8388276
21476093
2322790
17051727
26960819
20642551
1182398
29901270
9490442
12648208
79005
9083275
42551381
42037739
3213645
24348659
15549513
23557411
14971868
21270304
24305267
24784537
3259795
23540577
19552205
11534205
32215988
31523440
11497424
39022424
17649306
32392732
36356607
17990464
11148274
34908645
32112413
25904773
6653990
9416982
23724340
964343
13385090
19708870
39670157
3536214
39967356
32791294
14893381
37705509
22546685
25951668
42675914
39651061
1705886
17935043
41033144
7567081
18158679
5210199
18526166
720264
38254191
32988671
40475545
17896567
34584661
33553098
2697689
8858998
27808108
1566815
20249870
24338504
6607485
16617053
13723333
-255464
16260329
24845921
9648987
23800451
1506706
18879722
12734497
13147886
2976334
42102065
581825
35665481
31752168
11273003
-592010
35774048
20303639
17794549
19501863
35173036
30683506
4559414
-595368
18915241
20707910
12695170
2394661
32311326
37312607
40516168
42260487
35807629
15769678
11312292
28887488
35919962
6097808
36357010
15157562
16194529
7175303
11331556
31963644
18079269
24002159
23990731
10586677
26285157
25165174
7692807
21708174
761594
3056663
25407456
36782395
42522872
8825574
6297721
39814119
10144809
4491261
14787645
36679791
11674198
18736959
39581722
21755223
37586511
30512637
3425515
34360509
11037223
8781941
4718872
26607651
10150311
-945437
42887160
19417147
20023539
41343867
7541186
36927632
4901338
37295332
38141726
7436934
17525300
18929601
31765104
4129609
39547869
32051290
8186959
21620410
9682234
41207567
35034216
32287339
43335623
21307644
-602943
37588797
14373552
6370045
39519186
28754892
19348186
34062534
33466567
33688930
31203180
12374522
29703586
12567078
-867863
17617695
13782377
42352474
6667487
42508566
31662229
32196048
15784601
14436699
15468460
17098307
15449609
33224083
40281782
38467360
34523566
40373070
1680710
-128174
28230115
16669990
5422610
39345566
39149412
3794185
32948034
27663350
22974578
36550953
481175
14769630
2138829
25479884
37607863
28127864
40822072
6917755
8767942
42921165
6082801
32698675
35218791
33131911
1580376
33300839
4250153
7445888
37723492
21680598
1977474
10411197
17387238
35934732
29574408
31820505
9426321
23315740
28323291
12012644
3827500
17621970
28240178
32247902
13180939
6353549
7779473
2942520
6741850
29208700
16580284
20439593
37869117
13606929
34420585
39955103
9120126
13465274
31313332
16414034
24857172
1951742
13530507
14568365
14515469
15112050
26295520
20763838
28267724
8118797
42439689
6255342
8444514
24916246
37184916
27845086
29889512
31583458
3559198
670582
25967300
3672665
37563721
32810286
31654874
37114453
11152543
4019615
24269639
25726809
9817905
14593617
30408251
7287076
2416030
19510586
34730918
14675716
33351213
3311906
18851801
25014034
16214730
21884875
9316263
34462889
28752287
25787394
4022726
31574462
19943790
10921035
29052110
37830417
23999331
31346085
22616049
38967097
35220504
40880740
1198917
40910977
5858897
20616218
39216048
28753786
4884242
42519276
26999642
20325456
10295642
21803994
-511748
3986788
15343603
16153750
1881076
26254422
20906891
22274580
21505228
17661837
7327724
34165600
3755489
41856056
16572619
36120047
26508521
30317977
21790369
28764650
29395751
-574578
41510410
23497619
17059970
19099150
42880368
35422963
21704490
4198169
23603727
23490915
4791264
5664482
38086907
15615798
27622428
21351132
24387930
41772381
41643444
18858939
31180051
43306904
30187978
30155216
36774741
12780470
29166762
13552778
32543673
29231229
17262049
38290324
11663776
3205838
7475935
20980894
2452276
34920584
9475744
32506319
23474101
22571230
36420290
32215426
1256065
40523565
39785049
841121
21002499
16658140
22058347
1983763
13322971
14166136
7435202
33712659
21754959
1139343
37943935
33541273
15845134
22046069
21210820
13067080
36331081
29363755
32188485
32269772
24296894
41351880
5587818
17111153
35858483
15210480
34933787
6501208
11991073
1382708
24930534
28829798
20072552
10255898
1997663
1314232
6465216
40903581
35938563
19467313
19579718
7368644
4314323
12040630
3170689
42939535
21048087
20421336
19043160
25031588
33777136
18742541
27943070
40662162
40380113
2670869
6722144
16732167
33251963
7923505
42899704
7405093
27565681
31835212
32541392
8158813
18132423
42288724
10682783
11427401
5872827
26704455
5567850
26863344
3601456
37718809
29422384
-317837
24484514
36043502
3504440
7284601
1301564
14704350
25209852
40964121
11675367
22158778
23218185
18075790
28517948
31456647
14766351
2802215
4392963
27885792
34557841
32408425
3317199
9399054
19589668
43375753
-222064
32611180
-58417
40758052
21730859
544262
20731617
4955350
3700855
11370031
28933011
36592121
10177911
12440057
8449531
39329958
10264678
16282016
40232974
33626161
15795455
38641160
34200834
27865625
35307417
34957741
4041834
30712352
37273304
27323982
33938092
28108894
9092072
23936890
2070391
41224624
17552342
30131786
14944102
22316457
28141447
6451009
38533807
30928839
2958786
34182203
40353090
25539078
23769413
21902757
1106439
23556583
28417862
13889218
11623547
39605845
26936301
14063779
20276215
15225848
6914847
34608774
41384702
24924889
28127003
-608844
4743613
41620134
15336418
39535989
22533868
24304223
22131224
2375540
5259157
1721420
30384566
38329323
26429329
2339810
20641368
24469015
4446557
32775781
36348058
33698956
40732714
2839635
39663373
18795567
25451923
27196311
42049239
679761
8911299
39863912
38481172
17367052
13453971
18233007
16137592
25975
17640975
10579332
6484238
26705318
6165074
19410145
29063198
21352149
2216339
1457924
25071609
13739399
13229557
27292823
40743105
21231742
20324097
16117388
14262777
24287378
10114470
27563199
7250641
3139411
8842721
35897464
13597039
9581678
12882050
19677795
37499095
36097408
793872
5322327
10568536
1518487
3069515
34242632
10999826
5977056
12382195
5059004
41058818
14258010
33002521
-770712
13546320
28988298
32335796
20705081
4546155
31432329
9994382
39181677
2120724
25138014
25781000
42195174
27967425
2163022
17405941
18896907
24530219
19327623
1929048
40323824
1817015
25225467
34738456
5402177
15200881
24564159
7284966
40635362
15252624
3377879
43396594
2285053
40479814
31538069
2017058
43516982
27947970
43444412
25830701
3245852
30272840
9090035
29325286
17764320
14484706
39148471
40754830
4890844
39168990
11947162
33054021
9326851
40470235
18278241
21719549
5968007
14769510
33905759
-197457
37741501
19175322
23559453
9429111
19052007
14107439
36588691
9835731
33408454
41535199
16514403
27889081
13224338
3762748
32493333
25754150
582693
-267985
24312977
31054482
4112953
3713634
37763574
2789551
23715610
38460765
5591251
34484175
1634181
16255678
8555854
21692321
42068296
31809910
22107622
42625966
30362827
1905859
9908125
12472864
3648799
21151730
17830954
36181808
13405710
37422176
9420062
41372009
22409971
12574924
42643382
41640905
39772879
26498500
42304471
12802170
4977931
27760092
18425023
40246061
2478142
6300044
42379131
-733587
42441468
36807220
21770011
38812287
11955944
30027018
34183745
15342829
39062652
2424306
3157834
16423635
41264166
15853174
10853544
28077394
2916232
141737
-10746
3686494
14998787
32635633
4080691
22801027
14723393
34247723
27894884
5068723
36742827
34189367
8240210
7419533
19532070
13148051
12544139
34038021
24829855
34047252
-991665
3485858
2649366
25980842
6651949
25464092
36702653
2516995
3181278
8922171
7508758
5408707
5944270
22983168
1566456
10851353
3299160
42286732
23701107
2551474
22710428
27741075
12877376
38240807
5947620
29250455
16522513
15023443
3337308
15866844
226405
6984458
7649355
14301830
6399822
29691993
6567733
21063862
11565672
1299428
34221998
36106083
22666576
16302365
43281508
-687400
23581703
30924867
4661764
36009131
39271945
63208
15225679
9213564
23007756
38606505
7978918
35971361
27549046
17997035
7184481
39215596
11585858
42977657
25630459
14709832
28846556
12514508
34288723
9929063
26281441
37188035
17124838
17703962
28477670
40611925
39054656
17559881
19046129
8550184
3692427
24092427
29566292
28349945
15349056
36480661
39096309
31108901
-689677
31179418
14283199
20504706
36413913
29151365
33108049
2530146
18142606
7508508
12171059
4243765
13616430
16463885
20055817
37814502
20548471
8442743
21319762
38950889
42825931
11709359
33995106
19033726
39428987
8337646
30376098
32375041
15927433
36788239
-208812
21764692
26674990
37501416
42592238
1991171
32173417
40850765
16268929
36936354
29110361
17796002
18791097
12157670
20582666
24543234
38406124
20706442
38460286
1374425
29758539
40924784
6000789
33563865
35946288
4722442
11001648
7886112
14503003
25921205
18883723
28103077
8467378
17692752
23275796
9349392
5839040
39975931
7080523
5905681
32811730
23063182
25186673
19838455
7666405
31987146
29104597
10090644
24382404
3743402
11670562
30936580
42165740
19930189
26568000
19367525
42469272
12812097
33543274
23129717
11765014
23101223
20067389
40593470
2051908
12785950
3290375
40740219
30800604
23310180
42266398
41874811
10849292
32562609
808298
42670795
17001561
14422447
5593854
-295244
16459444
11264647
29261294
40179880
32543769
39131463
5420941
18929047
37569179
24705430
11635643
23787387
25884216
5790375
17342753
33660812
8744009
2081816
28341265
7886572
-925181
690826
43444371
2647234
12787233
34015063
1795143
31388604
33329370
24665123
32059511
37882739
11747158
4962240
26218054
22885929
19047732
21829715
28070117
23355903
43276493
13754778
2847004
26312324
7401720
1461132
30258044
24685150
4530958
38149395
16830183
18591246
23166234
40197732
7135958
39164522
13621700
38763124
36964138
8774118
39824607
41746221
31594640
21180506
3167702
2403928
22036267
18115583
14086327
3552392
28769635
14303700
10953740
23403163
13182030
11074085
8310463
17454859
31048204
26461729
27918244
42925068
24477054
10530796
30654446
39478577
9505349
24172913
8054437
8545386
10995330
26809553
13788223
14082467
28608673
32315046
19522909
9090642
22833130
33531102
11609970
987951
17613871
12692235
30654178
42129788
29582258
23941082
40746609
29813565
40807400
43203019
40117809
24025118
40378657
30421624
9746179
14868929
7853642
36154529
25295577
39502842
36418664
28007048
15238425
30174316
4183345
40004087
6153824
16940862
8442008
13423638
19766089
29409088
17939028
17485459
6447900
32697922
12726366
31985486
16538316
10063820
13549269
22776919
964593
17321066
-119691
33913055
30290168
40437618
11491961
41269822
26885744
9662303
17326636
35081093
38189206
1577859
26991387
24114354
5616347
13580523
27176173
33528000
32164562
16726380
41931551
33264337
29966833
30708508
22283543
22245607
9035359
-588636
19322019
32035856
39038279
34268534
1049101
40552396
18210055
8473614
36640381
40550284
22332799
19293652
26745300
37568558
40266452
18332924
19958727
21988622
12305199
23258679
21505612
22904276
16114297
37148594
34035820
18175623
5319186
27617828
27701160
35818922
3095916
6247418
13452557
25755287
22757491
36720956
5491797
39170498
32394647
18622236
6868416
18157768
38682466
35585507
18070431
36441620
16625097
4220890
37378902
35688374
40882423
9842674
10464738
5983086
26952083
35641969
26459114
10045859
42955541
3730688
3997266
36853738
30321536
23498635
33568633
14206075
34933568
17450120
31352192
15230703
20020216
13082916
15227958
16798078
19617873
30843925
2102089
9270659
8253195
2600415
25518913
15494703
10464621
8166436
2888684
67511
38249892
23026598
22838897
37691877
23627093
18237653
-218642
11188755
35546737
23779455
36966201
27235828
30949396
27288221
8604860
21841259
34615497
40773465
32367107
25075744
17374884
3180743
15373650
-964069
14529109
25796629
35222682
42566303
28011655
36261353
35006852
37527134
36073887
22987452
57544
11891735
12866576
31601061
38924251
16724071
36651369
19808621
35233627
19420383
38574444
19083553
19241843
11735703
14363772
3258736
13444848
27559401
32169400
39151249
23824084
14899336
5552035
38357962
27410107
22958499
32141575
24036380
8659602
22167627
38726690
3092740
30117285
33016432
41533142
27413861
3611648
11452327
3761474
16360043
17738691
12750709
25808098
11009418
41425187
3969446
8601694
22584821
37876859
15693835
40225728
3932817
19654320
-711116
15745080
19478426
37306558
31768959
42937059
30914585
37131546
-581830
39777568
42637666
22459202
24444174
29655686
30294657
29149490
39015173
8839086
9505433
36711176
42329077
29495236
23607572
19878915
14341045
-173205
20237115
3288494
7692405
25895306
34157384
1693484
8973171
17576548
3836025
29870400
23637932
-825648
35129411
21994590
40706735
31081860
41284670
16110809
16092923
22244521
23139276
42746502
12457061
25411005
27563663
8081111
18750480
35194229
41107509
22401717
40375945
28557797
6187877
42433698
235531
40011083
7549320
9312101
40388106
15037070
40135246
6492698
1702436
-159948
11526420
1005712
29482049
27021721
16589221
2565455
17252097
12564261
17083577
7883961
4728639
35768094
39908038
42946108
19802293
31159341
40863482
33677336
3996381
26410728
-312394
21322765
18660401
13875825
1047181
40648406
9558953
3868696
41644327
35285466
37919658
41698900
6964056
30456364
31175341
5572835
30564027
23236362
27840223
32999530
12713195
2986930
7057070
14074520
38679472
1668976
9613633
5417670
30465132
12426713
15697831
3556555
39313909
7110121
25598372
19751104
38731838
10786123
38100764
30127296
14263522
6729396
14088557
10151740
26783833
24678934
794020
23728294
27914165
35879369
10161027
12130634
18089555
3358540
23795282
16292903
1381432
23868672
11221989
37417472
26406471
32409127
19405759
5203078
1940323
9270817
13929033
42965841
16137110
30731975
37452097
6320127
24031713
3554489
24925528
29243709
2930704
38933522
33067685
37767631
4434802
37952380
10555187
40226655
22790318
31717157
43402778
13337307
5787940
41549766
40381635
37294412
22452165
28840020
43129616
7448040
4020557
36173224
4104347
42158726
22281836
2768091
22014922
14204541
123513
25789310
13143372
39564800
6690363
8747934
6934553
3233519
8552258
37733692
24947801
4553201
4982857
9135064
3071207
520719
24741866
28149199
43096926
2292596
594629
18775141
20067452
30008289
21007868
37964910
6997909
34561778
13822608
33912128
2799506
25007849
42857400
11199176
21847185
5823766
32383190
28682272
19964079
31783840
1033073
-551227
26147597
31851370
15408375
35919772
28286530
9582307
28326527
16853034
20080703
30010209
17691805
25765646
15359322
1411766
25608729
18715459
10124420
36061829
35681314
16331828
5168669
4135378
13381251
20235503
16162500
32940515
13472281
5311877
28598671
12623114
21917738
33836863
7932279
8477462
30434300
15988315
8612074
319045
28834964
25828367
22965042
18299900
36116215
39944480
26673325
13753029
10996744
19165185
3105755
40912901
22600033
1741321
33059508
34313001
11773750
28462875
1491311
15956048
37943555
23027762
3877121
32368858
32588636
15548101
37226554
25155174
5187790
17449346
20571607
33932376
27583114
22107533
32909264
33327685
7578526
36584267
22440216
23526843
18118457
-637840
13411638
4167067
22828949
19108509
22669837
8527323
16490222
2510320
10605069
29051312
31902633
2451263
31344125
7724910
27450237
1627761
42244825
7574001
11339265
19504191
42367235
22429018
38059081
20708858
30597882
31495993
43439805
36473035
28018011
11763439
21941401
6768427
2378209
23240220
36607306
-187438
12326173
34587118
25289920
26081108
28964074
27766017
25196879
42290183
19491423
10142222
5267662
15157298
7065197
20255723
23260313
32400578
-350415
42130106
22544730
18040515
5501596
23854607
10515710
-664461
20294463
28050784
2412597
39423498
-737393
39591378
182293
7785319
30237355
34885285
27512911
30059097
43166184
7417019
9016390
10256505
23124306
26315953
11368045
28323465
34338922
12546111
30247035
26821543
27558752
16530993
10199610
40076153
23600112
18665378
7589779
7255317
9221474
37897705
15145582
3613574
23108649
36768443
22692452
25799568
7281151
5542716
37945967
25036913
40672310
40905240
807957
19533015
31090765
21774865
661850
10929971
4079582
4692551
22511488
30701284
2530469
12743885
24358480
20439051
34672669
20416164
31227396
12853977
30724145
10298503
23204007
12430970
3985788
17166450
35246645
9348479
43279556
31919421
13234637
10344596
36873660
18337517
43093201
21271933
43039044
25189035
39982453
35207954
36841470
17381631
12399377
36889297
8127267
-726596
8718762
28386995
27270870
36324025
2527667
14736995
38370992
25174187
38935047
14157455
7793845
35106461
20290646
43326693
38520491
24331096
8658164
14776867
41212364
17149868
31203647
9023728
41411441
23598914
31880977
42235380
9292487
23275334
35114920
39661434
29504263
