8805223
14027379
7719132
40049012
11252891
19740635
10364093
19023235
1753590
43457714
34424810
8555696
17789268
10888598
11477543
1934524
33998981
16169924
23838494
17172101
17698437
2937676
41612973
6585998
27198696
30265220
22583298
15932623
9003534
21698156
38931842
24978928
21663076
12998104
16555514
24710221
32175337
17478071
10393234
41665730
6389972
24187296
12281007
41043158
17470844
10953790
26383506
24157381
41704114
13876493
7908015
7625380
22822887
38196311
4861869
31349440
32978713
19201337
1785158
8636857
35589861
35587000
4730839
35499133
4644239
7865467
24052539
18370584
35105708
15646753
40575762
35986937
20633666
8539049
38416857
33700640
31393647
12533550
21590514
14091412
16417698
13635187
4029382
42928980
6079048
9941901
4193682
27508459
39557683
20778058
20722449
7304896
35037161
25501259
17278899
6990428
14066474
21276896
5474955
2939416
5979283
39218144
36185641
35731778
2681063
36457626
28907871
27629340
6530192
24798241
26575464
14525840
36160767
42933811
6442472
2754926
-378202
43144933
17228475
17054226
42831131
22866348
28631739
12826599
18620601
4196999
24284742
7770064
34596158
-392902
30100479
14644773
5172843
28969022
28703735
39864065
1005924
24819023
22405364
18463742
17080452
7187759
31292086
7678201
40180466
36832285
32415904
16519520
36715434
13851295
24673958
16542472
725056
32809978
23593390
15144502
1015065
19971335
10545784
40280199
1976703
34577616
-511133
34268753
29265724
25711795
24613830
17439781
19859420
30134242
27532330
18649525
24596520
42949938
9594832
21627796
36915234
10470235
32621076
36427468
13266987
2022202
14958992
39402160
38784130
20697153
43104643
40390500
29472148
11223818
16775416
21207721
7398841
6835778
11262271
-582622
42082408
5582295
7564230
12053938
11876119
33393496
41888625
23362828
37006121
22038951
15301640
5315894
40356709
32828524
11440021
18880143
39949709
43122820
18794260
23289446
30206710
21451244
42053670
24901414
10358219
5993803
40578285
30926789
13603846
16019316
21199291
41172649
42903423
41086620
11285095
31589710
18881336
22112715
16593360
36959702
24007518
10590795
34392520
10483313
4545573
35419461
5871989
33488028
16365067
39247292
33505037
15667274
11513284
42683479
22477041
8437768
12328632
2461252
21735485
9759015
35716568
17274049
1461731
1797433
244935
12977950
42250008
16477927
24699167
4720593
30084624
3311363
33835755
37101636
42177085
28449230
3301013
39736023
30312843
23817536
22237045
24392962
39409311
3675342
34036997
22206958
22294889
33561560
5740107
18914913
39016231
4078112
43241938
35776546
17577480
35288860
2914836
5425070
28401839
28754471
18146683
-926613
30285513
20218654
26399560
31634836
138770
10944464
11919251
24313400
7988497
30772598
29729882
28233699
-904601
13302808
35519339
22509883
4545342
21942542
34888176
39849130
25978602
11524709
16982677
35869855
-273956
35266258
8873595
22196531
22219108
41717014
40698823
21042558
24650320
-15407
16481523
3522883
37131453
15536504
38016067
19231460
10315304
9832282
24412108
2032894
14352193
27671439
7262537
21818666
30578172
42697381
10502982
29446898
29728840
22401563
2787034
25775214
31229139
17633817
749910
31086740
8966696
39895436
26955676
15191559
28809261
42309551
521636
6158773
20283143
34577647
16439299
15873021
10354333
8915789
34701590
2750850
26083572
12229704
31400002
34865178
33872047
23835467
21964287
22242
42522679
19623291
40964931
13444228
31452945
25226360
41743460
26618630
21524865
-152115
39419646
535056
16597702
18162300
4120302
13549987
22344233
11533584
14226701
36019306
28059837
18409655
20512969
25731633
7650614
16183571
20613778
3493416
40195255
19315422
25473152
207079
41159527
28236961
11376864
11686195
23356521
36394329
41894324
30772605
3615840
17625669
25450594
18210457
7040772
41010312
34798521
21107128
31326047
28470013
13956021
8349032
27788496
8577942
41800024
17236426
20294148
13716755
25277785
37958268
14187315
43378037
1539355
8073603
25627851
39680359
-62767
10148226
30182557
24640753
18819321
29199601
32073635
4925622
36193489
20231412
17896079
41717459
29746240
13372254
18525300
30315911
1440759
5670548
5183225
38384928
16274797
3748650
-629474
5627041
9662557
17887202
22913454
15685907
21369958
15357880
12434510
26292113
20390242
11511240
34280020
12952474
18260418
43395732
5831738
12097367
39491002
35902592
37602232
8644160
24501639
12060444
14995463
29191136
21867063
22878754
25370410
17835606
38405561
38170217
10155598
10343110
14693858
16695437
2280403
10976986
30612686
26153700
22403540
22689204
34885715
35139979
19356256
753726
28555529
11412495
26943815
20645209
42544672
15656302
15924739
38698668
29792564
16510286
17115137
29743558
25924152
26739189
19039797
4843388
35935562
27963274
24191746
28360514
16210645
32049812
3882364
39423609
32298950
8612904
24966772
28633418
34635924
24102071
19354651
29838883
23148666
14261184
31685512
840032
38314791
23114604
16927156
24401571
6721654
9797799
7272918
28575101
42606858
25369696
37479858
1075668
29678385
38728761
19195498
16979279
42347946
13418102
39968885
22363664
7923589
4138415
858427
23752980
17651045
18210449
4225690
22538276
-658847
27237689
17265711
7709514
41400374
43084853
12106465
19831214
22311853
13211794
17547560
8412108
17255601
34442486
10515008
18022129
24154148
11442217
19840437
1930090
1451867
10130034
12994502
29331821
3265407
9534515
26856142
15501591
7016390
7769573
-147483
5846192
16196971
3566561
2938054
31899647
41092703
30468741
13747996
31712170
27047953
29178996
9033018
41513655
4134181
24601425
3173530
41136601
1784543
24957706
39009929
9177014
41321096
11817912
40961020
37654762
17132712
20381485
34100165
11500309
21627329
2381619
5884091
23412702
7436121
10532837
37580072
22725389
13614116
-689954
40272878
11987053
37563982
40988294
42347040
-76342
18468271
9378032
21885207
27888200
34088536
20028915
-144742
33706311
19071429
18668149
16142896
187568
15185121
13975235
25667923
33342155
35985843
20186609
20429798
23692899
18197400
19257587
25604604
23866159
909457
32107638
18894062
16373645
35840198
6519326
34966472
39194616
7113446
2210580
22230863
38078359
4621080
7748280
27253116
18521853
30710996
9128488
10458427
41070823
37411310
26074419
35936828
9529684
27833642
-522903
10304371
22197389
40455971
22369785
34535860
32401492
9847217
33036675
9509901
9755509
40720706
11533337
31705935
13052476
4277110
-466856
24178671
15781179
14098021
12375434
17418337
13292814
27093143
14670977
22080222
26614572
22150953
25442495
3023793
43366233
16283062
42545119
23239587
37015637
29077341
41214921
2718066
-591313
42484195
19659139
4377785
36468890
16761001
7943225
28975375
10786433
12825078
22390734
20052315
32423886
9385367
37915213
38170295
34279977
7301491
21384077
9950261
13739455
13190516
10992103
16130702
29286483
21962920
25337746
27828938
20684966
7955246
4832674
27086929
28296361
21719940
2188223
35152159
29895958
29447064
3940653
5457568
42171513
40663944
39064059
36654731
38215145
35668871
19850822
14235315
41642003
-450999
33607851
36337375
1609667
793171
35815534
14626693
15191432
30719360
38542936
31744959
19467091
-920132
27414894
18104196
31860625
15924391
1262894
42375100
20383437
4450291
32224994
30426770
13439463
36091151
26086078
7546874
22488707
15181381
21934456
-441227
33063660
39262098
14675230
15412866
21075048
18452749
9573997
31579164
26598041
25505363
43015918
42538755
7328020
8741382
39647778
21430636
41466420
16126796
35814799
39473325
7572579
16550771
22986813
25722079
30304617
28927914
-589857
19542062
9146434
30702056
29467112
35701299
9550590
30951129
3577133
8144544
35415614
22175594
3575818
33753316
13994454
20226672
4272165
9569728
9789387
25402760
32478385
37633612
32273757
8054564
6459569
-138639
23511124
24793366
3579714
4373074
2080157
9798053
28028373
39434157
1779709
34262579
33375647
3899127
40121626
1459190
19940088
34181962
8247055
40894034
23485293
13185890
22293514
-52499
34971783
-222080
34772135
39851784
32555778
9852590
12786865
31859950
41028211
25636666
20412985
5144922
16873548
41006072
36305396
636813
40571313
9760400
40891007
4201960
9569272
11528326
5941539
23983531
29547243
21872443
29705809
9653310
3842856
13281172
6278621
-980214
13956015
43140522
8203520
36339577
13173676
17258455
18848419
28454633
32910475
5748419
4335946
35571588
37740362
20129526
6663459
36477759
10029861
32415348
4070527
16607187
40495827
38449965
8507034
18079162
23434107
26216368
18022175
38919333
40197489
12490461
24918828
30781113
37925710
5862953
1916736
25595520
42602590
12849705
30725584
36414335
12238222
3612134
10856785
-512035
29846600
9316446
21494228
39536191
23830928
5621766
13432893
4504885
30412388
13635574
40724369
42319605
20744645
1119452
16271304
2017238
-744987
12419737
39620470
36667470
27986546
29148298
34263516
10356328
41875449
23729908
36490714
30204829
32259291
18800858
41323741
16244673
24439839
22062802
14805636
14425960
24204546
13665116
39128866
24525233
19850195
3699688
19767466
10274009
13846232
17612998
10969619
6201968
-607427
18828573
15727704
2229597
15539415
974411
24705308
14325410
38530280
41579453
8162963
34776981
26280941
27321185
2599012
117431
9830860
32086999
2441838
21266538
40871436
16778197
653638
20183694
17030169
39561126
22545798
12381756
12858693
22642299
14836466
12953837
15290097
15621232
32055468
9338995
41421926
17915657
12354663
17137802
43495432
16356725
35111879
9749490
715407
10443352
33307292
29176490
21208021
32956496
21950944
27685221
28036477
19190669
32319875
11604961
14945323
28893223
7168813
764243
15973366
30733231
42233379
3135884
34632630
28600333
4288928
10867964
42046333
24556032
42555111
8781615
35319784
17241971
16697186
13116872
25067313
23472488
43040443
40689592
32442568
24343973
22451182
39490976
40136368
17240897
15952303
30706782
21852081
22129898
26025353
15806863
23353213
5334553
34120368
13457739
5605305
19725143
24954410
3682331
4224916
11683979
12699119
34307359
43365292
2768471
14646962
1273598
30265428
-462400
9860373
36276773
38487562
43080365
32025480
7798866
21407822
39522856
7143750
17924251
16798386
9121982
28606359
430609
13845804
40796395
9182292
40753080
19510151
24758095
14880213
19704873
26326635
34788198
18378967
23572502
7262140
9231685
37797353
33755613
244282
30273883
41298199
36838245
42749577
20111901
40896284
19184942
41026877
22895841
40026683
-987588
35803294
6159886
31899
8902478
22618307
15991058
23815910
34283456
23599334
31456111
2420119
30478336
24134167
34769446
818669
24665116
11421639
4461155
21641790
2901566
5829740
33996610
39902079
9730417
13208473
40220873
30930747
39507344
16878902
12747669
35710454
3206838
24460111
11298172
13545522
9517185
12785917
36343561
10083235
6500383
23395029
8924164
14210057
28724818
19515874
29012563
34417680
29912069
41185787
9653556
22860977
21369752
-347424
1814350
10602514
4086326
12602640
1873295
11543515
15880281
11740879
2039481
25792536
29141850
38088594
12722036
26862925
24168274
13493764
24903781
10801898
9440319
26280973
31238748
11855836
21746094
2348321
26521460
35563896
18851597
16851291
30264322
22018914
43119535
1712526
19222038
17329208
7729911
40589207
1164941
7317816
42806318
190133
40568522
116507
35414660
9283357
4311641
17445590
5638839
18873742
5659530
11217420
19075510
15406648
13235898
42469033
-458677
35009265
14544996
13299351
8912418
5837434
39342946
31007677
26864842
12996516
21141768
10863833
25103889
25368371
13632071
24652000
10980561
25841446
36493688
11051745
-21796
40339885
34819595
30097526
24963043
28626754
863571
17108111
15317529
25672324
31171222
33757117
9039794
17193596
15806968
25477538
14159283
30083540
10396509
20997185
23714769
12480785
34467149
28579994
33156427
13640655
6396447
11175529
24294673
35151473
6375681
38326491
24393301
9373217
13068359
16409880
35850104
28334937
27205587
20751685
16481153
39343918
13341609
14017593
10572892
19938324
7443335
10071940
8660531
11343012
34906963
10133574
25076699
11516323
21103522
30702600
24494253
16034989
-40891
5079376
22936821
34979486
10549490
34630046
29370199
4979326
24560031
39855417
40188598
4047858
5053049
7186527
6264639
11472157
30187770
33671585
37083254
8106453
6362358
41729891
16927479
39356899
23030532
30258616
18104700
14286784
23238912
16080594
14302897
2267552
43393892
40853424
31772569
836341
14451877
5498375
-85694
18198214
42613209
26881494
34928545
2616666
12007926
21801915
30906616
17329483
30330942
18702736
3262487
19676189
41789668
21288968
32082010
18094024
7185787
13724932
11286836
850330
6387569
2973588
31321565
31786202
5271830
16016359
17346461
6015668
43146974
23529610
23749533
-155974
18633310
2747963
21820394
39757871
7141220
13607700
15105690
11496880
36013858
11875282
-891987
18539153
26256711
38469182
42782624
34602493
25725099
26008978
21659806
42060467
24886894
1866481
18654615
21538871
6680911
31648131
34039828
22867950
22762899
9604320
-544943
10952350
23167657
21667211
1678670
20303396
30281645
31532091
23003816
3298325
42557274
6494935
28819155
39339956
22038229
-99408
16285220
33113972
6688789
37368592
1312391
29422017
11780857
36760044
38021324
17606723
24386235
34582438
930822
10250662
33939235
31258445
39221159
37894546
4684341
16193497
37726480
31185293
31805956
6420750
23315720
39185796
42864070
30199379
33919652
15143649
40528547
24823150
21002239
13836441
37851898
26971028
22804910
652784
42171406
14105381
17688018
-882027
2616894
21934169
14686684
2365975
19098713
17986952
43139758
26018009
28027581
15466073
38143623
7167010
5311677
27711646
7846538
27328550
13114932
243948
41323363
16823036
15474145
5586259
3356630
19471960
28168388
15036536
9043131
26602093
4933888
2424087
35938367
16927787
16296532
19424211
33384145
7388789
11047069
31181163
22607290
26742803
40703420
29186499
18272138
18423296
27929595
20584121
25758382
3188272
42848628
31882257
28964175
1644020
7255431
25286466
22011502
27186236
23795376
12250091
33136632
26724183
27559374
21078732
10782518
2150085
41556563
20290463
16011067
4649927
36458141
15537768
38982839
11108385
43169034
17402700
37839168
25829525
33764958
20428594
15175071
27920977
2765718
9660026
13617726
30081579
42109360
750702
29419087
5027362
418121
5571730
31847971
24103976
3712950
22436641
-317491
9676266
37793257
26555912
19533298
16608247
3574644
29091902
29903112
717064
12890119
17237782
26018988
22077367
20773864
23755414
42270478
1644977
26480592
25749620
36223183
21479453
4638576
10371463
15233783
15683033
-576654
1377593
21310079
40594080
41069328
26986092
2792669
1820301
31573432
798491
42754370
23641502
32504218
16571092
17698973
3635196
7145218
23052582
26573944
13798085
4847837
39669151
208278
7562849
2659734
29644022
14681968
10723416
507368
16178046
3394512
25969819
32665227
29361009
23426219
36571984
30222153
5564990
12983912
8955373
25677729
26692375
7848623
34219540
2910937
5121355
22397824
17148139
5218994
5763222
7605601
13130652
8718113
22396516
8449844
1720729
36893821
13331187
40886861
27283552
30111021
7930185
14091660
43148549
-616328
13924288
6782613
12552119
32053261
12406276
-989392
25679400
2582233
11474088
18973334
20327452
42305213
35304695
10625086
14026227
6792279
30538110
8886111
24813312
37543969
-51885
39573424
22876776
17180709
21744206
13751620
20221374
33974356
39749359
39016569
30538543
12654170
14308554
20197340
29428682
3862373
22989147
1759191
25428190
4174706
20284659
10608506
10213928
27081645
5711450
30683295
28318362
5885387
41665334
21918518
2208983
19055488
15161484
1320524
11896440
23934217
207420
28887201
8825312
743747
20573780
32687898
32883031
16718162
40315232
10663969
21564505
4308919
38970017
20559447
19024967
32379997
38466076
37192191
11284822
27694640
23397792
10198374
2084672
38606690
123339
41769448
35804310
11438941
39079850
4686929
31056369
21722785
39726692
13530701
17598805
17648617
3016059
37730435
43017972
21541249
39829234
1384743
17857281
40756530
5999627
27306415
2618273
32620444
41572745
-858330
21636293
2397966
19852179
35631042
28173603
60304
24836493
13826871
24996536
16610843
6367261
29516080
21274340
26426242
21754583
39148802
42262172
32068740
38016605
8847688
12170225
20878374
32443056
35712649
34400257
15026381
29335063
43402290
28984726
40049286
14783983
3149025
2207464
28654901
2913277
12320727
11546771
19830893
20550898
36315612
39239658
670397
26548881
42076108
1579372
39381836
22691309
41362127
37337135
18181126
28359491
20011652
32400692
36515558
34427187
38331060
11474230
22198727
31619021
34742944
6277064
11561190
27046757
29216699
-649439
3688310
26535093
12547168
33400023
31127398
38983275
75009
38499317
12706185
18344722
22212601
741814
15016402
2747678
18885152
27057744
12156749
32445926
5987972
15691422
18577037
21181285
26741721
41356872
25418467
20001318
31793958
3192721
-322359
4014999
18929750
20918696
19843378
10893306
183786
28379117
28315618
-570515
17707795
35659370
28450321
38870488
38711159
1513670
28334677
28946044
9438865
40084614
28991091
4270895
21154400
14846293
6296429
-781489
12787104
36431503
24316592
9780671
33477453
42439943
25679257
8930146
11526995
42910885
29052173
12925826
24603594
29827742
30801922
39735115
23260703
31928265
33702705
20294774
29113976
37752479
38700421
36409477
35244866
40251369
10305917
5566215
33277045
5312102
35832457
37287122
19595701
17273916
26021988
38301376
9869476
34418888
38830905
15996830
114996
31159817
32413751
1821824
28749305
37206561
36728259
9193866
22903324
106871
39357141
38877282
41703167
12036043
15312682
7584838
4053006
14191015
20033511
8121313
36685648
12881167
16899840
11488988
14049161
6433774
38947358
19922357
39660807
39374396
13568441
15112329
11094250
26543181
34323030
495773
10590066
35471876
29403601
31674641
41589495
15295090
6263519
28448093
7494101
1164471
40488289
25656482
26834737
943066
40490034
28121797
28571969
36619583
4969974
4285489
9943651
34996259
24568767
27023937
12878946
20958837
30480009
41235116
23170308
10131261
18218708
29855506
4635947
3021574
39988479
40962902
8714775
7766268
17120323
41486259
-723041
14662058
30924466
24383773
33406116
6830557
15767737
32058851
1402309
15513706
23752838
33345168
10860561
6620034
4868228
5008827
29403496
8866618
29893642
40128153
39877471
25386726
35459034
43387119
42972118
9517969
29739730
20790045
22709854
1221722
14738914
34795962
14270614
14398911
19519645
2572636
949581
36884579
39684081
18717707
21897305
16758923
5153548
42436018
12776809
42958914
41142807
11606004
16629437
1165649
4223056
-128055
10802498
39609589
37081590
41169883
42333844
17577738
27711563
32479059
33131991
18072993
36124164
15443715
9727748
25603950
10271806
40749415
39412986
9315548
29931551
2452273
4665944
21104122
21607356
36741718
7930725
31172558
41331919
5920582
36701875
9175001
6379022
32590664
2527847
6342373
10137868
6164845
26980663
23150209
31357016
26434027
5455078
41067900
25834425
534323
13564680
39945856
27340158
24972036
42467508
40143908
32097018
6733036
29379132
7853195
3377127
4206637
39039956
40223807
19445033
9463687
14540040
31666562
19054673
22372191
41803493
27026543
14996897
8137797
28609523
28784384
19810900
34486415
25749373
24473313
18882982
21467165
29459269
43010894
222037
23205261
17041450
8062807
12192607
37063066
15001163
21627648
30374922
24469278
35171822
10255349
32445833
3087334
2108959
4700479
11810104
38422042
8161305
10109374
40755648
15432910
20262930
6070494
6458547
30440882
14044201
32246719
2933875
29606626
39068213
27118912
8905454
31033844
29120870
8031954
-499924
3459017
35687855
3569338
17460196
5273691
19020680
10354288
26763653
33426502
-517158
34089966
2988043
21028121
17729114
25675903
37140159
33302132
18648767
37139118
11063689
29047262
544857
42142509
7741486
7158575
24345505
40053350
1817374
25336803
9690025
20008328
28229454
42199692
8188058
1134825
16337966
9420910
10632360
38890701
23094044
27309834
25239057
29085898
42345970
8065116
8524162
3335939
12153262
4300585
31443103
2597309
-956562
22370711
19545308
20530048
40804036
35344487
28708255
17234664
18383413
35925353
5537311
36474027
20698563
12175219
34977089
4445518
19977737
34487284
22335869
18738633
41070512
12307320
30731926
26571189
41497977
29497112
24203730
9295286
33141424
23226742
-843074
17544360
17050743
37934582
38785843
37835524
33046779
24726297
40899967
25959886
32075619
2107969
17158433
9639285
26829406
22610182
2335011
13164422
13571793
13838802
39356729
25452464
8125923
24637269
5730805
35191066
26178102
22810454
11272177
10352479
15445218
36560823
33394032
43335240
-860796
7973645
15120791
30724870
7557264
-211819
7645729
28927096
9544591
29742496
2846309
24551062
6418312
17040965
2923228
29416798
31451921
11714566
2917523
28252474
23023091
27758110
39164768
24953430
3786417
10185608
27590019
14243645
23303315
10214629
20503172
1654096
32237331
6644972
33273795
-562457
680482
18697292
16903053
24135793
35585689
16608651
22589251
26290781
24764821
38445696
252984
25446276
2538219
43024284
13467065
10075403
2692580
-234152
14233946
1775555
11930375
15329933
26753152
30208607
17981383
18916794
380124
20906793
32973318
20116052
18890556
5637648
3759467
16653691
37166820
29007475
1875347
15450794
1872724
37142050
29026995
4988447
38200332
2998223
29164642
27515783
25856528
30857803
5825331
8850199
16555920
12624881
31058700
18444898
34776270
42852630
31939237
24644574
34676640
40041463
36773651
37281383
27774109
16578125
32100469
35583521
30557993
24191423
42733206
3371600
16054812
21711653
43332397
40838953
30255194
42458155
8056953
1111421
24684241
4611833
3305378
7693085
16814220
16158384
28297398
20612471
15779922
42361867
40198181
41931183
8071211
20422286
17507334
17749766
23487215
26536335
18299377
37297586
14784712
7720408
19502130
40937509
10735098
28512500
1877161
9524366
12402011
24066426
35908041
43168051
39070961
40494522
41159919
14023350
27336292
5262453
12637614
10607834
30263363
12848574
-141037
31254814
14274625
31757173
35616922
22561516
18065881
29940626
26607313
12169320
5724976
29175358
24817628
38082885
35838611
8701002
32933054
14498316
16670372
10103098
23222323
21326949
17985188
3010924
1567451
32605155
33383214
41633199
34307187
22227644
5941310
17503237
31361382
29962194
18038962
2455903
14216038
-689383
8858379
12684248
41702859
36723946
12047644
34345007
5768754
25201976
801759
20605583
33330924
43280183
23991452
29444581
31764760
35490355
29522934
4236996
-579068
35241001
13665463
-789853
29609191
3875389
16793223
38788875
8108441
-85175
14535400
5375787
24322517
-117520
16448427
-833031
38196559
7040957
22106389
31742216
21007501
3272893
32809005
40645500
20115487
34618079
16926638
7788185
20864986
3333547
24613084
30732313
33015889
33880786
41085149
3846513
8109590
41308820
34671875
5856834
8436585
20832395
10008989
39346342
19928612
6598062
10140653
9675566
31060409
14041314
37023280
9270149
4738417
41287884
6305522
37191112
13971770
42308842
26015298
12797185
41824203
40117066
30863864
29066898
17640953
35609997
3944262
17646040
10735222
11208457
5742734
2496443
33304657
7824108
1081354
3108849
11699567
7753094
29793563
1704438
36373850
20080143
42156026
5714134
15245028
15733300
20367580
11265817
7232812
5681377
10436969
15498572
30111904
14822567
22589814
22620679
17825822
24343011
39612769
43078855
35181815
4329006
20614165
33836112
40419273
23614832
5733680
28606973
7922000
31361034
-431157
11896397
41219248
8989708
25267858
8000410
39068208
24934929
38987576
11098808
29026971
16274560
40251891
36281546
7074802
18279322
31043235
27482806
4440589
36055483
11993526
38655628
43408450
5078782
12736997
42366246
6833038
15460398
18068538
13214700
1050340
-497303
18591803
40837509
24109458
31721183
27698753
33275015
20741771
5703805
38580213
40305885
25669849
21049388
12057393
39044729
16578101
35968846
22960109
19368207
3220673
31504145
25964900
16096170
5504471
15193510
5621870
37191134
29417462
7985812
6010056
31161750
1501117
17273942
21534762
26526963
9473101
29505352
17010561
33315320
12764647
14169940
35974332
24433828
28043397
11174200
9207692
7545589
16614658
21620789
14569496
3472739
1455511
40249790
28767624
27273712
394928
16358806
33427025
11636561
37369923
3382938
19364890
25591828
37509269
22370652
7535392
16632205
15277451
39280220
6962423
20033538
16260720
39331784
33609188
4274499
4590353
39607486
26321250
34547445
-601568
17769310
6220453
30788146
23813330
41463484
18226085
39785766
31403009
6114058
15287602
32144534
17791876
9895333
15045411
34871609
5306989
36792735
39737248
24846250
3180305
18799333
23258231
38625750
27456151
6030895
19289694
28217091
17519905
33290828
20611909
35266905
13109842
20378743
27128474
35464942
-725492
16520777
29594111
15478237
32987518
24577160
1860137
12066896
11586701
31005399
12251203
21912904
26433967
12717943
24252219
13050706
19395156
8055737
19297641
28877718
22699685
6044401
353849
15697746
35413011
37022434
39496636
38922726
24200230
29443637
29437609
25950262
5171422
38190490
-327471
13587118
21939514
32607340
3421080
14076893
19621994
104303
18772398
17128639
23216799
17911015
43042439
27338910
32036358
6567690
16843097
5069851
5387582
13699234
6663925
15941195
8065859
38106284
13883179
6723836
9965689
34219188
3777595
40724325
3771038
38870137
39495774
3910931
16109845
16001146
31418425
21572470
33647808
17393329
42185016
29469555
26069241
41434593
3654028
5997029
42014260
24168788
31743977
28453428
31542621
6959308
9062989
36709165
5927545
43411051
8758727
21656460
29893624
34280849
20868589
24012483
25399102
10596845
11953598
11854460
11887838
10869099
7199120
10786364
32196183
26572134
32158157
26582781
28901294
16766142
38928960
39301524
4759452
24735081
34698425
32465192
14639803
30667559
8733087
42242438
3595077
39549099
13105310
29219216
28536884
17457330
31871753
39800137
2530900
14917404
9755548
22395186
36332423
16649850
18150839
18386535
38021421
39094609
31965062
9054593
15485248
37996253
35681986
43189207
14766302
8143197
40745061
38979155
7811288
21827018
30894124
25132639
-391277
-119260
16037534
15439518
7897703
3440782
8690169
19027388
12333059
10519058
9731744
9717648
13012824
2585933
-335162
20401086
31051844
27378160
17434655
12062618
35506870
15561882
-729182
28094829
42145589
34731071
13814676
4367623
27261958
38057475
22782960
5127724
9465976
24583447
32005513
36330281
33407234
30669049
12812897
20206622
22230770
9124191
6217132
17033322
25166223
8115107
24212817
13013069
24313635
5379264
9803611
23442336
23647056
31025134
39702432
14715800
10052948
38279358
25008588
25479314
17298769
13656555
39708725
35076232
14628049
-852473
34829663
29938712
16586784
33716273
25443067
3933243
39919741
589796
34921560
15923778
14617282
20809575
8740668
33371808
35739047
13578992
4069142
2241756
5546464
25020297
13781418
17626574
11809625
28826358
9770210
36866286
5268608
36189262
-119352
23936521
3258403
24129900
3358957
40957215
28524542
24834404
12753572
26235338
33337572
28627082
23035693
15532643
34350724
25048056
-951592
9630314
19000974
406994
39907560
31049212
27314232
42628610
11374808
9998464
16684223
36920207
36866197
39275524
7880688
9476295
11092904
4773753
26327612
19450815
39241932
2076235
17860979
5249325
15764336
8703897
4750092
26404065
35346918
13607112
15161156
26063977
43101638
12316656
38164233
28537370
18076684
30611995
2458456
36611465
2469596
22215176
16075411
1765388
37189877
9296302
21231472
5600966
38141590
8198496
27686316
16440040
20674579
17322475
22303433
13365999
28958614
17697129
318115
41423231
20585441
25865176
30413702
12117552
7564399
3729623
22399572
6011785
12289805
26761758
601801
18407173
1842094
15351201
15518325
6380179
29866744
5658866
495076
11869429
40233601
29904023
29837592
1872836
29488093
34313973
1748274
26849160
11765352
2140297
9710870
11601855
2128916
12987513
34822379
31058190
-573319
24387450
17122642
2235518
34608133
21869416
32934778
4862776
5201307
23676840
10936242
36735925
16719146
42472050
11516095
25867407
1231363
19388976
42463831
560015
31644207
26601816
40960413
34656800
14262918
6842551
21987664
13935672
34639039
17206473
32464159
27232656
318301
9953086
17628860
29887381
14452737
15505692
20088021
-684075
28618265
8580472
4746638
24243397
30744842
8158400
221601
12782253
2040311
12859129
13030174
9793962
4135905
42241056
18612996
10736572
29625554
27357749
24771728
18008089
9484008
9137140
41079013
30540745
42550028
11480844
9871042
2432756
6456556
5958910
41644658
24514671
15295496
39733580
27231531
30010827
33536077
20637833
7340340
41117621
41485590
37081052
30346737
-95052
-436399
2270971
39172351
17738005
42003195
41933398
1504741
5113497
34967903
21900518
15061281
31631972
28746780
30647344
22388945
26347579
36504851
-489481
-483645
36884544
-716260
6373305
43455942
20929224
10913106
29508603
10977617
57400
14695831
26373339
37952845
10802731
9578168
4734062
36850403
22539951
22252079
20203281
29908848
3125224
28762314
41204499
23342388
32436124
25573560
10201327
38027584
37057264
31753585
11222989
22083598
3996600
36030109
43320743
41160357
8150819
9188261
24313553
37542110
3089976
22720973
38183842
13212954
23679302
5972024
21644534
5031654
16448815
36604023
11155531
3348823
15852067
22316037
43060133
5888168
41368645
8907514
1365690
2705071
27905440
7678427
10769814
34018553
17399345
3185979
26922797
31865560
12762314
24318191
25358629
35104252
5864262
38010831
29584881
42361612
1240744
32995934
4197429
17401605
32387618
23442352
41053415
37674713
26306470
11995357
5092699
9363917
15902612
35164051
614794
17810571
8454746
40234689
37590838
41080985
37869991
15063802
33901475
42038620
14615831
3040047
2539370
3233541
32690764
32974616
7465013
32677566
32073706
18030004
7442607
17309526
27202555
18580964
22369589
26133172
15265295
17845761
41944110
34830527
34459189
8479975
18585828
25959790
2024156
17397539
13278341
30350545
1859931
35140139
4119700
19374328
18972598
40870070
27146254
17378877
14344675
14819230
9731904
41835168
-607485
10226497
2244553
-769978
20421824
32931795
4843657
26869892
-649176
35038439
453834
42270881
3472615
29430362
15309450
5941275
515029
27639507
26323920
14595585
8866019
34541264
21532829
35205224
11975141
10667070
15555878
12279598
9615816
23978297
3313305
8568465
7850893
29064842
34827411
31290760
11215120
42999443
14892639
29293923
30021343
31890186
13218271
28735793
39645843
16084441
17715835
5158518
10518779
39030027
22644200
11353746
5492678
3909256
16727981
9121400
38223299
4803808
1643107
43087189
42990113
26985403
32491149
16291164
4986485
26933051
25189285
13165625
22450159
15592051
30095369
33604566
5968
35443499
24304444
36743359
22848956
34970989
29879730
33668057
16907475
22977927
7822839
26594934
34311839
4354780
29316692
22343924
13227757
1228206
26966166
22377958
3651427
22266800
21893594
18925322
990456
1321235
8052585
14181882
8764543
4785045
23817675
4361867
29026472
6475957
3648510
19436713
24937431
15726413
34505072
38910171
14418760
34262966
1484632
13950098
10206610
529558
28608227
19038488
31253908
39462274
-685240
25142021
43284836
17643977
9291919
29736182
12618989
17721485
31456564
5083690
42670734
29568821
457817
2246084
7463972
40485720
2711393
-136123
31144269
1166528
39598004
4910296
22300933
40226969
1224299
4572081
42093818
16685207
38126203
32538363
-395895
31299181
9558596
43474994
3256925
20817788
9133925
37062561
24610165
43279871
16897515
9148690
3306441
27355129
24440583
18941301
21729778
8938146
37897205
5088936
12715854
23519641
1463014
-980610
28966131
42096517
4909260
39929712
37794797
4157610
43250595
38124444
18194193
11452768
28983466
15010534
37209728
16090965
37003786
9522118
29915850
39662959
2879721
14412758
16435786
41371787
-467397
40888695
15137948
23562076
38061352
18284631
15694748
14712597
7412536
-133535
3228847
20479421
27507103
2491414
13821325
18943912
18235569
22531172
18168399
36363085
16051394
39034007
19243402
37283279
29756588
31401491
19079642
19645749
4340000
15926036
13554786
21616767
11573142
35564326
365057
1807876
8570045
187295
19042762
33241309
28034047
23130818
27425118
10556574
28252023
30729345
20553329
17947642
38875439
17165368
6145351
39803591
19989223
32246977
24183104
6400366
6797933
16956741
27596230
11861088
21722799
19621517
7785957
29251820
9797335
1818304
7478653
19584002
12096653
43223167
2719587
43418315
8845851
6401345
35471680
20702407
26847178
8264720
22899836
29771674
12563400
25854886
7935255
23508708
32603003
19613567
34276370
4409859
35116982
39189162
6803560
27434188
16696968
37143891
34664051
35354595
10726554
34675453
22591300
15306995
25556647
8442535
24769375
36967439
39503108
12440742
22077869
15416785
5646932
33967395
-434059
29883625
39767510
25578919
9018863
19136693
26130521
36528478
20064192
13731003
16018327
34515496
43201632
23930155
6280922
16460741
43497842
42634506
20352668
22182647
41376913
38045269
27713534
37175322
6501182
4717879
18759919
12613445
43361481
35557110
24252110
39677629
21335203
16405809
29882527
17200288
4285535
42581100
4989804
9536635
6495982
38559481
32297924
28941782
4356055
21320308
23666026
15279249
33495888
32511470
14202398
39155953
22019053
5628772
3845794
30651731
21442326
23419786
337333
10242754
24142781
18128856
35042500
20490722
15662526
27785277
16594484
548577
34552265
16605005
359629
39192019
18840649
3235604
28700867
36014301
35953174
19020159
33730465
22991683
10128918
43449350
3882725
33323465
2862177
34194879
14793028
39135645
21247342
37654307
12041136
19778866
23658969
1222328
23824199
40997684
20736890
43335415
6608901
9205350
15077285
15033795
-225263
36719080
35336891
5110472
1375291
39389631
37492120
10648989
39783689
21457647
14498964
5984756
8852388
24814982
42896090
20600885
4680938
11222971
7084024
7797930
15159832
41255419
40674527
36287152
12954238
41793119
5769067
25342106
5539095
36694711
11576066
30308328
8060828
31076589
40272844
41124633
7176000
266937
8805143
15346046
8644813
42144450
5171746
27085450
34190176
14139338
2352551
6613557
11864746
28542427
19784039
-422314
42695231
37989239
35153546
23793832
22026924
3923264
42973049
21682015
9418646
24674506
2105067
7553307
24102688
41093032
13115234
4524166
22056810
19282488
42901685
31829365
8575452
37657478
33776340
33500150
14940511
18336657
27340300
32902091
40745074
42802790
29360865
15422165
1171660
13769680
35240973
34218871
31304076
37848747
32262520
2237015
4868417
43071691
5173811
10081606
42094288
20259495
16161842
6481787
-728676
34961953
815171
29326404
15878255
27984232
15725192
4213772
5803912
42876650
38820706
11446148
10640813
24305850
11540982
21635175
25348435
9001951
38863842
8917306
27710922
36513922
18078538
28193893
26841120
8302
15102912
9175437
15362103
8734676
31628246
38175391
11138342
510072
17433356
9636800
13136155
43193376
24026995
12826361
11977821
35840055
4765898
3459850
14488166
9529809
26913583
40699024
40620642
30848845
13300132
22986642
32991772
29098844
7066206
29249610
30243019
7978843
41038866
14930408
16255658
14204886
20691201
9441707
15045502
4331628
12971094
40664463
9884547
10085150
12421771
11372882
9696476
33060490
35286105
3895345
14886612
2821456
32738350
19880354
14471005
41191030
29989368
8460052
13968053
20240541
34931183
7008451
7446913
41067033
21609755
23896350
21043610
14868510
39244327
39980043
37401660
2696356
7083318
22826827
14908118
5243599
17381305
5553265
27925136
5067012
242235
35836241
-201030
27338920
34761974
18604064
39548387
35270277
11512671
6957948
37729285
16473979
37828500
12922773
7880919
21899407
12257159
31172292
12447408
16768578
42562508
21392826
42789286
19110687
32375576
10187995
37678837
14056111
34748846
34704987
20098959
31628832
37506550
12120342
20556774
17129432
32828047
42721879
17929169
25194109
27032946
12741177
-897299
13130734
36478850
17732972
31089080
7615521
7765266
14468904
38188059
33027240
28918766
37944242
18895039
17166584
42317698
2203379
2075842
40583074
21258366
28907758
35698074
20642941
8224409
40818791
33720883
1710546
34885274
18165191
31557013
27684687
39013889
22664130
15301923
15986318
30713618
37190007
13873654
33291021
621193
6512478
38608294
26744826
40563569
13827286
3720314
16532064
25179310
3866002
17213837
36620229
7492249
41690958
31546403
32616221
10071863
7460520
9075023
33862083
32900204
12478992
34945346
29606932
22573928
9046275
42040541
343344
37726740
15649717
7882022
39941775
30347149
397536
2714880
2423248
31426080
29104265
26113296
29654269
30964251
39428746
7132185
19022381
20550328
2635895
11204484
28202000
26054743
34451435
11703469
5107726
37161979
10199366
34434688
6912604
41445864
2636861
8704783
4135075
27128429
23648245
19743963
32175491
138930
16887650
41006081
8128582
5151143
41865097
7725947
3371126
37110051
30497169
-385258
37731117
13660032
37232526
26369867
6497205
11605106
34039440
33129028
295804
7214314
23230079
34354842
6344978
36072092
4791389
12169843
24267047
14627222
42525437
38222548
8319478
29472155
14349114
37157068
25737206
30133286
24400520
42608003
5963505
8882690
13992920
18689962
42773321
2349629
11223531
18357903
3463110
42538609
15466709
16172888
40359216
2914824
9517979
14008881
20382178
43142712
-981324
26312680
11041788
1082116
25242083
5001521
10098044
579329
8118910
19451138
21772927
58885
42030197
42185779
3252261
38437314
38386474
18387237
5260229
23204671
6075976
14207224
34250252
38864949
26003338
8640814
3641578
30196418
22615904
34976799
29072023
42100616
11759953
40742787
28626526
33858581
40620440
34345911
30842383
36892069
13501612
3426643
15086679
35613081
15191253
32903460
361322
37763806
41092255
25139275
29854081
41088011
2748988
7345557
4306273
18607590
6557260
20270216
39133859
28741463
11973513
13659969
30528604
35007876
26960448
18411228
20809937
33388408
35535091
42488653
3269789
35062514
19670580
35088952
23459617
3849415
39397896
21978672
23630118
35708413
39746885
17498981
9510976
11699023
7093723
-984373
37223956
9463856
19637831
37506361
30563758
11800637
36873200
6671147
21668697
33491157
22702777
31226351
35915025
38872470
17827358
27473181
9672203
41281431
24472602
20664918
25699858
23616268
6868930
9056682
17977432
35844706
2140955
32677890
2365664
2371752
7821819
17073469
7098126
42801037
24319523
42635006
21337968
31756533
42616422
31994825
29576155
19799805
5342743
30799731
363711
43240591
22672861
41560844
18586057
9222280
20141195
20500830
25831468
40647312
28728203
28437784
11780037
9058493
33331564
12990382
38285888
16536836
28031222
16904677
18329617
17858616
32927756
34893813
21460361
9458606
37539528
3029403
22979923
25367266
22495821
35304119
31467968
1841098
17021600
22535784
14244038
33095381
-417984
21556651
21566823
13356869
18328492
4303674
10079534
983631
2413960
38057865
35839094
16846179
33176934
2559203
12250304
37026221
787275
20889968
15103044
36940657
38759851
9838090
25815420
29452041
2860449
16448168
11561702
9414723
16508441
38410011
31999742
40541672
27353260
28605618
11783592
188728
18365175
14943269
34334941
34859442
10380149
34329373
575794
13050812
1592802
4567474
1802708
25004549
17200987
21418683
27523314
41421485
32914296
14631753
-942525
-560167
35427080
8575575
37776647
15288065
19016003
22115761
-709323
12778779
39228861
30608456
29426262
13648424
41543581
-539108
33272334
20809315
13971363
36024132
40082533
27381181
21239456
13996088
34642545
21031374
18942380
26737232
34108974
15449020
9017668
2160263
27850925
30090634
1725675
35292204
34771979
27231620
4886050
16910820
39133604
18619368
22110693
14147843
17453906
33174832
3505109
18395095
42015768
26833460
34637181
26901111
29376625
19056310
27833102
12080883
-891091
25250801
19176221
25338232
42203681
22819166
5819163
42542675
42264086
37809229
24795641
43027039
1510938
6575437
25573693
42815414
36494563
17013182
40830347
-771962
25907595
21107085
9788668
17245574
12021960
37361801
32153173
5328213
5049079
29735517
19050822
19231972
32793074
30382558
34460309
32790570
4528753
9109921
31694630
38897160
18119121
3825810
5061415
38910253
28127456
36522130
41364703
42138534
14295991
39365855
14055086
34749639
35547142
712119
36844034
18554730
11588091
4428924
31649506
15427978
4729785
7751432
22303613
29063701
42260340
17861312
18329336
34496439
37051382
38106425
14245207
31338140
29034032
18154776
10357923
35045454
30723340
3826900
19497006
7308239
31989354
26441657
5800822
12242229
9124134
32517383
4516195
22780556
-29388
34155588
31931691
22874067
16322084
23680951
27964464
17293738
25045247
32528343
28565433
31288801
6273433
5299777
1631285
36048734
6824350
19841465
24138272
23585744
12775802
21712341
5750570
39415963
19483915
467579
12139243
3661846
23489844
20997681
33966217
15443529
39714322
35887431
1835520
42442239
10585078
11966849
25762604
2596693
34601281
4326487
38066615
12627558
15557649
35854291
40680203
12533870
416685
42404469
20077598
19814432
39833294
7002892
14361666
31678559
26940179
8012476
18822648
38241805
32905662
25184370
6374438
28399524
6922297
12823496
17648569
8816547
2060398
36669097
22383723
32424621
25605952
22620970
38056938
37763267
30134306
17901773
20799572
19502217
14197930
32789724
13002089
19183864
14712874
30260443
31069801
43412944
4886530
13065758
754917
28680646
5522734
37006281
29299609
14203446
4606919
22728592
25952703
9359926
38282176
41675485
27399557
2504163
6179974
12167464
3194034
39761867
8581244
20985836
33945427
12511275
40311520
3456921
12118384
-300212
16407559
11880426
39583662
20567235
34928705
23238513
27155895
9209295
8725043
19585620
9119477
31806643
33990126
-536040
37623302
19154770
12841403
18600179
2281445
41881656
19474506
19308449
1171735
26546323
12845236
15321798
40797929
15453746
28568364
23066383
6128234
6226014
34090306
19991209
524562
40834734
4277937
14722768
22432608
10461688
33840232
303510
3150204
19082603
27757738
20273897
17227891
11135339
20551577
30134017
37606054
36697046
24221291
27438637
34029317
20712342
30063289
16263124
20358182
24529553
39440130
8718967
13052632
40852703
41802394
42035415
141696
30759541
1851312
32382264
26288806
43489204
7569397
23916772
28030332
745100
9511091
37425854
24245030
5235969
23317216
21028318
32042868
27269370
14125393
40896262
2244980
13305852
22275479
38280244
28987635
41048661
28007902
17851746
40937077
19176078
21787547
40185568
17614041
32943991
33007108
37687319
4519547
19932262
9205582
38434952
36843153
40804
34108764
4922868
39789295
18433077
42557286
9937490
22335428
15641669
18582154
1203273
4971162
22966226
9730635
13039805
1049625
27795890
31342529
33561768
21810015
5915528
42928030
20176283
18333982
39277745
24343075
42381710
34707310
22103422
21800509
34731422
9346623
32726616
13397290
36040967
30384301
30370932
17390015
35972086
13130361
24924317
2851464
30348970
42035562
26909734
13551617
30742567
33378028
4553790
26870869
42309823
6725543
29695639
4727323
27361181
21802408
16685718
1836932
26718703
1027431
5294978
30469482
32763805
19424058
9140819
2804264
17161342
2229663
7673148
8368882
30254156
426203
8623409
10086161
21707175
28884285
15521055
6512942
6454108
4856417
25236283
16448868
37158820
-825617
33823737
37811668
9020028
1854270
19876340
20580689
21359128
34493546
19534141
9842343
24009788
21960537
32570371
37469631
15925744
18646829
1276106
10378737
17586844
3406510
40953526
16450214
32223227
17862940
15252532
37472143
20660438
12393030
3349844
11343359
24138483
30890037
29300555
42439442
31749096
5380647
38247811
3257846
-739949
18052462
601259
6337671
12696597
26735912
25645391
7622950
31210389
37699168
2127354
41172219
16242619
23462627
15574307
18260007
14710811
25217461
39396232
59284
14727214
38713719
41892313
25434510
25047736
29083884
29050359
35193884
27248337
23482803
2454866
6809991
10227482
15866493
1192756
10854107
36157986
31723461
14871689
43223023
36761572
40149671
37477349
40876605
14244143
23913378
15097283
13649672
7273729
17125132
36424799
31882650
42436689
20205466
24928638
20677768
7616495
16786399
491344
26916667
42790585
41838932
29539572
17015653
18111557
41348372
11730223
8290797
30654372
25383761
19360836
22834253
17815686
17567322
33669498
41252917
40828731
6671559
7871229
37135539
23570264
33908686
21002664
34924198
6726607
27787757
6255744
17663924
39291754
29942879
24120558
22389338
25910091
36255762
39842854
16973328
33706518
4986526
12504584
8369681
5073706
39849609
19137954
27948464
28998961
40772591
10790996
40893745
21454492
9404648
2736067
33661713
19307302
22847019
33289204
3355263
17854468
1137330
4903214
6551570
19315736
34690369
4271763
9087959
32892698
42336798
11144612
20492395
36108939
17530706
17446216
6691489
28331880
42915878
37267480
18797588
32126632
32923764
29158667
343540
15876180
5191035
16215060
179329
36357906
22954900
29649771
-79136
-567116
1397375
42150564
14356332
12558430
38994750
33913411
43413477
35272524
30039689
13815731
6516390
31472836
26067567
6719465
42574311
13224153
17352957
974456
33153587
37999430
40247200
21695640
23124019
7772456
19067736
2557945
28808007
41419025
8937157
38092761
1856461
6534636
30910452
6013572
-429668
18563430
33101699
23492924
29924069
8832435
40027811
41445648
33833118
41366039
7219299
11832551
2279815
15750409
8637315
13074989
146979
15015873
43019536
13545197
19161823
40960855
11472200
18849803
33195631
11804071
27663150
2281147
20266181
33994193
27787314
11254279
23457671
12173779
41242918
6975863
19889547
21599124
32750253
31012231
10392809
3870139
26392401
3638800
24788513
41272005
20354007
25737555
17424828
29890707
13732990
34341299
39223623
11772996
41874148
16525427
9453015
47439
10173516
1634732
-50236
21171197
1941233
43159144
18055613
-974335
32318462
14743060
27658478
30432301
5463011
26810585
39399616
26446595
15893360
24232349
34412360
32709713
32304966
41284567
24260789
29837890
26473221
2747298
26669411
31314083
25077290
621115
19503507
42534871
38663739
26601543
11193712
19289730
11536171
6462982
20661343
9392832
32401454
11514319
-141507
29389001
31403464
22162060
6903239
5443643
9135290
3412767
2856309
37104748
33442655
529902
19063806
31118906
20376753
27378732
32273445
2619738
43134448
35659968
36032952
31384281
41269573
14537950
23602252
17420208
554194
39001165
10342091
2525153
9486396
11291624
32662040
28085925
37839962
30405800
11693444
34570142
38006749
30971715
-130608
17388287
12209952
31103541
10522114
12460352
21242611
-268153
33197627
15789194
25197543
37908170
5900943
20970962
8675350
8018107
25202522
22029456
22195517
40876042
14341230
8797943
38108963
27887216
32504222
26279057
22490363
24633117
32922300
37718455
31119373
5734699
7804106
32715751
15158865
8621905
39054082
310089
-329155
15165122
14858493
39190116
14150490
34103080
27339169
3776269
19233664
36494874
22492204
14263418
36616260
4186618
22390415
-443241
5679620
23900677
14054415
21305036
6527279
13568561
43524010
20076253
19368073
11537427
41413626
18889029
25285412
8719845
12158435
23360399
2859244
12646939
37449971
29517666
31731813
21524183
2499195
41914494
15388634
42431801
35394244
5482300
37791755
9935319
34266088
24056184
11227801
2789216
21446485
2109577
20147732
12428339
36899624
10121805
23979173
39871291
35383563
6049636
7057833
25143416
33814982
31989374
31193971
6284476
16128188
9940975
40334228
42792066
4954747
25031144
35967778
42192201
3213699
23597496
12066292
40438062
12752633
6728926
35583142
22636582
39792762
13956026
17042299
34370746
40267160
20273197
37416781
16137450
13157267
8688
21940147
23532566
12749381
24058594
16353800
4916224
35220704
27262125
23847202
33391570
28530325
7954737
36883398
42693306
29368310
13580301
37655610
32716250
38521542
36131480
14132224
7696052
2206727
33411968
10713044
9836356
39535339
24986651
2714930
9196271
28280741
35824784
8704883
28991383
33402319
6796368
14966475
10962765
32537726
25689969
10911053
-921286
35772097
26101405
24311980
14954777
28006985
17656920
-899901
30766562
10017651
7999278
18678347
2625434
6000487
2761281
1088042
14734654
43230133
22737557
17690406
41601265
41189230
26104210
29636709
4311843
15119426
28085019
22134008
26481204
34814247
36924753
28372775
34253864
21872303
25118212
10209714
24182117
28415220
13011333
29178048
23542258
37466123
22928101
22476615
17662922
40468347
1909532
8164751
10930576
12489276
16225380
20272909
33378682
15140541
35727781
11729548
28454038
21174251
31968449
7464284
22344886
32545460
16341076
24859457
13962613
42888454
18214039
5234600
15560421
30616389
38360387
3484032
37083777
17809264
39018707
960443
22815407
16019183
10054916
22194180
12025352
39070477
15174077
4902732
35274095
7658250
13622375
32775366
-787111
35176911
5636770
10604386
19615960
2742773
30076002
16987129
3611108
19428854
8251951
26942022
20797752
34066730
36299167
16734199
30146845
19422759
27498812
14940027
42642517
29016533
22218428
13735986
28446014
35820555
36067199
42678382
39678878
1939078
41888699
22646271
33537281
30307650
-127104
-342155
10568300
5896719
21384817
40099570
14389028
39291187
12755614
30352005
36109946
-256109
10372830
15783685
13195274
37944472
25729995
43237754
21720876
8217629
38873889
31161118
38894998
14089475
11989916
28195249
4252467
30503166
3028996
19967570
36607012
3944583
27272925
43489571
31067808
34266869
6751389
25646790
8084613
21004024
-199755
42274380
41379221
36131455
33851355
34854102
37455609
42131299
22186077
8253760
9055097
21744218
36496076
7142406
21854795
18636291
34080968
4940049
1603074
15401599
35217429
41752727
31100904
40773541
13188403
39970395
6798285
-111505
13284293
-147116
34358660
35470667
41061287
39424135
14589847
18199814
31416680
-312235
4595901
20341913
41289384
31340240
12520666
25774441
3503745
41373676
18092704
19335451
6611093
39225884
2664004
17922342
32646174
5891372
13826213
38392502
21209067
6445731
11135045
26286751
7457033
28867077
27783120
27332950
16311199
19354175
12520691
14803199
10510428
15881745
41783262
30777476
31605690
14420832
33876834
4178859
11536254
5289375
14974782
38877311
14325467
40923802
37927244
26730869
-480068
29217623
26889152
41895250
18978605
4864733
28734202
24973254
4539707
1947027
35841840
5883269
10286383
432631
12828633
15169396
36200713
35196513
40031608
21203258
39436363
11880561
23645988
24731050
24691883
31196309
24930988
2769409
37495650
1446900
14605416
31698037
-825684
20979433
41036104
7230189
39425498
5811614
3408387
28835619
25102255
5797593
38018108
14349916
18918833
15147380
41823611
32903439
41609420
22759459
26744771
28776334
6973938
23272347
22704616
32865695
7334260
41259180
4568239
8338183
17323710
3877140
15547076
28496499
41670751
27851281
37336349
20117995
31726938
1906880
20507800
2177403
37765073
13313854
13532578
34733007
18050728
22182857
35028790
19171153
31112763
29127365
5015935
28696827
36256720
8822058
31048353
39035711
23562701
27264206
40665806
5540892
25308898
9901478
33552224
8016012
8922108
1203171
31656914
30342038
34916479
409715
38449439
34348273
38253145
29797774
7844435
40590584
14732047
5418122
38589473
13604720
36399094
37734209
42565707
12914322
5067265
18947861
9623455
29869950
28177018
32045043
4275646
9118801
17480197
9396343
26279500
25661657
36377924
5762137
34923660
34689052
30572677
10102525
14206890
8470311
4591033
3221191
24840289
43030745
25477244
41970008
35625472
21381560
1799820
38586548
33594994
3753882
32442921
-250074
7817551
25943257
24791323
38760066
16064461
21007490
20451692
41308144
9264089
37277284
35655534
29182112
39959712
10644480
1856646
15845213
32617224
21879121
43261604
43274640
13135870
39958159
39444966
10925459
17820986
12309751
26739956
7710299
16351177
14571882
-6748
16352943
33413286
40009999
41628349
1884485
9500500
7646525
28337185
7120753
24670268
11260458
29945956
6814793
29844458
122012
6114685
14604005
5193708
15439057
10919238
26844629
11229024
14374386
17108848
9401943
7191046
13455614
28048112
33511540
5955154
17105496
-14440
29817565
34200928
8735327
11773094
27278731
43424485
22872220
22839161
2226847
10949801
43164565
36113070
2466647
184848
11222614
1884331
29773317
7178639
38499530
33403228
4714174
27322960
6769633
4063941
2819342
14557516
39215760
9968674
34884097
2779635
26980747
7690914
34275867
36490372
11600528
19779332
2721678
35496348
4854311
23075813
15702893
5271091
28347486
20153576
19722125
29078514
14694815
31605828
15081530
8146221
32089928
25224478
40874555
35938430
22871239
12517926
34035471
36589725
37711939
37083696
40085978
1196125
30540059
1284241
30000405
20527660
3032384
25233342
41896316
17153396
13738099
23157211
40317698
6628618
42853748
26755944
18862852
3404906
26573918
39394614
18804090
18240251
43027646
19708559
25833285
7459883
13966909
39442416
41654636
19856945
1101662
27385701
11213894
18543122
32621142
35714474
12702951
1743777
35109826
4897144
31282703
43369889
25096842
21373651
29802893
36407542
35860023
40928193
26773563
24492451
24615714
34403650
13432202
25405082
11726973
16311850
1199747
-683290
36676609
10120727
39279643
36416624
42938689
18317333
6216233
33873405
829534
34739143
53030
38361907
14519300
38869982
29495377
2809483
31986232
28250452
1737398
31002580
3883945
16974783
31464648
16274626
1414614
36889857
29120569
39719573
25846081
12838033
20887926
4284446
40752828
23392736
32076841
26962395
23189113
26771591
13171392
37054774
41572099
773082
32407732
38851159
33056016
27241174
3852973
41335151
18156764
28148973
12501032
1569315
36166955
333495
7277809
41584457
18567056
42539643
9000655
24776615
38845739
8806965
25037503
4106160
37419538
12802608
13952370
24214576
24372678
18067554
43058997
27039526
24515018
19439727
19430740
36716418
29549149
7850824
36984384
41170274
30352773
38412124
40411954
35766038
26714841
32566739
26001445
23458315
39487360
31074036
7161874
35843554
31094550
19623964
40733700
21509645
35863652
24884422
19319001
22871873
22179600
28160878
32519715
7680905
12297967
1704787
33332805
17090537
38764142
2351185
21810151
12723250
20676683
41316408
17442013
14389602
30070464
11618313
11728490
19629669
3982458
9547089
3627466
42082280
6144430
29160808
11465735
203222
10563580
2613589
29000009
20677734
17289301
27010378
1748636
1428357
9682428
41232277
40740812
12783589
34437979
27379929
1536326
40985421
42623162
12118673
10277407
4065004
22908147
11041430
25523027
-488373
17430082
27548175
29411224
36327512
21123400
20174835
25225921
22433200
14076171
30884659
5322514
22945250
34590580
25269782
11727734
7833703
16034458
3391439
8569201
18193314
33759693
24820975
39515063
17066293
41597545
15614409
38401813
26141567
11059082
7544559
15605315
9894916
38001675
21824737
13597633
25735852
16559178
33852476
7216277
6175908
22084677
37104022
9094167
37143530
-558545
6867602
16890463
40266180
35475102
20052735
31046632
31626010
12770780
32730814
22436025
20588394
28653383
38652519
31242527
16025489
37651399
41317771
16867587
23940514
9467789
15466777
16333496
40128628
17212015
10851070
43267209
8634173
31228664
30688790
33755270
21286942
15124577
12482306
4454860
32814618
24778391
15822127
17561701
23499787
-75116
26643704
36143698
21906480
15297775
21992253
23697320
33563553
-285661
17415414
40630036
36088955
2323788
10322376
25034966
37683087
38539010
17486073
22592853
4373187
5517880
12289035
7586339
7336003
14411633
34833804
37531124
40009126
41284580
34983679
9203076
9189769
19472891
25940138
13236289
4564831
40810321
3740520
1920096
7837670
9595433
13221175
42379612
38728285
36552268
40257728
-701892
13153729
25602040
25160757
22552082
32154062
11125937
11238817
26072952
35406402
29841476
24863089
40767828
41412149
23522551
33445775
40264958
42360804
11816299
40360066
41319374
27365885
36681305
34847721
33065672
25468648
41223486
1810003
27176931
16960715
18425651
22706849
7590239
11867806
18699421
38558234
32334485
2723846
1423943
36761229
27817684
5885097
5794069
25331765
20541103
15393924
38711568
8220027
14859386
8136242
30070559
32049510
8674493
37872001
1719003
41951972
11087242
782798
25149200
8749154
6110068
39168571
34917534
41572931
18998614
23996133
9613285
8463498
42267813
39558504
40572392
1805024
8499879
40550564
21307443
21177631
34442797
5139923
32061613
-537670
19473558
25044910
41602535
7279999
17585691
12472143
39699329
29531277
31764494
26675770
33549543
149273
3677987
40102869
33744754
36035280
12614054
36156796
13435976
9219885
14974680
26605066
25602794
9110020
6088916
7125427
30226219
21406020
40009685
14652604
5604801
35171802
2857085
35962585
35937656
12933613
15507321
10203208
29499534
28327027
11638101
43369822
16171633
42757882
12352641
18929299
552778
36943441
19018081
38829739
41528888
19972838
21896929
3074511
21021871
34037689
4489011
4953797
10932223
195164
42521585
4333745
157843
8418894
36465712
29850333
40648092
7185852
21319100
29042437
21373082
23437918
30851701
3678369
2439275
3958224
30602912
25402583
14954977
1559821
5574323
38471209
21888049
34727312
40750870
17979234
1862212
43502146
19343095
7519580
26065482
19292889
34668150
34460350
42457611
7820732
41091675
32646767
27467861
6532760
16926683
12545585
21932248
34420483
40623242
41431104
39161277
16264464
29014490
38381722
39471123
38190450
32537408
4212152
11676256
21239743
8630263
7362704
2133253
11249935
40450024
26284734
24201239
34268657
22712675
26777314
2930061
598466
32078552
3179878
18508560
6089504
15560285
32555346
14457334
7069148
14414197
9716677
6136934
40322964
10246641
39191506
18620690
19743184
40574214
42603782
26563048
38183154
13318509
14318802
4477957
38101626
20075856
36199440
39704139
22529698
10855278
37455168
31372656
37211711
13757924
11782072
43061487
42457913
13138185
40153197
33809566
9154210
7758420
28335223
2552301
35954040
18720872
34868636
4853019
29889695
8187608
41686910
12422781
5840433
37292957
40790365
29976152
-482031
18539599
40139093
11490636
4526843
32969330
4747661
4532038
5162675
40426826
18819708
23440090
28278311
35424653
5423360
24315445
5892259
29323143
10902558
22222886
11795412
31971289
6806838
30403877
20848101
11501369
43511699
8386930
26820946
28270028
39040126
3478062
32164705
24701891
8913391
42451218
17263718
7532743
31365620
4818660
27330856
25193696
6817780
24503262
40529585
42286170
42890111
41203493
12803861
13906117
28169254
17459476
40552994
9028888
32354123
20383703
42504839
32384222
20898271
-125688
20886772
26174722
7865489
17960556
3054365
-182719
6956245
13181894
14401353
1442296
34849882
35966349
10433199
5729597
25995102
34340493
33171827
32758287
17630675
26707052
16907041
7567931
39694048
10279053
13458870
31587809
22928438
35639182
5742127
552249
8377616
37344162
10511122
41122062
16269886
27412249
12851758
16484298
29628384
16143640
35670524
22200616
8896402
6133744
10018191
3083028
22244433
31517721
39357478
38305368
11426022
17191281
28695683
39233074
25980896
41699735
21687292
35249243
39448735
35774646
1775582
4918691
19194749
25339858
21833113
26528868
6633816
31609066
5191809
15234690
7299633
39772653
26255585
12577135
42211707
21461488
6537363
10798052
32558009
12646050
2009754
12525958
17122368
2175630
38366709
38219280
34470118
10470191
5779897
40840124
7817015
22560287
40038812
40357023
12534349
29472610
28993153
7827667
36933041
35287950
41192909
13882113
-297640
34404980
25303230
5292352
40180594
15058246
37887507
4149913
13804492
42632569
15467242
6869134
40173988
22132641
11831783
4365941
3604418
1188516
8869228
17962929
8287920
17499525
29818140
18567026
33181217
4173010
41588117
40397185
25360705
3098216
40995968
22771059
9456429
11539452
16632116
10879400
13586223
27143645
23802844
18487196
39009909
9866251
3706527
911893
4674751
31286419
15075935
7226747
41585994
38612672
20734755
30636478
13980448
41806880
23051717
42782441
9636982
37560234
5094536
18622421
17679576
22266563
31354607
39929665
21414394
39261159
27125068
39871972
27669872
24382520
21008991
36886866
36536162
25419538
1104905
26402000
27317815
15686296
40217660
13826100
2113094
5241899
5590514
8311199
23869653
37639308
38817074
10383286
26441713
38766517
721171
23313576
25128051
26221186
19401251
23761385
37427858
2119362
30167669
28066179
19681635
1584006
36447742
-669357
3558372
754448
31400500
6975514
9333970
19106939
21242089
37475455
9989531
7972310
36607380
32487709
9991283
3650719
23797714
30110462
11958367
16682515
27198608
7851648
9049713
37778332
39080948
9284392
2476509
38693052
14473061
24749381
23744551
17625392
30785252
10286988
40729334
43159096
39189819
38383366
37198002
1678816
18480771
630858
27675404
35741715
12046265
16472415
-100962
1871234
28067072
38795223
30854649
13043358
21038829
19617303
11502662
8306955
26685462
27207214
30326266
33065360
25789644
39054510
708456
19802517
13293829
20308103
38211170
7531532
24295489
6978480
18312640
26075625
2499451
17718927
33496901
33203422
21534011
27727001
19041119
35554395
36362376
26268118
24639110
6058575
27804465
21155442
4708555
42045297
-481986
6605634
28846764
15810468
-941543
24299352
8789280
8588813
7104399
18828145
34764211
15429402
13525522
21321860
39821358
20846604
36669956
26916828
40377661
33395532
4470255
22702016
37183993
27293510
40826170
27491966
-916390
967274
32586421
-681599
29817631
-969801
1681640
16109597
9369223
38295903
525850
24413497
37439138
14795854
14421489
14401151
41711814
-448308
15173044
39038994
40733514
14674871
23599049
19910838
5518591
2967702
35341241
37357665
9473262
20831314
16390933
12843441
22420497
9449372
5732405
16833544
24203921
24343125
38037821
5078869
37705838
3999131
357491
919730
40161456
21367090
41012184
21689368
6299712
8591336
10768834
23384449
21549090
21185695
31875070
3247050
12462100
35396843
20531639
7018655
43241929
16104616
6398351
4374020
28610490
6875234
7117426
869742
12885817
6582357
16429886
556762
1007617
31658841
17253063
-352694
25822723
21931386
12176252
39318847
17699193
24803037
5268128
21382464
18206690
34539525
4310684
40016744
1428223
26654678
14234141
29077157
28940680
41503431
26186365
5889751
41723268
40461640
21037795
35400746
8827460
36071411
18920252
6587271
17838707
-950932
36227152
17449562
22161696
7174245
2501063
8499947
25104957
8199559
41143096
40622142
11694311
34424835
35298201
20044194
18502069
38351092
26038601
2002038
24362868
33397627
18904649
22073632
2748999
34302819
28653544
6492987
279450
928812
12665361
22477046
3630064
2365200
15936287
1306133
36371806
35365145
42332484
12097951
20755537
30438154
9524652
25644107
8605022
25882346
5223058
20897515
42969233
12837036
24421226
5970007
15798039
41622989
37740859
7192921
11663711
1965575
31031648
2467123
36514956
32604213
16353393
37602610
40142217
37685579
34347484
29632399
8244696
-704342
36629310
6510571
4020337
9816872
30718324
7753628
37326848
4865969
9401559
18232611
16968368
27730250
40244498
24681011
12486467
39034269
38095207
27913565
40182856
34986302
18335538
29344627
25130949
5400712
8074171
32577451
19017922
39686143
1491033
2705489
37186202
36629655
18489656
13191667
39263710
39375359
13876474
27866236
37296427
-378773
19294456
34201860
18627828
35202845
3455124
1411865
23086965
24183269
3823884
24352387
4024020
4374550
39896433
25297430
17853842
2848217
42360721
4939974
33547846
38174877
31591829
18900508
33939034
36250530
27500064
7695181
16974109
35491074
23849196
33843348
27675198
1256840
30018931
6487558
33321116
12827830
9977373
4849076
34800965
6721055
4166357
22897765
40281076
18345369
9643054
28880004
25968221
41021615
11507719
35936093
4795510
18119875
27594969
41886136
-378478
13989042
21452403
17074703
11956675
15964652
30447945
18943778
26071510
9727489
7803510
15119249
43498155
36613657
5978277
31212045
26876979
6268676
12325655
39394557
3015025
18671234
26519308
14295706
31313135
6271498
31964284
13980059
35339900
22483745
10053325
32550654
19118720
36795439
6231232
12656251
42592200
32124378
26823022
6522633
35167616
17982313
12649754
36714733
29926597
25908500
22492354
265920
8725994
11180896
17130336
32906712
1404942
12719118
32334316
26656232
22363631
12588065
14427672
6206322
39064217
-618314
22568547
42879478
12494995
11393460
40059281
5287292
9482280
36258296
15096153
36615836
6964972
39279752
19489588
38176013
9430207
30111354
39324307
28853651
20108468
30229576
22587859
6456454
22389771
10765392
22790921
3896788
24867550
13003643
27605861
25549161
1847636
18348281
11765490
25924587
13570405
24580168
17879063
11105170
19300312
22289478
27215696
36898962
41104141
40462419
9482835
7063878
18631546
40902100
16196638
12726141
13907972
10129658
37523142
39504083
23126327
-267580
18304794
11965557
9480003
34050883
15882752
25082856
24040077
15781938
21987888
33221835
41743275
24589742
19204492
13970591
11173569
9048103
19273574
42490292
10217315
36718669
38018451
28540133
40332675
26130919
11890120
23893803
4414130
38852259
33682989
42598008
34747779
18257708
1965781
12803643
11040863
38977743
20653900
19801895
38308340
1340468
6657278
35497270
42846540
34950687
31568143
30351677
37633412
38019456
4687690
24107950
19757872
30405135
6099625
17320762
-328260
-896644
32781085
17634196
3898598
36662801
-524140
24159287
12588387
-708829
20363087
3076092
14852294
31127034
22134912
1987359
1977533
22498826
2066126
2926385
33041075
19518969
30183763
31676417
26395201
43147697
23651209
38408854
1660416
11311630
4719493
15433298
30400190
35717312
35944202
27183853
18506343
4369321
13261925
34426323
41769417
39512994
21640661
8694369
27906312
3472626
-760336
35532602
16024138
1478560
13829222
10145221
31853054
900436
30646280
17612759
14251523
8797919
14980230
20743565
31147085
20397585
10740496
17205678
12041805
28307995
13148309
27156764
31122585
24398015
9067025
8444282
26173045
34058463
30762739
11490482
39358687
182214
22020152
192800
35189175
29330017
587849
10105444
13847522
5784597
33712675
35187310
30228589
23265187
18125617
8340318
36614618
37860394
29057724
16822120
14827646
25828761
36277715
33250462
37320144
23786790
24869836
39867197
29624376
28950563
12876392
393955
-654650
12970091
17181605
29028585
2762274
36981088
9714048
3006734
40470751
38091396
28240636
4766140
933792
2922209
31444566
21859847
1030157
40799951
35071366
8632740
32713296
25864104
31679777
28919886
22759796
33187660
8726842
24291836
39810256
-449740
5470560
37444561
24457513
35083241
21642932
24711950
40026215
25583046
23229400
14615031
37733115
42768437
1463821
3626195
34689857
29815373
21984806
36759284
30245743
18681979
17330479
6212484
32085399
39066220
2014593
41048847
33883818
33561981
8435702
23793099
41348677
24753299
40665669
40462749
12169504
6422549
11615740
28880184
5282829
6329087
36076011
28680150
35207636
2972551
4569260
27937191
5936044
35983476
4327402
17073811
42259326
16061536
2506872
2431434
42447221
16209401
162096
1951386
15822195
39312244
12660298
20275048
7342331
25023830
28911678
40972785
12009357
37500058
26548151
37062222
37455972
25074209
18055683
42779107
16906558
25435774
35315370
27012258
9901798
20124201
7513665
22236467
26997303
39825192
939184
23744351
12346852
3308746
17150859
29582920
12300762
37423952
6023194
23750716
1863709
2638043
17065013
33119921
40503568
33272838
27772436
30292817
14070055
25267441
4286587
22874731
28570809
7149972
38492486
27288378
28601882
715754
31642496
33082843
10738404
5314154
9909092
26304372
41046296
6159481
8381722
25113492
17093309
5420918
30257203
1022280
2680741
28630510
5490807
34683519
17728115
10672667
30328499
25182179
15428938
27122514
12871914
9938510
26823724
13438357
25738174
15285075
20549873
2665538
15507333
32176653
38885964
36290359
36606975
38917438
18771224
40210189
13687620
38944906
33844492
19802772
27149430
37883574
8240034
38538110
18774366
18895073
35990414
2213362
31881394
40530912
22839784
18228581
2851434
11780807
34252957
30717597
18392277
16920898
16384586
13251463
4171473
15634858
3807418
36855807
1139488
42345387
25257221
1616020
35240498
41506201
10239458
5063259
3375574
22701743
4633108
26650293
10875969
31240169
13773740
11194893
3483670
33970961
14945360
38363582
35347921
35557029
15584507
12546990
40209744
32049920
10371422
42155824
12129273
27290819
18419699
37496051
12197215
13905961
7763098
19429351
40459082
9316059
824068
36124052
13703736
10407113
23324579
12485255
39138915
13323467
19403498
5653752
6214467
22807720
29109766
6778067
29480510
36055276
26009295
39221381
24903295
28208612
508517
2759467
21687394
12330011
25251589
33128704
7015315
24372907
12333274
27652175
2091125
42750876
12215532
22809691
31367352
18503028
9504355
11361773
-855528
14179814
5165853
41701022
5306866
30488094
9427996
13592124
26342686
22823453
40246302
20026578
29398086
1037609
34573936
14432854
34349959
24005896
5556405
23757546
24409353
11068532
34671881
2097704
40801238
28794586
30499439
23165665
19271006
30246745
9505904
6192624
36507606
17375344
25879881
-593231
20103699
8759228
37345738
37945830
33555765
42996598
20215068
13399846
9033533
40876127
6644276
40030852
8925342
8302791
18927576
1382191
216102
2477091
40682136
7424385
8493526
9102229
15097178
34867345
19970733
40695627
28106610
13215853
13316695
25043222
35179927
20669664
16068420
28816534
12753532
1502370
37152168
37745321
24617519
-121303
31819480
20230761
5694919
4239674
41637874
32802416
17896092
351620
19966220
19576127
25327691
3841885
4328482
6651792
41847428
10545992
16567658
6573568
13283659
6580695
7466659
25324980
4812733
20936827
25824404
18291835
16011515
35607220
30156348
1930515
14802793
30838476
37847414
27307581
31683640
32812922
10478434
32899639
6535403
35549028
32639139
255472
5387875
19737468
150571
1378464
29923994
4142681
39143776
27764537
36620678
42627220
21689263
32268779
-863241
10221784
9765843
14627614
32034838
40818881
2825599
21274690
42068306
42538470
-370458
5458108
43293551
28046954
10976659
35582468
15768466
39987878
30671377
22822398
2811882
38232161
38074004
39517528
32813534
17677273
24165759
6018561
33783090
23178188
3123345
33620614
28964373
31721508
-779165
21900217
29207658
30499298
40968839
20615198
38412505
7306263
3483304
17587813
35049239
10435172
12537979
12112753
26529493
2279561
39053587
10945266
23052278
1747824
6864434
39081765
25428482
26404878
22730877
39713210
36651417
33404475
32174279
19043250
38939636
18572783
3034972
30325922
6775273
5137472
17129981
-762697
3613406
30696905
-198886
29186465
17783636
20923740
12876366
10927118
11562629
31149763
15032644
18762724
21331046
29211315
13073910
29352594
41140647
1687378
2157207
8455588
29212813
25925371
42629248
37902286
18307745
8973777
42907660
26468498
21063332
31069499
39319884
24123704
40511653
6739494
41254402
10458778
12774995
11167432
12994892
15214193
36840175
36153008
21201897
43340090
26356368
30432895
32269353
31071738
4664666
2887902
36000716
30518468
7515565
41221920
5648329
37875956
22792958
6596153
10282471
12804777
27647249
19509084
2476030
20296281
36970346
43038190
7162573
17305472
-484397
31598391
13720853
11118012
40462175
30448608
13803562
24008276
4614362
24107930
12693548
30934783
11201863
19909008
310629
2778517
43497234
41106707
12371949
21434320
19696252
10553193
18817942
7937538
25106399
32941467
19264977
33464605
2417208
15304360
9735008
35348874
40065000
22624083
30116662
42618480
757552
3448042
42023341
18633743
8878947
43131268
35234809
-81369
42910419
4976667
35968795
22270371
5912292
12392714
34013052
-515530
6244068
1191685
11840646
30618214
19274808
9808561
11621105
41850295
13217234
4988293
27987889
29477988
22960811
39922444
31627561
33826438
43147447
31742538
31780047
30384230
16636481
31945736
33681650
15298460
23732718
18857022
20686976
5617533
27966747
39204376
19596990
37603004
38859489
18926665
8317103
21280113
-254318
14209631
2983897
38969674
36030819
35742202
32720460
28246183
29433658
38851812
34203666
19880116
31632435
5737812
17559161
18059440
5824824
39310363
41181375
8171596
41380859
19329611
9353919
27581703
8937980
41858266
31784921
26676115
32505871
5744843
32226041
40006979
35292657
33224550
331460
2166578
-908379
31579604
36557761
40016863
22380200
41920526
9850039
1575548
24873107
11561010
40375976
43451773
5979655
4712080
10539282
341693
41580429
31911202
17610734
43451979
10399542
8184161
26151693
21169153
14332814
3081217
32098830
38256803
39643831
21253510
21063291
3587741
8604414
25473171
20332856
36534606
34188554
21260580
4990039
20750330
12592789
40350426
11386673
33010881
27212539
41007185
5534351
11112191
42562996
40532562
13047840
2340307
21065295
19113174
975724
35831974
32704069
13997936
33216978
3235090
36658593
22720676
618703
12373912
30662863
3275501
33989115
7304609
27285758
19797949
30782144
4665495
32546270
23367436
12630070
33304026
16755655
10502329
26646154
26380526
39483359
17723089
16427514
22434587
7897084
3551711
10744065
17679406
23477228
38330666
14769533
24891897
34689393
32915732
40711185
26976073
33259362
16757433
43085744
26976422
19048614
33418694
31118407
17141933
38435483
4541458
29086111
4302460
33456282
21243419
14200026
5511605
30132728
27284686
8021126
-197782
7475621
33174627
17582132
15668944
39390624
20440552
1291965
13508219
5641554
18790930
31566594
38851683
26972206
29625876
19461195
6323035
34226191
7725004
37113684
31608311
35380231
13385863
28644014
8624521
-619340
13777139
16612273
8845507
15084899
39967752
19256988
13848017
4860085
1117244
41002354
14703683
-837128
2603318
28481108
31559272
981826
-949264
8774375
2984983
29338471
32545217
27386633
18256153
17516815
6149221
10077798
29358570
8150438
4771603
1602922
23251480
2680720
35438008
32938334
1903504
15715090
9081547
4913403
20912074
7779626
5631232
26579496
6872163
3463781
27615670
17462808
17150613
1866029
19367012
24239726
35621543
29188270
6611882
23394183
1731072
36396775
4311856
24221427
27772029
14581825
29939043
5919575
41241204
7624002
29029563
29868296
20180668
10903761
7848743
6094066
23269745
20446031
38860225
39429608
26761344
24628778
11155526
42082566
29348633
32794463
29576747
6530599
1107665
29524918
29139341
10926399
4812474
41006202
20569777
32948597
15476065
39181369
40189556
7784483
11452650
16899043
586024
29563267
15303347
1556287
22470337
37671797
34139437
37551774
18317146
30730945
34882258
-616674
29587582
36775962
35088056
6561527
34954771
38759778
11987017
31775048
28754873
41897076
16452349
38748321
38382121
494638
6163057
7771755
42330900
19614977
36206655
19870098
5825389
23370480
62028
24321413
2556016
8923526
17814688
31066571
34548017
32632577
5520163
19166802
8739950
42463799
3588261
14240711
2191414
1121399
30375099
6409707
32255406
10520620
4144599
32742573
-621816
19326957
36488522
40126015
9724259
23967862
9749299
35561831
40353555
771862
22608589
7033229
17211151
12625902
40697001
42467674
18939741
5451176
9840492
7942923
43420352
19131277
18592842
38126995
7060057
11455631
16735325
13023491
38017654
20449587
22218539
41120077
27221573
1198107
24507518
17971465
15583447
3032094
11285542
35472088
37681783
25021474
4972917
23914347
31708402
38886197
5011768
15485310
35398292
15622318
19462730
16323022
29448738
20225282
30955539
39320985
13056674
6099371
36304745
20404738
9203722
27100894
30004532
2318609
172421
13265801
41117620
34252076
37970086
26938652
28535438
32159477
175040
29063367
40274829
29610480
2836864
9913700
19993523
22299716
6756756
26406444
31684367
19990134
23308263
38550753
14348656
31957637
31743682
15816340
13378249
40667778
11954408
35436411
16475379
30949532
20192357
14563366
33929903
30587172
39146948
31664396
33948895
-901418
10346495
-535193
41664131
13203615
12511172
14494575
2890854
8706146
17795340
8247257
32096213
6061268
27650663
20947490
30168082
21043287
37963821
24413347
27873357
37916973
5457362
27067337
12929862
32676467
33312762
24581979
10610630
19758713
9244959
30304378
21065733
20495777
34767840
14221741
35683658
31898406
2185178
39483008
5895739
10764152
4598964
15878759
35028799
12857896
8873720
18181394
34400470
10490569
31034547
22847497
30090605
18414377
20226784
37197755
384292
14476200
21660886
19952928
21228148
26293839
32520482
279812
104902
18421886
24098952
12507334
9731725
405263
4064105
26576657
5583512
35631045
9344065
32678321
3137129
30374842
26978574
7992584
30505303
3458168
21369849
10370809
25913170
38823012
38515490
7761906
2246619
33233274
27750963
-164333
14493422
6725861
39424304
531036
2068714
16488652
18480133
18300778
27203555
10578418
27053630
19393927
30091831
42624760
21013954
25517384
3967054
30374018
7526312
1902546
38231879
40271029
27323354
16014272
39563679
23415313
42583690
36795718
14388646
16344067
39640393
12611015
41281390
5316573
38394177
14654021
27326941
32937151
32505319
12099822
10028152
40239677
15520231
23497472
34893827
19388072
43316800
22782684
28382066
24490438
14750760
25475160
1243489
41649466
8655188
19649549
35531542
12163254
17191545
11461448
37298260
31906693
-272690
10056753
38016206
33765416
23408727
26487995
42312468
4276294
26600649
33324696
17257438
1297668
-151709
833618
2981038
23109481
-683054
15792650
12834666
7101062
14276835
39244378
9470631
25747144
41255326
18024928
34599474
33541519
20603557
10195921
22191279
38981712
14020972
41613871
27457029
10336172
12521440
30294170
31678399
17196533
36561679
42201340
6567112
2214954
10374053
18485203
138940
23808444
37398624
22879038
2453004
32042982
20137766
33448183
9786786
38493117
9030099
6871151
-494084
15785312
10507485
30082442
30089730
28482884
-276722
29478214
24516486
11120925
32456966
34385609
32339876
37398268
18548941
33970186
38928379
7992571
42370854
19700974
22830814
34407280
1593439
6817827
39737394
874235
-902523
42151186
13428186
38638207
33134651
1681190
29078937
24480491
22038075
35667921
-764933
43234941
27702429
9064254
34724590
7166824
30554434
10160699
20284883
11406810
26502671
39056070
489999
19603134
41233664
6722793
24711644
32559954
40269315
40807227
-455453
4931128
26805066
10190846
20621874
11083490
26934759
39856401
34036277
5853245
31723987
31833485
8463405
35473796
39082968
36228105
34913703
42320293
11259677
23613845
15688904
38753290
15174353
9160893
43380003
1996467
7077114
20475975
26021726
13793656
25905186
12605828
38636180
30257424
5036363
38185621
5262859
7675390
14947430
38736342
9439716
18294943
40412140
7163832
12257857
8372623
28441987
7966887
26238824
18311514
33767155
12508058
-480426
17907896
18423164
5136194
5168732
21881594
21807897
33701047
6905318
21156096
42700177
-363469
-225813
4785415
14680085
36123447
40267267
37582380
19543460
7713808
40633713
27459931
14592598
5524830
34223955
38393035
39710824
30512526
35159227
23047171
30511396
1166462
34576601
19792692
38224100
40169965
30155139
29539524
12891797
31132185
37502282
30714948
20041862
14847871
16972048
6353909
9105379
36445626
20589117
31117
33244571
12543910
1202883
32466980
27697191
14527870
6418835
10710867
43833
8410013
40345387
33677022
2038502
16814430
21972670
6609281
38262518
29454340
18137476
3904178
11930418
21383513
3972541
38410883
21441604
38358962
8313455
14131452
42411795
11978346
42917338
19899434
980498
41949962
187417
12125893
30898041
13627819
16243812
16454569
27840499
3469445
19895283
40746488
7377744
6541351
27512706
18308983
13843809
29529346
13519313
26396747
9279016
41792271
25647768
16642950
11366818
31408267
31120718
9898558
31648517
43091014
23357967
40054528
15912365
39967132
18998638
10451687
26441135
31598072
22643334
28624401
27577242
40480508
26338025
214697
7333624
40412578
29893238
236084
18919893
185302
6644966
21713627
40300510
18635222
-745485
18886529
2321281
26945536
42109392
11257995
36946940
39872465
27372109
11261587
38327242
43331533
12521872
35698018
10849506
2989907
38575046
35951339
20431106
10157534
41945603
8287277
36670496
19417192
9933411
838181
34117979
1258731
10414150
5074567
5584299
-954137
19679596
31697997
31310163
10509449
35024636
15191197
13712898
12157718
22703695
12744296
4536304
32797897
16621095
13743583
16624056
30617188
41807912
26332651
17274737
20544567
26286289
34996036
32951814
34072249
21501071
21709253
2521006
2066808
25340247
13688944
6312436
36534316
38234489
38112209
11329012
18590918
13508142
41717877
40080357
5106961
8482762
42439757
39342318
15249318
30850019
3741324
-989557
32219596
7732990
43439569
-835811
22157279
41089035
13001893
33940048
13407265
8652115
5941666
23706022
15900114
10545082
7567547
13470883
23625653
33370620
2077742
16955239
15583219
31102483
25407656
40480015
26243788
42847719
32170749
37038383
21161263
16555923
10532849
14644975
35222583
13385290
32575163
9342152
23989212
7837174
2472485
948280
42207679
32109986
16210061
29926004
36438330
23889929
39526879
29376667
14013502
10597009
42262674
35029184
3100525
7868952
13437262
40192043
30877413
3151316
38842335
32822510
30962808
12946631
11621817
40971010
25935252
23934397
28580266
29859424
13654386
-540546
39442991
19157112
34786775
19802141
56243
27908442
23575959
24185643
37091468
30482298
18376097
9049884
35466828
9162682
39626057
28268067
10682835
25354563
3419232
18147755
21942569
16739448
28338596
25367558
-327094
14616445
14240475
2386080
20077759
38748134
23386050
28263734
25171876
41185722
1829899
10513285
2236686
192237
33801953
40932702
40462662
6579659
20916466
27317740
23973235
41107435
11289892
33199514
5463567
23419079
16687592
21193812
1965493
23482062
30285034
30207844
25445871
11147288
37024416
7001799
33514178
42666366
36230383
15257311
30625334
31409510
32405955
13963376
43390720
14361501
14128144
639316
-330216
18437524
40407359
16485393
31656380
40748669
35374995
11736486
38988185
29038552
2750442
31437373
38431019
795758
21872591
21450973
34533687
11043991
20399359
563077
41038310
3263843
20830692
31482335
13460620
43373888
17353258
16862422
9934929
39785235
36373298
7969753
36488526
1075751
14396366
5577800
32113860
34259868
32318850
14458639
38503890
35888735
4885263
29714479
22470814
33457353
28583020
2299437
30443820
4466138
33826873
28957040
17099950
30675359
18487157
7617845
29669252
40591020
43100477
29172048
32004398
2979007
12922190
38160484
-901363
41133449
40414974
32039016
25619282
34890093
20809684
4801055
25545394
39050021
6135137
38783006
9448849
32891842
40224228
12861330
10166329
10290360
16593882
33310115
43472906
21526437
28222111
2390504
22869669
3935743
40877188
2610849
-734993
12145268
31499820
18323473
28358147
23456781
38286472
38792762
25591164
2035510
31659755
11971700
40626484
26122199
38540421
8768718
42843030
8115728
29239803
13233769
37540009
33584372
36083082
40883096
23346576
18727386
9068372
26525259
4984155
12405405
17041872
40634447
11810617
30824515
39928032
35005336
30705620
8705401
14216672
43237247
9476702
17478793
28863525
32564885
35568613
25234175
14067154
25911
28250025
42110755
39120239
9249775
41853795
13973987
13517419
29792189
18547869
1901425
35483704
42275198
12184291
26148620
13850989
23026995
33668823
39726788
1511675
26054123
22753053
29319773
5705281
12919519
22042163
10022280
7637884
7966040
24959577
442582
24848156
20023359
5478047
5177851
25798155
9925041
42510957
20989248
15351046
3370045
10874866
6474083
10713693
24604828
17208386
-853201
17753526
17116677
17952395
30983688
38573938
25382614
25589841
3677246
18067612
29181957
-910078
32771336
26237492
1258759
25265419
33180007
24455011
32809341
6178870
24064894
36250810
39820648
36881987
38274613
3056823
33025267
36572580
20139899
27423453
39995703
11790861
9410643
7654410
16963
28410176
14967
40977262
30611355
19862717
18052889
32563114
6916438
11121812
19733065
7692760
24707389
872721
34517110
9458942
32965973
39302680
316488
31976337
19574324
28661210
28478022
41810357
19163173
4064351
25514936
31097594
19345013
12869592
31190994
7535054
32556230
10362782
36338078
3075220
34272136
40136971
12875530
23118113
36738050
20937424
2147190
22614177
23936217
11398204
21138345
12094935
31165557
20258493
4321996
205383
2290542
24688337
23269127
24389742
8569360
36450206
39992557
14788930
40623658
1427245
13525697
23678811
25931198
16773685
23736924
9734629
32132591
25070456
29124975
28372454
16701456
166745
16741263
19175137
15742821
28347448
36836474
28586737
31954109
16418644
16475208
34370146
37193834
31964064
5587752
30715460
3293885
31053822
12226346
21472316
29811341
35412314
23515510
25140453
20302483
9213794
22030401
8811140
8028826
36768653
1799520
16172991
5565699
1282173
15493094
38115599
33382159
35245788
39215841
37750323
33516256
27663411
26995206
1736194
32719882
16641492
13384162
28840518
20974176
24718011
8676721
6312419
16684428
-533350
39588007
42963466
18125201
12254073
2954539
5424345
36325358
6357935
35204157
22399442
6683077
22100613
5321135
33103568
39600357
42417554
5591213
11311621
33468350
34153193
38019610
18600060
35199323
6193854
20176632
1534603
31517665
1351467
34564349
10413997
14573330
12847107
33064610
36654800
8554872
30822330
3976296
8293395
3634794
35217275
4349784
16843443
9161308
20380149
1374189
26754659
25724297
9283727
42114934
29363582
21742852
17221628
5660234
-473328
6558622
-941191
9493879
30349359
19665441
40423070
17375801
23898761
38304811
6561477
1160594
25937989
29562729
30548882
5233532
38114592
41629936
34052551
860726
36710261
7490865
36927771
847389
19004144
13040597
40270334
33547050
17683601
917413
29124335
791519
6618802
11279064
22863788
42390727
34222819
30665194
40184716
35314940
28529521
4343901
35736251
2379627
25672130
30817868
20451458
7977860
37802228
16632174
2186415
19666115
36711701
23047337
14354698
38873388
41678681
21092388
42667532
32122732
37678316
28655112
1924987
7700866
-67088
25301603
21787251
34187034
1763418
27551269
33911042
33594148
39347584
9744650
5737694
9510760
28128451
18483134
4560884
38423543
37213419
21067505
-616095
18702616
28514467
22556743
42528576
10638966
12059346
29171245
39542851
30591242
9143967
20983874
29826512
28485454
43348972
7340624
14959150
19436661
30339822
36475579
14213632
570971
29635766
36456001
3336783
41714276
4514671
6761729
7631179
862736
26861771
-182452
41994382
12458355
32630702
25306694
15440840
12570994
9670864
39281610
8536638
5942267
24747372
6641383
2368295
11827604
20987267
790161
1776216
38931187
23520121
24868425
9433939
32261805
19751378
4123323
13982927
16497431
18514978
4611914
13414280
35056408
15339189
6369457
28686735
6252370
752390
43026076
5494933
27596500
33786977
12673413
41193766
4945476
30027007
10403884
13773121
16792184
21383291
36836976
5710337
17722689
16357704
13313875
-228275
7775337
33873568
17467219
31336599
9427339
15506524
8876236
22825885
29171484
7402139
9744588
2862002
23792746
26552186
38615067
23420982
40543857
4630354
12386663
4344825
16148180
30449391
35510084
1031348
19532932
8161440
-200743
10790634
29088300
26808720
3463080
14657372
4719673
34333130
30678358
8757415
3102231
8120788
38728391
-212124
2451810
14971050
15723800
42453210
5580565
41513002
32497813
33831310
246100
9351218
14791571
899992
32699893
33837454
28116297
24561517
21012810
34355788
24957872
34831585
19758135
35913184
9110192
31661070
21893314
40124774
21137900
36976572
2590437
39233559
-282249
34992200
41588719
3842734
43502722
-480602
31901177
17950480
20017295
31970809
22115934
18654281
4243398
38813272
16669742
22854403
33100070
18858266
42063645
30445701
31962142
39387868
26201202
36786005
6579647
17116130
12309953
2056107
18236478
24507441
16464665
1148334
41889348
4122697
2682752
36312322
42216253
27995862
11700854
36533888
38149315
20533597
1685660
7860913
39385800
30494944
8940103
11334990
33621210
24556360
6492492
14708938
38727522
29795998
18689414
4117023
31422492
21333407
37586833
39376994
-505536
8972751
35860390
30438481
38495542
2725850
33005653
6211794
36505522
14928632
827266
22778901
39751302
29478825
30802898
32124076
25521517
4519177
12151969
22098656
32983012
15569234
10691151
7444891
9997699
34871308
33410377
7885471
13451792
23174513
34163150
13308119
14478170
17580029
5625264
30802207
32184758
19953507
6683291
27799832
18611241
22485547
34493077
5516241
-848685
5409430
40025728
5174946
2996112
12422136
10278725
3203832
6920105
22172116
2823619
11692287
23528620
26437937
8875722
4087061
28703561
8511866
38804208
25009580
1344040
41253709
2680474
32172312
39375938
13263931
3622553
9403049
6367472
13418741
41798182
440631
16837445
35495767
24815713
27375350
2143876
19755628
1825702
16313020
27003923
18932437
38468620
36946296
