26463094
6313761
39938107
26994407
20374376
17946443
8757477
16638436
39647713
8877892
11826420
26740299
14576412
27418068
14415978
15597836
16589032
15915925
31877450
33591681
5144655
539811
25907615
37127189
19407800
40141676
37793755
34340392
1437736
20212279
19384404
36816221
18420002
35752118
12091875
8390655
17536749
24796179
10169292
9046378
13047801
24849668
13847652
29463844
20477421
29639921
20327050
6550418
36396470
19123519
16154123
27715051
1832362
1635984
15121981
38533521
3343073
30446289
40453162
31247200
8030120
35940590
12813387
11537394
14357287
18195857
3216145
6787007
40268829
10591739
30819480
8084834
28897795
22776245
22705914
31482811
10094169
30563455
20255374
6403996
1887984
24400165
-93824
9066594
42526214
31334995
5202067
29461685
32588475
27714384
4173354
3170936
38317904
32566383
35645821
22864486
8609937
28343380
12573205
15491977
39639131
35704737
37962948
15599071
15338562
30651435
15931335
21891370
31787602
31067154
1421898
11513500
33260117
23561429
32279562
9264478
36132096
39770460
10489470
34886687
26132000
40091853
33073112
21381086
11017121
20687208
5000105
31072698
33128035
26187905
17901306
29472404
16302265
33869952
10783238
30873623
14714887
9901486
34549165
5307420
19681359
20115327
21681497
22656482
10638375
12180541
29638805
30215771
10406107
35344149
21703503
7141164
41980415
14453041
525651
26134068
18619673
42257682
24214105
7981517
37951905
7343179
33681243
37859473
6287572
31071833
37495081
53261
7879723
19578888
30288427
20912617
19662265
42223259
32312765
16160910
28477192
36252664
8736534
39283139
22796489
30692237
24480918
2462933
21440309
1221604
23423606
9187020
16328679
31918257
18122547
11761807
20041171
40228331
7863904
30730628
16269469
7915494
13155798
33012255
41281414
23057140
36967823
34798456
42497850
36132028
18811651
15179305
12377980
41463805
-597346
21390905
9767196
16551118
31260397
6033467
29309312
29252976
29924384
24543430
8197978
37113738
12029335
12570130
19729848
2856901
11033190
26699619
17825892
41309278
8063070
6807754
37190543
7878151
7763921
13185311
32303729
13111875
25655362
36863435
2133625
13817038
12317025
8395828
9374800
25346519
23897269
31554628
37513357
4767800
24408707
39983215
24941741
37931083
18902429
807151
1961405
42762784
28404004
22246469
377600
29845282
32774879
43482527
36169989
15960514
18928120
10838031
34483436
42924200
23237917
22702663
32829196
32907534
4483614
38305521
4536298
7306744
40462771
24682136
-322037
1351809
13072165
26196117
40208796
23638270
16752245
17367469
35980275
40333965
29884773
30376755
32201566
31294394
17629144
38285123
24168844
39026259
3803106
11420474
6826778
9743973
31613754
15511315
9935866
9140858
19378548
24987313
18082247
14277973
10071659
19962424
30673401
151035
33911821
42607846
1876424
11742420
11156579
2347538
23842992
34562856
22513256
36998179
14129223
19051882
32321653
21730155
13127226
4944678
35829762
2027630
21261626
31471478
35413523
4682194
23281385
16211781
30496429
20502433
3851322
33184451
23372710
7311777
14376291
23461738
33828452
20268527
3961134
41831618
9740365
-694549
764951
31966138
3670062
35304645
35193741
6895064
22061953
13254386
27127924
43493527
30501522
27885724
15831183
9456194
711656
11544277
105149
20587905
11812525
39313828
7630487
21967333
24587147
31458709
38966817
39789531
39415161
3731594
35217521
6120616
4596066
-141254
3989745
6096792
15650486
12726067
21411059
4107316
34111263
3992137
12819313
5064964
11867172
22097102
20355280
33999
38062748
1254110
39839006
31599002
39969675
17830774
24289972
15299443
11673396
12018485
37360953
17002348
4788443
18771457
33036878
16201830
27553477
12485142
18105214
41961313
2122421
14424612
1582027
29136116
37050567
14431398
24553
1634320
20855304
31670353
27210716
14890242
5431726
35927220
32065696
4855664
26590749
7002314
32297086
31509446
12999070
22080101
19401703
5192735
34356170
7675291
31479885
29811077
14100881
17841838
7696934
19962213
21111
21791394
16132390
34686836
32049246
19483664
16173564
24456616
32321991
40163247
21528279
6706638
4924077
26409508
-655745
29432973
42850714
12142427
34305881
29630145
11832290
8451853
42876074
32440341
33659063
33532191
29283557
7633150
3314739
16155473
16433448
30044873
4477307
26940069
38778812
36739826
21260983
11313189
23451994
34080958
29602057
9961127
39002958
37154094
22251847
27613142
41428954
39505341
3659441
19142463
36019842
39777094
38772811
37174382
14125436
16060287
7739707
724755
11277416
27031082
6336631
5249983
38867950
42844113
18232855
715857
5298748
-408983
37791988
16305437
5345687
42098291
10050406
31929671
27797547
39007459
18566399
16226834
42936425
22970472
6499127
12814463
17009322
3428821
40676846
24352683
5418173
13600450
1220338
42817621
16256707
24780075
41454833
28199864
32052126
6358656
7132289
4735755
10716766
512331
24279222
12945608
39687137
8402522
21152529
38056833
13622690
31569344
14276775
11863619
11086681
8355043
23782215
24798725
31750303
890870
24880108
38533638
-809169
9373080
18755034
21021310
18348938
16984291
27433426
14548908
13099906
33259321
38579101
20716528
2575880
41525447
17669353
809863
21652791
39230477
24115444
20842925
33822993
17467023
26535209
6469735
10116341
23038710
28644939
15868860
16489686
-576754
30678357
-744573
35819972
36844755
12310443
6879645
29657406
-816928
18293590
20013512
24395359
10147932
29078737
15206045
301181
25438768
42773711
5810774
28569792
4192779
3421427
29045326
8370766
38007748
43393555
43328625
3082130
39450814
15371599
39808092
-73613
-599150
8044109
26073557
20753110
7826371
38332933
24511468
27272232
1800586
14818077
34987474
5877796
36135345
26642805
-289354
15208492
13368246
39053848
40360029
3178188
29951483
6831140
10384394
28608744
24217297
18974575
310126
21202855
13493692
31819529
34607164
33593209
25528370
7728082
21496864
41710876
6132838
13394537
34449514
30139555
30784462
15630478
15633790
17831223
15140240
4483274
41676818
39207299
35050302
27080455
10848579
219496
42860746
12776561
13315833
35639660
17145068
35250368
38248784
21664133
27537394
35109780
22618089
3907825
29082511
4602883
36247536
13818388
42230545
23941739
8042003
28544721
39319953
4763463
30489295
26370593
30052882
30727944
4756205
30523835
30336887
3863083
29388989
24266326
12587626
26136342
30279883
15345245
22565682
37858506
25767047
6174699
13514238
5882900
20501749
200660
7076959
13974747
1603560
38624135
19380416
41630269
12867989
11450534
4613897
3997554
5835795
36595565
20756480
9632766
17151687
21629203
39655123
7499377
13417882
33237940
30763268
33955565
43356493
42425725
30740600
31566833
16950992
9345661
25886435
29719562
26407098
27189956
16769829
27673563
26991896
39323947
-418998
42645602
23829118
21263223
19642232
2681073
12809469
36615412
20886869
19401365
6784851
8319576
6963390
19861335
6775031
7874604
28849501
43273791
18467680
13641060
26526533
4163215
10229313
2349621
11367786
16648705
27703945
989165
34481830
38727246
20291205
33979104
27688664
18780808
43358833
15703612
4344487
27904700
23897216
1952667
43253409
14156995
35965272
19982693
5458500
23736398
12911594
40821236
29401438
2743702
41218679
18766107
23974340
35544427
10106832
33051960
23554580
40103332
11799720
16567668
28865400
29806369
2762682
7991477
-720087
36565736
22571060
17435796
10818159
39406787
27420796
5464029
42100962
22275538
28364129
10851181
14643899
14793409
22662076
11670308
8286816
2805072
22626160
1818974
30015549
5999061
37964430
32389659
6743975
20656145
28710110
26478875
19275485
26228075
23596917
19277784
10438525
19925296
40958828
20360153
19610004
3111369
14333358
27469814
13689054
6201953
43488327
10023904
-494168
1755766
9373562
35120389
26002795
3840987
1766882
1293329
7880149
6776402
41740536
10411396
4010746
39901528
24106556
16816663
31021269
24632807
16908980
22751513
36000520
41081599
36044380
34546226
18027201
43190698
19845242
14553420
35673798
15998559
6681013
26426038
41970422
3857730
2243359
8514264
32674995
34689937
17223519
40371061
17059199
13929909
28967436
22018925
43287368
5049793
36198978
-75053
28745831
17996117
10297575
33812213
18714546
18888991
16054809
28039429
43272621
27917685
33820458
19158307
22559464
7126637
21454098
30731648
5113762
33961663
29336088
43322014
34262746
6291941
36439540
37718961
38908862
40622711
6996651
24969152
25138508
38615909
17150383
2524569
28399173
14257202
26162472
7014173
39743637
3922950
32598305
20463382
41934862
41525212
3267840
13170081
32944300
30121956
15189430
13125206
42269781
6492285
10182953
16119485
5799865
19684935
41960602
21638534
4219854
25558981
31167184
11418376
3114912
39808114
21349548
12361958
9954633
37322176
36211949
41814243
39573648
22577684
18911998
17854589
24495092
41725962
31923271
15376547
42618859
18930769
1228031
21104891
1245012
35102777
41731066
13349813
20246432
-186704
3584451
1496973
19738153
7549795
34992858
11562599
3208358
34609771
32579676
9720294
23180352
33790752
21455064
3835300
10597876
24723267
43168485
24020843
6367565
40790185
37119110
28338087
13552923
12992125
9878483
20739065
16680653
5484723
1225517
16368255
37639820
14547374
27478084
4096337
17743994
34449426
-295782
22170675
2586268
13047843
17839559
41352034
40956818
39704454
4586058
20548815
4499358
27693628
24361883
22598817
22521325
12565208
23386984
2061459
9942935
8673785
37844371
25947703
38241316
29566775
39692440
28510831
42545952
14422020
38157522
34733968
3196087
40157332
4408695
19829178
27577767
34160549
32827344
5995566
42913934
3072243
25854427
4403156
20022558
12891837
5976462
27111926
25605731
17027217
36589674
21981656
37207354
10456004
43051187
15234309
23667726
41633325
31632358
766497
17699277
27148070
30913320
41502449
40900640
7669115
32124672
27788803
3288712
7663750
6968077
34482101
8097459
40025240
13269347
2987835
-297046
34349703
4560282
20589472
16072184
6987251
23990531
3175542
6496763
700035
35596594
14809682
-46506
10190925
18053446
33550844
22938175
22621451
17027964
2391886
28831993
27392917
21400459
11223885
15963301
2957230
37830327
10496419
1217912
43092778
40550937
37859685
34129731
22814505
41364645
3064745
30605178
36168999
29756521
30532337
30077527
42663744
26334034
3670925
30804869
34208982
1707504
16049672
27110302
35027399
41185346
7833888
17188811
32448920
8906901
3321247
4561090
40602350
19886894
8592536
39271457
33188173
6079325
21101409
2561917
40755359
37695389
39794153
6483727
29190875
1037908
19976419
23780821
24102122
41566207
20212116
2463774
39085902
25552098
1982869
26145936
5432630
15552859
31138028
19639467
7334173
14129582
41485725
37091273
39114175
42919343
37351195
1288347
156062
5336471
25086278
39110120
22540313
12735433
29246520
17453183
34262900
464205
22562068
35376208
37690961
8268407
22242494
14744531
18843457
33842207
2628294
34177332
16071299
31067879
9890774
22961976
30837000
37548062
6414027
22322650
41777756
17595918
12107403
16181714
15838378
18421197
30328634
10069181
3613279
29904981
30541977
34942281
23587364
26600260
10638010
37902962
36671066
39069255
39202187
27959662
30983524
3912167
41483396
3717106
37085898
24307350
27927711
27662011
18319893
6410464
10081517
38893756
1934280
52056
16715978
39506294
11594962
21761366
30314475
23711976
8924760
20847713
21191221
35823912
35952346
33116811
15676570
2027412
24962720
16368487
41668686
15363895
31248807
-955149
32926617
22777223
34815295
12292972
40956291
-721745
37140609
3258971
15878662
6301049
43375731
32681445
31399049
42230642
11941821
30380170
37319383
22277804
7867747
41408202
11598087
26464146
19401818
10336293
24685366
41157921
18984292
31462517
38406160
9994888
43292357
15611444
38768397
23226554
32548045
35988866
14872874
1732398
822664
32528324
1022428
38546579
15758765
8415267
43523652
15909961
37045976
31100513
33727795
10928707
25966110
15759361
2533205
27151355
19421651
21658056
7539798
18214410
26513392
24346335
28635977
14828749
41300520
1865929
8667699
303682
20858061
28330879
8418610
31006699
42225788
35266415
32386521
20052853
24482937
18977414
36709287
42736632
6719509
29339220
13316647
5009312
34740687
39493769
2039633
8836202
1940171
27192364
19961348
3726782
35129276
30055816
11175344
6210920
35491636
35241829
9396395
16836547
37523137
19560881
13095779
13967485
32495112
3619629
1210904
39309994
25099052
28109305
1728347
104486
13489707
21763883
711465
12392428
122886
39316488
34964470
8415275
39849360
1749187
33576519
32423049
9751720
17643757
24744794
41834816
42660812
38025463
18065544
30493338
39197055
8797996
11090694
989365
42451296
31362433
5267128
33180277
-195815
14105035
35876717
38036329
12974144
10340480
3413123
175854
39541715
5541397
37583728
26180030
4371467
14083895
6488960
31423738
21556142
5748264
25415501
42478953
35949075
28261613
27606001
33234399
3855177
27199898
652043
41859170
27312910
33539659
8745737
4669563
5588878
31516471
18333283
8291076
30355104
9298847
33062924
12199858
29438879
18279271
14808783
40030898
2181994
21702367
33680294
5487332
29730560
-582827
4341718
20974995
7983877
18174384
20863626
35608219
27393823
36983648
24475850
10747706
32045550
34545314
18759532
10625045
16450168
-715383
29048013
38527186
183996
16867501
9919633
1741332
22683137
21720887
36551822
31520207
41093196
6680958
27866994
30909545
36522787
32855678
31456702
42374831
8432034
9477450
33770367
2802197
25066116
31104945
22247786
6929223
23176704
35594886
23175006
6312237
32369373
11488731
18264965
31051841
21807733
21130062
37020710
41734756
7180775
29796204
26804706
14621149
8402116
20785887
29980586
38924499
4035005
12607835
32417473
18997446
6162881
19844017
40729554
2605713
805619
17662344
13920393
5547678
29278001
34153593
3638207
4745005
30881218
21183017
11268450
11056495
28661127
22191418
24609555
38017377
40620204
23370387
13730665
3874433
31604731
20363263
21781899
41625815
11720516
31165047
6684592
25954047
38832926
-316348
32625891
28765274
118069
8466143
7622484
34383923
9833174
43160470
35763994
25841284
40066833
14045411
3630402
11252002
16131962
37129900
23194355
31374290
8423902
11354398
37755411
10520733
24324169
32358412
2287701
23934868
35138051
2418373
31403079
39985015
22574081
42645183
35932610
36603546
40319871
2161650
5250675
10745
32090069
28795297
43453244
16471383
14492068
38308845
28874409
4185608
34241795
11563437
41139109
16305594
34154390
40745877
20130219
935198
6988905
28832510
17973207
33014743
31789621
4750958
33652269
33396970
26787651
12625338
6043906
5932410
41325791
38234491
30446282
40707425
20055196
38020386
36465802
41877940
16784888
7391203
35382660
41628028
32570163
8528927
32321618
14255297
9108009
4478932
42091813
11111897
-25708
2303514
9765262
36095187
20404046
85403
7456364
19458643
11415077
8673894
19242646
5144896
11527129
24086685
33873226
16082754
33223750
-346274
13081143
4870171
21279051
4540731
4540188
26503657
5130628
25232784
9526780
17945250
37781851
19787877
6261043
36679075
1049446
24725652
9545671
39227164
30254971
18533112
3658128
12204267
42834992
36713245
-89629
2726639
42863387
26667273
24105562
26924971
40741862
36159164
33182310
10351522
23691974
5474311
39285341
13523283
27657389
29412198
36653303
36543944
17400904
28230424
27907617
19786291
24182609
10787034
39277868
28909594
8924912
38589009
6504999
19425105
26732785
922983
29788658
11633138
33228318
1451511
20113042
18093318
3431810
37478601
21354313
12442608
10130359
13872102
10959169
27377281
8766723
14845119
36168011
18259871
22220748
14399321
20221753
8931244
23599870
41354149
29771489
5221342
27696002
3570032
35666604
37484158
19168097
6565759
10264227
26466792
28972837
13524618
22883232
3997694
386581
11462302
11992723
29939885
12732293
269280
15963559
16697421
14249393
37477404
28704371
28742719
35817953
19917411
19849297
42218942
4353421
25760058
28092246
-298725
17643321
12660780
1644320
20229159
761049
18178156
41151860
29752943
35350995
22641312
29428492
11295546
32552631
34446395
-456074
21742067
39370979
43356577
33967162
41250997
33678470
13069999
416122
27586443
42099454
39102264
28484845
9927584
20106033
22807256
18063191
28069180
3618779
35960456
43021087
39724511
1195067
31382878
2459378
14919571
39222349
7117512
173969
35633127
11883360
18828740
24132306
17061321
3348919
30674744
25358014
31421278
18472108
21033450
17377003
15361502
16526936
35191458
10988788
33070410
41592908
27138312
12382807
20807407
27720629
16440691
41082488
11757908
19453196
31768539
21797485
4324829
6410318
2485301
-50923
10849127
10669730
31416945
19020795
22573740
6801885
40427240
1528833
14539731
35667734
10848349
3961324
25261533
-66548
36528854
13036467
29760779
15121127
31637123
2650198
15655151
-936083
15051032
1269130
28295908
25182897
18162365
17552481
31296965
24362740
16681565
35296543
31520416
6320496
31005460
28468389
17930954
34796877
5590887
14916454
40557415
30587136
16795905
1214383
31231357
21969205
37762368
10308741
1118914
17429770
21991970
19374898
26256423
24705263
23702289
43414948
23738010
8807404
11355636
26910330
13500605
6224712
25466304
38854393
23437049
4716327
17445372
12527546
37930075
32867652
22594120
11878078
1646728
15500304
12732510
21244675
851217
35492146
16393737
18007723
43118815
29683517
24063878
10176370
15383436
7555128
20161280
9477750
14537818
14006374
26389868
-349787
6330674
28437127
37754940
-794174
2187135
23192404
39723750
12382090
18756264
30993122
28882306
2523640
807106
29339785
9707954
-959045
36584077
23672636
14422815
14628695
42433854
38687544
24609603
13663565
19502559
1213773
43177296
35370648
7350359
29429071
872483
24476676
32468953
20649993
11363860
8971811
16889784
37522290
43013076
10465396
3107767
17597524
2196564
1514583
10937453
19603798
17474293
23853144
28518240
8478448
37438201
37983345
37728919
8923971
7598906
11166633
6570825
11325515
17598128
8194519
37972086
36336791
26676014
24075774
5563793
37583071
38664645
21802674
15863315
3986277
25978282
14690076
3596298
32689080
7978281
9065696
15622250
19842130
22989231
25831233
20618280
4275749
10413083
35195481
27823971
19007638
36584324
40442297
38713538
32970942
7341631
9600777
20083640
30348851
35892112
39782519
35775966
21500849
2356924
5545320
15745712
32729029
28724306
17506093
25660343
29791860
6907400
11789055
-987175
32391845
33798350
43233668
29820935
20286573
22597746
25577307
651405
36599561
18355571
32496608
2734343
29118588
31347223
27994032
38485317
1006173
23082445
4598756
12391102
23430112
10141918
25526600
11713952
-149864
7177859
12374948
40764539
16714778
5045039
8428678
4837143
16396945
29107398
39717808
18065962
40046946
8920946
26733056
21476682
4241710
27723951
8629049
9877757
20616758
8326402
3330977
20459584
34236266
12106316
14302234
24366130
5395629
21507073
33194011
39107534
13643946
26335190
29894420
14078553
5481366
37138007
17348424
10477209
23820017
24102503
5085735
5505127
32844833
11705346
3592959
21759329
31459287
13633740
19151121
18114114
28192727
17685882
16523520
3261557
-720267
36833611
26984722
29462323
11522323
7557285
40618133
23758469
43287310
35818709
27630938
9816249
27149278
24699186
30380589
36426007
41199826
17888356
11823666
29076596
10726711
29892860
37450694
3764826
21119152
13559937
33710654
16583609
27920774
5958338
22689673
974713
16050796
30647501
28504338
38285063
42555805
32613620
40921964
19114270
1218889
17241713
24607579
31943887
34573544
18323694
4465031
34477292
24490
284038
21232841
26845297
25265254
21277832
39251080
16095469
-92578
7195226
10476276
9634304
18787029
11517776
34886070
14337502
10182120
26705318
22192142
18238919
6413233
935490
12000443
20154263
30863816
1948711
533528
1046047
29885238
26279170
5713814
25243232
9406860
43151721
39123081
19485245
26164716
14594213
6357512
25316570
4579553
29433324
22103561
23380276
37131099
31007810
27889093
19962382
39880605
32748396
35690888
34535677
6367556
37352011
36682740
28961172
12468378
33792059
32012838
8972610
24737989
14698657
26149391
25151320
18827450
40110876
28771842
39812714
23019466
3407738
28043435
2124666
26073881
11716271
1131294
36796769
41518808
41759058
5570447
35322398
12938684
32046805
25310226
7343971
8696801
14428797
13985602
42764836
43193737
7846287
25308512
34551055
15695675
16561511
14458348
40640701
36350497
20148771
12980145
34593384
4306954
25040629
7658259
40357884
13238108
43131504
6306989
31837867
14775317
2047912
26481252
25147512
35135022
19415125
21627422
14306414
12040507
1950037
41207770
16339095
27401750
1189210
10703414
26190522
15064835
41258314
39227551
26603110
27246275
4382753
41997615
41021773
22785595
32737300
8090403
42799228
35577977
6946705
33779927
42138228
24367428
11811473
31199470
30653504
5190272
4394511
8844006
6356300
18335778
20265282
17374792
34968815
35409966
31102741
3237469
2841288
15664832
28083749
39167689
31052810
9707793
18187877
13580503
6772821
16833975
29170851
23315807
30734134
31927236
10470623
23954017
14236896
42103945
36102670
33658960
31175496
5051905
34208903
18930158
30306785
3033858
11874829
27000433
17476459
5560976
29238062
15586335
21483328
29293705
11448960
40387751
17855762
30957445
21952559
28910123
27295201
32197885
20184098
18922443
27685484
31265867
34697119
20207247
40418347
3849845
-506955
24647355
40774354
15094641
29319535
15509784
43374964
32751332
22930813
41667531
38768662
10034033
5750797
4470204
34498971
4269086
27447169
-8859
31501772
2685886
41229968
31348841
28130759
38776559
9855049
25169802
22650595
24444258
22190713
37984286
20117093
27984506
42265144
25519586
270005
11147481
14426908
3291602
39412915
5016341
17695200
2536626
38145231
43257585
33658503
39439006
20658094
5809644
33321332
40572508
18252267
9147109
29487307
30430483
34342809
32996762
27890925
27164110
15279506
6809945
13418978
9692365
-969821
16939614
3865558
28904922
40536595
25727855
5287322
547597
12797298
20948122
30619767
26364553
-437288
26031050
20491137
24823786
16819631
16026487
9894897
25382760
9971503
15328169
31521532
22926351
1951625
26355684
6764177
17016322
34447422
22107345
3151309
10418037
8937251
2052075
14427550
1639115
28230687
21129297
1599240
9554931
24913503
13937639
9980995
3707492
29149300
11875151
5612717
7723489
-264468
9913940
11939458
33149135
7650092
29729677
37061324
9986362
13820628
15062775
21384452
8424832
10884811
21556271
6646252
7628117
8916418
2039655
4699864
5486275
-336355
33360851
-607
28661068
41064383
26713605
40951974
6215908
1044256
9317542
35529028
31515834
38551460
21537038
38613232
16021661
34341670
2284108
22956931
25278392
17288348
10748391
37949612
36055648
17831237
42340978
14853248
30776280
26661246
28843179
27397241
7468712
6679205
20413508
15738458
12588042
41584202
30108350
32160839
29026024
13013003
29891735
14815430
7621929
40625999
41168761
3458456
16923413
10622062
2631935
19249383
28667172
39743833
30723515
11922474
5982057
38352917
15856790
42421875
39067751
29339838
21356275
37212991
11375568
20889554
34984479
27304879
38813715
8337541
19476375
34550851
34657264
18625870
13035971
37197768
11827029
-922143
9619353
36863308
31293513
28480341
19966231
31754671
15100651
3175381
38047220
26079866
32433495
7830119
17630355
42401764
23408044
13550524
41769935
10241019
1074007
35887263
22060807
28445279
5773030
41469225
5748403
26862132
26126917
40386231
21496494
29203311
19538549
15618200
31066247
3830197
12624781
11815080
30068314
31476543
19072704
21554602
20633842
5881911
38204489
21220262
27175682
42821103
7015518
14241589
32436066
11294077
4537624
1457565
15780279
24328556
20832074
2136822
13011745
32592418
11823601
12201771
33690036
30631758
7786348
15458435
-677226
33505724
26679613
19171084
7429370
7645842
7581605
29932774
6020396
2445203
7366764
25185968
25916743
5008777
30832836
29586173
22156790
18177666
42278100
32461138
1727604
34163074
2228700
13102719
41335772
18401534
4148069
35941003
10906852
13699706
19453047
38813575
41851763
21538691
29776499
23868051
7390655
17269300
21696910
35122010
16360357
35804427
1673841
2832029
2313891
11548852
41443052
21642479
25853985
6483384
9077645
36514517
23141037
31542489
43399027
23930895
36756165
36822447
13228933
7704930
18349097
21360517
20416625
-32600
30937845
16275449
32248150
30749675
24196
31850922
25978582
24363472
6775484
33339595
1513486
12501678
23079385
1789057
14987787
22454637
2923459
8180677
9196242
37312354
22316564
20251101
-694604
1134529
4760169
-685435
40910396
2643704
9206470
22639798
32178141
15842502
6683469
22313949
26306404
8942279
7709796
10149517
10641282
34274928
31303309
33424089
6783770
2631269
41493594
26393256
27479059
-692097
11132470
28016729
18704438
30470776
30879203
29606474
27448599
11617786
36916213
4388414
22782346
36661925
40039379
19049183
14027080
17745639
38077844
37849535
18567589
12448397
7359946
42951585
20686328
1189865
38269696
27622883
21393341
995224
33403563
38511252
42409263
36921901
16599738
25239063
33410405
1089112
21559508
9942909
21515542
19147193
35530742
23321115
43051499
38259686
13726804
28517805
24260411
23212399
5293747
24557749
19739080
6578697
24771426
40510499
30619585
8727956
10548306
37789109
17760470
18714302
28057934
42643028
25781323
15759913
33613385
13356342
7115156
23507577
2767671
6989114
29031028
28807804
5216527
24660703
821473
2831252
826738
39879766
35449768
41933365
14407550
19127584
19867375
31247562
4681432
29093142
35541980
23957529
18363221
20267004
8190153
34970045
33648123
17858643
32749610
35186843
33177719
22613070
27518990
13617040
29982918
35893928
7532696
6574792
37716225
34516810
38266454
11394532
19279562
19471326
-589679
36825949
23547053
341775
24978431
37942563
23477820
17708192
31398874
42101173
8210022
12821750
3337394
4620112
35190142
2431913
38993866
6181986
43174571
36770637
14105914
15247753
19989591
22750990
30331462
14856033
41338330
8184466
590692
23177267
9224266
12192128
4475782
3341573
28139084
400295
9034263
5680505
38990541
2016506
23848255
23182319
10304625
12611909
8460463
36080728
10741644
8805813
27958448
40418155
17450970
25711538
20594971
1521076
34907505
28743074
36330991
24694918
22344832
11220549
16729587
19951067
26695217
5703468
7064737
28462968
30024951
29389907
23742627
2899112
12941410
20313535
41929048
4156386
17306157
24781124
740494
31337173
20630762
32662436
30234558
26440801
4245439
2490701
-729174
27619606
35966304
22974904
27104721
14481459
32755369
42711292
18304812
37718721
36217251
20419689
8136425
16143259
21921286
6912688
31223611
27426777
25530531
18665744
34037685
5384185
12878151
2030463
6865808
18308528
32561854
-774657
25003630
24560564
6006482
11829501
39569028
35791666
25020796
21909999
33441507
32126089
41292294
35839180
11249089
-211769
20225544
14388439
15464183
21988628
32613201
37167671
8912713
18280809
14103216
23234288
42025077
40171944
39536724
13983238
35291858
21851729
25658635
11100721
19522745
7554023
39360801
-798857
7741607
11144629
9302423
33653542
-34328
40683713
11193363
27246257
18334957
13418411
21558574
19498766
31162816
10650043
11222913
42609302
40511291
11529305
22743721
40999329
29165015
29767687
11684322
4239881
12333511
43297039
36061865
8423994
7046715
11719115
7865917
41380192
18563196
21328243
32478800
27387232
2389979
22834211
22502916
13460196
6691560
41847523
24869424
25111496
23930877
1045464
26483250
40539758
15372971
40557149
41753384
15349583
40833205
14531859
21080815
6895030
2259872
35290214
20119292
24462290
31686548
30781412
40100486
2706961
26233253
28958486
41330056
4481895
1501535
10017281
19275278
26824385
26465030
32120818
24551334
38798139
35745758
30245745
30940250
24471406
38730001
29483648
991365
14447351
-35059
18708785
13129197
35783406
30755855
28639184
4544944
4780808
25820675
42812848
14311443
12465018
16151410
4708155
36562518
7745009
35814626
43005533
42313266
31451742
19782307
21432248
39491405
657738
35736791
21691125
28194076
33658968
34388297
2610476
20542181
25026071
39634667
27064750
4671997
22688535
6803025
40687525
39638416
31989406
8840020
3330717
28377471
31672921
9754088
42959788
14343740
30363203
36843720
13975090
22270408
8024146
11480605
22331808
14306123
14236675
-286428
22952635
27791584
41850592
20222749
41120910
22088899
6778597
34775981
10218515
40586853
39438532
18441175
2569658
20839196
41264861
17687903
23423588
7236624
37416095
12237434
-729495
31071706
13673469
28511108
4982245
25687324
1540454
5820347
21483232
4245570
15887129
33441454
29014100
14895310
37134901
5704633
30070660
16351845
22294226
24226996
28897779
28347076
6798030
1908191
21811192
41073220
39593214
5467282
23091677
14936699
28022729
15673616
26436288
39562373
31023401
19587198
41094697
33480046
27071732
3301303
42863870
109028
22814177
26729037
38260471
29606886
38175603
30021451
42011947
-597973
39857622
12305807
9357927
39237980
33594096
15649692
4102196
14351740
11574198
37733372
23986328
18733673
26060994
34132243
32680459
-374156
10150705
20169906
37211087
41704033
1494324
19622622
12424306
4115764
24855969
30984248
10414931
11305097
4552215
41482354
31321497
28285449
30928639
34955883
23189320
6407467
18856843
19481240
33215504
10587037
6368967
12640318
11361293
2352041
32345107
20523571
37674306
30687209
-503404
11315318
4120745
26308270
23297174
14892055
10756807
3160576
19836036
37868842
32409689
10874690
28675151
30428344
37540087
22932154
15712450
32522344
38230253
6085913
21056138
16551902
39931912
38098691
41616626
24958758
20511050
19935279
-142374
4365325
2738448
41968518
34936990
40151665
3167172
1033358
3930027
25853144
12897712
356569
10212095
17123373
1492602
36367814
7232085
29343527
3650304
17076598
42983414
36158401
29506491
23927115
22276143
3212079
6053067
13736073
41356483
7037410
6425693
37210780
35323006
25370835
28854202
10082155
37435384
26564738
28975590
23682268
13483794
40785015
32988399
18196795
11810247
14061980
792171
16819273
17864569
34491135
813017
10714214
35894385
40967849
35907923
34731200
39841397
23714745
12634795
18111900
14233527
9987638
23043719
22261346
34677255
22303966
29246502
38950289
11039647
41112061
15553642
2951832
39136331
14460702
21819306
6853170
1810047
480705
23799764
8613463
22222204
35876052
33454131
28641185
27448631
31829602
22879587
17607477
29527286
6645861
39683690
2900633
31620028
27401206
12585610
40227740
27745121
12413669
13035095
29975525
32367433
33654421
11961657
16907471
5297290
25460748
28655418
28416213
26430121
22585172
5849857
5883442
10691594
490723
40808816
4342286
8765919
20762545
16258522
42397886
728519
11143628
11237379
37279120
23269743
6841933
36440948
33489082
4512199
4246882
40836590
27063300
30121867
5947843
18969498
-958183
22667165
26996285
24737169
8440569
7470687
40168081
21756436
13947255
36523774
34430206
32528152
-648964
4759138
8547114
25200657
39387438
-979177
1761235
25909205
27580995
41206735
22654348
4753011
13132984
39757131
5704440
9794268
6553466
28138756
37294996
26614739
35168193
37204398
12822958
765295
8379569
22000780
30363040
22984114
13908094
27914186
14951897
7899645
37999832
24298477
23129133
31792787
38803429
41210546
23507597
42245464
19813143
28361034
35410647
5423846
33110640
25350271
38214609
20193198
40515695
31789251
22203470
-862250
29291295
29389539
14874812
22126412
-47145
41983788
17693218
39832199
42782857
42054773
34669664
28007298
22330711
22998244
18832975
6981494
38860991
9065838
38508300
28889668
15243708
4770477
43076644
22580390
37957839
39975345
36993252
20191077
3500257
17843389
25538116
40666168
8310044
15456068
4023638
36838588
14919042
42153023
20464470
9992983
7222003
19718538
16039821
24085141
4912475
38871886
41609108
32640421
38303527
22495251
14310401
43046109
31200124
21499711
9437294
30801018
29398640
2440091
31638114
30084054
5417002
32690860
18996
22019907
39002326
36939840
9542065
12476924
18545100
16673814
10850247
-969652
34784084
4561883
9704672
30027267
15017054
37900711
40376091
18131131
3761187
28277817
23393012
20877690
36456600
23071842
16539566
32009061
10643971
8586503
24059680
3858097
41766223
42670859
42661643
23991109
2805676
16976954
28827572
23173998
6774033
25242788
33384068
1608314
825018
27775249
6182548
7106339
19692069
21303240
17467778
30636034
9924140
16376040
29986693
15144492
15203866
16943576
827710
6201574
38910137
39273372
35366347
22615755
9659689
6027305
16321255
8412832
-771341
42650052
43393632
38867877
9926495
24424548
16995025
34560321
6375031
33211956
6244768
8437325
21285649
20322618
36583549
28086857
3652903
2082618
41010507
14384780
36616465
39597408
12302432
596987
301878
27689151
9156186
12704720
11624255
12172728
20664670
23686261
27344081
6753637
6316263
18644440
1120765
-352738
10685733
21160423
2250733
29158246
10588093
-64284
23665750
17529474
33886157
35415615
11265257
772240
29410309
8999682
3729090
11188877
26490
14786704
31739787
27223242
35210749
3120077
26528617
30395105
31550626
42968542
25169100
34432974
18563798
12233042
41607592
5863925
29886099
18255823
41710050
21212031
42863526
16874347
31906912
12816783
9167463
19981712
38227247
20051801
6723932
7365760
12498605
37443348
35694980
12692460
24350581
20867701
40334077
20394169
1157886
35463276
39901647
6899969
31044516
3860598
22657272
22642762
40305768
32945103
18732171
33291661
26239603
13661132
27589682
27091493
996647
19037541
25742188
22693915
12341185
36784025
39124177
37444381
34056036
37098073
10760938
4577666
37721452
17324456
19517351
29940658
24383959
33402156
28975328
678481
39414035
38729436
36757289
14373112
39821282
8022962
32950639
37197291
31830560
3999436
31605692
11603950
4308310
34359974
18744463
21767639
13178458
26481315
30264564
6744234
12883221
4843815
11791747
21042692
11445071
43379718
35815497
-174723
21344306
36596501
3624072
22007232
30419941
35851160
18805130
27313452
99963
15745722
26276611
10944618
38098917
6672642
33143231
18674417
12035731
2659403
11174258
16141307
28503497
7841098
17688040
5811424
28142671
28164169
411379
1032912
-418535
2988221
36461522
8251616
28514998
25813181
1394334
40138725
32585522
4348879
8669894
3512963
29179920
8561126
22246172
22180920
4605300
39329766
5225229
32138989
38411817
31938221
14421470
40735270
25950323
24259104
34628733
33222752
20184224
-939931
9688499
10181287
16444849
36731040
21796885
33287923
35791314
1629657
4819807
13740615
39217687
-197112
25515282
30207718
23743256
6978184
12781037
470190
6973626
1145521
19567147
18618237
10158224
10627199
-718295
6887922
20818151
39280572
334798
13737971
13322731
10057978
10978370
19756008
18299869
10803800
19138490
-344212
28242648
10499060
23855218
31599226
32309814
29445553
33198115
42162827
5465662
32393765
12678961
11055554
37639247
39915374
24557803
39942192
36470700
19382345
27663304
4320528
5542316
5943953
32717723
33788775
39800114
10634183
14863835
41147171
22909888
34222098
34662792
37415938
17264224
16511780
26499957
2933795
4109262
3261549
15038338
27307230
15922509
2932215
21824044
14286598
42554961
21211874
35176319
23438034
29798387
1794826
29938503
37844844
38739584
26688812
35465183
40952320
-873412
26211703
39703582
16035809
30666228
17867701
12473527
22711000
38024315
19992697
37347384
22366629
31313571
19482338
7594594
9851377
32327619
10418827
36326096
39694170
14990245
5428979
5671143
556571
15840937
30216405
38994070
30874513
39031639
36685538
13120102
11760585
14001631
8804894
19808552
5083702
42529539
26439102
2983552
3245133
16222894
13734908
31240865
30684435
43339603
38246185
24501757
4758380
29131346
36291867
40808177
7465625
39913036
18756989
32678883
38628315
-360494
-167651
28465363
19798655
17630579
17377641
40811805
20181153
4440689
12075784
882195
41060811
16047761
10365793
8674404
20392353
16875694
30100174
22645052
40715878
30161405
31154622
19468844
21105978
30442984
4294118
41523539
31785397
6658816
40871810
-102572
32069831
13793755
21025968
4193168
27867259
241632
3714798
12609372
23456264
19243104
19051231
35168449
9055630
15830060
31020463
32789523
3313269
38722807
3385584
39243171
2956808
5153290
7395518
13478341
10488409
37553952
34384417
31217756
17543583
3265348
13351077
22035008
25229327
21064534
4725913
4635919
31591520
19209845
19230402
5392918
26567860
16126173
23952918
26383019
13585328
34308567
30528886
34463187
25552306
26885749
11795839
23568361
3349744
10131294
31730097
4533504
26194661
41039541
22804877
17335635
1930314
38657954
24351847
37085518
-463618
33265974
27541791
25239110
38683841
36402424
31380314
18437051
15193209
7889368
32748603
39752139
28313475
20108925
31485832
8458410
28485181
15153761
25352565
4804610
38704861
17156686
30158026
7407590
7647963
19766974
39792777
37239051
42049736
33736045
10205303
19984558
19007728
29355543
19835351
23489654
18668423
3678407
17685310
38344749
26140116
15558441
2844352
4914300
28974377
18859818
42017209
29562343
17202965
15508238
35742053
14619593
7813986
5689199
32916742
17776183
2397640
7010995
5978665
18247765
41541325
35178495
24403639
33951707
15947200
38123550
36806867
13866589
23631200
31092786
42511450
29798955
40229127
9682169
1268621
6087024
12845962
40385100
6610847
43179079
5882269
14067908
37297941
40182829
24015373
32352190
7050006
2259185
230408
42627620
40434150
23880635
36418687
5194065
-838919
12020138
34973519
37987065
31194527
5781671
27241526
30534621
25896403
3312758
38538268
9427771
25606853
422187
33207606
27566277
1185189
31644481
41183095
15691294
41431897
21978691
41606557
25757405
25941102
24501274
33487489
1270901
29610506
30706413
30471678
4969150
34046389
28840853
31425907
21656317
3468206
15779642
18295216
19018988
18477628
36470618
19111454
3889736
6956073
42973197
5726327
14800431
23109621
33734499
12989162
13979050
32989859
25045622
15109764
2662971
36957705
1198285
5129100
9443778
29457159
1416229
28627133
10011119
35702199
34927473
25857460
32929848
22405497
30700970
21317484
34138489
39150759
31165852
28293470
27425394
11285555
238567
4263428
6365416
23154748
13915950
22579305
17883417
9485726
14570145
10155125
35764139
4501771
27240182
41315307
42900385
7759113
2662149
4814978
25153103
36437861
38914014
4749630
8135170
32296711
38091801
30321157
324409
36790489
7683025
-795932
22238645
13174276
19844721
5138777
30365172
16342356
36025466
42156993
18196405
23673497
14760216
6516034
28502991
20898531
40756608
24706360
920603
12050983
1693913
34618534
41673563
24208748
2815398
19189253
15041486
36698560
17871727
37546173
36789489
38346979
22430787
10889003
15387776
3344641
38551452
13950829
37344185
9039755
32023779
15945955
2603415
39250751
32779973
43208011
31998678
40296839
17131128
17254637
42217489
15027114
4525097
7171249
28993696
16200884
29231534
35967731
1432241
24092483
28613190
20401548
27159409
12737593
34164295
37917781
4628648
24254556
9945934
1672442
12040030
4724033
-189069
40411562
34076614
40648212
39127823
27028759
30704396
28020616
41938052
36025823
12647867
28511220
33191609
17400916
8756236
862640
37992713
15013584
24472518
34841107
25107680
10427503
21128080
36405611
28468872
28216998
11078304
29728983
18586749
26761877
33718199
16452964
11836457
15676565
16957646
29842811
38537786
40337772
14739575
41625211
42499153
27776837
10123736
8460237
37434247
4220640
42476074
26687403
11580314
30275397
9797795
2958464
19449968
39851721
30300535
34638806
9063202
11962717
18337872
3877342
29784446
27900372
19245049
6407076
6732828
13754018
17112716
61102
21135329
33125136
9127749
17919915
29666970
2160995
4675220
36322333
17614649
19335685
37317040
4789856
25464448
20397693
20227932
4836118
17126353
2588229
1009984
3760751
15460106
20951911
2152132
22108651
14417970
33555536
27169787
28027716
2678430
28586460
36706105
19807809
35102180
7634391
36386457
8081506
21121609
39928040
28884161
30103530
40772494
18533635
10893679
179308
14448675
25016702
28291840
31519962
16713967
16566119
13102264
26881335
27182526
33659269
17460517
26208855
42314238
4008994
17318070
33398662
17921521
13281455
-871602
24753343
32174059
31674236
34437623
41945087
14048509
14079786
35742110
19528232
29822210
18051777
32146638
22918040
19953064
40926034
9713265
42841781
42596574
27294009
5801143
41552406
38413738
34883516
19533964
2491426
3378024
42073779
21758003
2359481
36859482
25742416
12004863
28942969
21961036
7713430
2170657
13520286
32171600
20268909
23098118
13153140
27712760
26118539
36807597
34743125
35162730
29431247
27602890
19209985
30412579
19693992
17614320
14838400
18992065
4866046
21803813
25126855
38973554
7543500
38873640
12809242
20807262
455782
11974206
29626989
1381270
9712252
1283002
27955960
2043641
-791993
19289177
37957305
42873868
12983559
41936357
18405081
43470825
13977424
33765683
36988042
4256273
4663520
4076200
29161036
35659165
6340989
43070197
4538612
11056188
867623
12924221
37436887
148608
21443942
29694957
26368727
21090643
2696393
24662789
13317838
-221407
17792545
26252858
35767927
19219627
20046598
23141941
6484328
1772622
29058301
9219701
27658967
23874299
25154258
25892582
40680655
32044927
36967376
5435292
20753414
10638657
5161337
16655560
31392648
38637894
8167044
10244096
43019625
13077594
13517162
8677052
938305
32433183
8512304
24678785
41396531
35454588
13181154
2656617
801429
13188602
1831578
7784976
1153725
10153788
1345401
7642033
8258293
21765026
16958012
14622932
-553534
31683435
6872794
37926055
40655616
8590170
10281072
3663738
38341295
28344856
39349326
10475100
2122644
13117403
17890164
56519
22106187
32527297
36998927
19459413
39822865
3234121
9255690
3112003
39522307
26581745
35098732
19031976
33714341
38052524
42862053
12833587
11217804
28983262
3576639
2251745
2877818
11151651
41483536
29561435
23204312
24499619
6092174
4561487
19096150
2301966
35021976
26587160
13991887
5398920
36188171
26431657
13600559
7441549
17978480
41858415
39947600
18576908
17046736
14538217
32026044
7031535
13409929
20469372
17777015
-36693
9784124
20221263
10912017
9058039
40133511
36128411
12060302
21003506
41764867
27189699
15593134
35994412
14812016
37074261
17945527
18179720
27479874
24994782
5456528
16634172
10644258
41365789
6217091
19341866
35794079
10042026
22560700
1879736
18920021
39388929
24188368
24529307
40029196
11362814
13442182
14135618
37150513
386369
15505904
17253499
8700317
27268142
147655
26376334
43357797
-612300
31380501
25647292
30688977
16328005
29888447
40177912
27876903
27193536
22388524
2975817
10080435
20204177
43429272
30045945
12541334
6308199
23503471
5545373
11062001
34084917
1425664
36305521
15239172
42936055
11767900
-675634
5043563
12861480
24622328
1812127
37330915
25939349
5807801
20563840
10259612
11011146
39322876
31278807
2246883
27837722
2447026
18747881
14110994
6421432
19241041
27538599
22246444
7592349
27849118
33818335
13139331
6547205
14588790
22548698
-685999
42965428
40249212
14743792
39366511
6260145
34650456
34229679
37182312
5044819
42992743
39123032
25084500
13048875
19251790
1959216
41114620
26443179
16699016
30497811
29388467
11271068
40164552
2868600
21037530
7925497
-619284
38450377
539562
14746951
2269337
20349925
30778997
19971728
30190218
23706663
35598984
25095482
16930992
8190503
13427156
38171468
29346785
36291898
31453135
17529542
4080554
22292929
-85597
38546666
27238729
14839324
7607981
14839413
35217601
20267406
30542062
20617033
7724591
24993693
22595791
2828899
28539610
42028571
29379562
7651431
39810375
1581652
43411195
14105660
7012094
28598186
25985678
6132313
2095374
20057027
26360670
32702776
43032393
22107636
19059930
14238958
42230963
36872129
7367946
43006557
34249908
5128089
30984518
2113780
-134825
22087991
38796595
11465012
23424242
31861732
31505280
-961095
11822916
24097562
9945458
38274309
17978288
20257728
14035198
4413713
37051636
37924663
28307436
33808066
12495528
28027866
23290803
16062156
1587290
42217988
29658266
37163023
33963289
16883599
15852262
34214081
22255286
41785305
39471843
4414848
6546949
16888779
42450458
32740757
1125429
25676866
15816238
39879771
36882981
-182398
9775287
-936552
16921617
31832248
12686740
18826050
10472408
16078372
5397791
15843552
1853494
12838275
41253111
15804856
8998489
11009908
43267855
14955451
19040747
38163499
20867739
36465588
23371910
2210342
18329185
32337585
30023527
38561404
18571833
18279973
29183743
42332732
18475814
25728377
14141111
24052623
5739121
36726629
33020555
41006099
1307868
30591918
8852700
34250867
2789084
41135151
36630166
9284209
11692703
29628530
33122086
11488174
18956856
15963492
31743677
30722994
3283474
30541759
37248232
38933253
38000789
2328680
36988810
42063418
35871764
11562412
28690989
27544022
41030347
14747000
5644352
23141041
25164042
13042964
32526775
3219497
3837694
37323630
37560437
2613421
26087674
27582248
41000271
34767720
27176684
25255978
15706306
14794841
9105296
11000865
6660262
32405942
25882329
21710115
31677925
1488649
19568732
4246825
42558668
43296226
4685894
-133566
33993415
18590483
12536272
19951609
33983379
-447291
36924058
41911127
19233928
36008220
40158720
5075952
24020798
16016811
17958904
1548734
22064877
29076472
18882624
8876300
17468225
42418152
26944548
22087642
23166911
42913853
14009501
24700405
30803414
40303710
17098638
12592088
42241141
938882
30811357
38489478
29126008
37961547
12907838
21554854
23204890
26247730
30440183
16459467
39049058
23159482
16783443
14262457
41238041
30039946
30769663
26207673
36547599
28129468
23258788
32805857
27260841
22575373
42662727
27467535
30371238
41525044
31223938
10911574
1271036
8779021
2678830
6417319
37296483
8418225
16611226
3072630
17034557
30192405
29648309
37610260
19436222
1717939
28549504
17532953
22193048
31881908
9556636
33703167
21209462
28036285
6709507
36670564
35412384
34519839
30800065
10484525
12620922
15900442
30365367
37763908
22393100
4208493
3345625
37632220
22729321
40889896
21548182
13822480
29518519
28664203
4234655
39480322
22488120
-191370
21990213
295845
40280598
13149630
2890135
38043342
13495540
19573300
11428698
24375846
14023119
18910312
40071819
15120151
5686615
-723040
38417541
16167450
19731167
43218794
12978633
27775168
15724003
36892270
22115310
6004308
16432220
9582335
41476731
28616427
6875431
25061201
33423599
13196274
24139483
12583280
6390373
37834940
27565288
37003175
35508223
10822967
35204484
41897812
1930616
1928152
27447705
-786537
43438580
17000607
37405463
22025039
15144539
5698897
8724159
42802993
7639295
21944177
30579454
12262269
25015879
33918829
23655487
41373871
29290538
41366134
25478215
20837100
28942904
32066691
16279558
983837
12393762
17451090
40256991
24613265
19884697
23338579
24106811
39483882
5822221
35039411
8070374
16133436
2231451
13090072
39046288
-41712
37804403
24181783
28580090
13940879
35219813
6831814
7029555
16271610
1171019
-758348
3925634
15745249
41071321
22557426
37420592
26746756
38113725
26373261
29403432
35552192
34379067
39681273
37931354
3102766
29892718
11303536
770283
5464034
31552751
3711552
40884739
9480149
26410328
19217606
41129245
12071971
16179145
4370692
16496532
7209901
35257379
9866898
20539748
25793451
10910774
13004842
17450607
24499098
31861296
34577743
34569681
26029206
41296725
32896347
42042324
29825922
41010563
14635130
15114358
11952348
7319500
10850541
6316329
10466707
40569432
9661535
181906
22395326
13561343
15177573
18578165
1918220
40803639
30256629
20327575
11603975
28348793
28082136
3797046
33849588
25012566
3049730
12226190
38617207
23141398
23373854
35902187
32452060
3923563
41792634
21807367
6730515
17051996
20154718
3288115
12695273
40649553
13567009
18605257
1858456
42805208
24316425
13043936
38685324
43263441
2081770
11184819
24198519
1063662
43401648
23193404
23494945
32682552
20671332
28954556
5674675
1232122
14441298
43332061
15134358
33064445
3285184
39478751
10717418
26958755
20321069
29753481
29563418
38896495
23904313
701522
24036312
31933176
42730308
33892879
32583416
23849647
42933170
31083293
30970563
34949246
27944998
23557169
14021378
1775960
6081414
4144531
4820266
19843843
29384189
12081805
24203755
1023768
16420978
1411182
18968658
23379107
33977261
32778245
4650527
5667128
27884986
26627329
20780898
21087250
34842562
4552362
17441636
3406967
17856574
18064481
39063984
12069678
37232926
16077119
35631785
37983020
25163629
18252180
33969276
9822738
29019231
29235285
27735983
12095939
6624048
38911740
14846564
19472433
8838358
37716800
6704460
12515472
29578823
36351709
14524460
32286980
4163504
24310966
32343670
27113559
18373319
43371221
6703471
34425307
1374629
7041068
4418345
12842502
843313
36740155
12884719
20470765
25335209
36466466
10822254
25595248
1291058
9621448
6228615
40776526
39638026
29261757
23466955
43355319
30329361
37990502
2349628
40388432
26345237
22736692
9959818
2573085
20452280
34154546
40316680
42023946
39361642
18579712
36008914
29999327
32226446
30751571
25684429
4159316
1309995
39721372
19110376
42076666
27442972
20034365
36825226
41028729
14945203
15556459
36521655
17468922
17479179
29536376
42188304
14078189
4545976
41462779
42131880
41514954
29395634
29599194
40310627
16167473
2349710
40364678
25646235
41130571
14790146
25168044
24122872
28243419
33199047
14243319
1008181
39698439
36159176
6796696
23450408
6031113
26855538
2477853
19046185
190597
13363468
1717151
19147387
17639140
18993806
42808469
13382347
26007102
16566508
1566148
24170931
32452234
19968787
14297787
6285633
32835134
10421798
14805910
37653520
37264488
30118555
13389894
4392063
5207546
18661940
36128338
6440903
28201712
18820075
7986200
22115819
33398813
6776764
13538120
28138645
24028853
34265044
39811562
36540825
22825864
28290280
41922296
27132940
29942459
8782438
34564211
13761490
650594
1346076
26025499
1297492
17164343
12659504
35432909
8184706
10613243
20204146
22669965
35656559
25047940
33539235
10245300
27676903
10257390
40472588
31437139
15414895
21991693
14932965
38475190
21073935
34615603
38254220
32611722
4171463
33469964
39378411
1620127
26634701
13933472
27513112
11010881
37459278
6584048
3616934
22823429
36798725
30730291
38246141
24391461
42557207
41263746
13077610
34307018
12827298
1294119
22599829
5630725
469359
40977437
31140488
37405791
8727687
33935219
14862488
32494923
22689695
30511625
38020551
9571431
39524870
27406249
-776452
11883778
12633258
610010
28828636
36035918
16862701
12325875
10607170
42308056
14260214
32251833
11435583
21358623
36090122
9224519
23277279
42320000
43523548
26858987
36503359
25852841
10570936
36565043
23278905
30699822
11980170
3436344
25935018
38905427
30973768
41124075
36771424
25004220
26309252
7873011
13856585
1723980
43476704
19135693
7306516
5974126
20313392
25926491
35138501
19658650
35855725
12768888
34817788
24741048
21617760
20141503
25908499
11485309
9721696
9080788
36056934
17089292
6037212
1770875
19216719
18004969
318055
30947581
25638178
25733574
41997421
1092484
20546599
9912421
39895234
8185073
19458111
33191346
21280569
40234336
3530341
13822694
938904
42117253
7372009
7462871
21196245
34733707
26850376
33322441
33717671
20703244
43280904
43023467
41213942
32906508
24621321
42589577
23243806
22060152
12326161
39113074
29454383
7496127
8162605
38827324
37308242
39429296
21963876
25499657
42421613
3998544
16782703
9804588
11965669
30711049
35926850
26969219
35023467
13074587
40958333
34652354
17322687
30058827
39031022
5290176
35496223
14937158
40876174
41982345
39257300
33480934
12294611
3480374
-171267
35848721
18554468
36135425
2421771
24322232
8743606
18871037
34261842
30386400
31381904
41496711
19596914
35891564
21529268
27922521
16266526
4801438
14092494
-278225
18557083
25527630
39740276
25707372
2450859
18637094
21086143
42712002
31200912
4481706
38797556
15626885
41352643
27578235
34098914
26936061
23160561
42672639
5133256
10253041
6827314
19310370
27436905
38906790
15053773
20643089
39358334
17848662
9424508
34819772
25869018
40919853
23098845
1030228
35938638
-239124
15913271
36862557
21191800
7574014
26899542
3096635
9253782
15253605
37450026
17660651
43347027
27429151
15247465
35756728
32105162
41212766
38701631
40995843
617064
23792050
2081557
23372063
29089769
40651308
21496819
35913298
29859919
23038361
39135280
28598531
9171487
38541592
18125577
1304769
14471329
3857196
7301041
22509908
10550509
8235616
26791558
35717881
41329502
3195799
12097556
42063899
39015342
7087521
5523812
42803731
1906727
826860
19265313
33666468
12133433
13434995
6751726
36654129
-124798
15800486
11638221
13480795
3530583
23821396
15164700
6082042
28339204
14602960
43098570
42947919
15010383
42984894
15080512
20593738
23456650
-540853
7379871
37064890
39286164
22669152
27905269
36326701
26058096
32152270
4405764
7641060
13347429
35803623
5883368
36953210
26554365
36035351
1870669
9935615
4482541
43529851
13603923
35126692
6818161
19759103
29747770
28462234
39495630
25845183
4120461
2207102
28238353
5607481
32109598
40343050
18985126
14860209
26285665
1317472
6404715
15888068
20139969
16093279
28365038
16299378
5665790
33884740
32212489
15267161
34898903
34007208
2515082
28797137
18040703
32413901
36189728
35801923
24230504
23977158
10295765
33188070
3730199
9966206
12708800
37532683
2959081
13267340
13188272
25384981
13440231
41565228
8667214
14804103
38414376
7884012
14204545
21028856
38225132
35902858
20033860
25391682
27114761
34619802
6068795
7791163
24303546
25389383
22755577
1431947
13944021
11338489
42416234
3539316
36727661
18294796
24605122
25999255
32743921
30567571
30102361
2632912
8362839
3161386
23206476
5896390
33637088
13338986
-481077
18952870
14761475
37605628
42233726
33763363
41640428
2673579
3815462
12681435
16867743
16042752
9054631
14761080
24593907
9792306
32003623
31481807
22288127
15831811
40766668
26392279
13451862
31573932
19271778
22533819
40339172
40579558
2543408
21332071
27538005
31951329
21166190
38380680
28955739
36029518
18764635
8935404
9292055
28773143
26519155
11857584
3143377
40511101
30844556
11547699
2377328
37077091
4636253
13049014
37928385
28728831
-612684
6956249
32638242
28204173
12295832
11270465
38976870
28690805
37083917
4185039
16913338
20553220
28723338
37023643
29700584
14881021
13384591
24801757
19929659
12971876
28358369
864285
23683625
42784638
28099465
27569652
24578926
36202412
2063931
11360565
8479169
-775730
6359951
6705964
19459679
20516948
19002289
5669213
18485866
26286783
40686122
8972322
25996092
20101302
24292708
39072618
42410047
10570852
19708115
12345242
38073444
6221140
23803050
18707132
35501501
43125232
31831277
28049224
9322758
19571762
19155996
15896076
5315501
13178441
19638710
11880746
15292186
767979
3620795
31875782
27715999
2848087
41125854
30949915
16818698
14485412
1588959
857768
41863523
18508780
37176995
23530982
5684064
8143829
160392
8534641
39748924
35279735
16617330
31970465
29301207
18147781
36195718
34313689
3782910
-461848
39134482
35679258
26796479
22896956
27733510
37833660
18628736
34492256
15332183
39471234
22889298
36111644
8163067
26756022
31165035
33012271
10223090
4703419
5666531
5007379
35422899
8933942
28997872
33599491
8687235
3945174
39716739
42162356
24199311
9291039
29917278
30744323
1064725
25111325
31195418
21118087
38742951
34508855
361170
22760485
33876336
33731749
34903724
13559646
29000035
27536010
25321590
42968397
27367571
30140129
20642927
3689717
4238632
36598169
33435969
36906711
23518971
24600757
4301233
37126995
38162972
37307083
23393103
24801714
20956754
4107646
34326058
23892041
6329610
21563003
4971638
37161299
19314871
18532401
14349217
7532551
8546104
7229070
32984974
40211952
25027407
-916941
18006743
7657245
-334953
19682344
9323001
36866120
28435102
38413081
27653527
29773999
38422347
13127835
37026646
2675866
15393281
14829655
-645791
35086929
23961557
11411908
25130130
29381159
20525397
35020943
10074465
2278699
1893799
28472778
26791924
10707382
8499989
34908976
36720599
16101375
17623812
15945349
37792594
6785205
8188695
3941192
34802246
25047128
19561393
30101096
16499891
9972579
-988812
35454565
40869030
42048665
42633984
6167028
1252717
16236793
9561370
41535772
26703512
6503851
11304505
30420103
-583423
27804924
12335771
18703444
40542183
38333334
38996168
25278661
23112110
22929757
11209132
38568277
35597754
13995613
25410985
11057005
28961204
15242962
11035221
16250064
22728610
10334003
2133245
42265073
26168114
13753257
33320083
33365195
17784289
12630664
14302823
5324573
35852602
4943926
7990174
19199074
35918134
36687981
1900094
30424357
7759766
8680634
26307848
28723842
35066403
20811908
36912156
41707006
39165335
33960704
10000929
5038638
8496003
4284691
28547408
16243097
18616871
21212873
38100512
31519343
9239493
2044641
39219807
23410737
7710800
20803188
15515744
37937468
11535849
34753383
24958245
39596124
30217874
28511098
32254997
26962584
16166594
21998365
36072700
9058615
25100740
43240985
17168997
13233050
10012844
21002196
43420225
6977567
24611747
16088314
925861
35458706
20825093
25249952
25667531
-937354
35958969
31046555
32448826
36831965
4911737
33643911
6563658
19005120
25782010
23569491
34920040
5876866
19496925
23485991
25015769
16169211
28833222
8598819
32337187
33692463
36204598
24737513
11902227
36692573
11059177
191389
29279818
14668940
6079185
20929027
8365480
38649844
15055372
27113979
28144274
39016163
36645004
5260658
-42203
10124711
25042207
19338191
8705095
25352530
23683387
36094144
38789519
39137835
40874557
15806351
33823014
9441206
27492453
26997102
11419121
40255011
9030379
5945143
18773968
37567645
19254437
38902475
40444381
37757634
22889226
31240368
16334640
16307624
38697926
16558227
24350484
5549850
32390273
40466071
39412672
14573242
13478326
43010724
16926284
15552874
14246655
29051289
42816231
25486783
14544709
154326
30761221
14128518
36182541
26297357
25431260
9773630
3323071
29982649
1743555
8330548
31713988
23828971
41873649
-546872
26790510
38187630
15645024
25690879
-79949
41301666
5165164
5337937
20580060
1213649
36166072
32706695
41972068
23811505
36687511
9160083
18602434
41801084
5252205
42359185
335140
10746448
13607958
7644596
15295269
5573481
6583841
3204988
27551919
23753722
34905951
19139028
24040949
6210519
18601356
22104822
33015210
11803342
13056163
7646227
28741874
8331483
1952208
21786017
26299893
42249391
36060630
9155013
39301627
22047833
-827616
4054638
-682173
28557684
33361559
32584372
8632067
-510796
19000273
19407760
12844443
42078856
18827953
2238848
35767271
12507444
14897624
6580707
30477939
26009886
33011797
12872634
18006528
19278332
38692139
18364063
37590433
39701857
29295921
33614795
2364425
20568389
12374508
4032023
43259819
12768360
35618908
42180943
30819613
-804261
38569892
33028559
12235904
30548819
10406165
21974491
16596379
5198015
27568766
36364933
39455612
37254540
21627654
19802878
40668993
25363154
32708488
32092323
11637114
22372739
21712770
30014924
4793088
40114939
14949452
40247944
40911476
15216010
17475829
-410340
29352333
3287043
32660648
17294348
31682701
36235909
2177229
36757380
41007133
2934187
35390660
13507357
41590228
11966362
21121964
-190360
15961583
34963526
36639048
28102770
6158803
16246258
41698742
29145653
18498764
19949741
25709013
21526803
-974903
21080106
23099337
10696920
19381285
449047
7058187
17415394
4566029
3479276
35257081
29864828
12219609
18722340
24354275
37557869
31957372
6245079
16121934
5408432
4273060
4442829
30675960
16183416
11184613
13743998
38247944
18995808
13606404
17784407
14245354
6086266
38234757
22898460
37156037
23120030
8062341
25591821
18717732
27638183
13022173
11537556
6722235
81268
35050031
22448077
42846543
35176840
5970787
14867070
37138005
12443940
36053006
-134161
41394745
31868831
40125499
34917638
9054442
35001077
35461884
12545770
16033364
38147922
36871244
6061004
12280989
37482715
4305252
38235600
40948945
18174222
4770613
31519575
17559740
35433537
26307834
22779120
7400624
38432213
17591420
22254471
578150
32501133
37458494
24703996
41850460
1294236
21116302
33009450
30484254
5426530
1962076
20993100
15706993
6853907
18690191
-722974
21038589
25171654
18329052
33704030
896923
12867790
7145673
1665864
15576639
32721275
11747452
43171822
14590075
35068980
6819543
24174302
31124397
42586499
43132012
25618467
37695457
5567309
-906756
4181370
37573023
7586206
416101
31219969
16112345
31829669
10311021
36536295
7767544
36923409
23594798
29330250
11710996
26083162
19179713
40908555
28256255
74039
968739
23082274
43121137
5587295
33376053
39622589
17525865
11258754
25884523
31701851
37788581
18747457
6572773
34467765
40464264
15023345
28540946
31109651
38900431
32433968
39782532
-541084
11729559
34923233
42560425
1823655
37365653
34984262
23043676
33128539
23889691
28815315
17503333
13291563
22163281
30008496
41768016
13212035
16131755
24104812
30360453
24068605
8565121
19921664
22245170
24723567
18041484
26475995
43272719
6288465
17240254
681108
35165131
32324935
17304914
39970215
4123706
712538
33123865
20941188
17395594
34716499
35385693
1764283
24825097
15868181
29643127
41777751
42979494
37617411
13291588
30272922
17241606
5855640
15328795
8529981
33786873
92980
17929894
31770671
35912205
29516358
216365
35034460
38976676
38242864
10593320
23639677
18341594
8824809
29128704
20800698
17225944
42533194
22507669
5290734
39152996
40831894
22243124
24596856
2658883
41967845
12869731
30134953
41983297
727423
8498341
31536711
3785913
39786036
6237628
27142675
41421001
8614094
31137933
11821687
14291300
14882044
39795883
366370
42765152
6306338
26895780
40796076
32678999
32458058
34100032
4320249
30061679
36431790
43077462
30195249
1262245
32563219
22245626
33179799
25752556
14824740
33932211
30528883
2106625
31637705
19114631
-193952
14571405
23253580
33791684
22163508
40371897
11868464
41024924
39032689
15572948
26693522
20740979
26323787
4447428
31900601
966006
24107456
32705420
16931101
8724170
25078048
24659639
8328961
2024174
28572074
5974635
40830034
-876101
20210032
10765529
42246309
22254672
32517894
41939849
5278842
43380914
12004013
7159429
22901610
28734249
41465988
28540611
9676394
42765542
30394123
39304233
25617513
8930974
11780254
28010317
7450127
29298428
31128177
16558880
31520768
5118078
12126421
25526974
1256311
19777366
13232243
9032212
23955012
20063129
30021651
26850250
40611459
23476922
19711097
17592603
28365826
42876027
29192240
33127731
43124912
4543288
22952451
6105782
40858182
43069873
38924462
3435836
22625862
20574275
25659871
37565376
20005020
3647304
29337745
21031143
22664374
15025365
14716601
20246028
3466764
1395083
11245005
25837629
14372006
41132358
24655277
2975346
3972440
8578904
20502042
24872277
22165618
33284683
38302450
14508796
30767259
28723832
27520007
40532829
8099069
4029613
42820617
28074121
2426318
2100838
11563645
15244679
31516602
22865588
40086959
26393783
39949558
24791645
27671990
12847356
36556836
37120466
35554000
5073490
23420219
-857301
8627285
20441157
14017680
41713215
27875708
31130052
38393488
4003840
37622611
27865363
19462015
22628913
4972448
41385645
27449961
26210598
34906029
29994943
43107631
1540390
24749419
38658160
35081770
12886456
38281960
12682892
11883782
4067598
19295885
21282308
12872004
30909439
26326662
9323241
18032007
13248789
15187418
28596815
19695892
17939459
18199425
21579797
31826638
34718022
39953302
9225774
14284329
17108183
26520507
1664542
8679615
17037389
40529661
13356328
8219271
18916200
30789258
13327333
42779615
8234045
185167
41022282
24737264
43361898
39514242
3558691
7093823
26360113
36620178
25783845
41461780
17560614
28063698
6554983
18088171
39672101
10174099
13653722
16981880
2285226
-252552
35652277
3865111
5237967
40000942
13085772
5446043
15917179
26285403
29199082
10107416
14987142
18798008
15009698
5622121
31651126
38705706
23250605
37440277
15526436
19421379
10572294
41786072
38362216
40746244
18381775
19410975
7785259
10519722
25916645
7523121
36670965
11982244
34802765
1668411
15700618
23284529
17442445
37877628
40052255
27160119
2081778
21110626
12800103
15709378
3749147
1998538
8754936
34670379
-354915
36262133
37357445
3645201
28595863
4216029
8785414
40513217
41689337
17041303
19760538
4973753
23649138
31656774
11804457
13042672
29573995
24266449
31397018
31059712
42511384
28260547
11862587
8393415
12026355
32325035
40079972
27452315
6590108
9595692
13790965
9304961
11079365
39821086
11583670
35965083
11049358
29713006
37013606
38008212
42770257
-425564
36793037
12181947
33496347
36345124
15522764
11252090
156432
17451312
27096295
33350892
35536170
12221717
28903510
13942292
40851672
3548
3656233
39374937
40463993
33958473
30035818
30020550
389408
26664463
32142173
-645788
7034746
21248256
42612973
23262271
2803474
5178375
42916990
548228
728720
24651448
33902269
26008148
13751926
36529404
24927640
9102692
19740458
27994550
37673131
-793527
1282996
4861925
24643586
39372735
31169489
31018687
38702547
42542780
11212065
12017010
33814080
5117858
25856022
26715071
24141120
3305674
11443163
13923021
3767923
42543296
35383454
40727368
16323452
2777197
21798530
16621966
9681288
18975993
36078669
7667323
35594995
16767809
38526540
41929269
1003653
26672310
-284353
30225394
24609374
14162518
-996542
29474333
18620902
7477667
18077877
11425290
27565349
6515597
910975
8054976
19549547
144443
3125203
25075220
39755054
8923703
23205582
24564363
25690942
15650468
25458782
27497429
12133461
33064024
7763657
24070111
35542521
41737931
28013615
14865357
22951731
32222991
32295821
23120907
9239982
7613638
39579813
12396737
9850314
18985509
11347115
20263837
21024435
28738900
2538781
39072181
41428867
38488073
41813319
8531323
5953529
22621174
4659380
9713528
37792569
38264232
27375815
1477366
41098658
144169
20842534
16827370
29695443
28510075
35305277
14640800
7549543
4797884
973663
8508687
20442260
5461770
10412889
23444745
20195151
1164948
39639272
11072111
30498333
36763686
31858823
3727406
9840218
15870438
3409679
7125939
31200146
22299925
34289322
1960061
914462
10932867
20425344
24194719
2271784
39135533
26058978
15115807
43511454
23495754
31508310
3915401
2477359
21478167
18734628
24275063
5313298
41711415
11157763
23138818
20030117
13175661
35056136
33549569
4902559
30864176
17620805
19937954
38666836
40990200
26480315
8053912
11459904
39037985
16479410
35889591
18512128
32938822
26240737
12009438
3464065
31540973
36323791
1072591
37759344
4645746
39841775
41200662
18531816
21834767
19259436
15225544
3273219
41639624
7205148
12186343
38768329
10227295
33656634
15574088
5098040
27798389
4812289
16258440
41523862
23919254
18517734
30567497
14395424
648685
19832590
169797
27997963
7135002
36681301
-376335
36114051
20200118
27314380
31360628
19932746
27221183
4747155
38726014
12530358
11843836
36480153
32385783
33159746
36677269
42924283
4886198
11795562
23650303
26439358
39954902
12684990
26588104
6439615
31318030
24858480
30896120
37389860
1987155
1037636
9833329
7699755
15224841
18627763
36292947
24414255
26446576
39903153
2728331
28416330
27436417
12001844
742212
38978684
9477141
10177837
626892
23581315
15969095
25761625
29318428
19746711
778414
41300753
3400751
38899336
42061843
15176606
5083243
7713497
32333204
40828170
36353131
39859037
12808462
6934738
14877079
3918121
4884726
24814149
1556656
39503670
-941964
40759394
43204448
41851552
18215554
35586541
2609057
21402438
10186305
39195880
-849279
25870668
27705253
25098024
38945361
22592897
105091
30214289
5087858
36954272
31442191
10792278
7243861
31565646
9685388
5530493
12762686
21388279
27967759
20401739
17516398
12951746
42003524
18709960
9626763
8960472
18944550
8764639
35793897
11240384
37717965
21257271
33010862
17819355
12263707
17908910
62823
7153263
25711648
15247066
4601351
41612480
27332690
10568525
2191216
19981382
520293
40412461
36167669
31753207
8720402
1011330
31084495
35688670
1424967
1152593
22896777
2648057
18202853
36064361
5177737
-626179
11464673
14548489
33111146
27247516
20864167
19513823
30099069
39032875
31756774
41620551
31586083
37663902
38010957
10223326
26963059
18232285
38754352
3388697
25929190
432050
15098130
15546026
17358354
38228107
26809722
13719992
26032676
36374158
15993831
-99809
28348430
6965265
12570898
22375882
11622523
14865239
9818033
15442441
13205296
4218899
11712116
14873877
10667494
13635205
13089394
30250556
21590703
28856038
-75555
15336159
20342729
33926783
21001398
16139752
6544600
31235671
25621469
37448224
40487454
43429392
4393299
41820497
6487746
43498776
3961745
42342354
35505365
27347721
10310470
10016994
6206323
39840097
31975164
6043268
25938746
20420092
14569676
35661456
3068335
1204785
30714087
8460530
19605157
38247825
39198454
12808863
12275366
7196064
39942955
28447645
34555982
37722766
28307929
22871864
31853422
21941118
10206974
22296874
26341017
28461134
13478426
22321466
4267466
8512411
17149255
39917359
16726848
38947149
21569893
12673569
28485046
12126838
39656884
20378713
18261157
17267174
19950360
27094678
40174324
7612945
29228340
39747378
-781863
12442189
13827373
40461885
3108471
22201057
39724005
20328192
26762010
6345551
12889660
22969538
42367913
28674902
31331139
17167272
26587711
27138859
28466206
2312382
36443794
40913451
25322601
29418287
16132936
5553306
26480130
9713246
9669690
37358773
9501279
29242801
24644093
17392593
25109534
13845762
25797091
35504293
5340851
22764898
39867449
17930623
3801119
27166843
8535474
31518701
37612861
2905456
17734309
14623842
10005761
39144827
42924961
9841612
36702960
5418761
11764076
8176753
27184168
39392660
-180256
21385783
33973639
-827741
16884994
17134785
16156330
31516879
32682776
36115001
11982178
9507832
13226848
28663792
1725909
19664813
9877361
18541438
6189656
26599938
14535877
11021456
28131153
28539686
-36478
34594468
36929312
5935673
9822185
17555605
43459772
-416279
23281238
-93937
27385795
2527808
16403390
39047934
37997201
15591705
33349384
4899386
33752990
3346315
16616001
37012614
1999380
34858346
36520660
39228008
26987878
3726880
22810673
3439517
26024260
40929602
8665060
14119177
39309577
23144828
39115936
1248954
9161522
14727309
27545250
10948104
6487057
17806850
2200466
15457048
31343260
-300382
22600657
4714748
12817802
11714566
40519691
5635123
28548430
30103027
42622161
2557155
19906516
15813868
21473291
32789842
5920398
18554831
31991712
7371144
6388850
40343719
6088866
32201299
35065241
3624830
17611694
39173098
6747785
40900399
14097350
41222279
1210832
14995959
20695276
828478
2619710
11709511
21525253
9293284
25758897
11549229
24325800
10289516
15257812
33377436
30098827
14038025
10825781
42331332
8718849
6600271
41022391
38544022
6994764
4390622
16161853
32913506
17866700
39479603
19242229
31735162
35989859
20020885
20141038
1924376
28751692
24399717
31319890
32556459
20908258
20609524
15301367
35618237
32269710
2794384
34632304
40492893
18700754
22531358
12524281
31479878
39780087
26135724
4175927
29052520
3199153
15968490
20775450
23738461
19078810
3815183
20565446
28700370
32435613
11212656
23773106
39125135
2529874
575830
17362418
19977565
28810726
12109659
29864057
10910126
24723694
13234212
42373753
38545531
31820609
42730083
36458694
6875127
21454383
42004994
24864682
27708953
9199666
15695435
24470773
16874905
-13397
14089457
26297167
19023122
37265518
24097633
38691381
27886677
21391685
17130831
10794586
41580245
33455488
8133580
22447770
2431942
8928803
16665125
7322827
25160713
19129133
11098017
36665181
15911706
40738909
17346739
33615667
19332236
29675882
12432645
-639634
32621367
2519968
22632849
22093390
33269649
29571847
5963486
41631908
17854340
41225787
38915837
3921067
41524041
28249359
17705372
33051921
23500376
11064764
13660736
39336801
10575709
16700267
27146342
31234526
19793121
1366526
34971016
35232271
2032173
43080369
25506801
18253380
22450495
12555747
16590722
7782331
25038514
14256138
35045224
36186884
34841396
-87755
42897351
1724509
10774702
11796028
27501448
10325656
40923412
21234733
42097571
24481754
15043216
19190463
36412613
6383729
2764791
17117190
25408443
23341400
8347392
27199690
14706663
25477071
22029517
36484510
26559849
30782407
37611172
23162738
8419179
8850670
8553932
34890117
15498819
11633339
36284782
17491101
38568683
43090065
2764982
20480736
-382663
126831
13361615
38966255
10394825
29775368
29679272
30681736
18446401
22618160
26215256
13131606
8479528
28668399
6775331
40487005
21718183
19138137
10118819
2292651
20448979
30933028
-872729
4169644
17168877
36012528
17433490
43409210
856501
42337286
43092998
19964922
8932794
40850319
41624621
31074041
1838406
29333837
10049375
5509808
39747176
8457963
20435873
6633758
18235920
23548760
2896537
5165613
10529663
35246734
9219379
17451504
19133217
22456756
30486360
38359602
20926749
25978441
8388765
-655002
27293925
32558904
39149785
41513378
13932823
19446019
29256709
9616175
12375201
40002631
38664501
40678699
3368436
21116756
39286372
42812075
21705865
35838736
37285013
2417585
17923239
34612203
26034728
15822385
25280909
14898616
40338117
37182683
23340621
18555187
24801333
37548343
19856198
14221862
41639646
19474517
38655285
17319963
12104758
985925
19721478
23081836
29159994
13101316
38990615
25387457
18307944
29936385
24420796
-923787
28632020
18284281
3376134
31343710
39249937
23455240
17459471
43137431
12042672
32259975
12236836
-236472
14994427
11315615
17347348
41390130
8587948
16030838
18757248
38609504
19064574
29578302
15386361
42345727
19640412
16583417
11108288
18270132
30167987
21465568
26226379
14513183
37393807
34998451
18050588
25188287
17433816
25645582
16730983
19923444
31161332
5563950
14443933
30009978
17334778
34832504
4862114
18169277
3657302
40294095
19226288
38828158
27986510
-549673
18881622
12785578
4675477
11721642
25383647
20526217
38993732
12052268
1934777
6112091
13939931
7083455
4757102
34520194
36791694
11178689
36663947
39207925
32556831
-177253
24152264
32195717
15381433
32562488
28211105
10795279
42136073
29858999
36659446
33476251
15400471
21924652
458119
18615103
17517938
38807092
18368896
5125182
21191111
4197795
8889610
33718798
16575235
35476588
34158785
600357
38059738
190317
491482
29372064
12752524
4794722
-150599
5163409
6377418
18062647
42596909
1403979
7586113
34513781
18731820
27293218
30182002
19068779
23042588
2356652
32755082
1800915
5040564
-804997
18275510
13797792
28453188
20297619
39767476
26140801
37040328
34408972
9360594
19773385
15883125
36390431
40888555
23739341
396268
33301912
38492082
33541696
9985190
24797799
9870604
9486086
3857144
16885847
9656643
35377512
34108128
26811763
11980750
11289274
28303453
42797698
10234463
4316256
34933923
1922268
2759062
43338218
42553882
43358890
38140399
23793105
15642750
17355450
15327731
24077179
4546542
26477073
18347143
3360581
31081879
15949914
1442470
39812619
16838542
30316781
3909596
23359417
30264345
16948323
32874899
8070531
11313825
31622767
16829571
26830616
15568958
6189277
43008598
12796808
26705862
33016357
15679466
6444865
17097585
25920269
9109262
25750158
21343742
41380618
28719806
6905697
25032617
1232415
35920562
21322458
7466374
28011812
30332200
39157433
32144309
-123051
23980835
27086747
23814046
40393486
9554688
-300085
2477414
12292431
28975911
29569871
32977505
24623233
18065299
14248324
21214288
35360256
38570719
7611899
43090934
17053338
32967964
21092929
26163817
31747570
10527639
25714278
5371974
28112723
32733730
24092138
4502125
39393469
4908710
28562345
34162179
839268
12354356
22384924
1538602
39260033
29135069
27757174
-357093
22284097
2806412
39745804
22880683
2251018
14188435
16813509
4445433
29379041
33021216
38244940
24812255
4198956
7789978
-386128
27168940
39425753
29165950
18742153
12127361
10615922
13145270
33068728
18402390
29501044
3907494
8999930
37035751
11304590
22071590
13224961
36307905
18318663
18793545
26174049
6485697
25692206
2591839
15444497
28686188
17548049
36386145
41311592
35794486
24743301
455256
30784222
36495786
34119181
40152699
30268905
4038055
22760730
19581861
23823784
5224084
28514733
-562855
39958678
37989822
7534371
30263461
34230488
16076296
16626688
35592240
27005371
42302099
37977635
33455548
38807191
4070200
36243320
13409809
40898086
25814078
11478109
28820002
34115147
1103737
19181627
33287512
26310703
22328150
15519528
15133889
737257
23536528
23085100
31985320
34196018
33998964
29200608
42799702
24415838
40183746
26526927
30852510
26797728
23614917
20837687
17504218
8317350
10586440
34617081
14995261
12392439
35100121
38516732
1561242
29299191
30695374
7865615
22055708
10574824
28265117
32306373
29544781
26531618
9513195
5023987
41122891
27758488
24284458
3372468
11345827
21108476
38325173
4677161
36693390
41826171
39817406
26134697
21622172
29604924
16115674
30552260
3888697
22284566
4121354
35586879
29216016
4932951
8689101
39911506
35777235
12396683
23004683
27738044
18854871
12031714
8986278
22191955
17321613
20632867
22168311
42082257
15628276
40774598
30683928
31750327
25433363
13839806
7702210
23408912
12148704
40756294
33822174
15867139
17334097
35311476
16778106
17377094
21243971
848826
31890463
31865525
29838465
21287918
26994649
26018867
33259630
6258946
43447193
38507091
2520913
34313065
31651214
42611242
40963554
-298970
11482931
14470899
3731470
27482165
16264939
4348400
12048579
12358212
32978095
31669171
31698300
32853386
34922586
32765528
33031622
38216168
24227651
10207435
35835348
31752317
21557035
38257385
35108397
17252890
4733913
1272734
16410852
23052685
41535965
39320393
18081294
36809941
15114707
42560847
11576407
21652748
22559392
24452825
15932001
30396392
41864181
14184344
30756584
17812759
26055856
853937
11491568
7350945
19411956
25872727
20325894
19094261
6554116
41654788
43049120
29776513
11725089
10531321
7968541
10634370
29899598
8449458
9914068
25342042
15206918
9507868
42054751
23845682
31842173
42408729
33675557
13181757
2350082
35092738
3459219
258450
16095754
15296149
13135456
6375480
28573445
31191483
27734213
1506689
37524352
35356046
41473800
27930268
12478783
31383955
22327836
15245456
18559386
19726700
17625867
35130972
6934274
25251942
313771
41194124
30026495
17108124
6555438
10786151
27264356
-460644
41642612
23067499
28858008
38711502
745105
16995492
28553569
3516277
29148293
24136478
8190706
17700120
152691
20935417
13536720
26814996
4427041
26449905
22501774
33630613
-214567
40332581
7548349
40413211
27291909
10620621
30005684
32241215
26060471
33982026
37899341
42086207
7710428
17606967
11672410
29622737
-877596
40673131
19822698
25540169
11529310
11186259
6342303
10258761
12412582
37690858
30559356
-964342
6554994
24587323
28537437
30972237
5816117
12404706
29555437
3019388
7783885
31539387
24628398
26821873
31932469
8565152
42477364
9109996
14904567
-497275
5711561
13295538
-51496
29014468
31026896
9237473
9770456
42631945
3000408
814964
6056783
16484217
7346970
17167621
12278792
38474941
11873916
246849
19520349
6718732
14598985
37109764
28892862
17698294
21749693
42315168
22385803
7594379
35472187
11928616
10376120
73153
8170836
33729477
10114104
941836
15719935
22877400
40781138
32280011
27704593
23714675
26358853
511201
33989453
12572853
9960560
33493043
1330505
24582873
41400141
25864061
14939116
23621532
6366098
40158086
5466970
38825048
40546758
31055309
14202169
-313548
27277508
36198115
10505256
27900371
969797
15078768
38231582
21636738
18217874
18420747
31088956
37951319
13060809
42090397
21319395
14347056
11385119
16252302
30813536
20772207
19595432
31920268
13998359
36466885
9818635
31688957
12195799
6066947
17594370
40364043
15081045
6246961
17760140
21055994
27419390
13178498
20866257
12334066
4527381
11219341
21504099
34798706
42189592
30012387
24195121
21344614
19096955
23347514
13334861
18541842
9620964
9806904
3282039
15350397
20681133
3244484
17515916
25313752
9306900
18817558
36439513
41042372
6970492
7055022
38309857
17468794
28625734
30644797
21922298
36170667
2581496
42028471
36956161
2946724
18135441
2540395
20799973
11943316
9505888
29689430
6979270
5036813
30299345
34030328
21569388
8609289
13208730
11393537
35826096
15014362
35138339
26376315
9987631
583746
42358075
30716656
2392114
35536331
28382651
32122908
6805688
12548660
11782647
35647937
695804
22692633
32434960
6321414
16961569
5159156
33690369
6812562
6681872
32509098
35657935
36361394
42331942
24050386
2478989
42910848
37069592
7257905
41185116
15255091
31942113
16338128
41937540
542001
7695038
21476443
18869133
29159043
20621710
16005900
10302222
20406987
41879175
37642694
-76973
13670296
34346952
23557426
1841670
36365823
26560225
40666004
15462009
34159527
17676127
22707503
19551715
32932682
32641631
11802715
3479011
4464570
38813707
8957896
1437414
12957890
6037339
38339143
16547586
3862542
41717081
5434809
32336568
32636522
11515429
14181196
11742089
27380819
33555675
11205486
6236896
14118020
25715629
34479580
9644474
25478474
39656282
43176162
36356491
14222866
24722199
16999171
37924100
17638381
39213680
34363646
33887573
32269763
32396089
29752773
8052670
31318209
39084599
31900100
26475176
28209052
41596775
29813549
18783144
30973051
5869790
39410462
6924906
39972814
33434031
40262126
38054371
20285869
15916353
3270159
17039233
3467317
832823
1140124
34399263
18643937
9470331
37639948
23465464
12807183
22982202
10461063
26632570
21912559
14682615
12326885
11807248
-127934
3313717
31955784
7926474
10172438
41201629
42433898
25699324
833409
26806954
25617262
6826636
13371526
3584260
41680032
19642296
29694415
38092772
35310418
8480102
28453006
29696467
852040
35717361
13606714
6446159
20548564
19525434
19840308
18325729
3636673
35934397
39063427
36101435
10851988
28632424
12207967
40155753
32498348
32757247
37047743
6260192
35976900
21187334
42071156
19228435
6810446
34880681
20133263
809956
30024255
34217974
26732681
432614
30975660
38734748
23995669
6764032
28610799
1129701
22153376
18601627
30752511
3608942
22533322
38742790
5162775
34063624
42091457
41242786
14896770
2953372
19222115
23747839
33385561
7551112
8652196
22328577
32261468
17480324
34126076
4017176
43513867
20193879
26061116
11230827
15130799
33464667
38851824
34693502
26854303
37492116
27813778
18367095
20603360
20017529
4849985
25443326
38682552
20980237
11696570
23102423
6804322
18606467
39308430
17136166
42798193
38297218
31841069
23794455
30504612
30860345
10581691
373707
19934292
23691861
18860310
27152745
40468131
4774625
9420791
14397506
30236320
31673675
37550911
23017696
35910497
3088959
28373497
27372854
28066492
1548638
27220912
43470048
32749120
32152803
17598059
3143676
10378946
-671598
28446216
27060348
27822931
40532517
22527361
27540109
36439888
31751146
16155216
13454765
20256678
19055949
41397025
19813300
8231553
15677368
41502675
4994711
15931729
28746627
2929709
25412359
264521
13982857
23085196
36769530
32877174
37932274
1776637
27381814
22936837
7612597
772863
34636636
12936942
8193303
41018305
11139549
40904854
28103371
43451232
9095117
20330746
41674478
35800281
42278427
13748416
33130743
13401829
5878161
7755607
10276220
18321497
3237891
-438054
20071650
40432924
38476495
35767107
9637924
32730354
15221138
20448922
31210137
4096414
11125730
32937756
2443588
8540632
29025474
35756627
17377233
32394241
24608004
14296388
43436176
12506573
5710928
-282993
41363533
17625794
23126656
27296885
6735950
22598008
3306821
36663019
20590782
34430700
16633378
26346747
24917223
33523533
19042893
34288368
41641163
8594453
37615815
38752629
2910034
27311027
-587161
16437784
12723898
16181258
20082452
36932032
15281709
14731841
693534
11771089
3377157
41037769
30387272
21695358
28624510
33007660
14660286
30193260
37386793
2563207
10676023
36271071
11316350
25261049
41845333
12735353
9445339
42936309
39889254
7415200
29038168
29750047
21466042
2917045
36168402
20865433
25230061
6953919
30077627
42237764
3158967
25198985
2786413
2512629
4461900
5187915
8269707
37572982
21346572
21236899
4031674
14176337
4156150
20795846
14312461
35592173
1841355
19852663
22944036
15746484
2237115
30793242
16391796
5057991
15268670
24466200
30024150
3071623
28791658
6902042
13845056
8847861
32854028
4713797
19202332
5942936
41122895
19397176
33798036
3216135
28906025
25870012
33796496
34961627
2186280
28453589
40944601
26114218
-956802
18268823
9916927
19422773
39543378
3908841
17643309
36369294
19730981
27222703
20046948
29875553
10727851
9632784
11886163
31686731
36942886
31635314
10075491
19223562
28284698
37521575
35475238
39406770
42223433
40444246
892924
82317
8343938
15230535
39745980
7324815
22335277
7782758
36885516
29718493
28401588
33643738
9963861
10842091
29029577
20875508
39575245
19337502
16961952
5233444
20979574
5424258
6531801
22139982
4561936
22113710
13874645
4274717
16787289
10499421
4588860
27542031
19504140
29388950
15989704
554281
9446683
11300707
34763469
19357752
5610524
16830622
23677678
14050838
41011319
838232
24593919
28997237
12209587
19373126
1842310
14326186
38685157
17194593
17799394
33906288
20960881
26181653
29910888
13010977
41670841
43085885
40403391
13974144
34429366
-343567
11962953
35713520
18056269
13794306
13111270
12711238
5869935
17643251
5378297
5174278
36520627
13945483
20032266
9592255
29588588
31709425
33463818
17206881
14221972
20502560
198380
5603267
30281112
11161793
42052127
2968632
14235348
37183030
29735575
-180581
28418324
20704151
1822768
18874996
26907650
5671413
38544801
31934586
3259230
9107059
22212227
27076177
29400300
17086853
11174008
11776480
23980708
8569212
-14214
36423747
32181968
17275121
7736515
7486423
37534885
31056170
21392179
21907269
40151626
11589474
22526842
13671241
40058838
9495051
9510719
15218963
6908323
7180757
24795894
28085485
25071393
-824927
21894842
30339625
29448554
27513760
29644321
828113
16922995
41957330
35842134
35984139
18424115
19040241
9776268
38536089
1895898
5358136
36365592
41896972
36211979
-450092
22206520
20111413
39093467
26477988
15803146
39167046
10306375
3670090
7376603
12254539
10841406
41822118
36289971
30606485
15992277
24314595
18702636
23512935
33183047
3614333
17677149
36522024
27282870
20883167
38855415
22823348
11636856
14981579
25533252
33505246
32402797
24116418
13731895
31716796
3753791
24647328
15024754
26647697
32552835
33870240
9039747
36589402
14982102
15464019
5223385
12022187
12171929
3883597
8022399
25770853
36658774
14939384
37394253
39740544
23251907
33736434
28287254
17252104
26069355
30894384
25068671
19729238
36159208
32851237
39051349
7265368
20104296
39899405
43150543
41268112
39210388
41145297
-439195
-608713
27238922
27235014
27633143
38813797
13430084
32535249
2267729
37455694
25906898
42772693
9238774
35585139
14701303
7308940
6919892
25407343
20348011
15019370
567852
40215018
39023115
6593290
29376752
28860048
8767888
25675157
31815354
36161012
33545633
14017422
30088132
4043982
22578997
8901019
19385284
31800269
34142859
16868730
23264473
3372942
11715083
41896683
20889897
14572391
29379063
28807006
12079352
23837921
6857656
18015670
119030
11271818
24074764
14797971
24629142
39256440
-350730
39782887
9605840
2892800
33532189
8154228
41073304
36933719
32277756
14086069
2362760
1381729
4963903
4741140
3536590
11790247
3011491
31897527
36114800
13529891
21492153
34403036
2985140
25569401
31469415
999248
4162065
36001628
4577449
21001508
6976387
16727545
29558067
8143030
3222219
449643
33792393
12832422
26813269
2924479
21586482
21942494
4596757
8549547
12031197
28078489
10456152
23528816
4219237
25730194
29209430
20257218
22894527
16272344
775089
23416719
43267827
20944108
5600088
9108899
6386081
22978780
22079189
19937761
6744454
32195426
-55674
32694083
19552743
29722596
32776778
18494726
12191255
40446205
4225200
19795131
14287928
27682232
20553047
27973581
32180498
3691190
13855834
32437094
8486323
28222195
31231771
4588394
32330244
21609062
35325866
12512337
9956012
12758376
15833265
11618420
11270097
-496426
20729391
12251284
39760896
38366699
18126719
13223004
7718632
14307180
7046917
17113289
9592292
564891
6998380
37535025
13924779
15988634
34988237
25853979
21571542
22692521
18640321
28678817
220825
496748
2373315
31036135
35554828
20050271
21135206
39794438
28257848
10041664
13764031
11767269
43362911
6342403
41665276
20551554
9895628
22356428
5696826
18332855
25611143
15269073
33383810
2625538
23165256
3214839
4857959
23636943
3460510
9675970
20342941
9367320
35368293
8456371
36868367
30118242
7958182
9405384
33245023
42183556
39752975
6521002
41775406
4023388
27893862
23586688
32835386
24901852
39037079
12946530
39670441
2675060
42567371
10880657
8665375
31099250
18172126
42831216
7762445
146934
31565801
14767115
40419270
42659663
