-493463
35354300
31954256
17128867
17515241
10101470
22050035
20448830
42009259
10010182
10240640
15299947
42931581
27011582
20015931
12615200
32163369
32875973
29974380
32386170
38822196
33301429
26152131
31494401
10092494
5693363
17159120
12146349
16432818
29615323
15608796
12328421
14722184
11414025
1784617
11654406
17253666
21586396
1273876
32662942
28440163
20937704
2393169
35423248
3794876
5653476
8777724
2716647
42037074
17127228
8715802
9567070
4778600
14479869
3993680
1300868
32016711
24375364
15290404
14361236
1343370
2924758
22235333
31116954
22971910
27655921
8597853
18504954
5467351
4680118
2973343
29163213
25665619
23847549
32193298
34753437
15216098
12016769
31287550
14679407
1362022
29035456
30652829
28155530
23601328
11057783
39400987
43468845
2181356
25476374
16329105
33592991
19898956
43320499
4987691
36802185
16040964
18653209
27394400
38948038
21151114
22733722
12717628
6421638
18014085
31296078
22841617
5756374
29141345
10768399
4902372
7407974
22487437
15722989
36670583
38062996
8193376
12779355
12114937
278887
30177339
29545003
7990083
33046206
9359614
17189976
15130102
16709363
21605489
1773661
7615244
11743494
39356958
29768568
625591
32625561
18547659
24888456
23031765
27389846
18410264
9986611
30301471
2732871
23683554
24841680
28043983
6819087
3393045
20076680
29085449
7932390
34310048
40063187
5270226
24000582
43149841
14962840
27210844
37815654
42666451
27687051
21366798
38982355
27088870
3092865
30203538
7440129
17169885
38850001
2373612
29229310
18634731
31002246
37428313
35630263
39399524
28881776
27900833
18272271
21225033
13415292
21537711
37244154
19283690
21002646
33855355
20022912
23838867
17563374
4644517
4006101
40595678
29503884
6752790
34470686
6857555
37914928
24346482
26423137
15742335
34805323
6947980
28777414
40907431
25970317
40303963
3147000
21093462
17070842
24236840
10093756
6810161
35437627
15346989
31039119
621465
4348021
38317767
5369400
35602242
36192697
14067915
-921085
18640870
31013739
6523197
40508482
2635604
16041462
43375101
8041114
30312152
35983688
11249896
10779562
6962878
9309587
6605583
31777500
21881237
28665491
15635530
7328588
5982508
36319369
34576408
27954131
21921479
40419800
12075426
20120711
4031683
31069168
14931062
13369527
5689050
30115635
41173133
37627936
32175798
26190834
19505209
40620816
16614140
37786549
24661454
14317554
28444200
35668139
7196064
17138820
3044212
18399420
27938110
2642415
37231000
20552950
1834287
12629321
24913776
32698046
6361074
35199575
27900224
37534434
41574007
26093245
39392169
31518685
15782222
25874408
31463599
8787136
24572259
32110867
43100905
37330947
36259809
40733461
36859711
3622430
30109851
31557560
39746517
41905861
43188340
34937563
25325228
11025238
15227072
5351859
20029565
15023519
16485634
20488638
33345022
8751588
39890550
-961537
11166868
31692175
28719084
19746484
15888085
41238708
24499045
5555723
24789237
31401742
37645480
7597670
31854242
15656050
1122248
31638561
24038593
18136253
18128044
21096849
37641593
35386183
2668774
35026966
39194227
23084705
4453238
33873585
7584374
21886135
18933272
14788580
26499658
14640747
36346297
26862762
-227603
697275
30285601
27038157
10347822
19858374
18318006
11911829
11451117
28009461
11165516
8840559
10097502
27917509
40207230
22434080
22612773
11694204
24295866
13028577
41547676
42241928
23215978
26135379
43264506
22216553
16932690
15520148
1174523
1405873
17846296
6691357
31709903
5042795
3748113
30984713
21352271
40152039
-596895
27997607
10433673
4213964
2742818
21455384
34957923
28804961
36175189
24790087
29723629
444063
5000979
1060025
29660765
10803489
28723711
8317295
5463853
28992113
20958183
26557216
18333910
28928492
3923487
38388729
5510297
-52905
34563264
29085575
19947039
26889753
32886467
37755204
7588298
11774128
888246
40564549
-925037
15771928
1331253
31388808
25539371
32013417
19654308
18559429
41433997
23548711
16637940
22028386
23155554
8360549
38225182
19585782
31605489
40566762
42703266
34025516
16370854
10692040
24184131
31199229
27540741
770176
41507853
33951586
17775319
10565173
10700381
6602544
18755506
9775752
9439399
14202409
38167979
12039827
26180794
37268238
35916299
16180119
42403368
12209643
21754388
3719339
31860623
7964757
10463770
15005428
10587409
-83994
36942042
-285036
16700764
3578113
19684772
233299
9143757
9594979
20731742
11463258
37785810
13724169
7671278
20239136
39076111
6893081
24374559
1669688
3912803
41230637
2690659
15084725
39079907
22764586
37397947
25457256
1705555
31368978
24980049
1093736
4668291
21428359
42981353
7209363
12727133
25185169
5739943
14730908
-223158
23488024
31407776
20257884
18128330
11289847
23936544
43508991
4561778
3394485
7226338
37377739
13697018
1273542
8376208
723256
11579106
12732699
30352526
40676273
37918696
18239674
32771669
25706037
40508998
20598055
28055979
39026403
40218785
34559201
14057502
32405199
24171030
33145349
14698045
29866203
3573934
10240786
5517530
9288664
12896602
678382
13170243
36875466
19868907
28761371
6703838
39281356
12159853
11073835
40344707
23655050
12722800
29362046
16015157
8087124
11473814
8516076
15769355
20054911
20940629
27782260
4836220
19802094
10234397
3731236
10510612
19632508
39272222
10935568
24879317
25839656
21863791
3093225
3587910
20320852
17132729
16386663
15396428
17382211
1666147
10945757
41618439
13673850
10309590
30809106
13820970
33995174
34641539
41779587
6707651
36826110
35095285
28930856
14070971
41364761
39570205
26213083
35495590
702963
11920854
8959306
43351717
12297810
37198451
20391878
19484112
11929007
18191526
11082727
38137028
24568266
11858255
31308692
25163809
3721111
5095665
21188186
31824240
36684615
30637578
32266719
37555716
34710642
39852481
7576259
18110444
-789236
24372071
4001624
28290478
38653092
19553024
36037218
39074929
2145081
11850238
39058801
35351374
17935105
20579068
17092767
41303145
27392993
35916851
13190524
9795432
18598022
4468975
23152844
27525212
38254204
8284036
16423234
28514829
34274821
380443
24422548
34885159
11798061
10656806
11440372
42488956
38016874
14642438
28757360
11683778
3834299
1946053
31597968
23676430
6983046
3790279
7535891
34910381
17872332
1740780
32009587
31279965
12963672
8265285
39301352
13731769
16490095
-782199
21840149
12674254
22443430
28204737
19548388
10576257
28989430
2156949
12178028
4459037
19216218
21883510
36850503
23003910
16654035
31952138
36797162
17085596
24452028
14808112
8221222
20647563
19668663
26930985
17255526
35885461
37682581
1191018
6439411
7931484
9238071
16231197
29535196
40952136
24355255
7824445
14738293
36775061
15718318
-428274
28694824
21157771
24408349
18555846
9182933
7184674
17006988
22343361
2070688
21980287
29547195
24424920
34739485
7364060
2243260
36137143
29334949
14856615
2392328
7801993
18556502
-884915
39012193
31013114
25173934
4132331
33762495
30084506
18748905
21446919
15446211
27503413
7822298
22996923
17059152
11089277
20707577
15562842
38411042
12539562
23487816
8198878
7155102
43481617
12413946
18283432
34211065
11215082
32322605
14209555
13482677
41458240
36357542
42975400
28412666
23187911
17266815
32870187
36855900
40150939
41631877
4748493
13156556
10778741
39349809
41903935
38942022
3870801
8071639
35442013
26776301
1188961
11127247
37191312
22696938
32237771
9076272
28324950
2551276
3367279
-35495
6832093
23522245
20953220
38446290
21819938
40600679
42568977
26196671
41270883
39541556
5022999
4014403
13521991
39448312
30913383
20425900
5804100
5399105
54838
29346211
34065794
38603081
8582167
26156003
35354016
8027503
36103176
26993858
10881358
12257866
3551723
21559996
19980171
15159180
13708054
5118958
30181449
25517521
16108087
2933455
34327066
6726110
36848857
35735508
8998100
36663425
35504845
40366373
27636842
42251626
22016525
12317775
36983275
16013822
30341351
30079458
36553030
15056492
18840260
1461851
40526014
30556587
25953196
27834360
27405885
27849496
18813938
18727910
38701710
12528753
31398342
6929556
30898848
837500
25603844
28056718
5765388
37589614
41321844
12991896
20278082
26192421
20302755
2961890
26857586
24030622
22195745
11845638
13335416
4633895
36619427
10033040
2879017
231016
24835889
29283168
27917497
27002433
41769134
23670910
36162728
34699424
7671396
42245111
19441531
13153382
25010910
24165145
43265407
32277975
40213934
40141630
-561766
4722881
-247539
34524064
38744434
18191810
26549616
21204257
22342681
14993836
21362666
29290152
39691281
28138355
19362567
3770931
21202113
3407345
36501334
1402813
42536753
21207525
14205389
9365114
34359941
7820886
7364145
32622928
5586641
-294793
37954213
13544043
37330485
26662403
25191284
30175747
18896843
-417758
32860799
10661793
33097754
3934844
22316893
31892279
29051666
29151086
13977477
35451154
2505641
40419086
38925913
15170411
32883600
20617055
6743240
5501225
33267739
32986669
37150043
30527690
5081256
14492725
8278803
31714773
15017016
22122714
25297785
43105737
9468757
8461837
3900243
38206790
31780657
3864536
5084760
17852661
36270644
24899288
9735817
40102715
20870869
1589901
25904452
42022052
22525303
19823259
10813641
34272223
4854048
40088390
-772688
39695554
5568900
-589622
25851173
5508333
30670950
7559033
28074351
4091587
6103410
32098375
28451212
31981406
16055646
8871714
11152837
5245573
32767417
11464886
9449552
35877114
28041397
38155542
30443974
28479394
25395654
3121513
26919626
28936407
38851705
24792842
8940725
2928578
8631712
15017605
31237511
40624198
2984570
488737
3276975
29627961
-419161
23208512
42755263
14285771
5005845
28804606
40210610
-960022
33462020
31512243
34085392
32535322
35895716
37838022
42509652
38065674
20688089
25006632
36601668
13791496
24214174
30492824
17029288
40577270
9650253
20459878
25441353
43130476
32625178
39158739
1240312
22603227
37540727
19568352
4270564
40627950
22968987
29717890
37559748
13029192
40642251
18545527
3242311
6983902
7972689
6155886
28472521
33627799
20787182
16361020
21444468
38358030
1124828
40582256
16962178
1153667
13152307
35471253
16314868
8762250
37033766
36365023
1983897
1974749
21047944
34986791
29505465
43471957
17618960
29307514
11710200
16060921
12877633
9332535
10315540
12464602
7795758
10949299
4438793
40207233
23971013
2400045
27478502
14004551
36542310
37089292
2246944
4914063
10769099
41379540
20309574
38537798
5598542
18235255
30836806
25533226
29417532
41485736
35857221
13851440
40730700
9611950
41569861
41192600
15018580
37157551
41508272
37046681
41871971
18983406
41608644
37950926
4654406
5367650
7789417
15023080
42178634
17303168
5308326
16778686
40176127
30052455
41319629
31023252
41867542
26760618
4587661
33350036
766782
30348871
7181328
23240316
3302194
29568431
15945197
39831559
11656914
27612819
-408019
30353930
17458180
20508063
26634113
10043415
35818362
24705571
3406256
30508780
17081459
7049009
41710216
41006298
40178876
32967344
10283741
36816503
11349973
24580002
14968394
8556018
36225941
21337040
23144858
31757430
12149315
35623991
35382554
21855838
40853102
34618764
39690370
6579717
25407938
25034691
20658205
11975266
819053
42402959
41664037
26880621
26074238
27021063
17811303
28929781
17228343
14026315
22768063
8288747
1186927
6014994
9760651
526793
10844403
-144131
32599886
4453521
14079794
12308151
23792715
24079097
20472169
1847130
10515185
14775934
-68663
7610500
34458413
40594597
35986775
-451193
17039059
26907116
24356667
31500151
18899918
24991482
40143941
33200886
39899984
4651169
38695326
6189176
33861631
23547441
224258
1275865
16028327
11307245
28177680
27246572
6427285
9523364
10586440
41814330
40681413
5531192
25946946
7183648
30023026
12178234
18807020
654421
27331952
698181
20293203
20980596
8910379
6727611
28710112
11056691
28653311
11352771
27924204
2360065
30834918
14143081
27704175
34419636
36414267
8946316
606825
37548163
10863289
21378844
39931282
26234317
37628964
6340960
35157991
35503889
34647141
1960948
28822466
39098862
13671052
24902205
31862831
2463788
11326459
5688002
13442271
39917669
578512
13572452
27740192
3740860
16468286
40560437
28971933
32221658
16295585
31671577
15304270
6550068
13030354
-577430
43186208
30178123
5139987
11748102
42248125
37378667
2459594
23518864
41198793
10230117
18496141
42244938
29515409
23527666
2744084
4830396
31388341
-582919
18519417
29324323
7547542
41741668
8507586
42188606
967330
41599901
11096137
11877638
31629487
16317016
27398707
17212915
17386776
41662940
36851365
29639581
20018864
31521029
962764
14181374
13109401
25463774
29198741
19454149
3177353
17418339
10188648
14775472
37559152
34661828
31386860
40077812
38136196
28527431
39307100
42404977
28302075
27502686
27893163
30294647
32026116
21234083
16062361
13331720
41741017
1244513
10788091
25170013
42253507
25207409
28646826
42752172
21755373
20898727
24110986
9814023
1358285
2576220
5333562
26669503
-160750
719424
17143196
17949238
9379768
13298054
13988626
9424720
2077151
20598832
20908407
10970758
26598752
36024630
32906797
24537908
11032921
15252577
3357173
30271075
29051888
26063378
15221336
24101770
-467941
18390782
38475117
26070999
2500254
22073158
24783182
8046810
26515444
29150526
21950674
9863694
12594297
10369695
23785086
5834454
27726024
19820115
41955846
7805848
-753766
35257087
36669994
33028692
15895820
16726653
39980169
18745228
7603703
33195347
4525303
36376475
39981989
26555999
3532969
-104397
22392543
32450520
26736263
8210217
32084457
16789743
17252340
-335652
28949403
42655902
40178195
25359532
25787630
30009337
24117009
40382027
12529164
19510347
531788
3213905
14839587
13551866
38580851
12917289
23459781
23839837
5867558
4594711
11756820
23748115
15032701
22872511
9057793
35907514
13761096
28004397
41938233
27214985
6850179
36220316
21015096
14466594
17679254
36499166
27429029
39093004
9377826
25888504
27929280
18869613
26291550
1894191
36009394
19029806
19002111
33636084
29475336
40607842
-131349
41103340
34460168
16223206
26529814
27390243
36617153
1124504
1244664
21805904
-91606
20193031
-72483
13213206
32778809
26961616
35075037
29464045
38592068
19703346
2769250
42359138
36477166
14183417
32259525
40535957
2970292
41285786
22103536
18119751
9652260
19582546
817889
1045752
24855404
39837864
13770176
1838843
27638723
14325706
6982256
37468943
9271039
12833413
1060598
26128506
7273513
23330453
11858746
43297798
25655973
25720889
15885394
37700754
27600473
39917069
41714249
29420163
856639
24263437
7327210
2950166
27829010
19041632
43530642
23419232
27109552
14981789
39118862
24576125
30386763
26988418
6176035
12500034
36009714
43168884
665714
3464549
36465206
9034443
35263267
18016496
10180820
-392731
4486772
2947884
11532803
-192955
18520148
1974521
37066232
28152287
29344551
13699061
30592237
19045002
23308327
16593589
13410240
14754323
34760473
1842725
23157270
26902965
14787100
24895808
8051909
156415
19521384
39263290
8356716
21653478
33564649
7669667
10724032
25160535
17523439
16167877
41494161
32871230
6072107
22160556
26179031
33052201
16139879
15730372
23994168
39979492
1496979
6603069
8840141
13468704
23811265
29500532
18471431
31762077
21677683
37347385
30782422
33141699
2320731
8099082
3391459
23086913
15011928
34708267
39731913
-234404
24695357
18752693
32498604
8508372
10020718
21348692
29935046
37395839
31573187
3293295
12536367
12596560
2697142
11580086
2797461
11171487
22553256
9601947
19355049
42409157
12762816
22905022
15632086
42432106
42163857
21514695
39559701
32250090
17088998
22597296
16886759
9774435
5197086
42106194
5584122
31337103
36730369
6568615
17863191
9202452
22810582
32161488
24703206
39974894
30855132
1244568
37638955
35530984
41448372
28818450
19081994
22139048
29817829
26705109
23518102
6053574
23273362
30556852
26490119
11798978
42409135
40590951
40967089
42554186
41987607
-694036
38310433
40422355
18211185
32910265
23433612
29345628
27782371
-318567
5049279
18144133
36150451
17958435
22181518
5983163
41306697
5244624
27282482
3569722
5458265
5469835
1930671
14983914
39007711
17434180
18182980
42949207
43523371
7895970
13960482
36381323
30898038
17346806
41343350
12988246
3942935
39625578
28181365
27273300
33216049
20335247
40888046
3457652
32900126
17750289
10292413
27220777
3386544
33157227
35069948
32767174
23864666
28523138
11509861
18878408
17672657
15907779
41928630
42626453
26445350
42165979
23305448
36467208
32686879
30996082
21072496
8466838
37785652
18489833
43467178
1951857
1295713
26274331
29354283
39553241
2178853
32068459
10989997
20030946
32425191
35346048
15977220
18881177
21715397
41262745
698396
20527755
-635079
21827135
9205994
31731495
16351994
20965675
11310579
-900535
35395372
262831
37478461
6538115
7502253
14107172
2247275
-6369
28693524
22484076
15841065
36283535
40836003
41454855
32152692
1270440
43192575
11751724
2078623
12357291
1267662
34966900
8019921
12494398
25567469
36578031
2077911
-581637
6316358
33437502
-493457
8128854
4034132
37195935
39594618
42038751
36543368
11626442
41903593
2669750
14744282
29319906
32469929
14935678
32320272
22925183
6361247
35287533
20493559
10119506
27533630
27444901
39422510
34477828
8191162
16024511
12060182
32137140
37654405
5655835
16219296
9574739
7939447
6687313
33147139
7060252
19138511
38230471
15328640
31548964
4316258
33495033
16350386
5834106
34348916
2366962
24610792
22930016
21805320
16872546
26653031
30333956
11162322
7704081
18812550
744522
38203342
27982628
7285476
16637385
15436337
6714006
15814192
28387261
38580612
42817710
17002088
22038305
16408677
40318160
7867102
39613589
29541034
38082370
2094014
18719578
7189863
26737999
22593163
10771272
34616374
13598151
21378496
36341524
21592050
41067390
30383800
2143737
38329507
38664120
19892290
24527283
17566695
17259881
22202767
27778751
23895060
39365769
4053343
6913160
14128294
25693187
37245468
2214688
20912355
16971627
20137472
11083662
22386206
525517
29759166
13439676
38611052
13048582
21583196
21289317
21570126
38682197
9387152
11290446
20819744
24682056
2509490
2552594
10598631
17487028
8136663
15008350
5643358
6537839
11719426
18536410
32622000
20213738
20793346
27678063
20557906
722673
39153271
43326589
31061802
8743840
16619252
37441600
29691299
28342834
8918161
19212722
10000854
3987243
11136562
20903359
4872075
35358601
-788719
24254610
383631
11697380
41119433
10295658
34969844
1987152
7236702
29815665
36156025
11515902
4605062
34435444
9927182
34693398
26793391
25127967
21000706
24582824
19396342
40215832
37500772
9254175
2920758
4157290
7139811
28807473
1620170
26703537
28893900
35596430
16227945
38562530
20517788
7588045
11984769
33593474
2679665
13283006
41074895
35072086
1233567
15388810
34891619
31545580
3059384
23346272
9241086
20782115
12830923
20180374
21960532
23492421
33265249
-755774
41021807
9413259
20750656
2542564
33634364
23690163
2308761
19640125
23104606
33185198
23738980
3279540
24346299
32758066
33729158
10135939
21553796
17483660
25696224
3512040
4734691
19264426
26885065
6137454
18637785
31391562
11127666
34233807
34014249
24269707
13579998
35695436
38218608
30725290
10282842
40199654
21679529
26434318
24705399
28277199
9107396
4986597
41383940
-822412
9614217
2951733
23140472
32928127
41458769
19606019
22657090
12381733
37451758
28376789
27380502
8437056
33626418
11388951
26325578
-307953
39569891
33252487
29043510
43443156
20116566
41194887
37070506
25959478
19376485
13020011
14753319
20300817
6893437
2868554
31429554
25764291
27593916
31022694
14477261
18184925
34318745
16437192
7588745
10357896
7413920
28008118
5171386
25992625
10215245
27254265
8757321
43295765
27362652
38786770
5491322
38913660
40424899
30618095
21878613
41044948
39407722
8226620
28030264
5017259
481494
21093356
8314353
27974436
10105225
3461184
40927044
31613904
38839584
23084784
24362334
-732027
43436148
31304795
28928441
42592516
26251025
11400683
41376430
39183494
11000804
34693124
13797402
35531120
20179608
8549149
24377218
33878809
10526624
18894949
12713180
21201900
43301161
905182
12560638
644818
23620344
5726102
23457484
37537963
36588954
35343657
29166114
5709853
24502794
40167418
6214353
15458473
19471208
43499405
175423
39508287
24302647
37633435
39608755
10260927
18051074
21202724
41610110
12119407
8951930
36330209
12140743
8668852
11714454
33001682
13352441
30169509
31368785
33891141
43266006
2832223
17676618
8104169
24103552
-28625
12044769
23739365
37172781
34823968
23904028
43228631
3236557
10156800
12802970
17063251
29717172
17969981
39334623
3616977
14502869
3892194
11884629
25315468
13423254
1690485
23226130
5603965
30364236
15388452
11296430
29163916
25595436
37972909
21514139
4310863
20965525
-908349
26982957
17083028
28893047
28939176
19788183
7352438
36580440
565492
4578313
1426893
18756178
29924348
6331857
14295554
14811214
30184433
36292010
26580748
26682110
9237833
18214287
17586467
35978560
26962135
11200884
7008410
3788220
25612074
9454175
18589876
21167002
20804676
21778307
16031032
41990432
26762126
23002260
17003434
3919501
38030834
21599094
12047341
242244
2639295
33654717
35156934
26028481
14610505
2276267
35862701
21066245
6257542
16622837
21630992
39327068
-329260
7343751
22261788
27882404
2045258
40132555
7311292
26844751
11634285
11338888
23479086
2916797
20077709
7031310
7048240
30616124
11365357
9320737
3360090
20662788
36669021
10355276
39789141
24449134
11009001
22193064
10673858
37895008
9660799
9153494
15215612
16519802
6988006
11486219
4053664
10580511
21913222
18518713
7715549
37776220
3277195
14219073
32065799
20571094
38356080
7481865
9339479
10282478
31222382
37194204
31552592
38175467
34597121
21829213
26298392
21728055
34073860
17969230
928929
4704269
30797505
35439365
6228974
21683384
33682405
11131550
-77982
32464829
2821503
27796027
16094250
32956141
26609889
4180777
22496361
9277815
16292715
41532123
28577412
-100588
28102380
17228735
13441190
13844653
717965
17216123
-297468
14364643
39017039
42088433
40670420
3705348
36543176
5669664
37713504
21136478
6013844
-951432
39865586
13378613
36265437
14999028
14325933
22766125
6037523
41156754
38478657
4871922
320539
19010137
536458
24971321
37023294
19741086
5780360
16590208
13398297
3285379
4461243
4851668
29869119
32482742
12552833
36556960
2109
26281525
18777626
20079735
577770
28699575
5472087
32820465
28928757
13689940
4975866
21020088
23229478
35272001
23633605
10757340
22065907
15707526
15123440
15212206
12922550
-99621
27079833
14061589
1628805
3384693
10023824
27367445
16132378
12912000
9946525
19787761
29461782
16264463
36739237
18280233
32267721
36683296
4214711
19039168
6389112
33436356
40235449
228249
13413245
5070898
38721082
18302730
8370180
14613242
1385230
21110553
27921302
34014273
10038416
6803309
10784702
34312863
13126149
13142536
-915366
16108249
32103925
36394875
33987919
8281159
567092
566101
18811811
3852356
36771337
8032592
20321305
21159375
21106500
3856166
38721079
16633476
37200892
41148301
1325164
8656248
33940358
5911549
15633502
36375771
22476605
33084302
11861837
2344004
25678032
26377358
38009936
22985536
32952469
5139959
18735227
20238420
18005616
36333410
35334322
5984773
37016726
43295043
571276
33503890
30058354
39028225
31553738
-598040
1512857
11086342
27358376
18792934
28600061
43329748
40807219
34474288
-144788
27232985
1110482
26452188
10552558
31599649
11365226
24074100
32468540
17634289
40295804
26665399
6645695
9762611
37786298
8892946
37064478
21092521
21505397
25688389
37487430
16009623
41448367
34248078
13661164
24343061
22935635
62342
20269361
11041392
42624828
13330110
39673989
29913931
11983228
41839649
22036019
22301262
12271945
38886877
31654720
23339517
7484653
37359111
43461936
23396192
13687708
40637604
39891475
8450732
15108566
39116057
14492551
42294603
19617952
26123788
489238
22732892
21205143
35950888
16742333
13733730
6522476
37156109
38888771
25659565
14063017
11071675
33074891
28313524
33965358
39887290
12981885
25081132
16652422
32523740
35936752
32544280
27059485
5672332
20693265
27827121
28054961
7075991
43123898
25719148
2899954
41397321
42256444
19157398
37283365
21546250
36298795
1636114
18831077
16387118
29658683
38440519
37375794
4232946
16183864
39165190
13998592
30112681
17386166
29896526
25009467
3992717
-830916
18165982
7132662
40697494
43196525
18666039
41444583
9083957
25281435
24566143
41915693
24362627
952772
22588384
31348375
-537266
34605668
40734054
19096320
26856368
15128180
31535684
35107024
18042353
5348921
5390420
12293139
15938500
21594341
21531473
43372886
5466542
35737754
34095469
2985469
8785522
32754949
17486900
37987607
42955698
23191641
27844336
30817969
43349741
13773666
5906036
881808
11935772
39581883
17073454
42052962
30089856
8675256
29714496
16225128
30293818
26783347
39546227
21439344
28228358
39190749
40528603
1468554
13989006
19501412
22379991
42266947
20174291
28313459
33081615
31268573
25072329
2225979
9486468
1137339
13503626
20540854
25651455
42306326
15901851
37205774
40229060
30640428
12050295
22570715
3159314
1774784
18354402
10613
-662380
33460697
19206455
35403302
-795989
31958801
4854235
34538710
14962983
38443140
6440990
25435872
39266298
6479687
26241763
13366632
16775095
38651161
10907753
15000054
26914861
18087348
4549599
24882339
9233113
10684434
2569615
6904584
-178756
10669486
4794253
9025252
13300194
4882668
42666392
26435451
21804643
29945203
16955399
7929959
19884203
41480305
27527969
6876227
16746316
1925026
16157591
19139288
13595932
1410871
35960628
27607787
5817241
30764669
1346809
21706783
-230149
36848037
7841235
40122361
32647474
14842892
29225313
41757843
18504393
43362870
9412596
25913263
-96757
7312639
43474989
41232041
35949561
16355579
20882511
31253333
9486043
24218981
4431546
30457193
34093452
35626734
37191453
34908038
5375953
23696675
32607592
17690453
34217294
42219907
41154608
8811597
39664386
13265871
15149072
15051119
33918998
24057961
35823252
6595776
7110775
39355934
36993703
275719
13800829
605302
42051709
29587758
25443622
28753304
23772232
23173606
15761980
18159635
1861456
34079663
14460847
16167743
8957401
10332805
24353983
1408577
36502520
13885675
3813622
34670082
-875598
26994417
41893258
37075464
6442355
9492609
16637230
41427860
15194019
15345894
12619044
41120961
29783998
8728965
35041333
24952690
24308039
23215286
38863601
13164952
27377621
3366698
30428603
42212593
18229046
278007
6756193
41679072
25525129
10534086
23350850
10350201
4486280
20312921
3751257
18162187
20826906
33035542
43371670
12914071
10346857
28113107
15488703
23788673
11286685
3615999
10058
33982330
3673067
-628541
19948638
37956038
34851057
35009592
16791601
5905645
25772340
40215562
31631260
23633226
28088620
16432593
22870748
14263182
35758141
12145185
30931020
-1204
12444242
29693127
41940505
40475933
41573151
42103362
13317327
37189445
36441997
12249885
20240561
11037492
10714249
32117151
11265550
4021339
23321225
36863312
35894757
3779885
29058158
22014510
1192626
12403267
39531447
32439056
-835906
39495125
31788573
36010789
-593668
11676698
17569067
41235961
17561575
5344643
18200254
15599587
24673975
28855458
22946224
3142728
23841471
6822730
12834282
13825379
-384625
7297893
19437994
29245917
2876523
14042446
33448760
18841060
24359163
43399829
11400506
23103930
23838276
35824132
15745104
30249516
33791451
39544668
15601052
36503553
20599947
17707202
15512247
23681142
25204886
40426132
6736024
29378514
19253473
4129927
11577385
35020130
9976182
25187247
25084568
5695951
4170213
9416225
9025513
27831780
39975872
37767775
30977353
4874168
16723659
928473
7020849
23404201
18418524
21810581
25256526
41846664
28859441
35376192
11851346
11129218
9890146
19375195
3461237
13704054
22913157
3328828
15799466
19173687
15097501
31434304
41269772
15220935
25409662
35553851
26534659
33718269
706363
34343206
7726712
18356931
21686637
16853839
36291355
15474366
8784221
20778089
31436001
-996819
29577742
8245112
21257935
19729086
41779431
35374244
42050190
34038289
-35931
2372796
7267752
9584650
34705922
32480917
18733293
2508879
5800411
35264057
21666622
26351089
12490119
26035679
16391813
36257491
42417996
22179267
9349407
41242503
29124765
26799148
28329310
34245609
30369730
40924918
31580103
2537875
3145137
42932939
12870824
12006041
1179717
20697210
-88535
20686144
5169548
3155127
34534396
19974096
30549297
6732781
3432623
20364333
616955
27757244
33240633
42058065
30021590
6275554
36318074
934887
10637715
29262185
42487131
31478202
21545486
20609615
23418756
14385318
29791948
39879763
8930069
9663598
27907053
41568279
10162226
14457795
24345541
16699497
8318947
31978886
29024559
40201621
7983677
11121892
24755687
8712896
43521639
18337733
22750013
11364334
40369
4879747
9368918
18459526
6360968
39218177
28592671
28229989
26770470
2023836
21910972
6090227
692045
-202611
23449241
33724316
23420857
16787658
39151929
22036726
35540105
40188411
-357156
8229079
23246490
38176322
25268292
12582395
42395238
16671563
-758416
24758438
18628866
319754
9048728
37705748
-900198
29109263
32879522
35933991
6080654
7956807
3089378
21951386
8804529
9410616
42454749
35835090
17069444
20138051
9461362
24103114
29037463
40605589
2660009
4022101
32970599
42410880
42408876
26950951
23099932
20399528
5826776
20534613
16444421
16623171
5749441
28610597
14158154
29672633
607402
7362023
12892519
3320163
1276076
22762167
19511896
23443644
29595267
521798
2393222
20024831
41613872
31701485
2655342
25858090
38737291
24240823
1727342
26560834
13723026
-126455
40064816
1855396
40601238
42495245
31933535
27251393
4783721
17959973
4157270
37231237
28952319
3634242
14707226
7252449
42234030
11870122
25890445
10629566
759634
3473042
10874031
6174164
36506798
28858719
19637224
7649392
28652710
13541931
42517777
3933846
2969581
13612614
6951986
19192891
34848990
38285194
10459413
7881181
41470183
30761312
23344178
24539780
29441384
27293008
27700736
10272719
15394487
29235597
13186104
36350384
34367071
5127766
29090301
14279973
23955596
16076643
1276049
10461238
29699627
17983502
4725816
23591740
7683825
34392964
29434818
36170871
4277153
24888768
17587428
2673069
29503869
19328071
28703140
39662271
4367155
28277890
11232336
40194563
39100610
20608577
42980739
1501112
20881022
25538794
26363877
16320982
183539
40582367
21737250
11328326
17716951
32841165
28426121
7995888
21129568
8112692
18729009
23006636
5952806
35364094
7788633
37013879
41937846
37150005
27704693
8495647
18221345
39741269
38679764
35765903
33957282
15370404
30811560
35065086
17898990
1475698
6456128
5878316
31095907
13462797
28000674
11290529
8680370
3885543
21842694
26722992
41922305
22942743
18845630
36514550
19284953
17400043
1384710
39308802
4433872
41296790
626450
18247767
4392971
21191278
35860911
27251784
18532027
15058196
41588141
13901807
39958915
27646982
33901058
24284647
4502297
4545482
22995773
39720088
42391007
17328707
15174080
-251477
13753537
9363876
22464459
-879340
33350013
2109733
41975061
38141596
35874943
29654222
24855753
12511855
41259941
4639480
7022126
18330107
3127218
988133
25755173
31616995
8859007
6449362
23006890
35685251
17754837
38388498
-239889
38124240
11536618
12429254
38502051
11323052
32900169
38294967
23329827
24561758
24181976
23419754
6942021
21887433
19824664
-571129
384442
4176750
25214629
34231747
12197347
19753505
31756769
4074130
30580797
21583167
27018569
33299490
34676615
12844040
27023569
25361544
29717778
16202595
41884872
5072518
35481115
35896367
11939585
8504182
9601072
30921282
39185484
35907292
5942279
14390460
27616331
39827991
12028645
29616093
16321477
7372650
5399589
27509124
42907481
23093214
6638658
13189682
572652
33724964
28347443
38755237
10273950
31173684
13261508
22905767
26698834
21357432
36023541
40105454
-384920
18977785
24570713
11468282
37839132
34317950
3799267
26973142
41237952
19085845
26266344
25343624
40829072
12832504
34280778
36422510
709880
8346114
5269692
22174277
37319434
11142153
43146372
7578635
29975059
31294149
-349261
18455104
26661612
42544284
22627065
9565575
18186735
37902168
35921547
9751715
21707036
11713612
5201947
10123352
41495040
3829962
-734842
18035767
15938683
16424660
9505151
5170186
29445428
10737732
12932493
26021203
42458914
14533597
26467837
33062480
22528626
27624068
26113562
22554948
2110221
39464252
42220450
24113331
5262917
37668638
39882686
29810386
2275954
32154667
16943840
31577394
41620021
38379454
21089012
34183450
38680278
41595086
2787205
32479675
25335047
3931188
351018
13422693
-170175
31585544
30631104
34837659
435881
41752292
24936263
21836363
22672754
16642213
21141538
36921513
19283322
22796878
29223254
30576281
3332954
17942456
5400454
31405502
28915662
25748290
6664002
16384056
39141578
39769682
5513274
25049943
35689505
29206350
39629031
41307522
43255490
18646591
6377562
4583625
41909288
16727653
42928953
31996728
26782082
8657323
39162563
34263106
4986809
4549405
955911
43109465
30321046
8941349
42855210
35443083
18644698
17953324
1495956
15467239
34002710
41742247
25154804
25969775
7683606
7246152
34216587
28350114
27686799
7518284
40238215
20601071
27153574
37190886
33888166
22838517
33891925
39945020
-764796
14494531
27789763
8584066
1741089
15203051
1228990
30387200
7117340
30667185
18782265
14671494
30093271
21179171
18361567
37956238
8183478
43417932
13017567
19330363
23436251
22365999
10595798
11505178
39117456
15887438
8865772
17166301
24719231
38754116
1231458
20704194
10038058
10531299
39134969
11612760
30800821
4776005
7391088
33762685
34663629
42354857
29974418
13231700
29255116
36441057
30400314
1458765
25368887
34054271
24977190
8437148
2780282
39659401
9837704
11528954
16708225
40823416
22928941
10122189
19379141
7142502
20653865
29653528
39064849
39351401
16717172
20419346
17305086
15030429
19147293
4980341
3177031
17460134
-23108
26306321
18214103
1072028
14622940
1030319
11591504
33663229
31396267
40713785
25842216
42061382
7215350
-781487
5235180
8454486
16611734
390676
32407583
2263680
16547653
23540442
18695307
9773163
38724847
14771465
9630187
38551594
37239714
9036890
25296116
24152254
12139481
7326795
7839514
-955508
20116259
23610493
35685511
-794772
5261599
-636714
18871252
28781287
5039422
38852624
-616915
37403545
4628349
20131143
28357080
43172324
33599522
19596200
16165727
35590812
4113757
37985306
20644067
19671069
36720393
22931058
10018234
39339285
28067005
39286110
27665383
30771426
36179219
39652502
7592415
13200612
9109069
26496434
26079624
32186477
13028240
2688473
14064207
15997136
21562512
29859038
39977370
32951418
37317436
8121860
41531650
4221029
12288992
30366898
4417312
27157054
26474351
27894244
43014396
15194680
938327
36844895
11118033
11085486
2390723
32180274
14203836
4266208
3253124
11250851
22586168
15002920
21965204
33941648
36688339
16817420
29572477
11498722
25829696
652268
1863625
3661107
5980119
8519026
-583338
7395302
18475240
16410786
38081380
24362710
11424962
4897845
34479216
41130891
28669379
36105710
31294310
12809600
17165526
29240066
39562474
2245245
1726882
23766233
39096019
10019531
10627981
36273740
5021742
28001799
25196186
31773250
33322526
913117
7635362
9090567
27568343
35060554
36735021
2794769
971624
39758752
6428683
40469952
35945024
36085735
14566418
41294653
43059758
25338178
11982639
14615603
16260158
4988894
8543515
36288394
21339542
37025817
32749029
19594775
21647696
35502391
35209037
3157200
42080554
38837605
25305657
8655230
34320527
42645353
17105853
4341242
24480759
27032924
4549391
29567952
20350203
13682091
43303471
6362634
15497527
40411739
41773366
31113360
33313381
31722670
15465762
20631268
11190858
23448209
19525383
25745079
21967190
19981533
15560872
22303183
11081951
25413252
29212916
21931630
13827979
24068255
42841225
17145157
19236150
35867859
24071311
17066885
-643060
27754975
15189234
7888382
9027271
10152495
17685033
9147058
820760
21134408
29144065
36422641
14296137
36476081
32470555
27997413
41497457
35991113
19243462
11127890
37100615
24275640
35633394
18553207
38263724
14666124
-290549
37278216
37097083
10142560
39276946
42446514
17590429
32844224
33468666
8032929
38032496
2692841
38082508
41082417
33605962
29114180
35100487
-376264
10128093
33933306
12117151
15034182
16834253
15755039
43064628
17672636
17668744
33515664
4152014
32524376
13414303
38666547
39930910
27871608
32337905
10689441
2985492
42660849
23613506
39458349
4839791
11914974
29503187
14278978
12074619
27321243
21683713
20929205
24073752
4654603
38028407
8417081
22515843
23429845
16028014
9234863
19924587
43322804
33303855
14192102
9919131
37000452
18394743
26346493
21781685
5237199
16892265
6967136
18999150
26978485
38248870
43470097
13562417
7184817
12413467
18534533
21969502
29703278
37364299
41905480
38478898
24156665
41612764
17143257
29646438
39052298
24217550
-938987
2394276
28158777
19970645
27966357
10877012
34466399
-580719
16520012
34324161
2632124
9197349
16962541
3110815
40906905
18916273
32350819
24401274
34377496
2498481
18366806
19151662
9800725
15013267
25361098
4379205
31934849
5461638
3383351
21027271
35778172
43480881
14110106
37530633
29449234
21784964
14949486
8362220
10898899
6882541
23999925
38240211
17022512
5417939
37047222
31505470
13344889
22245878
42306528
39903716
30373766
24430641
21013181
18031225
40267494
6443870
20788326
32151969
-488511
26387659
3691327
1055311
36596379
4079632
-622097
40407038
28443081
1594870
17640174
28012060
176500
13949106
15736306
39454350
36998928
10254958
20821674
37649956
31748900
30726266
-151806
41834896
30857612
21783807
30500640
22223565
861702
34673262
41680795
14671633
15217938
18226175
17016757
6738112
5513100
7398721
12558695
33824128
10194429
33305190
16039714
30545080
2769659
17802796
7332017
42560420
32285672
2070476
2150901
20622115
6829069
22656442
41442132
4349898
21819620
16675018
11671868
29270568
1527549
23287115
22143020
19821058
39453151
17653316
27703560
39065372
21793253
30993617
42830759
28770049
25902935
31412993
42243001
22016516
33461245
35623103
10724729
41940875
34567948
6022173
36106521
37889871
15903377
13527643
31552843
37218048
33178612
11097547
3329112
35650396
20103740
31992681
18151076
-906685
-760752
33998850
8854985
8226186
24801993
2366370
3855064
28999524
34483801
27478284
38462949
25187658
38813791
20124910
21185517
30118040
11878774
39208555
15650295
25135904
32021215
30842214
33819232
4489294
6150148
34891747
5031392
35564563
16873186
18790251
37903804
22614386
34360999
35344394
25812883
52734
36692748
20798370
28224612
17022515
33060460
22204516
3101103
41915675
26414949
29231507
17119573
14749267
39940154
41221368
35947627
-106910
26499373
2337457
2094160
23358512
26250536
38589003
-860585
25745475
38143252
39286209
32739149
27164150
28292158
36031724
24391699
4115734
28197237
25683216
39697722
9854524
12534884
22129062
16880634
8348688
18337717
37044451
36615657
38843972
10435002
13144710
5151019
22839628
13291813
41116409
9895395
13318416
26656824
39437888
18397922
18512714
19237340
2568009
3681345
15299503
1860513
2125108
-415179
24959586
11677505
20780041
11126876
16371216
24613078
30599561
38369193
21813637
6531369
15079814
24010695
24253952
38515484
4924538
30534878
19918954
5836874
23898439
14445157
42796743
39554552
19877601
33795526
12254822
29270440
22073348
37821217
52274
6012715
32959493
37714417
42494
14360403
34298856
42341373
36943165
1557653
36012896
10167473
18292585
38070511
9720679
2063484
28325437
10564463
31225185
13048716
21339105
12492612
15286184
18877896
22328174
32892948
33476187
20017867
21567817
43301776
40913334
15998840
33103421
17703123
18642851
20750335
4310414
3724189
9861569
20694622
26818691
26713444
42766095
24673988
32793033
-968493
5608136
39827018
22800001
18917136
28001872
33415653
26082170
-533161
34970571
21697512
15371662
13329818
9701375
19971560
22299435
23430140
24134988
43306464
2505899
21716066
18926588
9789353
24598735
41826392
17635252
33808078
40167334
36185925
17342144
21638231
29076922
23414646
41351335
21758358
16010013
9843745
43212822
39863802
34279863
2811873
31759016
15616843
27126646
9248530
1054372
22141205
23779825
31021120
25537731
7131402
36202532
26529648
40187912
20284327
35299856
26438294
42129770
10567777
6043163
2996957
22272585
26645687
12896929
26289731
1774034
1643860
39115180
5506813
40429777
35640490
24795951
30393791
5563732
-511536
29719988
11260774
29040240
26530865
25259041
24382174
19047667
-819051
15814587
2655765
42812298
620064
-368291
19074726
24149420
34905077
24110220
-883827
33961284
2516053
10672653
22268660
9615367
23308185
8107057
2264262
40317372
21963540
15048741
8002063
-793848
11610476
367821
843446
22315369
28411338
42435721
2831670
24111304
15221894
33494429
18009019
39530880
25907755
15447021
22838177
22629936
-767611
41309198
32105383
39337054
-980464
41036481
-630902
1487686
462603
20727739
26059098
8674535
38330262
34970819
24409487
4635515
21155698
25216209
31104104
36865859
21296270
40669504
17608831
26480289
9319092
41085012
18808737
24733326
19860013
6045699
23668406
41201184
19806897
36193586
21156694
3259437
35887536
-120831
6339918
39396443
13941262
13931988
25212084
23706369
19295984
13021335
34854622
11616437
14889892
31820457
-74768
35133997
23683869
20045924
33723469
20919021
39340789
7276529
31078549
7577393
16183280
32731226
41994685
17356491
-2701
5993920
21733548
2905766
18864168
27960926
40714281
35970846
31653869
7032024
5384508
17155653
-169813
8359721
34717964
392621
29901529
27987419
2029422
31551434
28888572
9370702
30710674
32849932
6865175
39880847
14520080
36131015
2595432
21391820
36702633
5824182
16523988
22741794
36518172
12221843
913085
26956787
6777731
9662886
8280347
15871053
31112544
1335547
21609235
10349225
34571821
33427621
12487725
14972429
17105768
24019264
29305960
13563478
35993557
40550010
2682952
16167464
32964960
527969
40097230
31910224
40429246
11683943
35577393
41665907
18045997
22348786
24490364
17889026
4211158
14471605
22331184
36556675
10741709
2432747
41993276
35145030
43112439
37642239
27664372
28652927
7898657
32396441
24300840
5357217
37304556
14610796
2762048
39952267
37535318
8060296
4584766
42062037
6056980
37465875
7049334
39342106
16890372
28121068
4255391
16215390
37318305
3414016
3228726
10827270
30139991
24671572
11643054
4230950
6261624
20763986
20534917
33323084
17926737
41950402
23063847
-764166
13642596
5775723
207324
32076609
5589494
43124146
4719989
41693296
-273504
5569185
17099675
2466098
479642
531039
26377475
6171711
9336899
-525585
31515218
471284
14668171
29780771
43445808
5230909
-647095
27227892
171900
4820252
19311593
9186571
8831365
31462378
36334693
13289848
18503962
30458682
40833679
43257354
3563906
21857372
17086605
39994703
-288583
43530051
1758330
31676596
19750717
20654981
-187921
20006627
27744575
1720523
27898163
14003501
19748770
41093431
11663953
4175934
19330377
6752267
31371447
9576125
37385130
15464709
2300927
11921598
26341976
34703765
6106680
38377469
-711432
22325455
3361201
39883827
10615695
27460841
806307
-657782
1508443
26271487
41282409
27366264
30253474
17307036
20276114
5223183
42564355
14779812
18022468
1398020
5142046
37925841
21529960
9612613
31269451
25900692
5494861
36023813
190011
10578685
40187016
32788771
33625333
4336083
5425598
14198039
27271631
3688485
19136034
37342358
34544882
5948029
31831806
14483389
34765460
22924541
16715015
23547824
40042742
22474501
18723131
34829269
17548697
7751502
39945887
22369967
18479948
2213950
9279254
39817437
23554286
11877444
17183168
17416307
13973159
5797252
6014829
9172416
10495090
24382887
3598632
32354832
33799156
41165397
26426885
24142347
18054938
26325800
6545666
24651837
42129906
30615658
-814108
39322163
-742404
12083901
32141213
22198446
43245379
34019314
20910057
14418133
26156624
22990031
26750920
24901118
17158462
41513187
15062772
8030934
2380389
9749945
31283827
7787067
4207509
41410636
22110809
21094420
2072648
41672720
4277149
39232424
5514708
41421670
9091998
25829734
31014461
2525803
12352592
31993505
9305719
11731217
6886600
22111624
10051971
32047302
31532405
41766102
14858258
29068887
41208013
35477616
34838120
20890114
31051275
8180390
23294972
22506478
41027757
13416056
13070999
22926332
-521139
21002465
13381023
20476520
34107390
2992808
38571945
4346784
42587714
15433668
29737721
25202926
20120540
24608744
19451845
20058184
24953791
18703507
1179115
13411579
-690676
22329877
504910
26187194
17645851
19653508
6254148
20315610
21457137
1096985
8398925
21163490
1090147
2031529
39449946
31921028
1547050
2854531
5135929
42976265
34615522
40726452
16094100
5451108
1332129
6134670
6468328
24264431
42732172
14648032
39425690
16543135
8448823
40544145
27726953
19900924
27859241
33325782
22199818
20377987
17566807
29405332
40404267
32081251
-774879
35898981
34877314
5915505
7983137
3205242
2825971
12261539
38559614
19380228
43248993
43443587
26972735
35529660
4695473
35510760
28064856
38426458
2276032
14780064
30548112
11905062
43019035
13308362
19320668
27388445
20383154
17125567
16182753
22567846
20105550
14411579
22223095
15164833
31240348
31466296
14273566
23182587
14546109
671143
4784563
25384176
8385233
16166629
14766300
6613241
6431350
28931637
18291905
19553616
2080911
13245772
22588476
15014099
12180432
33561385
40539041
33908836
9690866
37376532
40326851
28601693
36566878
38591033
6110175
13555837
34128384
18587135
26635357
-144962
41505301
38441407
25289484
15281694
39595624
4242665
9864595
18549805
2471632
27963529
11156386
30258932
34423285
12374048
10827008
2448243
25769458
35099506
17598198
1079557
494805
2195272
28781743
23348249
20672660
31753834
29073824
17675544
16643271
29447789
34828559
30402206
26601629
9869210
8752986
14228897
17333792
1186430
22846655
35974658
30788810
42747305
19931849
22109392
17323576
42052985
2789216
14077597
18517875
37837356
39692812
24630742
41571189
13517468
28908526
15304197
15163482
5900468
24688546
31915759
36963677
16165604
30465188
16938496
17465545
7131154
32360486
33953356
7185573
33559011
38731034
5253492
38865447
25518424
37352341
17220959
20503739
35775190
9946752
7196912
17704417
18289156
29774426
357409
39580141
23860532
36650818
19600274
5788891
28030098
27745495
37964186
29490799
33529989
12539176
8101213
11786216
33031268
17948253
3718142
7744821
29976817
29433058
25294290
16519202
40209664
37041982
13312833
42992494
13613705
28221097
38412294
38291909
12325189
19183643
22355101
3708476
17252726
14326512
14242866
42470411
10332851
33116934
4271177
40636029
24278258
19231670
2674908
36845333
25050477
1950126
15138390
2600736
20797311
13666036
11659675
15954116
-916970
10373557
3971050
25058444
34395779
39336652
39838541
38131379
16258936
1666832
36961395
17376857
42372509
41092507
33237166
2087920
8486237
28076076
-23251
23856420
3150493
25992340
26052377
40651937
43231768
19182732
24520405
9653716
19406472
30119365
19206401
28817476
7954197
3800476
22668439
30403063
4789091
10328872
20711871
33088643
39157134
7867979
41663773
39077140
10990232
23854973
30636986
34862601
39022976
5399834
11466385
11995149
8902961
1270966
15698816
10206121
42278155
24625447
20436281
27871576
18150995
32670881
42504494
8564568
23915797
12775218
5159757
24667992
14286178
15340691
19902105
521262
6748596
11261671
30799951
23900376
9560026
17317308
1034167
12366891
12466750
22415852
14701973
9930694
7903449
1272401
16086614
30821900
32991302
23545377
41764850
36293132
9700872
4112839
10623547
13152863
21937767
21465683
10290731
37141270
5533618
4805185
4766623
18346262
21306572
7097208
35740097
37610940
1418274
34959010
319241
22024976
28022751
15171517
34920550
42533626
39360717
1443154
18523335
5313604
34683349
14058923
24806807
26678355
26344402
13058049
34615939
39870079
32126546
21536228
22138168
37900126
13258088
14668334
5019534
39310146
41046459
-354807
40514548
32460647
28797617
34860021
41481335
41607223
31961569
-754398
41683903
24251043
38189729
34441056
26848560
2549075
425190
24087956
38884324
5642831
34063333
16025367
41302738
2246140
39888710
38426321
38614257
6378635
-42817
15157059
14703416
32659053
30002253
29947932
18386635
15749033
5305431
8854336
25443435
13206327
35868474
39681112
1229170
42476415
1430119
17523548
9568880
42839153
41377705
17019662
14513326
394962
12339274
15880981
1697029
30185715
25426196
40435199
13921167
26574284
10104650
17033849
28895939
2204087
40428987
30707705
40915201
34016232
11139135
30498768
32036632
33483963
38456815
19540273
11666784
11301641
12067027
18936186
31028396
34123849
38462987
37127253
42508736
15173134
18877160
-442674
25893391
38722927
8344016
532965
5699539
22215654
43343972
18118397
32138468
14806494
29294056
37628346
16968276
20468139
726872
5800065
-475852
7852999
31384939
7680333
24189031
5591894
41464737
41666931
21070670
108433
4536227
17369629
41461341
32587322
28242773
43374636
6275544
38495537
13616923
14241088
17613496
37083764
38692884
1137887
30133067
29282726
20267792
12991470
11295320
10482625
35063779
16106126
23043317
9487186
11943125
39820938
36472279
22889515
22542580
2045857
14066344
29802014
15065826
-58885
10567698
28030123
28854009
29865307
33680337
20850902
23480067
35107086
17808346
12151022
42875325
3809321
42048720
20733543
8426781
10718329
23315230
136555
12937109
33396340
42886954
37064084
12162913
5518133
511746
18310878
31783464
30176067
35576449
14712493
19406756
21397813
16382553
27768772
1925249
25558638
30047193
42963287
38853916
11419030
25179526
22189067
21221360
23891459
24633280
14738439
23229009
35690920
7209839
42593550
40072756
23641219
3115647
33351398
41674389
26881713
-399976
22585991
16041185
2954778
5018526
24984715
22435797
25917442
39877626
20907513
14885831
12560037
21551923
14753698
22387995
26907352
9804084
40474814
7787071
15798355
41632213
38228303
28375842
34353371
2930139
33002046
27604123
19102115
11718706
30419406
30666714
31093427
40246721
23499727
2673544
36212252
9845188
33997203
21392769
12803825
23859080
19928294
4684558
38628852
203432
40768023
4718903
27893937
838273
7978538
28581259
32591336
11039061
17045459
42097891
35589177
4448854
16905981
27887535
25399865
37426541
25793291
1456598
21133437
36265141
25992833
3343391
23166109
24965817
1662552
19782416
17127344
39189547
31731674
6171015
38230267
20490633
29412092
24017583
37313447
9885052
2635719
2119448
36010577
24954037
17462278
12583425
36644212
20701327
8983013
27470513
31830155
28725098
7834075
18033261
32083889
11404057
26661177
38205288
17024002
2654743
32166122
42363244
3724589
3690449
27845456
36713398
13731679
26913966
20072453
424462
17661006
21947058
26513024
15065637
36974636
12245038
42272327
24325444
1672284
3272325
31722804
25545328
4600406
40302070
31334690
17204541
21273819
6608347
3776123
13590960
34259802
41265176
11619536
3224782
30904111
37201553
14916120
19516832
9742583
6307465
26057700
10612930
-255730
40767282
39469592
8045106
12406508
28960024
27708692
24355151
22701155
17639004
21848519
10092990
22129346
13254346
12881386
32175707
36967667
9072472
5152568
32364775
20947703
17921305
23033313
11115299
11130663
17983063
-782106
29388544
18660078
25948780
39700358
8074320
13373775
33047233
42376306
39928979
41299607
28138019
36432093
5208582
40457217
15691321
38510720
12320514
9082287
9679908
999710
32796653
17476891
16944298
26668547
39068046
33092166
42668342
7137454
29289635
7754314
16994411
11140724
24665784
31093940
13539532
31266739
11034189
18013776
22761134
35653949
34961770
29284597
11334106
20016930
19231254
27762956
42181001
43375916
27430975
6136572
37640398
2041336
27357037
4421697
5395680
21825462
14773457
27285918
11547907
15788169
37523459
1118310
5092054
31372053
9380468
1367561
28477301
32712319
13269983
13644971
32550352
42547369
17347758
25678714
38924109
12319365
14258940
24026310
-318676
10458054
3657897
35964719
3739156
19756875
40334275
2255407
32666176
24957772
4652011
15404932
18757129
33919332
1129219
5216651
42417997
12333197
3237210
42506110
25038590
8550228
31101105
5423078
25471093
22795570
10623412
21647179
32414473
4916704
-669832
34335654
16505744
40166754
5997437
36109046
5061754
33971332
21306404
7020633
-981055
31208027
34319271
39963881
24862601
5667490
22707942
2104552
8097548
37528417
15355926
4979085
-403809
40684635
39610260
15453970
10022027
6573047
-924217
14368209
39208554
43474213
15180062
11994912
30181561
6572250
17344121
28520989
35009748
14586787
11611970
21366479
14
33901
17157946
37350610
30977315
22403212
42911206
41705473
15619997
31077417
10163874
40225142
6235698
19985512
27090645
117084
7523828
37585772
23136204
229312
3868504
14188813
31823260
23617439
11796166
8426390
30658817
18457990
33819981
23725951
40560889
28877223
20273416
23241729
10155854
1513785
23556178
42097661
4933902
38418724
41855802
24441940
26153506
22723754
11054473
38553358
8627549
29579708
12280796
39103637
11557919
24909134
11526163
35505720
14370397
-926862
2723627
32726847
7154880
29217808
36489668
22213178
15854755
27660322
9079043
24298881
30811108
6858537
4787177
30110391
41984413
32725729
9208476
40822497
5058270
4879635
4488469
20614874
28151481
42994332
19687961
12504856
2940554
5415438
5636175
9989538
29908662
9047141
487610
-706456
23509756
43300000
4393867
16624365
43136334
12082938
11809140
901014
3204780
12424211
14138063
28364983
11959193
19144055
1377677
3658572
42325773
19144625
9226305
8660495
-547028
15459218
22743919
32955642
28584216
37031632
40268770
14317603
30422617
12481963
24282678
42901716
26779974
18123357
19994679
2566925
24022401
30137162
35318499
40146931
16916865
37980059
10423675
9307072
40658283
28016227
15876723
24015239
2724696
36840549
23820772
8482270
28051139
41815756
42091961
20053881
41660733
21228172
41075182
9939745
38744504
39353140
7467449
28959342
21518613
8704140
9948585
36581356
41382290
25860254
3850968
13502672
13121190
15158523
28693778
20000486
30894449
9341604
34681087
18757098
35077340
13111185
41782838
6196119
23060024
15014232
7673673
20401694
23172968
34444107
36427527
8642629
6808855
38031995
35794867
8019374
39306079
30482630
10592126
40813610
31630653
39289267
42536990
21749632
34041340
1573349
32801585
23528606
-169677
10186493
5795979
10141573
38160657
37235470
141583
29758904
36941513
314465
16622751
9392963
8829805
11722869
33365397
36626795
36167108
41827414
29711489
6411718
28422830
36041945
5560019
17350648
16424518
4411575
23797009
32597167
4580329
5231020
32084921
4613245
15260858
19760113
7639477
13391508
39165606
15008643
25138005
11545254
37958754
7761323
16501019
21571478
20976537
13036538
38926677
20176099
30804994
2664992
23768287
454961
34512262
8467584
40918678
37552191
31548654
2125009
15404411
18502817
25984719
39269405
39216922
12801416
42402525
33596893
23484509
27849467
4060945
7343935
12561093
16107340
12438460
14100986
42142796
22436455
9147434
28580409
39162601
5363563
23918487
14853170
32173001
40915492
8080568
17248329
13367909
13539799
38508272
29673920
13864206
29968376
10751629
25141266
20055538
5416770
8246853
25784587
14796075
2545215
24289680
33683296
40709672
30860285
20618814
28063509
42205376
12082975
13730021
25595031
8480319
33409275
39274174
33140116
1787652
16528982
3830714
11032237
26460258
6700336
32463984
12624348
5539419
25051723
12223358
30840900
24068112
931891
-591493
39131969
36840633
19619864
18686305
10457117
16798164
36820445
25243165
26992450
43119091
11197912
42779949
12867183
24868547
37188835
25676566
9769403
43115622
10560029
26032996
30405788
28172687
6673364
12523789
41651334
35485008
10836497
10352280
36359961
14383662
8045103
38226476
26735895
8843543
19313725
18751771
21012125
11704395
20485780
19497230
15751325
17043201
9879086
7792923
24244743
16452534
12692130
40708742
30101667
25049426
3826623
36294746
33693401
40578654
24882999
24335755
27172910
37160682
28174869
24459115
15650888
33125531
14603131
18699913
18032382
14689629
26700885
15929172
34482295
17426612
18622357
4711661
37386714
627280
6978492
24048865
22622314
-964055
26359031
17171098
-915783
-922395
-823920
995466
42460757
10853231
41491933
7204185
12155209
43411990
8453776
37409316
30685776
18265574
15966117
15266965
1114630
30674076
-543585
34633589
12406725
3605211
22470265
9636730
21277777
21329556
24929868
19047953
12170980
42676821
36272786
38512499
15538012
24411784
17802160
8524194
10218799
12619610
28066780
5484987
23255314
27368742
36141391
33521182
26558019
23658881
3318567
40101633
41491246
1675745
27079290
22775894
36680650
30332376
3528716
27150254
33594812
11200366
12951219
22862591
35802730
11174598
33573749
21050658
13104009
4604371
576481
11255152
22650012
1708335
15012153
12307759
21262204
1190300
1673498
37930052
1587224
6341410
14267060
25000458
24676494
43418182
7139212
10952609
10146499
33966307
9164241
38197065
27351260
30964924
24047798
38462164
10841239
23530230
23572510
31880333
19633650
15507938
32125219
35314837
16905154
338533
8105924
2568169
20745004
3285453
10714183
16038930
30152972
36242169
16452527
32194297
34115565
36651165
14589921
23932349
18156556
2700513
16997986
81667
1618072
37752124
4518137
24538089
11201655
39545538
2036724
26287672
21037773
37310556
40363169
11840869
34042915
2542692
10383017
33331381
4601616
1146609
33894684
31760214
32453101
37937582
3109288
40641944
8505907
20982447
34534269
2521290
11611670
22268395
40987412
9687925
41136919
31217857
28865724
10801079
37949343
41049681
33673340
29270875
36175985
9657696
11504429
9038361
1085993
4891811
10910114
30224222
29375604
20318576
7119698
21570488
16073078
15199330
40057446
35227429
26542204
40006939
23770837
3394397
20926471
9124699
11135728
29904721
7290705
38245603
28547002
13721196
13749938
10375771
21377900
7882819
7269226
28678034
41163168
2335835
31277180
33248732
5121805
10673623
39890787
24286778
13954363
16366842
12193309
5494555
22290837
14996875
43085475
25784831
37476732
40229514
9885453
38439072
13893872
38549168
20307776
7337637
28765684
14089454
38061265
4386781
28414609
25167771
41992209
7898254
-531323
7615275
12156059
28571907
40671036
2932721
5128952
11677540
18835865
18431733
28847133
38363317
26156834
12314220
38813811
5223638
6343972
18582992
43373884
5168917
22782045
21351600
19249088
37095207
7778207
35158594
43057094
29325015
38994989
8580714
37230239
694091
23298567
13400301
4205202
11542577
7585644
31125608
33506396
24523893
17224477
2482145
42845106
36560122
17812862
29512567
24243189
24908599
9701183
4588875
15201549
19972119
24720904
31569589
26835045
37870938
8175340
31803038
21472623
12619271
29927707
39638443
23224896
8144735
12356493
33004241
21626252
41735702
31448962
41167358
2458411
5784389
19214133
35231671
668008
5422215
2153540
13004404
18320885
19228111
2159594
36387731
8595431
15562269
27001964
19240491
28951223
31858094
11344127
6708501
27745237
37673974
35503907
3028558
36199279
30176179
30778316
29132293
24938052
8051438
35201121
22075019
12630614
1499211
41428290
42124539
39905848
36503157
39419756
20904948
41346756
7699034
34400770
38893051
6985223
30337390
16293019
21717236
35268455
19603512
23221447
3582801
36248352
4039529
21052283
26061825
41919798
17827318
38733040
952572
8375696
104884
1241153
25351188
33376345
9200614
41564768
12042622
37010663
15060418
2318754
13982245
14829651
9749797
12933684
30921280
8840254
18040009
18971581
3106832
2323757
23817535
20024759
25067426
17273638
8222066
33131071
24902203
32507243
24228544
11165040
1614545
36475572
-738551
18890205
23316947
6211391
27304426
11766586
37725670
31521327
27544031
30616868
13329967
35044714
40567629
17207688
33251338
18944557
19547101
12433005
18056504
576628
33592493
32410621
20371108
30154396
5487459
6804388
33531571
14854652
37574745
35945042
21209093
16641838
19669565
10004225
37643348
29237960
7781027
42141453
20012125
30278331
29080098
35489563
6808637
41614501
31901843
4913962
37991609
33401595
12181087
34546893
14247562
33030274
24026301
9566429
1041948
30977210
42663861
18665400
33831346
2789028
15178920
19975957
-602556
4894693
25293232
26139457
12623947
6323065
38580085
3093384
5489679
12300956
21996931
32223264
16012778
1532669
23779975
39298010
-488079
13198528
39072803
-821326
24366737
15100568
31121388
4427456
6290644
18314272
22709895
10285252
12342793
14972152
15638511
41748927
1388159
41265729
41877588
42815161
-614005
36187068
20802952
22383483
13596331
10682953
3222450
15426906
40997679
-826843
43388494
33374417
40191825
12854896
26861051
13753989
37308758
35254414
39959442
2609213
-205333
5704519
27930000
5515376
15372117
26206026
38097056
17154030
3937153
11890671
1932786
42789492
39961292
1497350
4530371
17303430
26276419
39690212
40396749
43269747
26300920
640912
42379760
7791698
20961394
-34693
41648068
35965362
30520395
37077346
-933143
37139371
16082483
19559858
14659894
32571785
12296761
7532198
24641045
23290606
18669049
11135106
26744970
20534478
38377410
9498551
13707085
3529111
13418003
1118099
4084635
14424447
13818783
2890760
40059731
16033299
40279532
14441674
10780840
40656371
10408189
10358138
6675916
33525875
34171406
21627316
26791558
40960746
14059163
25494108
16417420
8337489
31325899
41873750
7770486
38992057
7676938
9906630
2859411
26071460
-842567
31251470
34677148
7888018
30895418
25852134
10799627
1400951
39384032
24920226
2192692
4634102
8262520
29552650
22659214
15000092
30189447
1601868
15889196
264022
2982511
3839998
19052768
22694629
42402161
10165795
17004812
18405095
6465449
17159551
37796271
-503798
37457542
34141882
30963599
36207404
20270777
36886633
7194006
13042913
5073035
39433577
2647305
38601458
35161931
41480752
29665144
691244
2672772
2141656
18160321
5781167
35586897
3485707
5374696
28487589
18506225
5550569
34899235
7100167
35160405
34521041
-196631
9702781
36427118
18659664
40175774
7789094
41453598
35001049
40137656
13982857
31762141
23487885
24870053
3809682
40327300
22523378
18344323
1281226
12845165
23807595
33516865
23786186
41813991
22315030
496357
40086069
38250301
20843095
31954505
35243757
22679731
5894239
23347420
32934478
23232225
14970708
8917406
42591209
10113773
16408280
26298288
2058842
9207510
28730576
34024161
29816985
17403343
43347653
26664395
23468616
14393650
4605479
4597436
17787076
18670389
16058111
20943419
29702281
29206353
595165
37648464
14246325
2726355
38199675
7081569
1031987
12845613
9370050
14043350
8653142
38489619
13977730
3838244
27407922
17120311
12960720
15124935
18177791
9201959
21969609
9574942
16005270
8980320
9136552
26190000
7078026
25051676
10880824
6517326
23555273
12371184
13795482
7622451
37818041
43390106
1290281
38973318
16474609
19602719
2554475
22812683
43242332
30009947
30158267
13705962
14313387
13176413
40582128
5310357
38523729
21717345
5455513
15890393
15127989
29511320
17937228
26408158
39881908
28924579
14813170
33670169
6640551
40031442
35975308
21187215
20482549
40683454
13890386
3274623
9118938
4684737
14565896
33453401
8476973
15927202
29662703
37770205
35981867
18794533
42409498
24396483
23993669
24232078
9300676
20315198
13161564
19591358
39604231
40116042
8652457
17526328
24149732
34267564
24678386
645505
2941902
5850365
813457
25076628
11632920
13745647
38509917
16242118
23665020
26513093
20023596
18040697
3083291
18946505
25094601
14616118
16863524
17396571
29677945
42202093
16709255
10234864
9573840
9480795
14890360
24378997
32963631
37217009
2357285
42315757
42889781
-435063
12603677
29500991
4672678
18418501
21120547
13575624
32833939
19884636
19829083
14020335
7446649
25673225
13142696
1320567
41367559
14110197
33074848
11367778
29714035
7642057
32975570
32777915
37062380
32317186
34785571
35856268
15944012
14578378
4904546
39680752
10786924
14216544
28832870
40561617
13639640
1432302
6615006
20270971
7067891
19559442
27227718
2555785
12717889
7307187
5154723
31355847
24944545
38772258
23477558
36127559
16680158
10248547
18249036
16017007
4951827
14612147
37248877
19608275
6922313
27736791
30713332
27451175
8558110
14319361
40825852
41071755
42546118
23414978
41004415
34110659
6150791
10749272
16726535
35310229
14554864
13012006
3621863
30519160
21308152
23110178
23877784
30556753
423822
9566950
32268338
30032071
39381318
1135237
10204174
41255642
2784775
39315357
13842539
43210519
848970
9388504
29214782
9929568
19796129
19166483
32908900
39638682
25649971
8485848
22493178
1006203
424938
24606703
36174203
8071153
20504775
9365485
13182556
27536139
2469915
27398146
15597656
34664940
27942180
32151531
36358009
20849714
3836778
42182830
12518727
20889987
21086049
39253899
5273023
40860017
21518711
13301108
6360586
32667987
35583353
1496452
5458567
694730
3291744
37719506
25161339
32047879
8972344
35187026
16756338
42783422
-956159
39985416
29468113
33602391
7678106
16212577
27152764
36063148
1330795
34533289
23842380
2702756
28997496
29942981
35772463
23002867
11013260
3309046
29596113
43181867
22662669
327278
38194441
31745289
38988866
40075795
12822426
14536666
922661
25091794
20495886
1342075
6529915
19128983
9303338
35719387
15131150
31257743
35341451
28367380
24112677
12334373
5190346
11629761
4541819
41340705
16743977
36603944
20649699
33916083
27815293
32373924
34651620
5106839
18290187
42243494
34545596
43126124
31854590
33931307
2114448
9054978
10693928
15968812
1400343
32650976
3883397
29499764
249590
32550383
20396593
31052543
32185322
11863994
42687533
15768891
615316
25962699
30586188
16650042
39408749
29354346
41912578
5742562
31791866
12693263
1886689
10538593
39879603
9485745
31128530
30381493
29444519
8057112
39558448
2471554
36864522
35065692
43281207
27711161
21661625
12317343
21632860
18197711
42243390
28671904
9933704
229446
5288828
18382946
2845250
25628917
11722308
34968139
41153355
13358061
26515209
33339
26656034
34262637
30057533
42404344
12404945
11361192
31980262
16096206
36149643
10183590
26651824
13223332
12740307
27826371
34255694
4735088
141020
2955010
30304861
3121443
11928691
14450283
27858846
16707330
12980393
10598863
1068718
41130103
9359252
-909866
6344780
484038
24216927
32605175
24062876
40882467
38365705
25932262
23285449
36216727
18211474
32868847
22255433
23946566
41396345
13598912
975744
40015346
1309934
1207911
13881623
32649376
34299409
39801665
11078109
14367731
6371063
4692891
43133771
4369041
22703716
40959947
5419623
-749738
20449860
12305663
20147102
15084836
22534313
28677373
31044984
24112980
36635545
3220880
5517198
28071560
36808497
40285489
3793829
-261392
14184891
29424699
20946754
23084908
-112174
3982907
10233299
19237554
2762812
16319036
12786446
27012220
26947463
26289656
37962698
16227425
25752194
21665553
12257382
14468118
29950590
38956662
11173580
31670659
41085293
7234401
40517383
23349292
10334698
13944980
16019360
3852212
36428162
32005105
11629090
-285117
7982293
5097344
22321480
31316044
4687332
11482169
6156641
13099299
20580343
41694068
15645526
5765062
22781983
1792921
1756403
31973248
18272321
39717225
24139659
17395982
10689197
13644631
28442280
40875252
27555181
29159999
936294
40325301
26273192
39985443
34618131
27127995
42121642
13470120
25191347
33370159
10288238
35442703
5555767
19338055
31989827
5680167
13471534
41845928
1458895
18973660
22700155
10975476
2677063
12694827
37989998
16590189
12314894
40303349
35262799
12338458
3085556
26365002
32956566
25809411
35364234
27342608
12462967
13913774
24027097
12968221
5075609
6028193
39965230
32398136
11425047
14942028
30969083
32317434
3850305
17610801
18102441
21918418
6203613
10794982
11473041
31844188
27977988
15881948
42055328
32827002
12912174
32239879
38435256
20645123
3336457
34048573
13731893
25803820
3150862
17781650
22207302
15034002
16171747
10969013
33531647
28702945
12013363
28840958
3363813
42258426
14308804
42576516
4872881
7619439
25936411
40801400
39201099
16210340
3157929
15413382
25934616
27966900
30707587
21512930
31008945
27936274
37124458
32686857
14907915
32343960
14236169
42958196
43351259
21811011
23476854
9572078
10378520
19223789
33083217
18421843
23329521
8987582
39012784
-659397
1414014
23426293
7664981
9509495
9442625
26845868
33193257
16676993
25753421
-352737
30556085
17330010
41277661
24387355
13120315
7532210
33523669
41987115
19745847
23229086
27059801
21892610
1578103
27387064
27846320
22905450
20632213
42950353
2539145
21058502
-990361
17581312
42105831
15015922
105591
20623049
11734971
31704199
14088931
40314711
18691045
30032785
10492028
29689967
6656807
13318998
27212642
26523919
9439814
40552479
8350139
6298508
3660634
1172270
7844767
12073354
18793008
30911385
25495889
36770740
14681897
21391987
5025717
19140774
36215985
886363
26558399
-306670
6263973
23028195
38868430
12820140
6091490
43197493
32459860
39207866
32203908
25277061
24857066
39713185
33715107
12270098
38490157
2566818
36186707
1164279
42477013
104556
3550671
4695359
20659342
12699969
25977768
30969878
43298382
35659741
3487328
39035452
22094087
18080338
3765614
15789812
28945601
12795168
12679733
3224095
-173362
11871812
956987
17127179
40370630
20921498
303105
33420805
17187674
42229531
12177796
14978433
16217573
31630929
40377108
33362159
840207
7384801
14985852
1177311
7613209
37625672
34162456
11677107
-413386
21478996
8662987
962494
33418778
6230416
42053883
27600113
12398477
6529159
7497458
24062602
34596763
11793308
8175310
655349
35935712
23961747
16223103
19488470
12281348
27326125
15200640
1877080
5277219
7400630
34969164
27905685
36819406
28897180
20485685
25921529
8113250
3896386
650242
42550507
14022742
7511897
30306984
42856814
12235875
28180957
27714718
19962385
23303620
-367801
24162415
15043088
23579135
41008506
38281328
10812885
27850981
10521866
3318077
31612092
40484744
36367761
6221179
16969790
2698986
2085856
156189
30698039
16245075
13355288
21821117
8834424
4577769
7366632
20202607
14420609
6277076
10859472
43016226
20199527
36296671
5253685
34702356
3819141
5052138
22319518
33646901
4393742
23131285
35012630
3153132
10539688
40200347
43216065
17222787
2823510
5854478
26629043
15537283
2396176
38138999
22414358
32445465
-670938
7541320
37729779
15711928
2731754
18844287
24622067
-108154
17792750
1774023
23989577
29021806
11680402
43329213
15312460
19090595
10345915
41083511
3717771
19955124
36011057
-545112
30791627
31572679
24126786
33416607
15212176
3612391
39240607
39033051
21590686
23537147
21509869
7221469
17933324
33144047
21259300
13903504
18767768
-364581
14430554
9088456
22400743
2638888
1002663
16106428
-234463
16418464
48075
32072796
28395187
12074421
29314326
19291576
7643189
22321354
37871152
9106833
12931613
4488577
28247748
2848418
4495500
36132977
25743301
28263720
42451065
2056315
21123898
43533352
13646919
9206690
32424967
28145604
40086411
31278840
27783563
22464984
12508614
24461485
39687934
18303550
4470009
16240768
19496661
12953590
27303583
6424692
25041911
15222951
3010626
754987
3237268
30379186
28611559
41006379
1972088
39249185
35174149
31902962
19365895
224315
12453855
40493038
32980705
40586648
29206730
32391113
12841809
28170322
9810615
940992
15404971
36152787
17778143
42219395
7756337
31289733
26254347
25502626
42516567
33938067
17169703
21419183
12116421
29856375
29657715
5298611
-594632
36438793
15369451
20729298
16594942
13069738
7145872
35300000
42744929
10352197
13517670
40564584
35157523
28158283
31151882
35560126
20734637
38229869
5611730
36133775
27269865
31974100
19642630
35942516
36924640
31982547
7259792
-280572
29240337
31896995
24868665
2731113
33517778
36597068
42808641
11775932
12634849
30778851
16880006
26207268
5455653
32452179
42921527
30002105
3408084
41686550
15837684
32110621
21955080
15583531
41847836
473531
22986626
24039651
33391775
4214354
9573924
39519184
8097750
523971
19694405
18861991
17905298
29311863
37589154
-182411
7258303
41291058
2437665
3463628
24229080
38183890
34766075
21757180
26007888
23989584
11780145
35329544
39871175
22195505
3282353
43229991
15596562
28692395
7016084
11153928
38730270
35623711
34881135
10354541
22878471
13814313
7823744
9580183
9767251
23533301
18999420
22415822
23114715
26879232
37607116
15215418
19527693
16675409
8518248
21771927
30532631
28831101
-523922
9604570
23095597
6621986
6244084
10428587
2976501
7173253
26647005
43093876
27673208
-417016
15381813
42895894
19594291
31173517
17956749
28492770
9283138
35263135
-595440
17806547
11490498
29496940
9404238
41929600
37206229
17115236
26031125
22481520
11680763
7378523
33941048
23704075
36760852
34852474
2892896
27538128
12311201
11583916
7338945
42234881
12539273
5430542
34096902
18094410
40553698
2544326
29813901
23793649
24578182
42121358
22041278
40560350
10379426
27414272
9637393
23713334
23610587
26035127
-97961
32471397
4549835
26412548
-869593
40905015
41674630
43435962
19237943
36600113
37875346
30826277
4487881
25140731
40014340
2912409
8992351
1193785
29201380
22099840
2564846
31189617
5443920
10153082
35542815
-42487
6760357
38668126
12071299
32980792
23165230
32381732
19828
8750178
5707340
3874807
15290081
7966395
36334588
17400969
5269503
40039840
43231728
10008183
18757729
10778620
39686514
38410608
4656799
38674290
33090377
34878844
11716537
11285417
5594874
29713355
32866173
24344180
8121177
18376975
8749668
39523351
34866764
29307557
23869976
40063178
36987681
9401422
25831775
4119059
34479679
30744907
14452039
4325296
17075744
37409912
28540988
7177435
40520345
5519015
39675154
34837017
30095993
23356215
16683544
15607633
4064489
23068830
7495543
6753150
2557838
11875342
11811612
19769107
5993443
27707256
25959599
18626939
7587978
33429577
8116008
18117595
2605044
17229486
39856495
22899346
31927155
42137077
33115552
4871049
27819774
20548746
16198867
2839179
12182852
39565195
4703481
3256751
9071351
2836369
20736082
9173417
11434472
26577776
28833661
31264613
-803086
42881730
19449066
42849320
35141894
1260389
17314215
984675
18276942
34729769
6251635
11433490
42002407
23586377
42633394
33553218
20871560
9119486
18203935
4155482
25914717
5058908
1169058
2302460
12905493
36694484
8260154
40511139
-16592
42752574
18856117
25331729
10113584
19098030
2966128
10350471
43333607
33539617
12679035
28338604
30363149
20998441
43144415
26702148
5305840
30519064
14061880
33629216
4023857
16933133
25541933
11151890
13901191
12834585
18174952
14571118
41218129
25914045
20382301
34108329
38110257
30784482
40778261
11047189
-629338
33869474
35526560
34844356
29804648
30426448
31689475
15628262
27617164
25210258
39373734
5078280
32248627
3883908
7003735
16575455
22134049
7260006
9471957
8536195
17769666
34797730
31132803
15259943
30563444
13821870
16447219
13982385
2893601
24179918
1843877
38946178
1880858
7712384
24920468
-726983
14277776
36825839
18230150
39276129
31466719
27253995
15199378
24538131
40732785
6399170
24375581
35616392
18132927
27325737
29551036
31036719
18535342
35018679
36333127
24399286
5599641
11006209
1755410
17672243
22228663
27059206
33154834
26074739
16715431
38595308
40441751
11308795
33974136
29023142
24766945
7639763
20425981
33074947
21068610
5226957
31102106
35782288
10942241
1887724
6016178
561171
12061828
14094615
11809892
31181677
4438855
22914265
13546694
31334695
40980065
15519887
32560669
41000419
342534
12311111
8031457
35607852
24014148
33026626
19844283
9709353
545551
4747088
9050159
17337963
24491587
17987163
24499526
41339252
26090650
15038652
-519421
26737971
30365057
1307452
32536796
21911176
10850181
42906511
12563426
24948519
8701255
41826647
1611954
38953891
13038527
43080388
10948286
33210478
43483156
25982591
2527926
-253957
33778699
7295617
1789820
26308037
9519911
36032086
33769943
30389591
6567870
14906358
17621326
35491592
739824
32822286
12046098
12740421
15802064
34795600
15006110
8445495
24185738
19118374
11596068
10936631
30077532
30161423
29082561
38808704
14719683
41134718
42293274
3895128
3339899
9969118
35640962
32402404
17849700
12147614
26672209
12055397
42247342
10986591
38294051
38413970
14208118
23674370
31475284
31624920
35054775
4658756
20132176
30952344
19153859
13276858
18022566
7449067
29137442
16021125
20907452
30711972
14351188
29263793
34002360
40190541
6097051
43091852
16460028
17673083
6397431
26495401
23080293
18255102
36680180
26782656
38404493
15873697
27166831
6456565
16848688
22263518
40513311
20810582
12097409
20869013
13160457
30084786
4754689
17720250
37888973
35290953
1075553
7217177
35032417
27492582
42635251
557616
7521090
29605834
39157281
10735401
28138885
6888606
24906157
4218333
14166609
39264462
5182555
39967617
10872767
26043503
16992635
28076689
28654450
6977586
19762441
24966711
18595561
13426420
2860640
21976895
22654290
31446735
23852202
42715263
21923748
43357358
35457533
21157819
4952348
18758516
39129593
24567657
15354050
28618281
14632209
43207949
36551147
30357107
23677726
17929488
42910031
30682167
35024320
8712986
15396864
4708520
30068098
-806701
15453080
37841430
2331111
42221227
13556975
9669107
25968363
33586707
35773444
6459842
-911282
33882179
31927224
41551525
98168
5227091
6066067
34837717
13831881
36807967
4759281
28163103
41118704
38031029
1652798
26337125
26898088
7165260
39259888
11946744
26421924
4559069
2443304
18618887
3608452
28186415
961465
13403299
5277475
2118248
20377588
129090
1325702
36295395
43210769
8651479
15588085
17383760
-264872
6019476
8578691
25923446
12507816
23337908
22735915
28765778
13187751
14755468
14297408
-456673
896094
27589050
21605012
20129701
3651731
40029529
35845179
20733117
21945578
6311971
10236946
25623235
25034717
6106192
2410248
34565213
38717857
23426735
6055740
5312855
30631086
13461743
10059365
20410392
30394119
42386062
12589806
22098602
6115917
17303811
3479900
37129059
26672804
12018914
20750514
19347983
14621224
21933643
33735504
724883
28541363
11561140
20225112
9072876
6985635
15752055
8871661
27536323
33906985
38155233
22904868
29140733
20722680
9123862
15886540
7050858
22651747
1989911
22354692
8806523
31630178
-723021
12390014
20578711
19793628
40105875
9784305
27177063
41652168
3733160
25238596
2375651
5619318
32474427
4341343
37809762
33616162
13099667
35283250
10382645
43339326
23903459
17933795
28571523
7878985
3077178
20248159
42876329
25113586
25349887
42041897
27112016
10738721
18192898
-625627
34348868
6817535
16507096
-803428
30633455
37712962
26215117
21057371
7286854
38989975
28552659
12047118
8608262
36237786
16245240
21959393
23047999
6452643
36010564
-361201
9099422
41017526
22291716
1248399
37342071
32777855
18800422
10930651
6348117
38364994
6386295
23251177
3918470
40621638
37163862
34650372
18104668
31051029
43168288
18584009
11599358
22794036
33935073
1503570
42108746
8448019
2188022
21664017
16937588
37884491
23279939
24404561
34883051
40335188
4609981
18822005
15160869
41740222
4276838
22012648
3619401
24132538
42181634
31275984
3288069
6106781
1718981
25572778
36107338
26176515
15810427
19339470
19861279
19959362
19482397
34409201
4221205
25423117
17702455
24496141
15308970
1265726
41678868
28976374
16564214
12964170
31404325
-740511
74814
-560331
26801067
41044863
31097709
38589853
42236882
5204416
25222771
8733414
2816056
24737736
18012265
32568070
21542062
24336027
15283358
3637746
-588731
1211449
42442589
23597602
40513619
5434843
13974333
42228351
7531602
16173536
28282741
36933835
19444962
37393700
35631759
3232366
4605483
12042398
26681243
23086738
24455006
26142838
29923444
13355836
-680171
31592362
35436274
8982661
29965874
40229388
19351432
33842056
20577984
13657541
2865246
15130372
8620191
37498535
28441870
4021457
14382763
4798805
10967321
21548641
25780335
30511166
32835045
18225608
35421201
26163863
38478854
18702353
37157521
34907373
29926559
18102210
6926242
24420246
4861583
36486734
-271041
20642650
16295059
28561846
4035306
15622736
17772607
2299836
15457
5013710
9431080
27387800
10140611
39030159
23191774
16113276
36312176
14246930
19670491
5656555
7970462
21845312
6781567
536041
32181624
28740405
35432709
9877426
272405
30802412
42772861
12454315
13364627
17583169
31416164
14808708
12782260
646860
16736808
27201167
906681
8474795
15670746
27492039
5911686
15447232
12396503
36332026
23908679
6002491
7937168
43167072
5465518
6245752
43180479
23505698
39610721
42247417
13952406
13639379
13468727
6353262
25694789
9700675
22276649
30803405
1573951
4068428
6754997
1454845
5020185
6422671
42108588
14849083
8359611
400718
25889803
40932618
6236055
40627592
38856302
39706288
40051487
5916462
33670090
33859226
27727443
16492273
31329805
32882233
5041454
26326628
173502
17698011
5467687
30955214
13279623
36600446
9289749
4735062
30050094
7727560
18285265
35344609
12408100
35058997
6180286
21698395
539163
-338318
7997962
13868853
41299898
28942371
4786760
35805162
39269997
-958223
31247157
-307628
39374345
9553797
-958227
33779759
12459
30285546
28531166
13989650
40798534
5328156
9084632
5362424
35365905
15426945
8773945
21505643
8299924
-738417
41795725
32428414
5151442
37308013
5142588
11478738
41110106
10630844
1243055
7528761
31839787
11438998
26597163
41120037
22030965
6201883
30480842
13127673
24377756
21909855
25010037
11144211
19672304
5956334
39150439
33398298
24245954
18492053
17716171
29728378
29982719
-897251
38353879
33210070
26238180
24734882
18436318
41467623
7077694
2184256
13641306
-365320
15820170
4091596
1961793
-858364
38829725
35816167
42048931
43359015
41764672
24773836
4103462
31420449
30660629
24554989
32586129
35156571
34364152
5687439
29480563
20645880
6090300
31200612
13110126
19025381
23759858
7731742
25997850
17411184
25402357
19717026
19292694
28413602
3528038
42467126
4860759
6309173
21608463
20032165
27504930
13465864
39020081
39018478
33546770
42734409
4498685
42995938
22984508
31892709
27344198
20895328
35766626
25575007
21700118
18902683
15663623
-638380
26239766
32946119
38918437
11044797
21480121
7040293
8449577
31419216
9513800
41931389
40663930
19601337
36901558
1492819
680736
41254888
37673170
30001884
14103729
12874302
20106180
11473185
40014776
11819133
11616845
33274672
4696633
3888259
20435582
23664206
4792625
17493988
1187884
23818607
19185430
39495296
6934679
37082779
10722872
21582779
2054260
22608293
7213746
25904761
35476484
33598598
32384234
21032134
2054316
35085405
38537541
2670562
12584043
9011396
23471654
22352685
2635889
1617812
14793777
28754302
15131227
39093340
12894444
1728615
36253209
27305828
3927667
36366694
25638424
38079065
29694593
11492951
34382420
20254805
29226536
42864626
2185333
35284995
13282648
13127323
15254952
22049678
29808352
38676768
5392971
42508258
34717432
3358144
14020492
34818174
29144203
14781759
31953969
29018132
38120203
6282536
15027414
21152783
3768677
35221131
20774940
19681461
33431182
34787548
23428154
4749753
15616544
30763810
14082514
36765556
4278265
27506370
13165901
21799810
24041387
15612357
29893225
21981262
42255918
-252247
30841507
41100199
35936549
39820633
43085724
29746105
18810000
30801223
-6160
37942349
42434586
35807372
9531102
21555591
29892681
32090619
13686662
13227615
26863446
24442988
-438958
1934749
26095613
14826624
43334230
9675477
42482478
31474619
41192185
18741214
5106055
30574819
42851180
31419258
23144482
36010382
12743186
12190992
26413901
8387507
40246461
10964268
32061434
22978035
3619438
24574809
16797620
3888606
36222927
32873134
29077757
35947535
24710283
40972524
16391438
8369377
14148574
24503803
9609458
34625602
42022226
815823
23036894
8492161
14032198
42487943
22011013
29902636
14617371
2814336
10480172
31879263
33146285
7219881
-840741
32677197
5223406
4994023
22530733
36545058
24595415
36904163
40946457
5983950
32211714
18913063
11667800
8032549
4061048
35994505
707228
26388710
31898839
22076822
41389287
4013963
33366838
41734878
2549205
19432508
9920082
22593487
40903528
10594934
37103165
26820085
20532942
39978731
42987795
28894495
30159342
26167626
27315781
33373873
30556569
41697389
32440570
24813308
38967186
26743035
35211686
27925044
2057912
15908729
10078405
29386414
11722097
9845615
10424493
22090353
-791337
31107625
-92025
30962967
29623664
5514901
10540680
36241430
-244200
19370919
12943200
37794301
32184342
30313029
22589735
4033849
18185138
17462846
7773667
25476124
34611991
40509386
4877121
9895217
5717189
1917499
24828561
189437
32424161
26012627
16244627
19293965
6486309
39717333
38666006
14088159
23043141
35152231
3901904
33915225
17083747
23894208
-613806
42829455
26386875
36535284
26648365
1774944
39134111
42305685
40388079
37248005
10571598
7394914
38132660
10185773
15536518
43170291
-386115
24815786
13695631
30112534
40208511
787241
6749649
16210097
694863
25177344
30443470
5297659
9033345
41108091
4316308
26182382
22025475
11348412
9079786
16165747
42769995
14181524
9094455
42030457
116983
5300860
11585109
39064442
43213103
1406926
11910143
39635807
20859270
39924432
33579386
4201679
2393441
14776485
17574918
21341320
29583022
27591576
-772348
29368245
31263674
43057106
19148854
29931398
22531604
26538213
27294701
38410474
29196718
2911881
38929413
41330442
33894229
20600940
4033134
35987654
220801
9254143
5919361
10726533
25429722
16509183
12132109
1564591
30404187
12052096
26836883
13100874
16994968
30235213
650507
19815923
29686738
12650970
32135388
17228601
36495735
22342349
6528652
4053256
31515709
25439197
24213158
14420229
20288277
33250877
39330975
11215386
38102701
36920139
7146928
21375987
23167876
1060630
28677983
13460237
21536895
33844359
41547773
42839822
26688157
-272016
34825360
32023654
14673850
17062562
9672742
12231910
27849281
18846805
10709938
2294936
25435669
19703824
15970397
37892937
20563893
35631445
5540828
26012288
28316290
4989178
21000523
5621138
24905984
14458239
12721566
23964377
4856445
994862
-295428
10048313
11015296
3368951
38441009
38461159
13615738
35810828
15523729
43468681
31465146
39716403
19375933
19684713
20016297
34810224
43486224
2023750
25193090
8575681
32000080
12490976
8519532
17184587
31621353
20163444
40608516
4606445
11544863
3960017
14036413
30934347
32731868
22934820
38061196
7319927
33292969
13930313
4892747
23250468
33934853
21817780
14471443
31884063
32753114
10627268
10826877
-692988
18914912
22602421
23674038
42724636
37331884
38155789
979483
37877268
3729890
12237242
2340820
20287780
341090
20448780
16986255
26078815
39076860
31219607
6325677
16405203
2483824
12982849
26251861
22541483
33648997
3019239
18416017
2975639
42446707
27449103
9418346
14766473
2546928
37701532
33851328
11293343
8015985
6954157
29320277
33966785
11159629
13026795
41060535
8984235
35062175
9826869
3359608
21880386
31083061
31404590
21220393
11859700
6212988
16720192
30842771
22443113
24843975
34473283
-745009
175897
42671812
29883939
26744932
35049273
10273786
7989448
4635441
16267491
2277292
692675
2962005
-497733
42796937
10559104
28321055
33019444
-838249
25492742
5717942
9849909
30598957
17755308
1495144
7198860
14780203
26977298
289045
21145821
40126303
36727746
23305836
11699514
13181576
-601434
34307754
27367102
11473768
38191308
12121119
40384181
14638969
32934872
38965645
42634103
41909720
24454520
14165595
13850244
14597568
15301314
10196813
38733841
23066807
26043542
3244187
-294378
30245772
4740634
4668868
8965
32274940
-482432
19827772
32768704
523453
23440494
234638
2444529
39473469
28681172
18139749
7750315
32876669
31165178
20440370
4503110
338279
31826466
42588758
14882255
17077613
3776220
164508
7713845
7793642
35136934
21685160
43444721
19079561
14184963
28622869
4325493
42580398
31880533
22733248
23263028
31098830
29940961
23080690
10674404
26651555
39377429
21060094
12729239
8297232
30092850
22552476
8066891
28857125
33737427
9260142
-100606
7361670
39565196
17256100
14516124
26466570
35500195
8272898
542479
32411189
30201142
4064547
29314258
20239956
39585711
13221664
40332240
42651229
21203575
28249277
26452453
23672848
22164123
4976563
42502177
2447591
16813453
24030770
18038306
24946696
37742205
38362077
42379493
43483517
15420583
18718941
25856011
32247958
21378830
28864857
30602217
30800534
17021350
13990970
34196214
11920523
-187305
17584507
33460255
40182885
37082958
11640873
11501510
14678266
29718710
7149040
31876070
38275448
33842947
30002676
21196193
36764500
2302883
11693843
-292323
22231629
6842209
7558769
40519017
12154546
9308901
1342185
37257066
19724593
3865585
5041800
-990800
11749352
33322966
38198308
30791300
33478450
37719649
20746998
1657757
32119684
32124150
2380789
4630864
26701842
20217128
39135947
32119309
43422517
2920543
11170348
30242087
36962919
16125938
31743999
26180967
18661275
