22624401
36636723
27677588
7220118
6434962
9381025
32083243
25545154
34228619
6276206
5878915
37782060
-505766
21883693
40164325
-94191
9097047
8007980
19765825
13524394
2799565
40585322
12958089
38952101
1202151
38796719
37422882
37886960
15611004
3911766
7945255
26447343
10763291
11876111
476909
4129108
5826627
34577143
9630194
14171430
5360350
2309325
-356505
7900808
6827149
25826338
15327487
36297365
9395389
20182849
30435656
33127304
22727149
4599655
7456938
27173423
7284971
37380199
33351939
43210170
25423166
7885541
5216920
36531475
4005061
-181174
43408332
20900070
7238203
28927575
23275804
42495479
2577398
23025756
36868506
-756963
32540621
19235318
33775708
31191475
38229368
43233026
11389873
5282964
11572213
344346
12661959
34772002
42645277
39856053
12730835
16076207
41476652
34381861
33494163
24689689
920978
43143239
41121191
20757917
432838
11094654
1476027
33841420
40912038
35621397
17045312
25204093
28563817
24069423
38129116
29173702
7601271
31226057
8455957
28315877
23281838
19277708
10823197
24837683
19495306
42202833
13785463
16988114
23782333
11810034
26830479
41719979
36271733
26034229
14570347
12982533
32093032
37444482
9277252
31854721
27126977
26688817
28844881
-597285
21800229
8426623
1854583
14758017
34487308
35011674
43498355
35472581
27249092
41832525
6831205
30109277
19117338
33781763
5599947
37671987
36216427
15838267
6593139
20075538
17706930
29579251
40371725
11192027
5333785
41945032
31700895
1681090
21250042
29699141
24933041
41913042
427661
6571189
40555718
1396289
3319996
34097343
36827300
12776786
11728745
30622047
11516071
19851085
10237968
23292140
14708058
36705102
4292639
16433317
15615568
38724323
8629027
6647287
35050646
3755434
25613476
21677715
5824680
22242974
4102486
2224325
640362
19252550
34176195
43120775
31956041
-482290
37698946
32815679
21072018
2118636
473701
27877567
13706405
17121401
23122440
3085792
1191927
7650812
36259306
33123600
38923499
25205417
24785062
41919628
9204629
8323915
33800497
37995094
35241572
1342516
22067231
20934393
18088838
9009814
-273735
27372826
29492000
23155044
1113028
7884768
26236575
40087425
8815159
18511269
9523081
35439092
28170140
3936830
27468598
9203914
11314354
36017951
15123020
18432647
43423485
24284957
1490157
42142961
22261763
4036905
14733281
33731798
23269255
23780579
35031141
39799520
18233698
34936788
15533596
14707971
26302786
35459461
1917592
34978127
-696563
21720114
8082546
27361241
28737118
43446643
9785236
36279557
1963841
28399671
21938122
32593973
20525066
21914286
32787612
5052901
34641014
34041680
36432583
8898657
20225660
15150599
10928999
39941496
20089039
35037411
8063276
36016308
33413241
10308073
32285353
38191905
20855769
39867275
24934800
40662004
7137280
17266781
11487295
33511400
35777311
31711808
40835780
6727564
39635696
4698796
23911053
37225010
1881680
23334562
4839781
42980844
41060954
9641816
17277614
36825572
2605349
11565167
23869291
33267048
40527380
36311325
12370048
26051986
37624931
40422409
12022845
31370021
753234
18635101
11678486
39895848
31874465
16789701
42322750
40271283
10825008
-564279
35243480
23047702
21791608
7628361
42487419
26045410
8138622
1316502
37091792
8984297
31935533
24001927
21177304
42641092
33312467
11393519
10820913
4836490
9643212
14352452
9926026
33881092
23439856
41640782
1687076
29287119
25787858
38317198
36159451
21661882
18140140
9319750
1957462
17591418
17315070
8907257
9271359
42596528
17295883
18756063
21607917
25691668
38136231
20166089
37420552
4347206
16321663
18719436
29856491
17774000
38549589
31101126
19130502
43103365
7261344
35939908
2245056
10601871
35170512
14180024
39684653
35371076
8992683
10591597
12028535
12555125
32218614
31890493
38066930
3268486
4685404
19990917
-759320
2649238
12142932
10399604
15004788
43265745
1673737
23353663
37914680
7514694
23487957
4275689
28839786
26330496
16186493
11172307
4371209
30922402
38264080
13866272
38834015
22326048
34923367
12667393
20249700
23647864
22062620
42032771
28163222
682562
37783722
35224405
13989165
35995222
30825312
9415415
32595225
38370815
19301285
32654494
10566924
20905857
4917123
24095783
15044202
31480145
23851652
14368984
40200114
15690366
27198520
42782560
38054179
29994355
7997637
9996908
11957378
30229062
10595940
11635886
36074526
35399399
3366909
32499064
1478498
11241097
25749373
-113801
9008746
2988466
12839213
21667099
22489598
31426932
6125249
13772035
14298880
14548526
20401860
17641684
10473731
6013873
36933684
38531978
22298969
24046059
35108269
30637871
9729759
34603263
19816383
38085664
-969082
23040651
43423849
27043038
1039715
33720553
28781802
19781172
13913993
39585978
9514388
38462687
31000042
16276008
41017801
25959602
16482667
30410965
19146315
28437337
10772776
2289814
3683503
13225617
4365276
12466455
38497736
19780082
26628808
25975238
41493571
39558866
25938664
28260780
13197991
41139984
41688531
39653275
41947164
940021
34709328
32613904
31752141
37616530
21616191
100421
20112261
32666805
35709384
24264439
27253362
42032514
8763021
17692289
10240974
24885413
-86110
4584648
39960063
42316105
42577784
6272637
17334319
37968133
3166682
19606868
702979
19650851
36972763
7277634
36027420
43027942
28576764
40438437
3281067
15914265
1860228
33479132
20011360
42706548
43417227
24935007
30442982
26341198
39224075
27664565
22083750
30832407
41502827
7164139
31324805
41288743
43094108
16001344
19959924
41627506
23779526
7775969
25963350
6225080
12246993
6692719
14467424
35744531
28592825
27542459
1099413
33420693
25603494
37812372
14371767
10344633
28264983
41122007
21326121
39141117
1890461
40202164
31639558
9282855
36236609
24038096
33517129
17281008
35866095
41076248
35938455
12562532
10934912
9654474
12073994
2219437
36829493
11513033
5967765
14986245
15314731
22433951
15871727
35608621
27295417
30292583
4020163
19729287
19110483
15976901
38515550
35230429
41188280
22794626
22623706
15391893
9238491
855270
9698065
29337386
24239052
37191251
34915540
38511567
19035789
11582588
226212
35560775
10727408
16924880
28545545
36919650
20996871
4891058
24543648
19324889
40850729
35305752
24873248
-635340
17606558
21284342
13143335
33299508
40688736
41766459
11600856
16784811
27428276
33461217
16367555
10489390
16424914
25857418
42874481
8811058
40182868
22073906
43446042
27878191
40461087
3347994
4535590
23496539
36092668
26765972
21270580
5147629
6947082
557315
32539863
16332878
31662880
-170129
19295216
27825823
36171641
27296001
15177117
30438094
8441390
5144742
24613273
41092199
5782762
2839049
40860927
6661010
21042738
17316094
5022513
40916208
1978031
17856374
15725379
27305739
521224
15409528
27722796
25717924
28896534
25153238
16389915
42279439
25801455
33990787
5409122
20855726
37430625
17176144
14244571
33027157
25339276
16258927
42812759
20307705
5920867
14841297
1379486
42106534
31923976
1980990
22655693
8374956
38083353
7789678
21046188
25692975
30134802
35830396
19437994
20586318
24584905
1333631
12499452
5031198
21840789
41998779
16614946
34065513
25611322
17379732
9140334
35941286
42688778
2457711
38122244
27457276
19308537
5183739
10661401
24244308
7479311
14571972
4218862
7357414
7840100
22695525
26215131
8221843
31000310
12481206
-4422
31040881
16868947
9914713
40637929
30653204
-621307
32087025
4370643
15753241
37938441
3183458
9848514
34510313
19191529
24848977
38966473
15064379
23795390
13113442
1156539
9056331
8364402
23826920
10919873
5612946
4044935
20994311
30441843
15594889
8675077
26432677
34371890
31260035
42592405
21877181
27546114
15488687
-835873
10288257
738138
2524246
38336236
34123343
16300450
9564669
21747395
41940645
17344030
33054586
12295177
29779755
40320535
10654119
6649204
23697249
6519965
5974366
41999926
9512287
30223826
7462
20595552
34193148
42282140
28188506
43304864
12966459
31309894
26019996
23680657
17880929
-358174
-16003
35006616
-397978
-2387
12436322
25327301
30243193
34235677
13908246
20613595
30904316
20185151
5100238
16239353
1214798
6651694
40579715
1371702
6473890
27432670
13717546
16711575
26772592
28877694
16628646
14109936
10368033
14721295
18347412
32336911
31342470
36434043
20649535
26670954
5136806
13607540
16590266
28326051
9714392
17224634
41457166
2746048
41612786
32231887
41896990
36693738
1059891
34006394
22895090
29132372
40694581
39105989
38152148
31176508
19552603
21356
27692880
12944237
15640462
16033424
9916980
41438178
33504221
28842871
34728294
4993753
2320556
26604585
34624331
33693352
28909414
-390466
9131248
17746570
37833204
14083247
5470182
29975502
36167782
37899360
7374395
7696134
15003166
40079323
42375020
37709397
36687409
8693748
37696546
25604729
33515797
33249165
16444603
19613045
41436220
42743129
4815578
18420950
43069944
17471202
19468474
33674511
21265347
9946422
41536521
10274235
33024893
11162669
18323254
1927980
5711975
15875172
13509943
26536713
14635699
41997298
31105962
-595554
3132143
3805901
3827316
19249404
10243048
14995050
3751302
16916149
23938901
8217376
38876712
18836262
35694820
7921381
-199795
21323435
18546900
32473724
20532291
16160703
23593538
20171121
28894541
10887884
23388874
25502457
32266031
22160970
35421855
38546085
42478361
40284543
38601938
6147841
36140340
17363312
2739396
39961250
39196089
5476157
28325448
18589216
13718450
14099578
23168353
5901057
6335203
27876109
1445366
13547811
28502323
19779321
41011863
13105333
36281710
34356137
23797096
30711825
5708556
37027419
42014274
39909246
17057524
26310657
4408238
27422496
19146640
33890243
2350260
6777813
30264029
26239662
-494093
16857666
39564179
21585785
4843493
6708666
7816440
40309749
41035902
-279667
37588419
40171701
20428767
25327233
8089402
33455531
42358576
6048117
6803248
8033401
29098341
12262080
33946970
28008069
37954680
18023941
26681470
27545312
16976488
16727900
30252630
38580840
9948205
27129901
8367258
35522847
4401566
39142924
5955796
40596922
19382499
37131523
9329038
2205569
23026577
12849816
37225447
26129046
22219719
-236725
15033568
13210625
39270653
-152220
38774706
41008172
14474555
26015352
14349864
36962489
20428820
14412227
27947039
29989861
999934
5896689
42142966
25417966
9979770
11726970
10618375
39173244
16802519
31071166
23892373
38180117
3774407
20783795
5388889
35376944
4411817
19153216
12442702
24537127
13017903
32572783
18842241
3595337
6794571
39744428
37318588
2337751
10232325
5178545
14416964
25109229
13122546
29670935
30864954
3905122
9462105
22782041
16012216
13722446
4362135
15458510
17573035
26839799
42142217
20271043
5449720
7816011
39524761
35112024
11338882
29111193
27219830
19854288
29998345
7639501
25474359
4918219
39171172
17447185
24459891
21043070
43172612
29565609
19773460
41444900
40506644
23570135
8935937
5415335
7716674
10797603
43505028
22263233
17703468
30125113
41467653
43140129
6675273
4958605
4572943
32165658
36200054
24755385
6636635
23359765
21830461
11821428
12531861
1229980
42580860
1909177
5484379
43388405
16543678
27442689
2229946
3867456
15380069
30068517
26774510
35798699
20202360
6460376
11972374
29358681
37960544
14311211
24039785
8598695
11951930
21550735
41835285
13462267
8292780
29095356
6154190
41112559
17385778
28900931
8737696
12161220
43483705
8107769
30273779
5639966
25090762
41614479
19484859
2174006
4693556
2613683
14799271
31645099
37621512
12070429
32124849
41487739
24948903
143545
8508724
25675165
11530163
20175452
29155825
8043685
4915146
41631309
39410229
43162185
15020662
15642439
15868487
33454318
22708393
12202169
34284059
26158463
-506325
24296043
13346489
34455269
34091574
9951473
32602483
31596410
11329755
3302839
27386119
11934379
15357096
42599822
31779215
25146460
22210440
16570857
6575131
21844586
28841563
20036269
9544761
25134980
4955925
8574741
18928946
6080220
36698344
22993005
19088940
6308220
17341230
11737170
40630004
39582333
21464887
23132728
42593191
19119860
2182725
9255751
10994163
26804478
10449892
3662600
11868029
25777026
42414657
15833170
3799322
8794153
22443235
5283911
30482913
26696638
31755769
41098334
2195258
12578292
20393850
22393766
19106207
42746054
9992453
38111018
26592154
6100977
16713747
13694892
6116296
19346140
42654020
12148017
18213518
21207615
21254758
28873925
26317296
26402487
39961882
17484739
35267746
2395403
5707072
24268001
36415773
34543652
34841999
17577010
8045376
26738358
3225248
17934895
33273388
7029812
15896273
6734888
7097201
36453686
18719475
1132556
32214870
28186806
14768609
23533154
23012647
41051402
33408636
16108403
38690522
18994751
34614513
20430918
16347511
8429871
12626962
35157588
39574306
41944652
11505347
6935934
32111151
34119609
2834108
34365098
19172573
5520386
4513907
5539274
40800633
4625843
37732931
14115421
39657714
27546886
41115481
42535600
4976320
35184978
8715405
39567754
19462473
20015478
15250323
41970380
15736715
24464376
2119813
16730195
14987674
36534040
15994552
3268171
15060213
11131463
40578060
29171220
13787546
24438936
15050773
40952311
4982353
24147207
39411952
26644396
32610310
9980540
3553251
31501702
37164688
17711288
19718297
9900244
43377021
21981942
19606279
30243680
7686944
32390090
35007891
35951405
18748077
14394982
23397522
3012563
36867465
13333961
31039754
39364270
28212018
31210752
23940649
8487961
38284422
17791889
16968067
5320330
14748888
36963607
8992802
24748050
8442800
39198631
-624099
34899643
43012968
37497003
39386604
6283856
25116161
30272112
24493683
21038760
19238794
22179345
12064897
17983388
7245004
3730964
31224561
10165043
7722437
14573466
39952032
17362211
30712272
22706715
11054391
17389414
12363394
28459473
30672014
7447757
5397139
37385221
26203695
32770276
3904749
27794539
38240261
26580410
13250112
12138527
20042391
3838356
1592636
39031347
11768553
23510687
4138050
41517015
16695389
26928560
40459916
27577822
20833661
13011818
11519657
1600324
16036195
39797589
-547506
5782254
39816591
24520485
22408564
27171189
-116382
36282428
21679163
19758949
36315343
29490525
41057403
642933
37606611
25938237
31406435
32843815
6672385
35026312
16277196
21967099
40527959
37346190
39818567
16664590
34522519
40832878
32078636
40616481
-318326
41010116
8520774
-342215
24955514
25085211
35463880
1480363
5095651
6451555
35223409
13065760
962867
4136970
16481120
16668173
24536958
13357787
13601436
30349778
29533771
9497981
39433898
25123798
4507199
-649803
35209193
23341960
42138715
30925900
5748462
19004318
8609014
29820506
29565577
10463812
34728645
3842399
32839236
27388586
3811309
37695852
9094896
8744796
20344692
31759550
37394013
4793504
38652849
25418629
32675906
4388410
36829887
5716064
17881177
30148284
31908753
2707757
35178188
16425228
11738341
33298993
7211780
42499895
27142145
43439231
2930550
21334432
35628298
-968187
10273582
32770515
42582373
42324751
28516668
41780948
360938
32958053
11646461
42684194
-708637
26744679
1129001
32943725
6580154
4168556
9360833
27103838
8058771
12032123
35464587
2262905
21544908
38315166
-760248
42009382
24614636
17671628
6081872
19932508
32244619
41607843
16967185
552633
7368297
41685544
26578751
16452881
20524379
16468242
10986606
16689467
19529460
3658357
8296262
4180692
33919130
40788349
3905602
10377899
1597246
7734806
8352168
-49066
32969416
29416378
28411575
31162516
-619032
19398358
38719925
1819135
8833775
15764189
34482744
498201
9469887
30474205
9903276
33720399
37521469
31420273
14030964
38939011
11966559
18700491
5195941
5862698
16099289
32153420
10834423
8342037
33452586
34697755
38540037
15957738
2327980
21259966
11390624
15642430
21118365
35146949
32942961
82281
29972779
13487498
12836950
13170946
33365689
23291237
32721241
24548982
16907584
1364968
16616646
27281777
12565665
18495586
17561250
37598287
25988719
21887532
16705229
19336144
6134443
34241274
15037387
16715109
31483837
23742535
5085659
18633745
31354750
2186824
43162266
14444913
7415204
34361515
4969061
3164166
20017016
36712009
3209812
28264689
31276
43259234
30966993
7014437
14015077
9693489
13174830
29894028
11338464
27266500
43415289
8679498
23640204
33924039
13258692
10995441
19067983
13178327
35162958
27894758
6164783
23226485
34015768
24725219
1323822
16470428
34053936
36021851
32126362
2016219
6930048
37478585
33692833
14847772
21351607
4546737
6304171
24546560
12916451
31816315
32769915
8202211
27489377
35574661
41356087
19220070
12851616
22137300
12928845
15087261
20813522
-154304
38592073
22949235
14802404
9556214
9021452
8183787
39644480
5032440
228811
33522516
11923724
26435423
42784044
30360546
9186981
23557180
16605574
34415174
8649686
30101498
30416820
13298330
9997663
18179802
18637003
2146288
39352161
3692923
26315333
24735930
30296535
16894440
35970087
10864471
43006229
33154660
11107179
15318985
5803327
40723321
34622735
4427502
430121
33474682
20570415
29813368
19210627
16126874
33138144
28393103
13632217
31053746
40261719
36429173
16012598
2666067
19261993
3542144
2301269
5928859
-803956
3730138
36501075
13397210
29704792
2656354
18685056
19981199
6610011
5102601
22701999
17805998
35697084
33974527
14838333
13178909
42162856
43368555
6747556
38602355
29994801
14425203
6726421
21857422
30409618
1404389
3541315
28075233
40256764
4428555
12784824
42570871
9272131
12548189
23451223
18100499
21946941
25949835
12439180
35731899
7515377
31519290
4957069
40011567
22591053
16800256
496455
24153807
6129098
11441508
36780083
11727064
37558844
36642264
3792911
39902638
24692197
8912244
21272424
20424242
31016005
20922021
29779389
40031060
37209239
30449778
7879574
25364890
35394474
17631766
3878395
22495750
29988060
27511768
42407426
36148201
24922794
16226752
16790326
8959719
2560020
7134831
39268684
5384021
37027655
-693903
38337316
40338708
22216224
9452891
8291565
19196294
16347810
9142563
7531799
24283003
39723561
32519294
31353929
24805670
21990738
6493163
13731637
33420631
9016125
27122868
-124749
20880828
18987367
41723824
2916989
29252772
16408324
532490
30420816
996440
24083070
32708679
41120471
7296484
41726315
32102975
3982241
7592479
22631554
34472975
29476402
27472722
20584312
386194
25605209
30969200
10489208
4308968
37391242
18401444
1616147
9398473
27770717
20403933
32583195
9824951
8179831
14474823
12928900
17175519
9164030
7465698
34372454
17488053
25024566
28491408
6367701
24258689
7381206
36075101
5532338
41382936
31028062
810822
17040008
11558041
15372906
37593338
12433306
23439749
22166827
15063362
31390483
7150571
1968221
37775095
37144478
7347089
13195701
13033186
32055661
41322620
26650990
9801386
8367367
37030313
4178078
26632442
3186110
125971
21269034
24066270
30757810
32203358
35614039
4635879
26652020
40706189
26068051
12675297
37317221
30203458
1733558
24401200
37484764
5332173
22651901
20745928
6796356
42711191
30262860
36048793
21534998
19946062
21461699
40686756
10981961
1492037
5069682
17077808
22956339
40472582
12824282
5419308
25624369
8621285
25779123
15878305
5950062
37541662
21212713
38040311
36007962
12689573
39775001
42622015
22141492
35593638
42733168
6781015
3445321
3304636
41650950
43274784
36868254
7942591
34709455
5080693
33808571
22608443
14334241
3423091
21028276
5846258
39985181
21531872
41207829
18340007
14691058
33881110
33805042
39323436
14670337
3265007
39334492
37341260
30702316
11383236
2829680
36660113
2192131
29127682
30678509
1527371
-744257
42830002
24807258
8426310
16791111
12876095
20237300
42274358
5900248
27728562
29533300
12498581
34286483
25665018
25977988
15608976
37749566
25134906
24466984
30986296
9501484
27808877
5062810
22071940
29819470
9372862
39115025
29893245
37577088
21507839
42102739
32218005
14062481
40379378
40186745
10954579
3838953
33530674
26404516
39818762
9344067
-129773
36585088
-589716
41981822
15603429
40795963
4441824
20132656
16919112
31280000
24382813
22414516
12474012
18559262
4644214
28221438
27243800
28845564
29266473
34876952
29231473
9337788
35610141
30994708
8018381
38372592
40416565
6754017
43383319
16955461
13001448
9016182
40822110
10886002
-555545
6679838
9812062
38178879
23083486
29061696
17190764
19466836
8703439
31170786
41213551
1058849
18809599
12191401
5517124
8380588
8841718
1788556
29817766
80534
2408606
3002543
16928922
17608030
759448
6137694
24740278
42327360
6313175
31456030
37703236
26663437
18132939
7867310
16985464
11902195
5985821
8584115
26201538
30907323
11508444
25994414
42194052
10310508
5829091
2296515
15689723
8647983
3030249
13332264
13239093
42073540
30140347
15224576
35948477
16732961
27039861
23087227
42320589
29515552
29014903
8342994
11750059
27747663
21363727
8559012
13669540
14484373
16199656
26431253
5256266
13721758
19342335
18443843
40460565
19658282
34147301
14180123
15455464
14983602
15033002
35500297
41183075
363614
27551837
2956425
6759077
24321947
24688906
19250407
21044168
8322800
32741950
37839487
4948777
38156978
21742973
25619367
23928495
14861449
41256595
14720401
13629245
42633830
14174146
2309902
10839191
41509427
42242072
30353576
12776220
11183457
33388439
8833156
29078504
31655194
14856706
13598695
17675555
27888381
4308281
18158450
31312227
41324906
35680417
15015663
16898614
16447776
30611913
24268069
7796017
20821065
12027480
34398874
1494149
15875255
19754951
20703317
27178357
25732994
32313388
36775179
2280946
19733660
40013903
34221227
34043414
15823916
9096313
3373758
7775741
42427860
39902938
19548052
25518253
39772593
4878054
1456849
1690894
11153106
28146459
15514359
4272422
9127414
21151875
22258779
14454715
4414218
16448387
28251679
1710570
8271681
14517782
18562154
13839772
9112591
40115795
40911639
9239241
34043452
35580753
11903286
21289127
39389146
41006890
35897661
11629708
39521951
1181044
39808404
24035966
29964919
17466301
27056203
20734377
30979514
3510831
25287373
31883558
14245812
30744840
24196455
26455883
28964825
5940261
22938718
11036302
11960898
39257013
23342771
10330677
17279027
16093397
22882637
1216885
36173709
15012336
10383186
815402
7100607
40832773
33293911
1385569
7072421
16342138
17411918
3698691
-380228
35874267
40181237
24785281
37179824
13834241
36372382
35736826
2919415
35453864
11849273
30929369
43045767
22184286
16156013
-494216
23530517
37559592
30901189
12627544
29800297
6780356
8985284
1806021
24700030
27270903
6145136
11834760
3666176
37166869
32865613
12441505
4531368
40982402
11635088
42804196
1573568
34508992
22178203
2758835
31658395
39541827
17206530
14811785
28141025
38743828
8979993
14669987
12629174
7601034
26036087
12047000
32842681
39530238
17369810
35221658
15281945
32894018
21847980
38604205
31265620
11709349
16772599
16506384
1283558
32771930
9036252
25981841
19964341
22544828
20722077
4201073
39788000
30904595
822764
3400457
5614161
27432836
24072083
12296532
19280329
33206182
-411610
42049915
13934571
28104706
14580070
17931931
5570867
19474317
25884735
23997240
26588418
6415921
-270349
23657514
23991786
32132380
22055114
16192197
1704446
26399415
38859623
8607205
6824107
5284985
18348792
35976633
26786338
33230843
22531111
29469815
29556440
38948435
2509274
15342769
39411341
30086984
33425896
20650804
13907306
17295163
42056135
36384995
6662263
15822809
32123413
12683369
14022855
4435436
7111035
37445944
22729112
1687095
22238887
10962061
43136332
38584424
16899294
11727389
29568105
34737240
18919492
1484761
21444111
12932205
38774961
17278133
15685726
39252035
868435
29124655
18869878
28244669
23193152
23312698
8561911
38436067
1190656
30273365
16863357
4971360
41953839
33859438
5427049
33268371
9426848
34451440
15805643
41450234
32870908
9684988
25147369
1243479
13536026
34141591
10952026
2596425
25766190
23602602
30087653
28733991
25154682
33841993
-962551
29305022
855426
2449970
39073780
33866292
2578471
10659751
17034861
27274599
18727671
37892717
37573285
7746339
11849085
19463277
26545593
-40207
-909690
25075522
27163261
40732676
24934081
33746599
982900
39689435
33669451
23884122
27510964
9987976
20149696
33120007
31476863
17491270
18473815
23508038
-21633
43489412
7197686
5223086
10767511
17322050
-279767
7285697
8432322
16180005
32985245
26219218
13673165
16879024
7950399
-58538
21959585
16895428
-553534
35918709
7972245
25161413
36862972
20939986
4639904
37872989
29946790
25698395
14578754
24088520
25128463
20321613
3650788
21656937
1943589
26822255
34826815
5468605
38825902
11461455
32852029
2446857
36036270
27481871
41912284
2783924
34790553
27847933
38880457
33125024
25863648
12792859
14043164
5852330
13438030
27491810
4354323
4812998
40354254
16402912
15555044
-578823
6087275
-700035
19312189
39394705
951324
12112922
9907093
9541901
40212463
36648646
1977901
38046079
23734781
30388195
35301164
27660528
22891303
17893560
307827
40356324
34464941
7925873
40307796
39294630
43124582
15249569
38073840
38091303
25041332
1301997
35886957
28752811
36199069
20890693
40391489
15992137
2400918
11328957
14709386
27053695
40157521
11464934
40290642
14813548
39231317
32401672
10941005
5377824
42393238
2729674
2702300
10693819
-40148
7919681
15883883
24973503
10435728
13175708
16911878
17977181
33085634
5957860
39239797
23729418
6542796
1058049
11030569
7065885
34314224
41464702
26015419
21753249
16762364
36052709
2166330
7002961
39160934
16633030
32037356
19494963
24776024
16725562
27376344
42537751
20319980
42539504
8224135
41791142
24161891
40155652
19750674
29945644
24104583
40478703
5703463
4750865
40658476
28489184
18383842
40681135
23531950
36598882
29562498
7817421
11853324
37125156
16071071
32375208
29872874
-364913
19828434
32938926
11260034
1423390
10015938
34734207
15552779
43526455
5219545
6539704
24514514
21971271
32129035
16005433
485251
5539457
6944284
42494678
24475598
2301317
15599127
3629401
19986385
16815286
32113801
16066554
37529078
34029723
11958190
43443023
16030717
29904876
40622039
31752784
36962437
38887924
30073650
21027197
19009030
20505486
33995021
30284253
68539
25997239
43094614
41912312
4237007
5266438
26533076
40319196
42533442
38863388
26774119
13736887
18131490
1726400
15831252
38925539
10684368
3909396
23612489
22960144
3884368
22836587
35957816
30845716
1395132
19725117
43127583
15477290
3415879
4411086
15111520
7535633
15194151
21365374
3759966
12207639
34979880
35683633
29454727
33741652
11887374
1531751
29672377
15436400
7926593
33379454
34493840
15217922
31776027
12665363
8990059
29239689
40335830
18147852
33173399
37566598
5701571
42719206
39277951
11546076
19990676
33240147
16931617
6037401
9346022
5987895
41602335
17181057
223286
41330065
4183747
42606185
21780209
18518837
7523907
42063306
14202412
19353791
8522649
23268452
33849699
28577613
28444571
23668632
33376216
6815278
33479782
15177089
13556675
33005841
18689721
8527256
-550238
9397631
29877094
16873099
4617337
25046983
4858489
10965124
4873705
27828236
23834911
33853093
6679916
40120443
38085790
38094908
30774170
25130891
19507795
9673416
17586443
26012782
38984383
8788050
42508161
20157606
41188719
12266598
36247047
43527051
7496679
37472820
40954837
1194147
38084999
27475929
21800371
15312926
31980696
10530310
39654575
34349668
28000831
40267122
8178696
29893376
32264599
25660904
-118424
11337419
33747288
148549
8636039
42070396
20573519
21100950
31043556
25560671
41647420
3291231
38896572
1003781
18469340
6262970
11456658
18997165
36333260
17606536
23333120
4030171
35410752
3363765
177874
40547304
27112450
28999759
6184514
13729093
40145821
25409646
34206363
43382874
40081707
25821064
23494856
21922244
42199487
32642474
34473315
9027321
9061798
19816930
2341304
33894706
40454854
23326576
13598754
17099597
14824489
19718693
5958542
11940369
9503313
36302617
43129338
36661303
24239486
20509245
21464091
9272061
21032772
38613535
36202332
14356326
38833132
17969579
7492406
1605087
29358384
7783951
11667934
38626202
42181531
15467339
13865850
12356787
37053439
37584519
853093
16733242
35843
28888616
13811891
18700329
6065536
14866797
9668114
31489934
3561138
32996767
32026789
36645523
21466722
25678931
22055304
14492921
43195735
36583839
19394062
29150938
19588443
11051789
31824499
34843007
17061408
16620541
1278275
21172250
30470368
9151249
29073667
10499636
9714975
36136976
7607281
-200510
21264178
21412714
3499157
12270570
3874435
2777836
24027198
6680068
1744199
41326595
38837350
17165217
16706735
7775129
26232692
6505653
33184322
33787893
35748597
42167762
41530790
25634263
18085929
27500968
9644764
25799474
22024270
14168184
31414463
12572709
40076608
34776795
30248135
32656330
17738142
11515764
7563052
2956328
-996929
30269479
35041609
32297822
21679097
23568790
6983663
674599
17226314
39806427
41773484
29787401
3350909
41639744
31459796
7796012
24694837
16513190
12409523
22718378
34934212
27072529
17538891
38195767
18463557
39563184
42677776
22840163
-251941
18656865
20479950
7253234
20965047
14022746
18063807
23192643
25156175
33293336
5649190
16241716
33722143
22057214
5451780
14117432
8531125
39761444
23598656
12241653
37425012
525415
40092819
12254811
22068729
15616045
8557031
41755317
5031830
31770182
30757045
13257831
43286583
20611424
22062898
28582928
15868192
2839701
23701858
36611594
36246252
7218053
16933294
664022
84389
-596957
14472522
34227441
21222754
17098752
11419728
36082457
11982394
8440821
23901512
40646556
27761274
19523157
5128574
24437234
16566077
29073438
39542329
30327749
22544268
37701301
43273824
425120
17739284
2000857
21418396
34264357
39427293
16729262
26705023
34700098
12429805
38558193
9477044
40928262
18221521
11696923
1159835
4349335
1805862
25811972
24241780
18322328
38291023
34469352
30532555
29465930
14746468
5898009
2367338
2315746
25750217
39084743
33046521
26295040
32528889
41867514
36875181
21752451
13091437
13218589
12669954
4673142
16945477
39972278
20234889
34988893
15046365
34473972
24303497
18025278
5849834
39105008
31572427
35911651
42324047
30037591
6259991
2536400
31326295
26538383
15617356
14390232
37923332
22902981
4999786
10348262
27946820
18577217
29972437
39369771
3071713
42395203
36629450
24460336
917899
25181131
7592552
42513837
37653553
4402403
17896024
22986221
39204698
42760510
31767642
6522168
16565173
2714771
8029244
34343384
5102531
23517640
8346307
42526562
28946442
17684093
6498001
16812929
33075171
-357057
1446681
40314506
20035707
7221619
30588235
674471
24346175
36150346
31676062
41673413
1612555
40109651
38916066
33741752
9271564
9702645
37154375
19492443
-426364
42133919
38562871
38805809
12153860
24534278
-780121
28041116
37063913
19230079
3941686
29292467
36732929
13036057
-448991
22131472
14562495
16488065
14643769
2872329
27634981
38317392
750289
37682143
22402796
33842866
13629382
30716482
6136457
33417531
37091302
22659283
29128501
27612814
41880841
20808294
43503233
21537098
40134986
23623535
1292858
28868171
26970414
19415640
1658488
18964265
15557027
42261054
41162805
37538239
21629187
22363794
14795490
40961388
42149220
14649784
4757517
27978196
5443624
3747702
10363672
16629541
18737205
32787793
7123518
17392804
35588500
20403935
36646871
12366040
1392230
20849109
27562401
33007684
13813417
551512
27896974
13480527
40508401
33006624
9684087
6863319
-838037
13709244
12869028
2050564
10697152
1817111
33562112
11297660
18782909
7034797
20932486
3052517
24526439
26135984
10587720
36590181
34447409
37893448
6035312
3350989
3237175
11717857
29425428
19530850
2491169
14226311
2706717
39559518
41685077
6303948
34928689
17851118
-133292
29112448
29585017
23128928
24989282
40961358
28630373
13552453
4521398
1754721
7846109
19333326
36204142
22312885
13865964
24237961
38175768
9431693
5084991
19487643
31645153
17252415
11186963
41204364
29546601
20896540
37722856
36750937
40741579
5789601
36891884
14536047
43823
20310546
25164850
25305366
18905657
11228467
11428942
4499631
21302259
36371309
19372886
43340476
24883882
13421023
11794958
9141469
14923546
5910849
7038293
25739575
39601296
16192711
1087263
12739899
4991329
40449402
35647453
41492038
30224074
25162669
41662417
10794032
81229
27461766
17246838
16898720
21625133
39984725
41653847
692412
16474249
-669081
16919766
4951895
41769665
29477961
5159055
19386225
6903277
3425332
10115453
27680716
33834834
13480978
34285818
31298425
1043748
32962844
5332708
33807952
16843789
-153429
31597896
42094333
29826839
18172727
6792615
38051538
36783293
30615596
34073551
33174211
43071406
2925994
37046246
1276049
12326655
4175812
23041940
-968826
39205929
37172752
14469
7907627
16506258
7892256
10706327
21272670
11910091
35090682
23327450
23818740
29958891
19321924
32847433
26459067
23303668
29999322
10399580
38259243
18200601
37285789
27286418
5056030
7315306
41590625
23944884
27873449
23933805
43276735
22883520
31072308
5123193
39592607
17062295
8267657
1516598
20039673
28463956
11713370
38651088
31464349
18250795
29520125
16905400
25016065
16231038
40933040
37206409
17721772
13057018
35072424
18082142
18068154
4741324
18712951
17861555
26163040
19255646
3128637
22013981
25717397
7589115
30127380
23192773
39310496
7221353
1913126
3090369
1377763
39217537
24193056
42256499
27862248
6083789
22212959
37083902
16341177
10342517
30626733
10627230
9769530
26114948
3380085
723721
30168464
28608550
16341010
9354545
37278969
15137883
18284850
20238667
3728702
17488892
9752760
5934315
20734957
7677020
32227998
42007196
-144978
5458928
9089726
-675531
3387623
32980703
9690523
7087748
37233210
30382022
21102136
14569692
35494999
11800900
28762268
10385118
26092699
2700547
10488485
42678530
6534818
28964827
1400827
42250398
21236484
39730693
5988911
17208253
15537023
36462456
-740048
29387280
7453593
21682262
34863539
19768553
40823259
31660079
24036947
37310853
17183562
12705433
14870042
23197784
28156182
15245992
21190035
42653366
33165721
43079261
27803351
6181589
21211036
40684737
40144442
2160502
30506656
12597460
8608025
6590213
21034887
2858241
3738296
31086986
12616268
37246663
30021860
9024875
18191764
5563554
16671357
27421441
15903352
38023185
43347904
2987050
32896445
39379081
34076373
18221395
34441772
3837176
12167951
6076182
42607193
13632346
42189973
16342373
13609627
12528421
16179990
9655392
12515828
40766918
16137447
41874323
27384616
39171980
18159917
32861005
31391912
20250573
22079213
25263939
-13850
13815302
32152197
7760494
-162795
22371060
723505
39425515
22817851
7696714
33906985
-831643
22210886
12567407
37075273
-362008
42084387
29278806
36056939
8544694
32785258
4074941
39000496
19467624
42489532
36311368
34061384
35497019
30116127
33561615
21825117
27236712
20460322
37332104
-222466
10725471
38775498
34063334
29043476
23390577
39144
38997519
20393007
4034888
38661602
13119378
20835104
19929151
23620344
35375565
39320548
5131765
36474673
2546619
29508237
17382837
30826680
25781830
3674242
29809083
6201476
6754307
20109605
39538951
18114256
43441730
43417642
29292160
24769149
40606586
27724250
29863109
1744014
39241439
9517500
13436105
5661216
43167807
24563776
4690696
10439439
37128415
22132782
40779866
23487427
25277655
26491290
-356323
9147039
1295571
17604708
16720212
20825774
13590507
39296832
12384566
1520366
4322746
26798151
574491
37481551
5041795
26650706
6014242
29159291
10172088
12265408
22456382
39349508
26302044
37452422
4983157
26949049
20558434
3294434
6237735
-474925
13805790
4132850
34460980
39730382
41531194
4465493
37274521
15276326
34339604
37558364
15269570
18088605
17951587
37374603
12947339
24829132
24858424
8587483
21930297
241895
39001524
27029668
19937254
24114935
1328147
30989441
20394354
26148904
18476943
41200971
29184241
9065984
4929008
8696503
9886484
34678996
17726304
11752411
12821107
606305
29332969
41256856
42966003
9189524
3581703
25837519
22925248
-385358
9068464
2534151
16222832
30124767
39737634
22370454
12234620
8935241
6995681
5135419
32830279
15771958
6582796
8502600
7120568
-955824
28559018
11821857
17520117
28199007
3454549
20268099
2758088
30160232
16887283
12886014
34984927
10316443
3898841
25093554
5291909
33076263
253761
1780516
-716943
38769228
16562871
31070510
23282379
27937347
32454473
24617615
8120056
41018035
7338756
4913809
40020638
23698318
3894876
14910832
30152164
26095499
23817185
35341780
12163693
25380937
3405245
6194954
21382159
16842006
24454448
-256389
11225086
20897918
18941053
25657784
11681034
11514611
36599979
24943133
10070209
36948004
40311800
26845697
4508344
14845017
27827976
25474691
38868028
808311
39356214
-221891
29698364
42484240
23341108
25322110
13504589
7359220
22191239
11434481
11955464
7285592
24656526
30661408
38662829
13078336
26237631
39582260
34348816
34792570
26534087
34358356
16961278
24047088
36352605
12311960
41375118
33874789
3361014
-767220
17407517
609907
32677595
36527816
22060263
32641327
14468845
27815307
13066397
14713376
7546935
8632864
4709982
9753102
1029295
519172
610277
13704750
36172808
5272520
37533679
27281453
22299393
38077064
9557689
-577062
42140361
7452326
16974102
1047660
17755578
39393634
21056623
21665051
37530061
627980
4547832
36523554
15491353
27645941
14787762
34039989
30846138
38862045
-313479
-803127
11550754
39532984
134904
28976649
31878175
36986224
27384456
17456720
-435587
38957970
2325484
35288742
626191
34989533
16159206
3375967
41436935
3038609
37750217
23577869
33627363
4291678
26456814
5789989
38443426
26570541
36576433
27237911
6894647
14804820
38424208
28211094
6609836
7280169
20453419
14239907
19640455
22403656
32363778
23603093
8690594
16592390
32066804
12554125
1909081
40086105
-553316
26205758
41963784
30413661
23610378
4872032
22322818
33351375
31372804
10691398
14001258
41655367
39457690
26277582
16642660
21568907
-33115
14341746
2283996
21336803
38580609
2440340
28963984
25872589
36163436
23940821
28621559
17147843
16527086
7297955
26415636
34979535
29383145
5915736
17670039
37337866
-113420
1265513
4257194
41156743
28464014
36091894
29176300
40995195
20333396
39176387
24985467
26982576
22624216
7607080
27747615
5303589
1398437
-629863
30293219
1747360
24657368
35905979
33260757
14341686
18631908
21239164
9626007
24124587
27040501
29003745
33732024
-129155
29590614
29999625
9660666
12334478
30388460
12879175
22196457
9364419
27090854
18155077
20693740
38062088
28392643
26174443
41372007
38400423
15616439
24542889
10727919
14991592
30393514
17068324
36164353
13549515
1975921
19868352
37667606
21661632
11043317
42194228
11746873
6450747
13816910
1805618
24099732
20136118
5223780
1509691
15752499
36436375
6512998
34211071
15711577
23538303
35482877
37014058
10038666
19881281
24931531
16599810
37766083
15188735
42404908
8625479
29673056
37468717
27685543
3823993
13036330
39892723
531631
32733419
24759165
31399127
24389490
-838546
18323133
24830655
22495172
41600673
25627358
29584148
4103414
30833993
12743146
16076849
16850683
26888955
8967174
35779368
4219473
11929907
10026461
24750548
13385354
14091278
26623597
39468020
30416358
39530147
39439051
28964075
2671907
20513307
9172481
40627369
43080352
11573303
35381221
5579820
8545168
2846307
14618204
6152881
26535202
13996900
10986486
24823582
3662805
-141183
38626508
17001051
36734406
20965096
40270311
21521263
30150602
12074576
12230095
42542003
23878097
13069515
22393485
24130169
14628625
28579462
13097700
680917
32716286
16503054
17448483
35764890
15826823
39923602
11728512
36151544
34282619
5108219
18644696
41621130
38945070
39977463
27584278
24221553
37554712
31983872
19859629
8534184
15449498
19940260
31226797
38402761
104167
6987496
2315902
17210897
11200851
9797464
37592032
1290998
33688812
37461114
34930242
37290719
19510252
38756022
17688457
14300848
17407036
29934322
11903535
34632876
29715906
9655723
6675406
26326272
31187822
39329971
11855386
13384865
24124462
6555227
31351171
42533218
1028135
17616354
8384594
39125361
22518396
37910535
36732134
13056801
12382713
5098917
31118914
26568161
39615967
33774387
38220005
5594905
2438599
17581015
7103768
41443373
28939858
25324259
35892653
37366198
31111548
37506776
41563990
611632
14550460
15172261
17662305
35408162
19830863
7715586
26243608
-33366
35537725
9381014
13451630
20240929
17353022
41570811
18625802
42003906
23530577
22154296
14652318
33796656
24259212
37103584
18922555
19625602
37931229
19907294
32599774
32521136
17485881
13106215
31362943
17260110
32696311
33298950
33849063
3975034
19231563
14068005
17886603
30562490
25545831
42830388
7092065
26238784
10068401
33771121
5729433
27797562
17173870
42859464
36424244
1207135
33286987
5934360
4836096
15063757
41933447
25229324
24006279
17396204
18957325
6548547
35186126
14724503
1748877
11228092
9088083
11694037
25010730
3037564
5124107
26957578
18692028
21770210
32377247
18826169
4702273
18970586
10487585
3147055
17002950
18389231
19917447
14376603
12238519
8151931
21063122
19162015
4833822
31945097
42526593
14424327
26194667
15910109
8721862
3298759
4113696
41519324
43264821
10084325
36422323
14211621
27419540
38497670
20496975
34724355
13012349
25278840
36519976
2232
3302641
30851444
17602047
14313414
35940458
19287076
2347816
-101192
40688899
16437345
1975683
35814460
28791033
14130406
14739255
22767699
4109916
19072513
36846763
21339067
29191226
21814604
29188457
30469418
42833074
19606802
40420972
13293278
26407145
24725090
28922274
27723735
1022589
17309543
42641990
8681123
42181875
43214652
10480015
17614039
31732919
7394813
6251104
22394957
39335814
34708104
15130606
1045645
14740420
40299660
42620671
38673400
9048226
42222124
5560763
13931381
38272734
14603477
25781203
15035447
41950755
959283
8767891
33004330
12453346
13070335
5022659
39649797
27151596
23437351
19099900
23437507
279497
19641648
20878279
5273657
1975142
37668559
40719368
12777233
31097168
43121527
9601218
16882046
36150035
38840313
38379838
12112668
34940695
21456729
34035560
6520171
14824840
2157314
30950700
11561926
28707069
19581959
9292725
33410876
31427730
12236048
-226154
17189731
4227030
6769489
39291339
26995991
9501389
27050091
17647085
30812289
20923546
40969567
16289476
8303368
8695281
30576275
31179167
411450
28829338
26837220
33047838
12816239
8523205
4606778
6149643
36659215
1953024
14233462
11183574
42337218
39226993
38317811
4763931
5884283
26285756
18516118
29854994
1489333
2076330
42932573
11704358
37103549
39528502
14358500
40589421
21973788
13138476
16626366
40456091
21747216
39610321
30661163
11699463
13385166
36685205
4021519
33494899
6087004
43364157
24478468
19494853
30957247
28208758
7804310
3904260
26545522
17361253
4882297
28101435
-508482
5304078
3708247
4757837
26127867
1904067
38025264
37923662
30166048
33741658
28755369
18782009
1593232
7498044
21472057
6718463
35438358
26638477
6948244
41694958
26894744
38672979
11261574
27592065
38650196
21131741
7541691
19821659
7619649
19331925
38148062
26317168
31533256
39273462
8455783
-145809
23088954
14095814
28456490
1019725
23485499
11453986
22525313
42213389
7557353
13590746
28084070
10546685
27432967
35557645
35143747
32646982
18051252
15187846
2278810
5971190
-511394
12312439
34034720
9360469
7295929
30406383
20312958
21607061
31863642
1263672
3785825
18242914
10141479
40974115
12634276
8586407
26712686
16682090
2637135
19786522
23794538
9037777
38150993
2905827
16813659
14572745
22087658
29724777
17659999
28792596
18330806
13598549
38586631
20223774
8001442
30214863
4292715
13008527
14016848
19483444
22285623
23249892
26671669
35275502
3118858
20187373
19950857
4605861
38829245
42639931
3421847
1522115
12487463
20813371
12406609
6707466
39548869
42924625
18130328
24800262
9621894
39004157
38642322
36247557
32381830
26830475
13067257
38606341
20332924
31001997
9395928
16295342
40394672
32162548
33829388
5637590
40753281
15204416
41679497
31906758
15420777
20755485
7333775
7584538
41191477
25719705
30548607
23665774
31763927
40698387
1498577
29249505
38186510
39051540
19564401
19269232
32769553
12938212
24594637
30290696
39267097
12370874
4479413
41848364
29392620
8649688
40297373
17275716
21239388
15661904
909990
10122325
37400264
27400310
29837358
33156736
20397023
27978474
18649855
17665065
30375479
36150757
29887021
22164330
3955351
39159055
2770141
40419268
15473873
33755411
40682783
37187269
13966947
1567990
17628966
15379402
32331860
32412332
36333110
5547091
30103011
7468474
26410955
3953884
31300790
27778992
37087229
12067605
27181897
36131074
106151
6546485
35071094
36242060
33046601
20715916
2538364
3584865
9360387
35701527
6198695
16356815
18648833
1026924
5287586
43252882
27434833
17943715
3092931
16249187
34750961
30025469
18947116
22964588
42924191
4720550
24982344
39527143
32614025
3540350
23695007
40200608
41964650
1427881
34371159
33492974
10976284
36731273
37976201
23156076
18591152
31266718
5848999
8696387
1491624
9969785
22477775
33295388
34022465
34730406
16257088
18831668
42633616
20217329
26227902
9074032
35695923
32643823
28567131
39204001
9732526
8996323
7361000
93947
39784067
17565584
25512931
36015792
40500006
41167958
1755856
2802006
37554036
20772661
21551816
12468265
21374522
24808910
26621600
37962581
26710523
24191156
6735397
23054370
37213675
18048900
13708806
15582359
41897677
8148297
22318416
466355
28435058
37290009
1316478
3753979
32670208
30958044
9266355
36720577
26016942
39830412
39518672
27981069
10001821
14261870
33212021
1094595
29209443
7311807
16269596
39619442
5731943
35939690
3785058
30760139
41364084
34881053
7868681
13850327
9167415
16549210
29818381
40387022
20144057
31072372
8381115
37184666
18892774
25246169
11145222
40420362
5889712
19289412
34229218
29208066
30058136
16013359
41949889
23975000
40455219
27199369
12377588
21802843
41457281
23944277
18465736
35585683
38206492
35263309
432798
31614749
37596486
25691964
11997650
37435242
41449298
30529587
24753919
21270307
13554984
35540937
8307725
31906086
24992836
2294860
19479391
19843104
38206993
9354877
19465661
25383518
25720
12943122
43376365
2201827
17333008
42530132
14394147
17372648
39430543
-586159
22800163
21102399
17785666
23546295
1482240
38501107
42910791
1262012
7256703
40683370
12501234
30129061
14829991
40658924
10082763
36179275
28945856
34049537
34236629
6682940
20243732
37521014
-485283
-995303
36444051
15794741
10337155
42318698
9308022
42560472
22287048
8688179
19089482
5906743
12028556
42803340
29847731
34057429
24823724
19587139
19157127
26352368
19611952
24737758
31587824
84135
40158080
38606620
6800064
12488332
36446275
42018386
-497652
7145346
16704788
42254431
17331011
33082893
34755466
31047195
13556980
20038990
26180840
33026949
725333
20970856
37036023
14525496
-488569
24938133
-634207
32032419
3856688
23854846
37227210
18884193
29853606
5489432
25395911
10030923
40626028
4185990
255307
11394391
20702160
13098680
3198868
41996515
30971329
18544416
38067436
26856510
26692892
4630789
32799045
32882437
15601241
13510497
23073161
11779180
27648822
6737013
2855865
18354739
29361449
31823116
35470079
16355097
34043837
6631896
39827617
39363503
6498233
594715
29564182
14445053
34636634
37279557
12633704
2284600
35574542
4174467
12035362
31113142
35145468
19114438
26897468
14604204
20366677
11881736
15915774
37181265
18243869
41625931
25908156
6742730
4531108
16982043
27453903
17907097
33308566
7079453
8831569
35458820
41492535
38132374
35110340
18383641
30989977
29102976
17447931
13679156
14772360
37405893
8174776
36951001
33194781
31754606
40692415
39479716
17293791
25921473
27273002
14025336
39871183
21418303
18894896
23110663
10310715
34260694
27449767
9671308
27025956
2888373
4204412
21779686
36904417
3822901
33270129
18435731
35592563
14350842
7071856
28421184
1612560
10612840
10247876
19137489
27928100
8617134
24576794
13479527
1975092
36502729
28453970
6377954
40605824
15339007
38638216
39329639
36500860
1935992
41210146
22053910
28222092
15031574
4999383
40159339
16339547
665718
1851776
19261670
168638
24957355
8343822
4385876
26293543
13310137
2157568
15671422
12080295
29469275
6986685
17001966
7481395
21520190
5988015
39880654
33836656
18342377
35156109
23981194
25569861
28719773
3311058
33772212
8703773
37629324
26770055
13683638
12989709
10176840
32575112
3611119
31022839
4315502
38415598
20913944
25273886
6996355
40662295
8669437
41718411
892789
867290
37374754
6085586
19505924
16893558
252510
41017659
20427417
9141196
31768062
1987097
36854039
22026611
30498856
1825596
16018395
8379752
35738638
17383746
41814118
14281896
7897466
32571114
2535041
21513893
18540990
25113281
11745604
3331495
13669113
2407221
43438133
2151020
28273615
23794407
5933004
18358386
15220945
229924
31364401
30945351
26114822
2335238
8365889
-534459
1475624
29899679
11629323
15701452
34302917
41752087
5792875
9491258
6249981
10241200
10435334
22625433
38061285
6496935
6053088
28514031
29766074
21554075
43095860
-745130
25224677
41947569
15163837
20803473
3396655
2537320
1118075
16059400
19481008
23044930
40107975
