18415484
26788003
7130940
25576485
42162053
-503844
30897512
30546835
5804277
34646251
10571435
21004628
21625714
2038448
12097392
2252677
33634622
41799343
27229788
9332528
14858947
10342997
18007880
25024454
30133226
19905481
37023612
6168412
42552017
43014529
7984759
25156822
4748046
10536195
23445494
22537818
18183385
33662575
37638381
8892679
23812217
40567137
17472642
10157368
23023315
27654625
20025727
24277863
21145744
31388767
23652784
38723518
33296257
42820013
7840510
43181218
9083039
6799485
22657764
41932072
39406668
30278339
22052878
24210909
35303971
18259707
796577
4225514
9112479
27458592
8030050
23312800
40039229
24134142
14027007
6343229
25775135
30153344
34734558
19423576
15329504
22381469
22867647
4196756
1506688
24423171
43349
25171138
20931851
4368150
20508248
666758
2734969
2748818
31674457
13278667
31565613
18527004
14918597
20574033
29150343
29972504
13495746
42116449
7539287
26147019
1967039
11751082
4499530
23961810
20650510
4155519
13054577
7475164
22970884
30001338
33636351
36181071
1840761
12156907
31415813
14032273
15335613
20942664
38358940
19290502
11954342
691904
12508665
25928970
9156279
25848924
14658065
8416649
1730230
27180420
3924697
43331689
40677066
2835798
15933048
19573995
7028374
31140406
41827222
27318924
40710344
9518642
32646459
21872234
11021776
40932869
317596
8695760
16786054
41749224
19282677
37205114
14498827
2617594
21052083
6758793
40070681
4604605
21520659
1897155
34859546
21113187
15722540
36335648
20063860
8690594
39403407
34255350
24851088
7893126
23026355
42861320
20855610
41488018
29499413
41835966
27273327
35064993
16946468
12629001
16202962
30537096
24432865
6409142
10202066
37541138
42494029
40521049
18524916
24035647
26679559
1105115
42058549
42231842
26277319
34803915
20476449
22274938
26181161
24083338
42741309
35973424
4738747
28031518
7614229
24984456
10739217
35515506
14952485
23964448
3521508
21551493
30676635
31880616
31125116
5244421
34062587
7386758
37380207
21921598
11644697
12802144
28256460
26679089
729173
2801793
31214840
40108737
21493481
6107261
35994481
8380717
33364293
34752202
17729340
10497265
31730393
17351471
17477661
8818931
21237795
43498019
-845045
32777440
38790013
37982281
32466890
41627797
17276210
24696577
7094389
14213894
7003747
27192967
38838065
13459178
29937882
31173642
28481992
1529557
16232480
6189192
10659467
18905525
30491871
27539586
43105714
3814853
3377419
35000356
11659236
-226000
12838381
14786244
8487710
31244257
29960822
20126429
27672690
15956849
28595774
21712242
35560341
31085087
29261294
17041533
26610565
2726169
4779161
20018010
13984371
16466492
41678275
3296868
169978
5681973
7144256
21025311
42503620
12621408
32741308
30924624
30115608
10245
23369241
2520706
2247084
40449214
39505780
24154332
25902
3640148
43023190
9530737
41088828
22352562
1629277
27291722
11205087
30252886
600255
6156694
18263754
2584793
15671648
-965044
8090648
11450607
20104319
30932131
37629468
34185272
23244275
5310088
25404739
42044200
5189311
31693238
18587074
37407186
428289
33667118
31704844
20750021
26584045
31370168
21828556
37619043
25420711
581271
3116608
32950847
18864001
31960075
263903
24255416
12928259
26501660
23509531
34091054
36135675
-148694
-389430
7881647
34156826
21075691
43093409
19392341
34732991
8586537
29197225
28745290
-551104
18384205
10282449
5935523
8582299
17654240
34582780
4405164
5517791
22306637
43109216
32920495
7153134
37600910
26236278
14560919
25423706
28089183
26047331
25335305
8064810
2119421
26412830
37462418
30142435
37612784
40642363
38067758
31164101
26644607
3417860
25978723
31994116
24129881
7715181
-343839
25577759
19531632
37309685
17192327
38102069
36652651
26993905
10185694
15606833
13681245
22469266
4112981
28034576
1584411
35169308
23679441
16511969
22790634
40147003
15193654
21668369
700905
16515596
19798389
39658412
11973281
23575483
21931984
25960700
26058874
9952370
28179949
29636930
22233461
12128732
36047168
16169401
30413505
41330996
36648481
33772497
20137094
15680471
20438670
25904026
35333929
35374092
16476833
13272220
15828521
-932511
16174226
16049931
33337102
6582677
30295032
4335176
30385311
30600497
20052998
30429733
36165981
42559408
7438224
17682994
20684249
18578684
4449640
32919326
39804392
33049544
42919822
29708645
1634098
16927214
26712383
-67342
34948297
10535920
3368482
3246387
9318370
10189259
17779924
42755892
1531791
19795929
40582969
30948288
8701665
20351188
18429187
40276515
42155096
23575067
13624035
33039874
15521446
29060101
6647928
36208702
7299843
30879704
36187862
337014
7707182
23106579
19453385
22407946
17565176
39806668
4034403
23491370
22561191
39029923
37141150
8558051
14756436
24076997
20706403
6925835
18863484
39459368
28440283
23362496
35402981
25082555
32503778
4958354
1477863
18710429
18554904
26030795
27389215
4466106
10784094
42987109
30758620
17248556
564186
34616613
28480959
11820890
27059327
22769924
27995887
17660500
30033288
30679224
24941970
16767353
20515331
25641661
29494041
14911646
22352404
21720725
18354455
22612050
25240342
10999459
1128262
26318969
12886458
23416415
40250574
16697736
42305848
23424796
22098556
20370224
20647976
39409256
22841106
4329932
491448
41221921
10284350
4396844
30202094
16753389
24407826
27698251
21254313
28677972
14453718
34564229
28072415
34481157
-122867
1160401
33342391
10124854
23485972
36925851
36018663
38019667
13053449
30915216
19836340
31817590
30038397
9852715
25665723
35138154
17737612
18900930
42041574
1015908
8187052
27797466
28776308
558856
17461060
43337663
31791296
38761634
18924256
3484777
35412608
5464007
34325918
4856156
17293853
10243853
3735406
5787311
10944629
26802727
35961390
13456429
11696396
26814069
17313652
16134372
249174
375918
28608557
-388104
24739863
17905610
19472992
18176683
20420090
13945666
3261112
42174085
-806263
41880845
37693154
40856283
34045957
39142585
7291975
39187322
36490476
33756456
20837493
656080
8657326
26884957
7903347
11526286
26889756
39101268
28450966
26288550
39117085
40551816
3710792
1233931
42684396
33655321
2544973
38910064
9009387
29807409
24651095
1669626
21273489
19705588
1978226
30004171
12473854
36266039
27725037
6477369
27168515
15061494
6081103
5343525
4734573
9518345
10891814
40640921
31355530
17900062
29503716
15845883
37788332
2758179
14302430
4381457
33849435
38300656
7630190
19672374
6054415
39306302
42183065
15008548
26747158
40483444
1172815
19799824
39586675
29858463
16156165
41425591
12353633
12810479
40529993
14623932
34899185
11149649
28694470
12762788
6436650
22412187
5184689
14274827
42763738
4938041
40646339
-321706
25288896
31088303
19045232
16374892
26910715
31945860
19390071
37087762
2136986
29374465
2247352
1010461
7008157
32083568
42987915
11516363
9513955
27418837
31068385
2397911
1042249
24375689
40559239
41049524
38023171
19715413
979988
42202067
15244256
7293404
8736707
4783289
5797796
18830126
26289903
41989456
36300597
-760359
20987037
37810467
31726818
13643984
32830907
20380948
26815554
12025706
30802339
23447168
26282031
15476461
41699024
14891966
42876205
25690001
22290107
9803034
27603822
8700789
42128759
25577981
37268380
314549
23982962
11504131
27845128
26264331
41738792
35658165
14909056
4595629
8107112
37306171
34235255
34963164
11817115
19900162
40584176
29604344
14591213
21177626
16132609
27007784
42381444
41434934
34414411
16784900
1372132
13889363
31262959
38040947
43088587
-631729
7497213
37746407
40479911
4113760
4501995
2665700
26194265
41875959
37833637
33829878
33207115
8780023
3183431
22181104
27237606
1999894
38807019
2660812
4072900
32285847
19645877
43233845
33752738
30087039
43117170
20937093
14502154
22101774
7477799
26594130
17450339
17887453
19126870
24697204
39022580
15323284
8779523
42934112
24637264
2325116
25103167
28131163
40047048
5341222
19767374
30642723
41604204
38836423
6913722
7321298
22398010
10321139
36890875
2023852
2284826
41652238
19109923
39409407
13948092
37751301
11286817
22941540
19155476
11442731
15883079
19345929
16631710
33882841
37014637
13243235
21970076
17234403
34812483
18999769
11224387
40286781
9640047
20724893
28838398
-360397
18175108
12419610
35598146
11424928
26419618
22595527
1442125
28396876
38953835
31435269
-934157
28159972
6686054
35609598
23146135
3055497
34585672
357148
12509285
36763698
25771844
7004397
21634482
15447217
27902089
43022530
3014477
20352223
25166103
15825913
30922576
908238
27490384
157996
32857090
15202272
28659775
7971425
19387460
38223460
40081342
38581971
13021824
18889056
14607784
16767741
12176547
25635352
7558999
1980617
19765960
17526743
16510381
40274860
17620313
20749266
33714531
954024
27467353
20188469
42964834
12969903
22738265
43398140
42066028
12863179
25141209
772022
41598040
1237173
20929638
19583728
42052954
33613588
28086417
40679126
40658057
15033824
7276007
36512055
36163206
28997695
5156704
37334329
35110190
20634143
40455518
23583650
7104411
42319389
34489066
37222504
29198412
42832711
40221979
31717002
10237307
43369223
30562155
28661873
29339989
17899335
38317965
27857933
43160301
2069993
9115271
18393723
31489756
26805669
43070910
2688566
14505742
37212051
3222304
23083967
37804003
24669058
4314933
8748052
41262483
24806713
-597258
31810692
34815475
7390941
28939058
38190305
13832501
5285336
13131305
24581144
14098642
19127846
31221096
24196466
6324258
32032230
42329757
38442395
20442916
1344738
41184194
41892455
19280115
35565967
37141364
18394813
3429344
37894698
12012915
27176239
5332375
1762647
29209098
41211864
32648204
1593036
33915792
7651706
29881654
3121884
38282385
1652193
25734721
6584637
25220522
23477533
43062469
27940895
7835488
14968120
24202005
33441945
5717090
25029410
42466161
14368762
3571569
-597559
24725688
33331398
43261853
8697718
36853881
9826779
4761585
16140852
25382633
34448268
12970684
30743223
3000122
14281526
32018658
8229918
15429327
28858864
29822234
31806891
42750079
22757783
35873998
33886686
25199831
24749369
36069648
21031079
29342661
9863743
4999000
18023382
27237284
39049678
35060085
4048161
18269731
34781066
8796516
41203450
19525321
40804365
34127
12374722
14373578
2563291
9360541
13324157
25942729
19177962
6973589
10518664
5811245
26561089
11994170
12754157
5762795
23887004
299512
17002733
11403960
3346873
12228105
3944229
32902528
37231919
25818706
19560814
28139586
34585734
42153288
42039777
24802294
38524442
34956595
7693940
1134357
33024738
41282908
34947448
-293785
7228983
27810105
32037109
4787537
14375548
14292791
38059885
8510230
35051592
18772997
41300115
12805783
35531981
40529838
34242587
41001815
8793441
858142
26345503
22053052
35780724
24819948
34507264
948935
15946046
21479023
15851218
37309358
30556771
5937631
36627054
4799524
20879844
23750003
29616727
36458542
13667948
15956781
32728572
41035049
15308735
6639210
35405006
26518735
43343773
40403010
27674976
19897867
16165028
16667643
14524171
19614407
15096860
30899616
1100351
47778
26292613
8092910
25412562
33581096
36658744
42017694
7947465
40829947
30542229
34680135
29861904
6947255
6289258
9760971
2831631
12014570
20507742
17447751
28552825
5783830
42691092
17253052
21330896
4278726
9481981
11388072
19131785
9074509
9395315
3891568
33951027
42119616
20780209
6582193
2846628
14463703
29263335
-689295
13249180
10293456
37069995
17815657
19350736
22484518
26489499
10943742
29584383
34226240
11080705
39871482
6952062
675494
13735029
28413994
12886593
17885057
17026165
33174542
8449020
1440021
36428153
7138231
14829261
31764397
7102263
12675381
12941258
26670058
10515252
9857698
17740356
20999004
36878419
35318937
14453850
-300143
579225
25614054
17692063
30070644
7258718
15299708
12832491
36612991
41310424
30044322
42849545
27937288
9650049
14752331
29530302
28151412
33713513
2600596
1816990
3914259
14267966
1070793
25566925
23054360
29905689
12971620
39652237
17446421
42007066
12439862
31529422
28736799
16235101
6562072
31094944
8463395
7074755
36106903
15804168
19020308
1710851
26603593
9135224
659218
15190451
18616299
5188270
17684039
24267912
25760489
14449519
23749316
5797897
24537830
32190051
15618428
8053503
13770712
42028979
31292681
4683636
31354212
1032280
7783530
36157715
11287797
38366571
34306328
26638287
42404542
18393572
21015818
30672234
37027319
5813332
29656672
30174570
25732272
8359828
31263179
27385917
42207231
14000445
37791940
33173243
39773600
1600260
26036892
30641383
39187680
30188967
23504019
34673250
15186807
25834465
16362447
38250435
12242321
-227804
30729485
11390982
33579603
19862483
644728
24445326
3893610
12457922
32270646
38126015
35767873
14409429
28523884
35102634
11217061
38591047
25576604
5816606
507218
671572
-993802
18515271
26402274
414022
18297187
12401684
37381384
31608376
8919216
42976646
31102693
13522821
14640727
39978318
38415311
21939159
43405135
37321409
16713348
27147555
35149582
34039465
37502762
15539618
36005165
27979787
29953114
20267139
15161818
34646618
-167159
3843222
37342302
3112985
23526788
20751635
9207096
35231203
24651079
9888688
33205721
18203794
40663778
31314765
3238967
6874796
18447190
12276642
39280878
11556440
36186630
34621023
3733630
36486960
31559527
20726703
36626983
41815985
23880610
37228082
6812283
1806932
1166860
42481781
12156384
28350658
13639354
2443243
24528123
42726032
-471913
19800558
8861459
10863638
26182221
14303965
8584421
12562978
16362783
37012649
15220600
41361826
43415416
6726109
621899
-883301
40347454
5854258
37498030
969748
5351045
1228376
19078836
13933701
18449997
43178325
21569614
6772475
6058904
9334501
6958857
26780366
27680112
4110201
38785902
24457401
18592184
11582762
36047659
1326873
16975154
18582422
21881567
22694182
17694113
9850397
42568239
867621
11482671
19888186
32965159
8363672
29862068
18380772
21814715
7212082
16488708
33190232
3988532
29550064
2302870
19183637
27920909
-202110
14617450
15770415
3215071
3240435
6960019
-408037
37238994
24172987
16728708
24318976
27845189
12428010
11053934
24412333
29058192
9831215
28222192
40541840
6560085
30399942
24730931
24778371
10031389
40292452
31848874
39947531
5341601
19988872
23005806
588170
5427357
14602875
19179009
32467201
-339381
5413143
27421758
43457596
31395434
41687984
15242689
35926504
25712439
28440202
40755797
37382389
22106097
9135111
3753236
23677975
40909015
26413222
24295098
9721639
6817869
7006031
18505083
14710275
20347109
9330218
653062
24960986
28358397
11210775
9174072
23996858
27029172
26873207
39316370
1899288
10989778
15593783
27368333
7007877
29990148
19449427
33411860
8998697
41277582
42503834
19107773
35412422
6167819
13902859
5460150
21408291
22952561
26009281
24349798
35266692
17774522
4335025
5559480
7473579
37800148
30523452
4095365
7349497
2162873
42406749
38548202
15944550
32108900
4333272
35213597
36169119
30415146
38989942
29042472
31698998
41717350
10803606
19149435
9715164
15796186
15445607
11132494
5875144
18003018
28348842
19819567
4322032
9498756
8951958
9751210
25194795
15757158
18658941
26068231
7369494
10727712
39947741
5161683
24555658
-117455
11458669
20178324
41383870
3263462
27258748
20271259
31905619
34212234
15169397
437001
40123156
3361102
10371267
37618492
19585452
16409930
4636038
10371025
42350318
29399420
17612403
5465960
14232046
15321828
13494349
12631976
24152196
38074513
22421791
11013325
15215319
7127294
13154140
7642039
37326210
17533179
35688997
17347549
28378613
42655089
11413844
11896281
39396753
4266633
21294993
25354938
28855242
39675520
12741110
11758712
14395163
19972749
30452524
39459475
14891354
18755728
-68733
5721340
23251636
40976918
13589118
18402615
36401217
10190235
39904425
41018991
15941678
9182069
20804524
4586625
18357514
42180473
18057581
3144346
39116040
25091514
167899
15625325
6264615
24241573
10283419
31542088
41294650
14305138
17992118
22237860
3332866
28492325
39195375
17998621
33877213
28210027
22616864
20680418
24098133
14107434
28716251
8359730
37287204
28860264
37978330
24026193
2653208
7434426
2175559
14848220
5083430
33791871
4498998
13464329
40280919
5346357
25504449
35612690
39213532
30496767
10934545
7371023
39525521
12910228
40211753
24275642
17631819
10677171
43017239
38317041
34431987
9127272
22007647
29105175
30944869
13281713
43081169
33801054
22969300
4470096
27184684
18341338
26778139
16761960
37090386
37827087
42110950
18828105
5047816
11635047
8179136
29292991
16992052
33170954
38668801
26485085
26661056
33579676
39973699
7980989
13079078
11537737
33007588
37394777
19889745
18970373
26421848
6473171
33465833
14312954
29394105
16573386
32333953
26723896
10749752
31328444
26874651
20695483
5528419
35171180
5587818
13710232
43391442
33697599
12520738
28416568
12865920
25369150
26272828
39229486
2676040
22631202
18553771
1224247
32798866
2134101
34982190
12383550
35492741
33489778
26811069
14977472
2638587
40656188
3403000
37138238
4365983
15546006
-299979
32081063
29287257
12374996
19633985
18769655
19981643
3061869
8260077
4600122
31308618
26607150
43268763
21115098
26645493
43050496
2487677
38909306
34078632
31813244
14726227
-103979
38367599
24297645
33937820
6341749
18874262
6300255
40483416
6410224
26136368
20225722
6766192
26982839
17575538
1792880
38669629
263633
10772824
35380805
12529683
24684714
12968022
40459832
34910295
2267361
2256242
8477567
20461907
31588044
10081662
29502607
33226490
18475475
12395923
4952280
3473660
5751989
24013461
36328264
35782805
41870374
17660719
40479086
13783962
1446664
8892966
1699510
862966
1541116
40512855
39486822
42179085
17007347
39022437
-563565
8776899
7161119
1484987
2459573
5977787
8773483
4502235
15486400
42131081
12568478
1165776
31672063
21433341
33926266
15449670
30943102
16139738
23076818
15371402
31862059
25309950
4740386
4023531
1165429
23601648
39007195
26586317
25654166
25762224
35429429
19806919
15782459
28356112
37828275
4186082
99785
651313
25289302
40840922
21978692
33271888
39482142
14252853
19594002
17875167
27104081
39014918
39512775
33636628
30122408
27102270
7957093
38220617
24692663
1701298
36059479
20711162
2443745
12333271
5488471
39580329
17787705
13561941
20421371
16875735
8270229
18690935
714422
36481482
41026798
11690169
37967325
29113249
30520042
9296013
35570376
27040157
42455267
2264610
-923662
32394023
12625801
35116570
18488931
5124108
12316753
16406561
36986633
41756629
33339929
14922972
43252993
15846223
24216252
965505
32572669
7458650
9098878
6499228
3251063
21973974
36219688
39663206
26237199
980414
17095581
7125594
7574875
31201670
2836455
39721743
11260550
28770716
13995366
10689601
10507537
41129600
31188995
42270997
43405846
20387712
20229370
32130155
30282734
9127017
43137554
900185
9951844
35318451
2137552
11019142
26297148
25240864
22180805
1816866
28398879
16258281
19211350
41537741
23374649
20415723
38390364
39989033
34647389
26789167
30363851
42580609
14315351
29356445
40098458
17031786
42686162
30651339
14011696
27555378
13295393
11484640
4857808
33308857
17384145
14971168
8556526
27148469
5375209
5618219
10837442
38208256
21286926
35711842
16722341
34575999
478659
7728431
2562030
30967402
39742423
2397192
30135614
6079430
12446244
5112428
31232860
26135616
35795731
17952689
24078006
2253976
22874066
15627128
37872502
4584366
21506301
15068007
32614298
-61384
37482241
17209393
31223033
2403985
20755781
32656848
41784553
16723948
35215941
29010876
3319800
35151460
30088697
8316022
25866973
36703642
8695903
7739399
1646750
7683433
40552359
1246998
25395798
38841013
11762446
6834405
28000542
8375284
35386736
3184791
11329596
27451726
43185587
8932658
21781189
22116278
30158949
16620938
31498440
32433641
24365669
8291337
28618019
4665971
-70053
6775197
35896470
15732780
11691874
12881533
34017553
33902551
2705996
29421769
1280892
17913567
26738810
31982435
13083739
36622249
3331351
19001238
1670134
1320208
8868548
14750139
37270602
26957869
12844476
22972238
9194887
35026837
43318367
11092370
43161830
30567178
18912479
19521757
13287476
32636241
26673332
39553289
28169916
19482684
1188842
8759239
6640508
-826972
2354919
29045479
10811965
41035952
40835703
7708811
14597800
33747472
11284397
9909861
19692527
34594974
2403749
31181334
19920976
20228440
1518589
28804739
33985757
23005096
28604748
2924802
10462526
10621991
31668707
29499982
26520455
-327666
11126524
6775050
42207372
20565033
8649125
29875648
26131608
13992688
17993557
16964732
15780166
36925170
37014774
37332493
28439023
41422782
18806251
11910685
5024742
11251698
34158350
41648052
16052948
362258
35059334
7093240
6903674
1807649
34252680
36948002
19246292
34205483
29883840
12223837
34700829
37256758
42047187
17490778
1748938
31543130
31330560
1783861
18737280
7788931
-976240
37619570
6242492
19173619
41056594
6006690
29413294
27686071
40463416
13137014
1892284
10435959
21961889
35622773
16178056
5420817
7023553
26093022
11567825
3902558
25878930
32970022
12633143
10415141
27289698
13320284
25860663
31812353
4993324
40396777
39309695
26064240
6574272
30157207
5117342
31615007
25736934
-569562
15306883
41102951
3201451
32971545
14706949
24840644
29085798
2321232
14397796
31353660
35992713
20007398
6881646
29758777
22688558
3801649
1510127
32501458
3121958
22144453
27200755
3210295
23238714
42301927
27514573
33345995
37940932
898204
23855254
21298807
43298068
16068955
30301099
-9586
1835960
34840644
42084967
22683246
42123948
43322336
20418875
19527365
30786407
7443523
32136450
37610677
333077
10727070
30042029
-172927
7633756
31789970
6030777
21752424
29911042
38132055
40050734
24304977
34828611
40291763
26583445
8993443
21873799
9333075
38161596
29390656
8322301
-83053
18944416
8473149
22899597
6922688
22473581
22790213
22878891
35465256
4167207
36318217
19313858
35946121
-63905
7370622
29220717
36693087
32838604
35698788
-236253
14491256
25905778
-161125
29427202
39008213
18146004
25196671
32901602
9728322
42316853
15734354
8799830
20280532
3378546
11392259
34660028
41839329
2804189
40547497
6151570
15183025
17959705
34736237
9692731
36178871
22935807
9264249
29358495
18666320
34234222
25623949
34811061
21040824
-431515
40656957
33749071
3733045
9470530
40164847
6452171
14822588
23720626
1788051
21382317
33999796
8208574
416301
30545053
35929856
35728916
4731229
27578078
29794327
9032800
31679896
27601488
11860498
21327859
32547829
26714067
8804654
41420342
17044061
14797034
15040561
38350501
26021419
41617314
32370902
39024069
2103593
7567876
6996686
29661226
19277583
468365
40138868
27742077
15675171
28630459
35074736
6656568
35035594
25453471
17076630
20946755
18052060
39193817
6923858
32917955
6430663
5523204
31323035
10429595
6293143
28302381
37871815
11273439
22700527
17759425
22279429
20438194
19207738
3372674
18959556
17132524
29750013
6145877
24611309
32369515
4247923
38312724
8771508
38670550
28133397
437479
41625847
25027839
37037371
19183428
17942169
24659082
18355952
34504996
29776618
17505556
134184
6777143
7257985
42101830
14834671
32956202
18625631
17198596
15844333
38104639
9520660
15710492
11907385
35606937
25143894
38938655
29591745
19581568
14138
34491286
22940084
33047090
11829282
29001584
31755779
13074620
41643334
19662991
26231440
-501655
6583267
-281756
3195448
6803661
42706955
4733438
41092642
31696211
25538247
10586552
38948994
29524405
16061296
6269403
40837754
24332306
7635353
42878746
24451128
35774665
40975995
7395894
25258969
7402959
41466999
14112044
6588841
18140307
5085630
32853461
18797285
41280846
13797790
20770053
22240270
10927816
1952973
20907047
3461822
8727977
43085559
32754793
22337730
20469526
4374075
33526649
21738636
27145900
9879716
8407532
30884545
24778603
33218849
23817009
13102253
29525328
41532171
22833263
21786688
41353105
4566409
1262578
14259829
42854668
13967029
36362309
43042067
40862475
19019704
1204963
25632502
8143801
14957094
24355818
7179260
35132381
30376203
39063497
19766940
36418356
23948858
4753156
33113060
37633230
36255639
13677747
19784844
32722900
16853592
38903428
27138378
11421758
7980581
29975055
24821148
13000154
27242213
13859044
7015508
38793901
13105919
18780424
42240337
7940400
12289502
376309
1210746
31070514
10307055
43324573
17259400
-56844
27665663
8833249
14493319
31022921
41897029
34987423
32747464
30969718
-760462
25648492
25579119
38303890
7172669
5549577
19483015
42129755
11703073
37483410
7587008
36108734
14691603
586641
26211810
35509857
11328433
19002903
28343432
998236
24687069
24852474
2681334
37063584
15106706
21821582
30935641
39670145
13857106
3547095
2658774
11083045
39919023
24148543
37625343
42135241
23801300
10370511
37703857
9781348
28825002
17681533
9034476
24789218
4279556
29885127
588805
10837234
6663699
1749113
42561904
8087700
22586637
41468572
41883928
-185284
3002736
12774455
40335342
14519023
27629342
34987498
36384220
30212997
23861197
17084214
1376511
20022702
9302226
20232447
2900957
10102667
7526903
26971775
28969979
22914959
1539313
24638629
25065752
23435281
39470109
34817872
4965760
7396245
290549
25372262
17341737
34780939
12204060
8968686
24055259
35481213
32624280
4100750
35346947
21501709
15881383
12542151
26134040
12926610
35076144
2712662
38471464
39285239
16291986
32050374
31298214
17840929
41443838
25087223
6445874
25751560
18128241
5134246
43088367
15453304
14298645
26911768
39156990
11702932
14033324
38974743
32750888
1434644
23601119
20770741
10205950
37146377
14247875
36546650
4193870
28648254
16654710
10771104
23001758
26769053
9248407
31839470
38552888
39238652
4911292
3664994
5972037
13281227
36943550
31820886
23175428
7102455
19843003
13530626
34329080
5632824
10641568
23915817
35506435
22283970
19257231
9068842
2472023
43409226
28798568
4562636
8174858
41188811
29979738
41344386
15233018
7180721
17533091
42452807
12467734
1329970
40093947
8213218
39215989
23386517
3753387
12403268
41553675
5869447
19066247
6869109
37579139
3119840
31308838
31552502
10560509
1579920
-706420
31020321
41489749
40771943
41641923
4282382
20658709
-543597
1154132
10604956
40036515
10204458
14973407
15417792
8849844
7909173
30043543
29268887
27275216
26756950
7870988
922792
1954677
37481326
8109144
9895329
7649370
39632895
38063096
28708438
18853018
8872592
37302345
26990262
32319852
20604096
28952879
32923397
14261512
24004832
14985412
11870081
16782341
9606693
27998527
5700850
41980876
21506043
22803145
38320236
14486753
11585450
20290821
-676562
37756601
25173551
34146994
15702923
40244720
23316221
29318068
30162963
10534144
12564457
26596207
1955327
16720600
7661224
27600326
21974526
27790548
33354896
28890101
38778557
11320043
3105435
22589059
11457534
14625151
6201989
26296976
18552703
42315754
4404690
15033186
14351063
34368209
13226526
10418311
19940761
6165900
2139603
202793
34695663
33040196
29981089
6995512
26411481
-50268
5799915
30314071
18067487
7141998
37243969
39287751
32702734
15337963
20427543
8258618
17567582
29024517
7274373
23658833
16452552
13078414
8144006
14958901
5024089
39959
38675684
41433239
29170026
157180
23550966
16878841
25461814
35199521
5806898
37057169
272118
14503488
17686043
15648341
39763846
40385091
36711342
21215138
1725723
42110879
-35807
22033273
34604498
30950462
33894925
2477339
6465877
16827034
2091849
16091879
10853395
10910900
18946706
7550744
42003078
11788857
6414192
41200517
1584860
21309773
7175905
12706709
26373839
32240196
40796852
7382084
25517629
37113450
4203995
27013148
26252549
15241761
13944901
39186807
9318559
23925376
2552548
7588104
35795095
24292369
516857
9052745
13121272
11189791
19177362
34472648
17403811
35945468
10995431
15541201
40790523
11264361
27766549
13788571
22606390
2800039
9712130
11434417
26441144
14561943
23949947
25589712
17170099
15315308
4684839
29795510
6753314
31334868
4028134
28647628
23643457
30296376
27453907
-639108
4312240
38122653
11387989
17772020
31243409
26612480
7840490
3730536
10985358
42359086
40099698
22306168
27271962
27028344
42251851
4308260
40229801
9264683
12396362
42318950
9466526
23890458
9775427
23633522
42006065
42034052
5611061
7862650
-784483
2791517
3708765
19496003
35435418
37721059
15983875
15110696
40018566
11360050
38083223
15395559
2451057
2698847
39013539
26829523
23884471
9373411
26746892
40965574
18969343
36676499
33755751
23538319
41176280
23163574
8166107
8087156
9606264
13647772
34225925
21601317
13292171
7863959
17563621
3382247
43226472
23668960
38734319
38492360
12811498
39395421
2410360
11032311
38372799
13039543
37744114
8117263
19234504
9675859
30412518
23161383
1840210
21695376
9344254
11156437
36699972
2687288
36146640
34805065
41306276
27041732
34801960
14882296
26741787
548488
19589821
7000931
20963133
5082212
18606104
23591352
5823567
10137523
43084456
20473899
43023660
6566495
42539743
5306135
12764390
32965971
38830942
4377214
1392154
11894717
9491579
8960627
15362901
25951670
7101325
-151233
15352569
35512610
33437403
34682288
41899268
34681081
31074298
35906704
43120214
36168272
40180558
41405615
34792444
28064759
15961754
26524461
12137064
23304411
23861327
5132401
37966514
15205419
36257569
4209768
11890372
18402210
-947379
7480219
8752299
33978447
38038284
27387272
37750385
39560941
26838944
6751939
25690797
41833681
32112009
34530490
42509897
17385650
10418569
42001371
27344037
20057918
23730062
19202197
37517934
26683480
38868980
8742337
16714666
18012738
284888
3987929
7510483
35907859
6817394
13291139
39650342
447502
27225515
37445802
14101322
649493
12024243
21977800
30898554
12169453
36172166
27507443
32811546
20927092
38190295
38353659
18543467
5220614
9657376
3668237
17047179
10446207
3252611
-238013
13835280
14352594
6020801
27235004
12183644
38280730
28053908
8089837
9759079
22756513
19561461
21610499
12236292
18246236
684670
17090233
10631230
39627322
18540985
16573436
4547835
9329972
4078730
41513280
9656654
41996288
33279895
17974703
42104321
41740446
8602823
39444128
36651854
40219569
11868014
42086818
28572602
7030934
41719019
12969028
8221004
4420190
28577622
19997701
1048935
2393857
6917181
1412793
42318719
527364
10457757
39620669
39583365
27432313
5636399
27337403
28560800
31708527
36893353
9834505
6948868
8422367
5888272
8637922
7462958
26566908
43273037
-141184
33565864
38353056
11680536
21686084
10183849
42822197
15805463
18700975
41095022
34547834
806861
28188769
-833966
368829
37542487
8849453
7353690
23596756
25131354
6629287
91946
32131181
26316082
3306920
26012227
22371856
8427634
33454239
31691916
33616413
43494568
37435863
31624766
26493699
-153266
1475051
7439065
6542728
29509314
20913454
21547661
16221406
17121951
5845787
9062769
12811850
27065624
5118489
1120787
23276997
5006
11075365
8665303
2571596
20659470
40848529
8992283
579034
287040
28487257
22126543
30519302
22944915
6533036
42003679
41053574
4006557
2236125
30061638
37824511
19929833
23735118
18003060
3320380
41046242
25366432
10720321
15037104
22258038
13614940
33536127
28315098
33226662
34033735
24417062
13689643
13915305
29623437
40403889
4881852
36706123
26764663
20176487
24672880
38449254
35504976
39634464
23518009
40562161
8867055
14001349
21299803
9447625
5756913
17479861
29670908
38965602
4192547
33133808
3653768
20821895
7790468
26844401
30357658
7558437
6377434
23091350
39528752
15347626
7489908
26397323
6017124
612520
35091130
36060618
18981074
12794411
2411707
33103419
17408727
1768200
9143617
9450875
12862268
32120971
33266229
-106079
32443700
29871312
12204133
27926079
32936857
41870253
2595420
-193682
22006890
3863758
7885345
3888198
21239118
39093699
3787452
15781834
13842954
29498879
17141321
385289
3847287
6539135
28111933
22270263
43026460
35125249
28100453
20356013
37741886
6833380
29505410
8718502
17492808
12119840
7108056
14782433
27566669
-636915
19733329
192972
31380257
34965036
5810017
17036219
7158266
38635543
35338452
41687898
6663143
30950913
12748276
42798892
9743883
3312380
31833802
22790625
29360599
32436565
15365260
8824532
39512784
1496833
17200069
26961438
16465450
10972254
32013768
18587299
35951895
20022198
14652791
444879
584936
6166684
40128244
26074037
35289361
24759902
33838072
-465381
35177957
8045674
13161681
3746730
12758405
25111140
41528727
15937205
33945475
22222096
16493963
5423666
23200543
1362024
2353425
32079554
14203305
39319835
14281969
12959214
20730989
27087028
416349
37177078
18287887
409665
-848937
18652350
40606495
8793686
18261602
40534193
6174006
39369711
8050595
14624316
23376946
586808
9087271
42641484
12069908
31380537
32952861
28794195
38974726
22021522
25885428
14363330
24538753
4065081
4645141
4906947
16710711
38454013
24875378
38128008
23910896
10524627
11689729
20249291
3491546
10419415
16988304
18214507
41954597
32538745
21229629
6856287
18084577
13977608
31344471
22006231
34222103
2559074
15936320
38532841
42541828
29470904
42880697
16929333
15316027
2829523
17158470
6115048
27127007
35090722
15189055
24701466
35061977
14965595
18168464
26785726
40900428
38287135
13259598
23924840
42639701
14326043
20201289
31166602
1971276
41871516
32144169
3277360
33914979
3333169
10647615
16554217
42466530
7462415
33914265
2433751
7874030
42635877
38000052
35649448
27180052
31891633
18293837
27019044
24766365
42808112
29113400
7336214
31741402
15459168
4512304
33193697
27477109
38169209
5481496
26478336
27915687
22185287
26767524
1579067
26738398
14129130
39099679
7184505
11918240
37323809
28331883
30057299
6183773
13487080
32216391
19661089
6941785
31190820
31115918
31967259
29337775
4571341
30548740
34622204
42763334
15620361
16090371
13800172
14931276
40743290
20791117
-485746
31867895
38699394
37673943
5771534
4462532
1988359
8841108
7301395
6937661
26465569
18913667
29783437
19469402
38838840
37765582
11759738
1857424
15596296
19235704
4652603
-538716
42614653
22200959
12123875
36704917
14105612
16580116
2892376
37303099
11202986
8211698
40692773
34062961
37591170
8926637
33724052
17577696
16709961
27256045
30716091
25813685
10792702
35676025
24662530
7477043
32845524
972061
35264322
42663857
27799701
-641499
38270140
18096478
33777468
16229065
34974848
29014440
33196223
32143201
851731
622923
41120213
15170330
25152133
27216490
5167677
-673643
7970208
43457553
40885269
28921511
13850637
32006984
4875386
24581620
15963364
14556306
41881932
4835720
13704510
-413497
15006812
37826098
24076117
23563537
11499503
38354946
8891127
6357674
20869350
13654613
42274461
36256541
33909630
15000061
36189507
34420062
15412983
14157504
6619583
20468717
13647529
12501477
8413579
31233615
11596413
559115
41977945
41827111
39069521
39465957
41194689
17907740
18332949
26041683
14980058
23264005
28699940
28328826
24654689
11123149
42553352
29277759
36142042
31319801
34320305
14172263
25843627
41894001
18176428
9945234
15535387
611395
25122807
3666510
39401751
9217246
38559731
26284128
10418365
30409089
26721742
42204888
6625899
25010095
36345933
9704
4268472
2153773
16360210
12814551
12393404
7566752
-79294
17364983
19571730
15799607
17459920
15901574
22967585
31659605
11446039
37244089
25805717
2430623
9288725
18933153
15016435
38005555
24585613
1182754
29518421
40888203
36588868
32036411
9817725
473410
21044447
43057558
40655847
22847197
31829816
23966730
14496741
5531724
15976493
22646633
24273527
8626519
22789545
25572939
14757455
6738689
-842133
35897476
30815350
31148426
391478
8729967
28402578
13209386
486877
31002692
20140367
26417557
29798759
8254430
-462855
16369166
5120335
41596774
31095480
2306333
22953668
38785606
26413669
13290938
13055375
18075358
41599627
27059819
40052403
8025091
21355295
16039430
35769588
507198
34137293
19225242
37705985
4471107
22013112
17487709
21161393
28446878
18619631
13292256
42283478
22604624
5912092
20070668
12364056
36829085
11591059
13467743
40999136
-981449
35211091
5403016
23885517
30862652
3181760
27797987
26021008
-185321
1322384
19790489
2975153
42491673
8096297
17306105
20277951
22193065
32961449
10199712
7365769
40091541
14113209
33577911
31222719
35253295
32452220
25687131
37631597
2489899
32693505
39299297
37661974
3594765
38093319
42995809
22280855
38380913
16420487
12219251
18780975
29367277
40426655
25751179
22372353
18747487
16069726
10763740
42620219
13142500
2213971
11956276
5076681
40522873
10508218
35709233
7689441
15650950
8888234
28917599
31134523
11213359
18555979
36687240
42781287
25446787
12954596
49620
1399404
18843828
14505064
17322245
34047142
32626873
36265153
33183720
32047323
41825549
26530188
3134000
31100406
41706200
12576621
8101777
32934820
29238498
8143507
16317637
41004378
11052840
16898716
22938623
-948909
25411901
21756784
11220922
29252168
119992
8186126
20486432
33673666
28866814
41074045
29657447
22706618
19473744
2680797
41304270
14795557
13771332
3440462
-280319
5680099
42687879
42300490
9832599
4260006
24489661
41417128
27164519
36770314
25731419
38845281
43250557
21544398
35315864
21345471
31907217
1535710
6782863
23358524
1478894
16461808
33251504
17934770
8428565
22089906
10122799
1180125
9783773
26028152
18376338
33819282
27478307
20064398
20127705
26679327
18759031
25678892
32820861
19230116
4019692
31355261
1345703
3045125
6530091
4484461
13776999
19259939
3615684
2449310
28101508
34830246
21490770
5911395
26457517
-189454
18389913
31389699
6438999
949245
36101791
27697602
9151073
29123912
10134538
30929761
10884887
41736714
19931166
5941081
21336523
30329253
9839887
28118560
14778386
23671836
11390269
2560052
33236513
34663457
41125582
16430032
21781893
5372430
2251124
40580818
13695571
9062337
28520044
14942419
6287853
19150888
22780144
15979995
42261970
6337323
33273477
2765700
16110745
1460866
8351991
30885854
14003113
43334801
9144015
40909494
33016584
27978042
40048946
12279374
2761161
11887303
17266019
-87437
21499186
19454048
24330409
2856395
4728561
39442468
8850016
18058626
12164632
21018405
25781970
31721574
31421582
35542693
22230119
23165169
38956781
38792148
-135075
9942111
27363846
1950852
-663376
2450636
23459119
22581297
36205629
24170159
16451149
35211905
22666751
39505052
41064722
10182514
39953115
40891109
30794553
31956269
30704610
29407867
31238995
25344205
38515847
33173595
35678181
27613408
12374315
24414963
34221253
30879238
3540628
21311311
8904915
12971858
14368242
39131410
2168047
39341571
27380823
31559788
20917701
4013299
2669380
16767032
25422716
35946056
12773866
7509206
6393837
18332370
38083984
41067070
5526084
7933351
26740042
22146532
10907931
6059041
41318944
3915835
21451460
-710476
-118125
18154970
35484403
1487604
2342804
17813469
19886869
9391470
11791921
21170499
7608256
1967580
6236960
10294195
37272507
903140
27847047
26098306
21800900
20189388
42967849
7902833
33641319
22782602
2955289
41640998
31332972
33648261
26949574
-55994
16392630
14108310
12870699
19179615
26285628
26737740
14081027
13753956
24637968
9842508
24498708
15827201
8073881
10641126
5252972
31218594
1210056
32846669
1614499
948239
17078370
30780427
436966
5872191
36927544
-366508
18959336
42930240
12203900
35149522
37740151
21426824
-555656
32862901
16178149
9409819
31077001
9286070
9599533
28864088
34390709
20258305
35308330
34811212
10437456
10720986
12698025
7665134
22290871
33279882
11694617
41407258
13672162
25739825
37449923
43359192
8727350
18420565
8549050
27389310
33933069
20693690
20222649
5595851
3841883
25285504
19801589
42912884
12780707
7784787
29154638
14633143
19248136
10368180
24270310
15807202
25133454
-256884
19601502
20961377
20934758
31210395
27761067
26135409
19511754
23480580
22674564
10868682
24812742
11494815
36973889
8266033
9612180
23039752
37947219
25658122
21350538
14916409
10386935
13566200
9756368
18056294
42144252
38071875
6795093
12335637
7698443
36381760
34808095
31535710
14805080
16005969
9624907
20093236
26097451
11871689
5834649
35273197
13803179
1719318
20958701
10713064
18235820
33543447
19740463
10927508
31262513
5637715
43388572
41017903
27018652
40925355
39259441
22432631
31248433
19877624
27943351
36611862
1337666
5025255
13748798
7257917
12569435
26893971
4261570
39675467
38785828
12946465
34413237
17649482
5431897
5177042
16243314
4011347
7614944
22507925
20963910
13596753
39682867
26901398
5617280
4442614
12451848
30255163
43070095
10387230
19735338
26399579
39623028
38428746
24626693
34675978
4033538
21630933
42728406
28477375
21934367
6535714
38556647
31696941
30553647
26307938
41254580
36767649
5125303
31907660
25094541
-502589
32988031
1714024
38573201
32571149
20277742
17310685
26106910
2506260
28247988
39392020
11146307
3068932
32919938
35193229
16160217
6200609
27195347
36500849
35600310
11587778
23343237
3056774
11273488
31729391
8675550
30387462
24802446
41276079
30965439
30075884
29070578
17182154
4053073
2714282
22833039
9417238
42439191
21366783
43067568
22367014
10454347
17222577
6527679
9943798
-18525
9783030
796151
5826528
23975054
19038409
5646286
29174504
40469333
30519967
35867309
4247430
4666001
43362151
9234092
27279049
31874966
38646299
2419142
23889326
6980715
2730699
29793106
6465929
42494715
11759034
-208414
4044702
12661425
5222817
15767293
13283334
32536208
3900518
24310927
-759622
34383485
38853251
21744276
7621995
40685168
17289687
24324367
8610986
29758185
6877118
39863668
27493341
1799276
22400186
1482145
29200218
4402489
10716572
36257173
6206206
35718951
20190961
18363382
36470006
26098081
29834389
2616667
33520303
34421812
23982216
34799952
39640178
7261529
40563445
3838475
4290723
2646673
28433881
14609656
32431733
31253608
26697405
19903781
1821853
36270316
36185133
28345348
10822196
1505918
9099160
41944980
17767107
36953371
10534301
33245388
23878350
39725087
22258979
17530271
35200622
27104039
29527482
39045542
37400983
-301254
13461870
26252177
12208422
-855780
6109692
34372561
14834903
36500531
41856119
-106914
16103977
29784460
31628247
636871
21942987
-223461
17846812
6659141
36708417
41685108
41595311
21142884
34876055
37203588
38296754
38316285
11587785
7847417
30974219
9979415
43326666
30180039
35360403
29086228
25674759
20871702
42155804
3247511
1138410
14686930
13667189
795797
16871131
15066219
22155696
21609722
33807205
10940541
38792273
31193587
24224641
2320018
29318422
25136909
1450414
43388094
26176716
12578288
15827945
19574702
-508273
16098772
33864841
35566800
37746780
26913682
2756393
27827767
31066911
28339246
17153303
21824711
7011571
32080596
31824623
9344647
1163335
26844266
3654170
4182651
14190829
42655781
30861001
26276429
42690255
37369056
42580092
20751888
31602267
43306512
15551731
28985784
12130751
24880829
21933033
41074974
38414870
1493609
26809938
17827836
20462902
29957103
31268786
23952206
30939748
23141260
24798998
29376339
42408843
10376320
24085679
985103
31759207
8096013
24530260
878101
32214678
41937049
29143748
38296685
16820130
13023491
36562630
22936342
33567245
25731189
25061384
29322838
8530698
7926626
20156174
496185
14343414
34159746
2534875
37006505
32261565
24501062
24721348
9925963
23025405
9690612
27029259
5290844
20173063
3821740
32613755
4843255
15118129
15014301
42856926
37024368
9171927
21227279
41282370
22416668
21679208
17482287
23558720
30107461
-500282
18246264
22782924
1476546
4957978
10326306
5368283
13078597
27852713
35902274
22826662
35131894
3078799
32257640
33980667
30555799
33219803
12058806
42388244
12920700
-599279
24486738
22122973
37896278
38746886
-126658
15913099
2365237
22665406
10764034
22621485
3691065
25853982
21092032
33396518
1796767
14874622
41590464
16067947
24641949
15215597
839697
27931924
26368581
31901351
-539438
18902934
5327069
11290766
20754095
16869142
34182986
32119872
2774370
3167106
25532937
6253436
38425930
20598614
38519468
21670422
15385536
19092610
15983211
23218116
15922589
5556260
39571607
7709869
5195803
20586153
30254884
2191942
22327043
18927665
41224748
2675983
42284163
18160299
23720124
40449633
18568539
31164678
20776488
28879300
25295973
-846688
36661288
19666322
33625811
40078474
27579637
28149431
7118141
42263538
30218660
40341808
15611983
22959338
32987366
43419836
21971958
37931559
22056648
3198749
28678064
6382059
10188735
29528793
20111337
12819146
24904934
16406610
23416781
1319257
24019468
20180954
603037
12160042
40912580
4110447
5521287
30235605
32723977
42433189
8318550
7862226
34877944
41746458
17865350
9778526
16232952
16936751
25261066
85196
17298589
2194898
9337450
41106419
12385433
30264845
8095550
29674389
7055589
12864262
19800422
33521207
25308619
3420554
41989263
24143781
42947410
25689855
43145109
13551344
9620803
29895491
31611446
31130692
23854520
33768288
24169379
19413119
41538601
31802472
9958427
16409861
10499914
24686850
5882498
39643454
12281628
14876587
33549408
35057351
33615389
26875772
-196868
2999086
18928670
29489401
11856889
22409362
10352606
481948
22388454
17353527
27340667
27317690
28270583
37011818
6783010
37104645
25953525
31330820
13988471
36682228
10208782
8621240
6227760
32248109
32019304
26703695
8580114
11836835
33256820
7543105
35880753
5110775
15816416
38047656
27409758
37532674
2325736
21132522
41440010
2809522
35859756
21537231
-277144
2156657
31507601
3428678
17461594
-313226
23451306
16782717
15456484
26882804
13065276
11785863
-999157
19682274
-905096
721134
13046142
18805708
27138522
42091843
17709925
30913411
8002553
20924593
32281397
27662901
36876319
25064946
27586847
552282
39023952
14773635
42574839
23273549
32821594
20473753
40079399
26206566
4576825
12395419
11797531
16066023
7448189
8659488
9019622
26470413
25836587
4559319
33467278
-378798
14616675
9856570
684709
5778593
27623859
43246859
27864205
20899306
20306645
33672590
19069300
43054240
38403637
5861980
585584
17508171
8057543
4809628
26830398
15585770
403893
29617834
31400909
7305333
39250978
192732
41990244
9686393
35225633
39418787
11432219
9556596
9088255
37519839
26487966
15982500
19447224
9497382
3735144
5739248
41577428
16524298
24224267
21625673
25399540
38342547
1868954
40286752
39244548
3062894
33608949
34554785
29366363
26626715
35562243
14911730
29087447
32386420
31341725
35444639
-279821
10174782
37061285
36519541
6914968
21224093
31088785
15808380
21854746
36093811
31112591
33450622
34950273
40450685
22258326
25074080
29375565
31391238
37798214
-560691
23243627
21590083
43347117
32358779
16981240
21667360
23660233
14198967
15765272
2990010
37362715
-917947
24849279
19371149
36715560
16857815
41988558
28841687
1573054
41434474
37310513
39835452
684632
22519400
14980419
29939480
37035841
22791675
377402
12917708
23746720
31725233
31839012
14604918
9817883
18786731
24831964
24655562
25975784
20239114
24152646
20412957
41233187
28512999
3729439
20353735
1793242
16270015
38829290
24690392
33784407
40181614
4087024
43853
19061186
7688222
-542304
38912299
1738875
41505946
531176
25892811
42478580
6998671
41936450
13398635
22279014
4558266
11721895
18699001
40499014
5850169
16392026
34058250
22396995
39378142
22183829
36689059
42557043
11978621
21375004
17339566
21435485
25193268
3149890
3977104
27164339
24917463
36987695
24636424
34220950
5528470
14384921
4804854
13836049
31801418
15668259
40694658
34002476
20174378
32042181
19069348
1245374
33632515
1572631
39566778
21687835
18343839
3884474
27049379
787577
-914548
28170465
20783424
14610275
2189073
16725867
7719924
21286987
9633276
26470594
22166423
32783999
256956
12176256
39719643
8451480
32763554
38764049
10353350
9574424
11931417
21201092
34097868
26800659
22400752
15820747
41734844
834114
940369
7279327
30708195
29273794
4537309
16508939
29067513
4629212
43181677
-123329
317765
41018523
30418846
14932746
35741914
5575785
3660553
36595828
1042318
13766914
35674230
7184885
13357054
10358714
36726509
12139084
3942670
7851185
3523401
1661469
15440117
22145016
31852405
20434831
39623903
25398030
36630036
31562495
11742462
36473020
22801720
30182769
977307
39153434
27858098
30589199
5985985
32439892
39613667
2196175
13298704
34290390
24631998
-519155
35551498
10913164
26884732
35766604
2375486
36405209
2769849
13891388
32134696
30361566
34778996
5256022
1718098
11878902
12832515
8830013
4973924
28569693
30625863
25426475
8911436
15421692
23073213
18150966
21943265
28632594
14694198
8616427
23197530
38800602
38839700
7426908
29709298
17217157
1539899
2277071
26474649
30813149
10427703
31823880
35346334
25790260
33426355
35043394
5460041
4988420
22776738
37093252
25930309
12604419
19871933
32300758
15377833
39306384
24191821
2188679
26926680
42319142
32782766
3755274
42620061
33303028
43464594
25174338
13343783
36434287
9386556
5034885
38013286
21743636
20865814
13943410
16768401
29023271
7718153
36973875
694050
37447073
18533972
37078425
7869040
20371850
20007734
38479602
25105726
4619256
13839277
29840426
9764966
19313661
35078724
