85197
455566
35766941
13720716
4783132
-755132
31124048
41522823
5524205
39760018
31232723
4260913
16086404
19992482
3156967
39791399
3085410
31167960
34331525
33948532
26018168
18535141
32370353
39460053
22195079
23675459
6134317
34146810
10227628
5269151
30926818
34170977
33870140
4608133
5752584
9397470
23709199
21087011
13698046
5237138
33300532
35713580
6659355
24711165
8290826
30449956
40723124
21748678
8941679
22564353
634649
12827799
37447116
31729425
38058578
13056632
26199610
23894396
22284019
15151410
20262323
14661223
10205854
101720
13738671
6962070
10550670
34274053
17381844
6465853
8559442
34005565
28374524
13541040
10510740
30219404
4072309
8292244
34825053
10456168
33459717
19900237
20839230
15883126
12689756
35946289
26960986
11663535
18535207
15244021
9159197
20178999
30634000
32230005
31840814
29775548
-331154
17819257
11417010
9546851
35235778
10486178
34392387
14908957
7402398
41395866
2497701
39585985
28205550
-130905
10424837
5152599
27012791
27407042
366717
2555159
10666365
32002918
37458792
21990738
11291523
23336254
-180920
43438334
40104648
22351219
37605030
4347271
-340443
25941345
39646511
10097545
16234339
3035088
4369472
19113552
20439464
5664506
27642525
14597573
37495286
16293510
36036040
32092384
1671671
-488889
39022617
9445763
5460464
27643253
9011983
41694119
12589897
33282779
8975695
14248075
10363650
22292466
17800280
22250322
10670338
5501453
42444876
7894983
31112055
27170809
17579801
18114437
9959676
12955684
30102152
16033554
42712033
8181059
29624936
43101186
30579475
35564670
14209719
18985529
11560503
33404521
39089801
19569939
-474128
2587798
18702836
32904045
27792385
26027402
5484563
26351392
42036680
17015668
37125564
24128682
40864878
6982212
30965248
25836732
26651035
3155909
12713226
12691796
14409313
22367606
38517197
14886900
27377253
40036366
35632165
6229020
26487689
38476122
38988915
34972674
32140947
31578960
5433101
10128264
25703251
38154367
22093397
6769045
3999350
40209773
21114456
12355082
33183093
24376948
13323913
4962860
17076021
32427660
5057044
6595822
26849293
28052118
26455853
40237080
36222725
-318147
43073175
40825027
12211660
24749492
-951914
38521728
22960392
41989073
1398611
34681583
34654479
13970793
26314966
5391966
35272224
-398423
15056041
7200438
8744645
-990044
14666180
12831631
39826778
24993784
33828307
15238142
33638576
25020353
5334378
8281175
24328741
18475996
23459759
41863142
26885566
8411935
42791866
26879568
28687212
42307474
2914606
620618
24079202
34409986
21675261
5436709
-301494
11120378
13148859
20581215
-724848
24915906
12157714
23432020
-171957
7553629
-806317
26467884
3135593
13461335
36342270
36917463
13020134
41071676
36616339
12444966
26257462
9328816
34287989
21995578
12174734
17455806
3797749
7129634
41279296
31160082
18897635
43263155
16844373
42987685
16104205
35871506
38824333
39756685
12565079
26195419
29917447
39942632
17214708
4254069
21843118
17227696
18969054
28522968
37776447
39610330
5872133
7089133
5098472
7707106
32070511
41459212
318374
6580739
28701501
26141273
19230580
23294719
991223
29408345
8197637
39585483
14116624
32639807
8314962
39800270
34686102
9773742
41373181
37711457
12762286
13416717
39925979
5108949
27409397
16795048
18261632
32748942
24653954
9630383
15163011
32899845
30007191
26399786
19590416
19732888
26203775
9343956
-791179
37063575
8285243
14443370
43119000
5384069
38812427
9838468
6421508
38412598
838996
16482620
20512371
34479563
31284941
10462781
7290423
3307563
40532060
28519016
39452098
-497273
2200474
24507947
14054345
1920965
42432932
28299423
36926455
21834282
27855832
34540306
17799661
10525785
8801443
26458380
20921357
36836034
6027110
27232745
40724611
17039832
34464971
26377997
36209776
39150760
19765572
13324334
43504415
12153675
24522925
20412725
24825448
1034727
3938588
26023258
10272172
-98569
7373312
16552042
11152751
34534461
7236604
23924220
30425676
24251079
30235577
17309189
42160609
5003940
31976464
27113712
21373383
4006493
32682517
42437247
12593179
11685134
16476406
6683453
7165992
39131918
35830767
1652903
39142539
23945123
915111
28924208
13574904
-612390
24173218
12327826
28232244
26950587
12328655
36713335
23393043
5954151
12842188
25183130
38410647
13786508
34258732
31317176
21198960
31366919
13656556
750522
16534467
11712835
36716659
16603690
10807489
39965754
22414126
34168048
26243367
25975478
28547509
3783002
21760195
37309294
41901588
6192933
39208896
43243382
5641324
8243919
15783523
42605506
22095364
24398380
9058081
31738465
8876172
18342112
33930558
28069968
41881503
20287544
11106775
20713115
4105522
12218462
41466648
6979315
21698082
31831060
40658384
4007080
23643217
21550269
1441942
40605378
-419717
12331058
9786917
19002703
40240105
20894742
40133036
20301815
12273544
42143116
20973101
33779877
36113932
4162855
8010148
27819510
18352179
7388244
13264030
41255067
11328516
24301165
5819968
7885859
18283993
18791465
32446191
6408124
22316102
1667586
4877436
20526983
17881823
25604291
25720315
19255559
12168502
14736150
38340660
21703970
34528174
12339132
36581919
8950881
27620251
9312948
33685406
26624574
24988955
40950577
36142168
42577664
21529095
12895460
37910060
18377434
14865256
43001611
25999462
22935763
9656767
2597594
34261617
25806023
31427496
5380079
255899
7700145
9164324
2799335
27174322
41284201
10432753
20988963
41822644
38951436
38349589
7420970
5342291
9896799
18253737
806225
32740387
37275801
27797529
41280978
5944730
28350735
35015358
7520265
7146408
17796374
241308
2647127
35477943
53362
12931604
-977751
37345645
12680630
14475476
34662941
9043478
34412413
36771697
25465549
30046598
3013248
5656894
10981111
29630573
21122658
43426162
13197425
41086242
21221503
23207437
42678236
28502736
35929732
34610555
28819672
10375627
19282820
40221908
39541942
34817648
28899926
35888685
24556360
43208770
21140336
14020400
12492480
3522777
2370795
26811539
40178653
37682310
30448636
5467196
25714382
38860799
10541432
19180566
23317596
22830019
27454323
40955442
36838085
32138478
31928802
23322950
39491428
8499658
1337466
1265495
12715632
21758022
12871921
5286710
3810873
11970420
839052
2191836
20362503
14606163
29407461
32524428
37936952
23780816
12522685
96200
-138678
43039183
8255387
9667161
39882023
18441668
36820176
-897231
28327008
31429186
16723638
31226138
25353524
4500875
12619405
41035271
19291077
4342069
4341767
28653636
16313184
36856078
26914667
14950902
35810600
36695160
8029226
4127029
33082705
5662225
23013442
18924915
-848848
5797541
28211236
20848308
12413014
22531240
566548
5483486
24150433
12235655
10421691
30433316
23001446
1510937
41207145
11746252
36742699
2500614
1852596
31105188
10024493
20039604
15520396
4997877
16656881
18318563
42362851
42249760
33818119
12346117
18249252
9193660
31451591
10213254
27233785
19192228
12483594
12306412
12860126
22802259
28596802
18602251
42159122
5713080
23880976
23705590
43441909
1617883
1559693
28245766
645351
41795919
8141208
3385243
40614802
15325416
-496278
26108587
38848993
30231442
4166555
41063829
20617249
14299419
24878898
37606182
17803225
18118958
40482222
34722401
11088256
31948211
35153463
41125798
38045773
30008585
38775654
9381731
30976921
10328957
5614072
5678723
4313594
15105843
18275381
4598615
11179033
41536119
27920943
8401188
37155822
29445381
43052482
23090344
22823121
37199693
3283286
38331162
11216679
24665000
24246803
18700936
2938455
26057424
36226289
32380114
22292775
9851336
23379290
32131649
11129123
20983228
21417864
36435889
22570286
18385485
33966326
22161443
26375795
35719683
18573895
11431173
9831525
18086897
38665333
18151842
31564333
17829945
8553971
19471705
142839
915818
26230079
35026612
34278449
5068484
17655731
38556297
39831173
19283679
13124579
40270901
9774741
34737009
33839426
20497831
7811244
28089065
31476506
43487428
23708390
18584583
19427327
34861482
26592376
8983621
21379841
30565344
6012894
42232644
9705069
6772958
20358236
9831027
41560501
17502146
20141521
-129811
10222436
24211038
36893305
15831896
21506343
8559630
5607687
4977558
5333188
40336637
6069547
17930694
42338243
13910323
1660285
14663884
33818239
32393488
33489788
37305793
14820727
36834491
20244541
25410190
20660109
1883990
13874361
13784510
9424265
11803347
26459347
23434080
22918304
36829043
34969261
41302307
20084071
19983564
21482782
-355811
1921881
35973970
37235297
7823016
14830498
36377402
11439355
11890899
29002038
40112015
22256232
36560915
11925458
22802978
25476109
19944736
1286716
1908184
11250986
30373675
5954945
15773480
25605835
14623960
6878517
26704601
14532443
31671437
20303682
34575415
32450804
7497673
16717711
7234741
7697723
4434220
14653421
20941585
38503030
19039539
10057532
18349904
20908837
31653868
29018021
2085886
22261969
18809899
16770361
22524970
18922594
3985306
13249350
26192218
15684386
33887048
16436366
16910046
3524120
37296738
23825856
24200625
38179198
817750
19115961
28825168
35052911
25564644
34749499
24709754
28839542
11923186
26160020
35478676
40939153
14749540
22689468
38964271
31933005
32166318
28460491
3558259
28356500
10805037
23078813
41604894
42680005
36432871
28521275
38497567
29832264
14602922
28664000
37998281
33520148
19355417
30536940
8414596
31468668
4181704
30163327
8012033
10177495
11083955
32384719
17941282
13745590
21990600
437995
21244824
29989999
32262695
13258047
16358694
12533320
6199465
2740196
22430419
18492498
2447774
38521497
38785142
79824
33497398
34556764
2877318
14658641
16272278
25089713
4806408
4974349
345888
3910248
34126786
285021
21932396
29146247
24159556
14916276
37933011
13856386
32287694
37054276
38924021
33331304
28013663
38393906
10046335
16304698
10621419
33679032
28188083
38135220
20158346
41602569
33982182
14868652
31150560
6576009
30909212
13083437
5028968
18757237
-918690
16473296
11892122
25363995
14691795
24916956
35242594
7094889
2818225
13160441
34928606
35438840
19174641
15181801
7122732
20183203
33572952
20702062
18735513
41444694
5853665
5775132
11056087
13849658
16636927
7553395
25235322
4156098
30009815
16832439
40485637
9150795
36035643
41114483
3994665
6952492
16828573
10858317
9453203
42564244
39926577
36174237
18513509
32988657
39041329
16621437
29056076
14227924
3497309
20439492
17278283
37579162
31908073
12044183
3307165
10119782
34110377
34405650
13675594
15742629
22734813
33637301
39688637
16255484
2527687
14600555
473940
6072345
29131909
39297058
813576
38986010
-324880
5422071
9995659
21710307
35217433
29028663
31024536
37634775
1220367
20159101
25854584
21272257
22211857
34469246
13548748
39643991
13803131
37444409
23117029
21947459
15791069
30363357
7419352
17165872
39401508
33598233
15166610
15606058
42302068
9641
-409902
12647252
4462165
9586503
-847531
20891747
9262943
5770392
25697348
17515946
35258017
6745536
26846117
17093046
5180836
-322689
14586162
28571832
11139736
37442904
19552014
33433378
13073622
43526505
4343218
12116124
31698633
17922429
34311954
33546944
12298124
39611750
39761636
13566552
11784130
27011756
30681420
41060023
4540097
23675040
40840840
16533263
35699377
6508858
9409858
3685639
38455162
35527300
39824921
13473797
8639046
4304878
26884305
21544519
29248330
39103595
9569692
12683673
7668135
117737
38562860
24169232
5869338
15161521
35486609
17776821
32754144
34489546
38800007
30159463
33037865
6872785
7680182
41378223
3991278
34174119
25395727
18054871
23143890
40643867
6548872
34513627
114926
5542586
8054893
648350
43432668
25116314
7339655
16958878
20612902
10252504
599584
38842619
17165135
6490307
12781787
31397061
43092045
11198180
24643253
23902453
28397677
5611124
13397039
-791260
25785331
9405936
11706299
21287568
27676281
39807694
12160849
20332279
4194571
32321117
23800651
2644252
22647699
29322741
41304187
21246062
30684266
6990479
756967
38815620
7759707
29638022
5177365
34380909
23830927
33222312
12300660
28543623
37463471
27623637
17635999
4303576
41913004
39392203
787224
25891128
25403229
36509734
21656877
29687189
23756084
26750652
28626285
5941173
2148358
35007774
38305259
31816019
-665421
36937292
13303914
7487285
43116561
8093831
38550144
25476487
7270945
34668667
8616143
2099708
35480958
20586867
4649332
39010233
26627476
26630216
12082568
22042212
1200356
6744923
19830845
43378114
11574684
1750547
41269071
21790761
11211994
11853655
31737060
10991897
31680289
21211038
39842684
42951173
26454973
5281932
40591209
32706933
42346952
3802578
41640554
3841253
38793207
40508734
12474405
17249437
26629587
31967028
31581678
15777067
30733904
2260532
5100031
16613466
4077763
-209191
17620274
29751218
2496001
28701573
41626657
33582367
20816035
10956900
16867309
28713774
866283
7169211
34431239
34339573
8927354
23624948
22449463
5854305
17077348
13331823
14646507
3561622
16962299
12880944
332051
13097854
20145823
39297678
27192746
135772
22437513
36186009
26848794
8704016
25293178
17906154
3030060
557499
35495677
2384888
4048975
9160981
35996792
24097877
35980366
39680530
38465355
18510169
16780159
17988134
40241509
13896458
30471276
11677617
16342698
24399420
19234956
36059627
31421371
777247
16263097
39974116
32702001
36118661
40499749
7829861
30059574
10887856
20971301
8905915
7866605
41713149
4588470
6563108
27925740
31828913
28689224
31969360
24272830
24056176
8237757
36701851
42773438
35111543
41389605
8148251
22802371
37402724
15834578
31715056
37657398
38582213
33992734
42328391
14086913
34740643
16196109
4567431
41428754
24480787
6599206
17091546
30688537
13873178
33530856
38892369
2496758
242724
33995354
17266066
-704368
4366162
20824453
35924324
27793055
33560342
27595246
5415877
40223580
41666238
12722063
29525799
39159576
10322975
12836833
38105399
-655203
17280747
29684953
-38595
18652949
11107646
7044910
31163432
40295106
21642627
2067728
20769246
9638460
40987593
8986688
30852747
21356848
36969316
25750934
6992357
32652589
2143278
7076122
6513742
28937592
40722669
12178983
20789106
27984198
9104291
40364181
38182426
12588794
22733468
3195150
37286147
30989884
4700751
40778424
37299616
20049713
19592818
16426006
31674659
9633041
20727162
9016134
13172915
27193466
36949344
13688781
34520843
18889363
9205118
24451548
10410472
20864447
37697284
16926237
32945863
32132705
23676827
30979817
32298336
41241658
8325174
36799913
43186159
19007210
11196770
1795926
12754274
1713839
108291
40282130
37045394
9498268
38792842
18214336
42342806
25050552
30972247
2391722
20132732
9525679
30559812
33792721
10967657
19428739
30787936
14947211
15968178
20152195
10606694
36649266
37085300
15358324
1729942
39804836
22012806
28251312
24833018
40648026
41536681
-98166
21896551
-685311
35431742
31875404
23069455
41722946
35595911
28899132
38859375
14052213
32807186
5150048
35894863
42628023
38262994
12610179
1351273
11442241
33463624
38108636
3202663
16239207
15672650
37454180
33498796
5005131
2208992
3136392
15562869
38746072
36884470
5207436
15721051
21343358
23552284
11671763
10788040
17998275
-485948
36781022
2019229
3607985
3386373
10707427
29567542
35620734
3845353
31846797
2686151
11902540
24880165
6668487
29251263
26316636
20158749
35231273
21449045
10909466
21359457
33773513
11681253
33856423
27019022
22898059
17127256
20862497
5236100
16919919
29810297
35329901
43261991
38516148
38831046
25440150
2386239
-87396
15376688
24751147
13318403
14436243
31875077
20166260
38905013
8591931
7428205
5948284
190384
2147865
40549752
14372267
31814853
13146096
25167936
15004600
1056988
12974565
31920164
41677355
13375024
29884690
36112804
34611499
20675763
597845
19324843
29925118
39816201
12094603
25008022
9990946
11323628
30086897
35975
15115495
31267072
37686963
30056553
36453737
21728391
38593600
22432252
16156513
6124979
7030319
20276688
37691406
15365220
21973038
42294903
2505269
2523011
43387359
41657314
18446765
16273081
42804741
24927069
15494244
12819341
35223707
43209867
24022838
41826661
2599457
3351298
42874894
3146593
27812008
10699075
27656469
42886794
25294009
24771020
6592956
13753911
13870039
34890721
2752495
16741034
13851645
23212808
35484163
16389624
14042396
6265874
23207405
29695039
24858734
19499344
6507680
4789833
6994533
14820983
30013474
-813731
16067587
28019135
32931821
28784389
41418826
1971348
41959476
20147462
22058958
11608713
8663587
1777804
25818895
26162640
19510996
39293327
5442420
22051048
23194294
11933907
37502011
40879465
16975116
40128581
7602298
23689360
15259438
27682801
30147108
15429693
17595134
24577636
13715602
13004146
24439231
11421398
35643741
1001863
12412184
35789794
18449712
8331818
34349483
984220
12081912
-298928
43169389
8750055
9543910
20238453
35012579
37063562
2328519
27766294
17625247
730822
14060638
2503727
17526105
-168574
14746564
17480726
13354745
12904321
40787704
42051509
26701303
2639660
5613422
30390950
41911803
20036683
36796015
30408797
1382017
10288905
13168966
35368321
16895908
33708320
34050936
34216055
6400082
31780985
26680214
14570831
38964584
11048062
32001645
26943062
34147399
30092072
9811869
34223155
40393959
6741891
3181956
31398247
17497466
36507391
8084036
38506199
42264571
15362785
21542609
32874415
19015307
15444821
14955999
13814499
32824128
2027742
21657318
21016116
10297707
39261981
-316881
32621877
35033312
38370398
22323766
6845211
13605303
5701463
40690942
31214220
31971000
19765896
20611875
31093769
7644233
32695600
39479900
-136443
23970581
31256653
24246823
32706084
37467475
18009467
17337429
1114174
12535955
38852136
22122991
8097944
28554472
13026146
30593874
38832788
26714401
27054711
9992465
21495013
14056793
41196287
41143959
7837988
34466257
26745365
31633830
40337558
26016555
17161982
20188958
15965812
16308936
35172340
25169501
31577425
32816720
28081861
31293139
28717458
37577440
7831585
4122692
27359198
13157795
10102507
22317986
7512757
25529547
18241133
1824482
32540236
33060576
29646924
28555682
15366608
25763831
4783165
30379167
23428344
19107549
13232738
35536276
43311017
22987082
37922563
23306464
18521515
41808970
15571735
32028893
24886178
33329978
29922636
18767023
36236560
10831769
30506219
8899753
11102532
17424385
25670033
30386018
11360423
40926208
12054688
7530730
2557439
1501341
2539535
30980691
17866820
5320184
33595951
33059938
31827588
4314655
41849012
24285900
2435147
27676589
3396081
23230235
10543035
2659489
29655420
33578079
27857217
23251503
42074977
24542245
19428533
15089358
39282933
6510152
1529585
9125747
27525397
40700240
23074377
25192496
14431303
3853308
11324059
34935153
25341899
42279157
2221405
2731465
8678412
20216547
22939709
35920408
15107486
18930820
24358317
43473760
4967730
2950772
40657656
30427923
43224019
32740023
9659424
33834284
29508106
3462112
200125
27536986
23176270
8452138
24145624
28576590
11220945
7983088
6302687
22664455
40447913
35647322
7461090
19379988
-385337
16021572
29849670
3174433
7571710
32293800
27313698
19167115
16662549
-64423
21897742
18700538
19006416
36491068
39766030
30780223
36780950
3525511
16888440
32764010
22145962
10397173
40209333
39303848
30105062
28480711
6623513
22228968
4544069
26587371
24518703
-800486
7711730
26698915
10567603
19713841
43497103
42289869
38037599
40857961
2620231
15097016
39341418
32278866
15970328
29232226
176541
17303191
34329441
30701095
11213408
35780582
19628188
23934770
36011821
37022046
29823830
3812526
40164761
37673799
34180835
22553224
16907675
7762173
36779270
22218211
15606535
34290861
12184473
28145618
9989161
30792839
23044783
11613344
43294981
3190510
25641034
25352200
41494525
25836306
11539966
18950399
11472462
-861358
19121686
23691748
24090282
6834289
35916925
42439830
5824725
7342621
34879725
4194909
9900807
853078
17931797
11930246
24894575
33516005
27946549
29881072
14620625
20706715
40675252
31521768
18391703
35016488
9896848
27847571
10097719
22666348
1859521
13889871
31954553
19774845
29058164
27481121
38514182
20487284
8069656
12100543
20571714
758141
39866594
1536209
37458963
39543336
26061622
492725
40052777
33952088
12003254
14875471
18799405
322341
9271161
30462108
36098942
23960903
27768100
23359692
27179875
27566103
13960059
22479535
9706100
8390937
1102835
23607965
38909468
1817818
21442420
19044416
6793272
15025024
41136959
8031139
22429385
24259151
15300599
31945714
40044844
14526607
28878598
42632321
6161196
41219437
37583834
-322348
35624776
24404147
39330285
14322540
43108661
38676107
15704312
33960934
39302380
7968350
437417
12720029
855393
35691582
32531242
37552079
10894375
510356
42915073
15155583
33517369
26341326
17801768
37814784
17393372
37941116
27709509
23010318
34767537
30469457
2349917
13734564
33004765
28187352
32417562
36132767
36441891
3805199
804943
36649234
5392244
31756124
6696124
22593549
16311147
2281890
36492649
19692311
15613857
42807364
9815050
29692452
-710439
25568493
8736130
27811649
5039277
22472428
38017733
4332320
41592906
11372581
27957202
6113037
40468403
31900834
14606827
23159675
7625615
15157249
8567359
10133874
12771448
17454251
41186828
6895889
16392948
35931753
33749092
33798887
13877301
17361885
24057536
32595572
15616031
11592769
16275387
30618376
2362379
18370409
25133935
12854486
9279611
42744642
22982946
5326454
15108799
8705798
11708706
11213073
35835468
35503745
38477427
16269147
1054113
28186260
25708424
-656452
20651394
2348754
5604004
18824220
25422675
14696113
20060241
41675773
41597388
15542784
12886161
8638284
2701017
35412782
4472844
40418914
43379667
9220421
31571484
16276146
22477001
25784115
31009660
40926650
-665326
38357635
19126198
12918167
3588386
29010955
30142090
14447515
26290018
16298615
37237255
5115538
25931734
25841243
42245433
39167094
40899929
38828112
10683705
42738516
1749581
42276266
1031916
6659145
4088792
38915625
8904349
29510030
33680491
24348579
24811397
26093628
12856186
11684379
10562464
15380760
20319105
24574820
16782935
26899290
6195375
30709416
7385565
36027502
17896882
33046787
22548604
37889932
11523112
30870141
42699017
16332790
30506439
19781617
41567907
1901292
24009102
40875592
34433033
40251547
36414619
17054503
41752433
32444456
2247970
42397785
25733555
1772432
21791210
26351431
1264812
13956860
17956465
6728922
5757286
39515149
38027189
10502246
20775177
40611222
30184802
24566890
5481034
24166240
14597296
4241730
17352556
38390305
581798
37513509
26336347
36958644
5263483
23467265
40207352
33835524
33374029
2579860
18447258
8886471
17628558
17864981
43061377
29211044
26645339
42490066
15986355
6023028
3384583
21696484
2686453
29356390
21091548
32848631
3828844
16559269
31234597
39921111
19920830
-530860
34433923
28484438
24638621
21143808
28429100
31911779
7528923
27311694
-469749
18945556
992148
24617049
13212732
29065934
12895834
16167455
29983128
21412050
31867608
32426819
18717192
11082643
13620942
29693049
8113610
15140838
12965200
10585213
20967802
38875033
24527138
41699760
26560302
21477006
29858719
27260205
8993874
5883681
19982303
7429921
321828
39125114
17813331
29832355
33202827
13451133
20781301
18376819
31569068
27301835
35542199
33006291
9236511
5539288
15636450
42408925
14956326
8558580
9028447
22652714
19984650
17184851
6671747
43349684
21376174
37284467
19203013
6829378
10606428
15839082
2464258
42448052
29934590
39911349
31755748
15322534
8409359
41851117
32041569
7711278
1716044
31845065
16153444
37780440
32998120
35908507
36180255
36972266
23038925
6236948
43482937
18454090
2006575
32029875
18485369
14886582
36455426
3405482
41713214
26015842
17701666
10244515
10536218
34365755
31683903
-217672
19179198
192125
4610168
42429168
25197198
14233651
7410538
22220152
27901671
26170699
16094408
14069372
24394110
20778757
32969853
33338098
16742755
31161039
35037522
34237037
40786523
8109921
37069249
10058737
28964618
37402944
34861727
10888420
1410831
5890575
1991690
26725685
22414910
25595437
38916264
-980339
37653558
43103420
3799363
1159808
20590309
32014950
31823449
20417291
25154042
33436286
25987690
12005654
29827647
30942406
13954784
14808009
17154951
735358
25372046
19609063
7955673
5291724
36470578
31138248
24807977
34520198
25709193
9298862
20328558
31057120
18285009
26786587
19129155
7174629
31763311
22153796
20490662
-719712
7758251
29374161
15834173
9620851
16882106
3513548
18038888
39067899
7218278
42318507
5985592
33290970
41930424
32927173
39639059
14723869
31752916
34676563
-620762
30810922
16622244
18471936
32454082
43012578
39558140
18270059
11252733
12330700
27813500
33383589
2089073
34052164
24947568
8920754
10889276
10939255
3216881
40311383
39600366
12033261
33969392
42037812
9298284
33127121
13961383
40090092
2828514
33022886
33458423
27145719
2861947
4438343
35475135
5710190
8489386
26864981
18504909
38660861
40995445
10803407
9145253
23362933
14076850
18278142
15845093
34163219
322129
29027726
8922319
33003823
11909700
23887384
8491149
43118552
37869375
16917931
18801105
19724549
17977001
9689432
1995587
40680228
29123231
7561634
25937004
21946558
6071877
9840486
4365192
26363975
15015181
36274661
6159378
-489344
14733137
19157048
29014699
7055233
40465971
19953320
19267514
17302885
18821785
4853519
32107667
24153708
20566972
285330
35662564
6977838
2318451
20571527
19991510
40381177
26870532
1945875
14637963
4849016
43025565
14275769
13417764
1847550
3312190
13935473
23209044
23503492
14246917
9388854
43238009
41844485
14853319
25900308
14515321
-856590
1742951
29815383
10940932
15403125
-866681
15031514
27333298
36947875
24315275
23701139
4213525
38490031
31951612
26582029
35404306
25366985
15072247
23200325
23671245
35378340
33593660
2011984
15146111
34513431
34747878
29210841
36225236
26647116
12641114
24031984
35456024
39397381
4235351
7779135
12202843
18858545
25937329
27179817
26274690
18290642
40187016
18114690
10703817
20998585
18700790
9208943
40409957
18820703
16638702
42993655
21176447
9701631
24561536
32944499
16117853
15698494
8711340
15508891
25485026
3750478
34920174
5616674
36052398
25072156
24217662
41965311
12068269
37576212
30768556
21481669
36398147
9694080
37874462
8726936
35362777
42728332
26930703
27057891
30284254
17818182
3098753
31548357
13262155
4770224
39773672
1136811
6664520
20131847
18777320
6552966
14124746
42020481
29920190
7189965
34586918
10967374
29163993
33849467
-294107
2490783
12432688
22879544
10186454
6869960
37037252
10576497
9124720
10645784
21902775
28791497
681574
32233344
10130566
29291911
9896580
30498150
37509742
3185236
13522278
33811764
11190418
20793385
13975408
29878915
23910903
1419317
5975508
41802432
3917826
27756946
7384241
35624763
31042542
40829984
27565533
9640642
27737539
6929084
20609289
39237640
7464006
43448663
7921218
36446511
6837991
38543730
27876412
17596433
12081883
3574392
27211081
36013069
3611393
20648938
33448856
14166906
42161123
31503963
36507555
10978148
29362618
14225089
20862195
29447170
31034860
12386056
6375182
24470971
37777500
20473168
30506365
26646377
17371376
11635079
16289999
8018535
27117752
481838
7261559
37948299
10136192
6766216
16945608
13944967
37047672
7723826
31299622
5565921
32686914
2815342
31549610
9357532
4112814
376828
22750222
24940289
75715
10060046
1834921
42155494
36386605
42306656
7613832
34800947
18452140
22545868
37556194
17868925
3630731
41078028
9450917
1154929
11386229
7119537
9694353
1705680
40400594
27920993
40552979
32096065
21446845
6534277
17545077
12700733
28343123
34491646
-662322
33442360
24990097
23566194
16941708
11439025
9531965
18389684
19528213
38826031
23569568
43366433
14206901
27518085
6218890
-891565
22655128
43935
28305133
5037889
18955196
19820595
7283115
23086070
21817893
-223460
23262973
40879423
33667877
7336561
16032081
23372961
9403429
27359289
2670458
1968888
42454290
40133164
28319920
8897799
8600911
32232590
18963032
26143968
865260
28194104
39359339
22211742
42362859
19966750
4102301
37187003
35159950
35031392
41291034
32863926
41040099
17465451
-252149
38707679
9538345
17272263
29102472
-464701
19770074
11725462
18064725
18108319
13773813
34542999
1134241
20274159
26360901
32617736
1975001
6811103
29727344
1445548
5801687
26652279
14185569
39020407
14291623
35243387
23911390
37787816
18121843
42584799
34521162
20884545
34811009
40425885
6730484
1904542
42590676
26394385
10593438
34530161
27887328
43226076
42819949
27535306
7654232
25385756
19495002
11873684
12402791
41149167
25865732
14670332
25687327
37632665
21699179
9142293
11941864
23944795
13329658
17647056
15819570
30872431
19997876
31604817
10006300
6553731
18876502
21364120
13092337
10886849
43226665
31280154
25505420
6684115
25868402
2513704
36493768
40109960
3505250
27003809
5109426
37495757
25048025
10819532
19703434
4867193
35824048
16353816
5430052
7570489
35995103
32870639
26471492
39820492
20922393
38958078
2283207
26526441
1245551
14096313
35677438
-236562
11397573
40203645
884814
16220422
10204902
20683630
29615605
811933
4270822
41618863
19297590
5773051
15944145
38152099
42422313
16459741
864206
29309963
20069035
9090916
40402182
25830794
37588626
11282001
23123374
43382085
7512580
41708788
4626314
41811248
2138026
18259729
40353287
38939453
4765993
23224183
42631947
37163758
9106634
21342761
5482929
41401719
27873425
19358457
35667820
16121513
27530452
32203805
26494289
25334397
43412546
27473159
-382354
18800771
2437554
42848088
32192275
26066356
10848473
33561989
18841790
17975544
34493964
16193679
14939365
39251001
34181867
28623203
32616522
5376228
43207329
14758373
16103617
14179362
36044339
22405044
-564009
6999138
19356523
22860661
29834854
6330743
32063518
29184391
37419227
39917776
19905463
41112145
14662732
28761797
8075077
41752822
12815535
31586836
27186591
40683263
15928316
846769
35097383
28417978
30842202
26481052
2913850
17835788
23725993
15941420
37317259
34307927
23589577
10647261
10356608
41368420
28301498
39582816
17551796
41560493
33997417
-778356
42885692
23091288
38929894
3801517
22476986
36013058
8814577
17756059
38976573
13585648
2444156
26655406
10647606
5590236
20802431
7030822
11309425
7677547
37547794
24789752
18018728
28511193
16349643
62363
9904032
14187868
14551025
14731637
21130212
21013998
40564047
10034614
12239692
40704245
5604447
30720875
20775663
-294298
35676948
-221286
35157368
35059649
36538650
10275437
39522600
33793243
16289277
37711080
18283620
3909127
31352424
2486606
31894608
26729547
20769683
38589957
15774423
20484386
39320521
37213301
10512810
1548568
35964307
34488421
26937946
10223726
27931116
1923942
28752823
10061118
10819587
6591271
13436548
11685139
42534294
10688566
8563159
40372552
32942824
2958494
8441324
11699944
27098570
741977
33676157
43144670
29226623
40339458
-683683
42421635
36553568
36173376
17110851
10444839
43426597
25122889
152554
16999405
37887082
11802104
7892828
22245261
21741897
5955368
6914860
13702993
15353184
3827800
8415738
41256691
4917213
19054150
17647765
29853301
7623819
43395952
28025419
7615086
14698827
9118283
29087960
21045853
39358525
7102404
39416228
9637306
12152302
1013057
37655953
27252354
10618360
30274648
1831127
12808420
29930219
10097213
27842696
28667587
9293308
6095797
11614589
27510577
32492931
31104287
24008810
34509405
22137001
7761233
14831171
26346856
22250523
43270753
12580760
11429186
262097
6844466
1542904
37515466
29320547
42712667
36281476
25312786
16190934
31909773
9512406
37715288
31051215
6958971
6050541
7781073
6979019
1257294
39934475
19627882
26716285
1329902
14009044
43089611
1203041
43057670
26173769
11854809
35113059
27027236
20190288
32320018
19743468
23776561
18747974
18322089
18631878
39034871
19330142
20336998
22403545
19197231
13486707
13298258
10045683
4504671
31718008
12786094
21947629
-15962
30265102
8736541
41320245
19135478
42570085
2634078
22083562
35745428
12846585
38957178
34037370
2264212
23162813
30843228
41789189
24230380
19860539
11496300
25731464
29740238
19202049
30641053
7446159
26573085
17166244
21606447
42729241
36209023
13217809
37660340
29927134
4536956
448056
5476868
42002630
15880258
14828668
18807576
1501595
18800334
34507746
16396929
43337377
19735401
35524294
1573856
-292907
20689025
18763086
15109691
37698468
13609960
24214302
22236196
39269101
23414153
4587879
33918431
5581537
30011363
5750726
301453
19430521
12194110
7992665
4089051
419453
8647797
35643814
21911618
23177453
22621733
4968780
28145082
7495539
30125734
26571712
-960389
18357377
40215399
29688300
11064495
13774315
179948
1749698
35072425
470161
23530002
2145353
9635892
22451469
34645178
20647105
37372015
28427869
42290590
35888781
19903582
33534592
32759044
14484344
40435156
4788766
26965512
9861097
31552951
2042235
301625
22159484
12782890
1657133
29121335
30086976
11809778
21148881
11822582
27039527
40791005
21755855
12464422
9712636
12748588
16478028
37145834
29389552
-715354
29044833
39364789
1072417
14008242
17023166
32193735
6246688
22451757
657409
36539242
16273010
10210670
4464993
29424536
36470421
42282286
17361661
1276849
36060693
7541193
23814113
10710646
2299398
11169896
6461091
37733078
9384168
38972140
7373038
10444129
10834462
32133649
41710597
31941458
21529727
23901961
40031159
15032611
28603176
17486198
11100222
15912618
43300126
39370290
22165982
38677211
35690184
22939387
6085252
18681340
22537154
25090632
40408727
10581214
38249252
25130036
23753447
29642841
8091227
43472216
14251496
9382253
16801510
28366706
3560091
39162319
39808600
11670430
26852284
31758482
28457144
20789528
31997965
38363985
41323011
3113736
24654692
11301560
25070295
19068978
14453746
8306327
11800029
20973739
39042429
22650044
43295376
21538489
8661992
13349975
31479860
29165623
-225152
36671671
40216252
26940001
17453234
36860968
14541240
20047060
39471620
15152948
10553690
5524469
37643744
42567306
31536365
38422009
16560706
14736797
35310271
25106637
36792153
19454381
7028123
34291506
28216039
37880653
29776106
41730108
38261694
35309168
31270943
35587170
9803214
-492519
11864834
16991587
42717414
11201056
-910804
1245909
25798958
37533875
18165373
25268552
29904731
4938089
14934163
42422495
2718645
16898686
9120349
16833828
16330768
32380137
27478708
31617344
9825876
38923235
5459245
41753303
2201225
12108140
3543865
37051231
13337322
2252950
28907319
14544337
27312292
22703804
38332015
6725864
40520132
3744847
158252
14987798
5290787
25804600
-897090
6746085
27813974
7986692
36852492
38262891
31587944
17546994
20259693
20835446
12410360
22687296
23685023
41653251
12046807
31376433
32274792
266603
35638841
4706529
31746893
17051743
16603265
23714489
8335370
21311517
23246991
9797832
4569404
40464874
-804867
14432591
13662586
31524240
29936197
23337863
22927055
9037859
21942454
23723958
31226401
32501506
27127794
37350115
13410844
20789411
33948597
12180846
31551830
17594549
11426916
23605941
31826083
28833603
-403188
31866479
22124063
20529569
32171553
42449750
8880889
879629
29961444
13788043
19087656
38154224
31921073
7455992
5479232
24546252
30600097
21855007
28883002
28159444
20725328
20558387
6625286
41442591
2302628
17931988
-297447
13174313
2330092
38938002
28687559
29732210
9943511
16103829
39338344
5814607
10457758
32021777
25251385
7126278
4176151
29285380
7898686
21525076
-46269
33618847
27265951
10690907
18779152
18586508
20696871
16609674
40772178
31814277
34149234
35013796
32229628
42250263
18082702
15665391
6468319
28495098
27636964
6092887
33363930
4506475
4960180
10072960
25229009
36528442
349225
19138141
29067288
12757675
30922072
20767663
11266341
36851872
1373206
3694083
17544224
10264569
7125011
37307104
12526588
23501883
-561240
12541766
17812157
26332839
2492569
218455
-617178
23807986
9130274
16149124
7449913
7104249
15033466
13384627
20983117
37573956
28628357
14692785
11197969
-409295
31550106
17174693
19579495
32931467
40612816
41081459
14389461
7431476
3388837
43436392
14783561
5842052
23134486
38920352
316109
9555684
21959171
9977468
27004262
28431692
15784102
21420777
31100725
15750023
36653437
12259734
3898651
5834304
42945985
29009862
30366597
30282911
38158707
31321839
-613699
7020022
429802
33921841
18783420
13465185
43124901
21003449
9532716
13733509
15689280
19822685
18675
1221398
14645326
13326023
18595423
25126144
5624151
7872780
16605237
11618721
12240007
31364408
4027743
6961650
39200843
582250
22952507
19651323
22207632
25324034
31137548
29802967
40912253
10431752
37896874
21427553
2829395
26793315
18501617
34259686
5794787
21207565
12532567
35329489
27354377
43213380
1895309
13777387
3619862
32012427
22577125
20126755
7160922
28578091
2732530
14146541
1685559
15406690
29756617
6034754
26484885
6121986
8151056
11781570
34933038
3679858
38897097
4335663
3832357
40607237
-70415
14600103
28432286
23558850
4568132
38115063
35737605
1751169
36826036
33660358
26984237
23610142
19037623
4440078
22327381
31454893
29941736
24814108
40861013
38160912
17139650
21921850
11610669
-260120
19442677
361598
21258714
17626494
19864243
31605751
42752915
43435685
27201003
13728586
8028409
33050609
6948267
17162733
10277818
17998376
30664378
8010981
31547213
10275468
37044903
26415925
25003471
6632396
21354960
33039340
23806575
33028012
27495537
23662448
24524728
38426702
30637450
19334021
21414346
43321793
31585921
2260320
10702202
39732194
22446620
26724922
25285896
24080343
15097494
22632933
5389557
1212934
7578480
7170550
7899101
34375489
7693419
30607561
25475542
37383165
-830408
12396313
9135421
22265432
18064171
4871599
13097938
30023457
6263056
875583
18992710
33788694
32665865
35771685
13638354
12042368
17558265
11030704
39385469
39688867
15423637
27254644
19799931
-162964
18512650
26988022
11301941
6624148
5923124
17920345
6367314
8113894
39780954
18061837
35133729
17726917
27338786
14253669
12926020
31895677
43342347
441931
38983644
33144185
12422076
23382580
17261184
27523016
26087561
2390349
9970347
30604788
14887734
37240429
10285776
32810432
33140904
36405383
28676151
27143197
18373246
24631067
27606033
12719440
5645112
21647264
28916504
24415034
6661209
24522799
21949849
17137224
8098824
38284928
25567273
6342026
28280694
4728989
43222907
10365353
17766090
6899055
34575027
26928175
33058358
23846218
30329527
24579478
37983634
3516404
3209067
34788706
-452089
25289618
29426380
35162042
32157187
31719678
38701033
20482530
43065840
550337
-374185
-741293
2525631
17447601
2841880
21290356
15722606
18279620
30296607
12705050
18241435
9198475
8669508
38426777
4768299
8599976
35907588
40194832
40353427
14632148
6189976
21148454
23502516
249128
28401388
34311120
36330869
17214030
1737368
-831747
10244257
14488305
27014327
21858845
15807889
31110731
10823064
21548583
18572027
43212331
17513238
10472516
38886270
26609158
21431210
-817083
34238773
10743370
8909076
37051143
31256966
14840487
99932
10031667
27394477
21238385
7921735
41128007
41089958
1478891
10667849
1689294
5406679
18435468
40910759
29316141
17051710
14446501
36871444
7973731
16571883
3810532
38021505
41434081
29344892
31727854
416712
37500839
9929076
2004469
28512545
30062941
13080065
11417196
25009802
24728984
33535669
37450981
31333304
1653129
16271261
8080492
6282998
22310882
6619702
27403468
564390
7181189
6994266
6808226
42332947
39740054
21379964
33168417
22221976
36055866
31954084
15615099
42505602
25649040
17469689
38855858
41741770
22501210
8593970
5997155
41712175
25311743
34168089
11371444
36704938
5306952
32550685
40145792
11278786
29061729
5125289
26776291
41528998
3911392
20881140
9015735
6380344
21245319
28732710
1693724
16380526
41178631
8301286
9707978
37667923
6494771
8960590
4940397
25454480
29656300
39773827
30922797
40490736
7257476
21847233
21083843
21199070
1332628
4436480
15195736
9678596
5662735
35286305
24046264
27368418
374459
41329689
1069121
28637689
13436673
2063777
39410395
13126494
809570
16782666
40681346
16556970
3035347
17405138
43161031
39113851
20344125
5437299
42929313
5907525
13193535
40824345
12651400
2072836
32232181
43335107
8487694
4454800
5764664
13032850
24201205
4209440
21832578
19953548
2743607
7234216
27559367
33192617
33810545
859053
18635087
16486866
35863679
34540353
25816620
26735882
4959494
10018209
36052073
16716332
42304717
11923087
3662879
39773623
39494321
31562289
26580602
20904794
28044408
7028101
14881265
26294139
42866237
3871417
16101880
1431038
2643844
26301320
5966125
5901756
14552492
40128645
18492996
25679061
13985486
16590649
5663508
26028025
15406698
25478602
20561396
10731328
34589672
21456516
3144095
14219071
36088573
-48635
13300008
18663890
42006675
33322700
1737259
1848840
14383307
9552739
151980
13539981
7887643
5216795
34386248
-230567
9677167
37302993
3264436
25737725
18286257
5785151
5042357
34611643
8004695
18973430
20345488
37950953
36002634
3777123
4217564
13006378
32670221
17176780
7630948
30268818
36180399
19869297
21735508
5038110
33435674
16811679
9939879
7312416
32530124
12494459
31284384
22841719
7601884
3050865
17220679
34711097
28345722
32742566
42606017
38869512
5405587
9616974
954701
18165806
3627269
5003865
8179889
6729795
35799359
2574963
11700776
15423636
13535601
32038465
-340002
7468014
13265581
28086656
32214048
18562968
34679927
29667078
10271312
485682
20265385
8732154
42009848
4519301
1940950
35869803
10917483
16506020
28314350
10856915
4000508
29143146
13187861
37441850
32572312
9090251
31226104
24597795
347107
35088274
8171493
12038385
3127553
21915335
12086051
5211570
27123548
15124234
9510589
30977091
27609332
34771351
30188687
1145260
40069362
30154615
9345026
11692859
27905507
21170525
19520350
2555297
10847982
27431297
14680354
42516367
7315665
4755632
9581545
9832305
26735127
1712239
41329518
34851706
9024151
10004508
24316044
7782224
7153192
16081362
7569338
41610281
22293148
18335149
6647758
13943371
32378948
32490368
20696676
24621878
32268333
31546364
17841026
17160346
17833346
42259229
6324884
20591583
9955920
27318821
9688016
22439074
42490159
5376924
6700648
32589795
29218636
35795457
12580689
25120393
23790650
2465280
39623336
-741194
16787605
13802124
32210436
40204485
41343879
18375333
40007719
33468910
4894809
3282944
23247780
33543439
16711789
17365401
34820845
12930488
39903283
11432234
3280248
11935199
21023614
24632184
11363117
42906958
41319157
21535529
27710504
20145500
21809682
36126082
32815246
21909552
22018583
34689115
21563635
34290042
-657637
43212837
17303886
37993670
16894647
26820891
40559529
18006738
8050451
43309332
8516269
34762093
18838748
11764338
40327053
25951209
448288
16553928
30237311
37864556
29049215
42269724
665788
37549203
25645980
23310974
9943748
36966740
991108
30359197
1646488
5725305
30857889
26735407
40068051
32787544
7694441
16199820
39142346
12222096
38349157
9079689
33584615
7879030
9258703
2837243
5167541
3525826
6717094
30145979
7790241
25371508
19462506
7865064
24462524
23020983
33117183
29179649
37472320
29971332
7341958
28004830
3117723
20091002
24033722
978472
7788178
15005525
13153022
35134004
23676876
10604950
11613425
42728908
9970035
14946316
4209107
4531803
38896165
34829567
25746766
7306701
1670346
30176417
11889581
35195172
40130150
25735283
20993741
25455478
38435666
14471264
39884195
17964617
26996758
793743
22117191
32525995
42808845
37687839
8642904
15414643
25065868
17398983
20533048
816299
13624410
26495175
33880124
40816536
-766795
21274716
17440042
14980338
-419469
26825308
31003085
11977853
31223632
36128512
32994021
20513863
25589723
39308320
41073017
39450830
2000308
10550459
31263361
21445015
30386890
34489156
7336642
5724053
10731904
-204853
15030612
30856156
13635488
24644187
41902272
26662128
39963914
5013818
39152501
11661123
7839777
9892300
17215917
1143146
3825768
13690822
10574977
77768
25834356
27141683
41530701
1022446
36406545
28808592
17183893
42621964
29549058
26239214
29123803
15333534
26780333
1327864
33291998
40568987
28362118
34044482
22709451
13415483
26821125
42180028
12196109
42189206
7874651
42563966
12991377
8669218
31102161
43023546
19005129
31667550
8878147
28068525
35091684
20698994
18778419
40058114
42309629
43303245
31943620
18610368
20397769
-306047
42400248
12586904
909028
17294231
6135480
37193704
-913556
1760987
16743078
-538116
11195227
32497148
41490554
32496081
27928334
24121719
6709196
22543557
35809949
32818522
28794942
16774256
10903165
15079791
28508949
4105669
13952213
16624882
43112998
30731973
13431385
36168729
36187278
18109565
24793128
357228
25890240
5390869
8787148
9560979
37388410
18097781
22684710
1782105
32115119
9977432
46257
41182410
17423924
12472228
34664545
42471265
31206034
37351938
36598419
42005994
20905428
16701882
43127451
19433961
24773840
41390763
42162955
27160737
19494305
17082589
-65845
792220
32710464
23914388
923653
40144832
24122774
18916112
38343193
38023805
26551235
31315285
15483825
37880489
328960
6583373
22500414
37464436
37095666
-216640
42931023
26839202
26638417
7319634
14152959
13996804
38534641
41368872
35411218
37659201
14843425
15634611
43241180
14393116
42412887
7605347
8345321
37876842
11093569
42779448
3921371
5237397
18241482
17045598
10951727
35460994
30781130
17045109
20848114
1651926
36661336
36877357
3908705
31960960
22196778
30969769
15976492
34145316
35188136
34990719
20049511
-647909
30995501
154673
37894123
21403323
33521886
23356609
37271245
2205581
34224298
29156181
23401816
3527918
38507454
21523845
14276801
26631251
29365501
33026297
34808429
21173774
8892063
31215202
43261421
35755255
21462104
4447903
-949042
24692193
40964729
16437334
39910883
29438463
12096707
6770445
26994816
23796843
31142728
270224
29326676
34738262
13954331
22384479
38850541
31503581
19634127
15737772
-97714
3560476
16064266
25252474
32424781
24457996
4167654
4138157
38827540
9847969
16420632
2726262
13313574
11961653
5597609
1363516
38725692
7248044
15718073
6118973
30738339
27828755
42224647
42983856
36461566
9099048
13060619
22715538
10035499
39556842
30018073
22690890
-394746
17940101
12678539
29994580
18035571
31968815
21935066
16364276
7584634
6767940
37710813
2209590
22452369
25457751
43146236
6036231
37733230
7223714
43016471
31521180
25847542
1118812
23902500
11506499
35793156
10490928
19805619
3921462
7825838
32590584
30859856
25043820
12799642
13299576
24426611
9023128
2442578
9126614
5374291
19239141
9062111
15756604
40490097
33457039
30363230
11770692
41402156
1832601
11217103
23435321
27761557
18882104
6926531
24248680
27476857
7820896
22880260
19951818
33541933
15048706
16323421
38817320
37984899
30638939
7362917
3206544
26634194
42368827
22761578
27454161
16680453
33868525
10703468
4399772
11520172
22129711
8116099
18541893
7654762
-331681
24810872
25981548
30600912
28752647
15648604
37335185
16302828
5518684
43108754
21706402
42452076
2253951
4341151
7353346
16289314
7609406
10757027
31367978
12132610
1757468
38900840
18912312
663007
2225773
42067090
42329065
14485108
30583534
23855877
9946798
9633258
5331124
19942888
34698489
17116029
40257031
41810615
13721530
25087431
36672724
21974299
22664108
15876178
17104409
2880046
27239525
43098491
33216605
18032456
1906889
39911027
6281757
6922892
38200023
28920381
32749281
22304371
36794908
27566362
9224378
222144
14252693
38016207
9313305
33289481
34305065
26691699
43211646
30110847
20815099
25495480
17191968
33021848
39206593
21345623
31597624
19436991
23144050
14856478
13659312
34759379
15648822
9204738
19192926
17336013
30671399
7289705
10826153
37803769
29063707
6670055
31586977
40158406
31771980
2542735
1577195
30420983
31424060
34979550
42393661
13713461
19445156
42334085
34437550
5418441
24602198
1440993
10719537
34166413
24530929
1993763
20259999
41581839
33669503
33467283
43065647
32273161
21823164
8544850
24990690
3864843
1592870
11690444
28666889
22586562
10571580
28699789
1535524
35466880
754692
39424237
1307662
41107866
980615
12030008
16679703
22791509
15020773
26961210
19288208
17210281
1412551
2123472
12734123
35280314
40797133
13652818
19771523
10436328
34688883
37576340
39574721
16181503
34744638
20708919
2031045
38577468
32133626
7302906
10757313
-318857
20190879
29748829
33965001
23219895
39258253
38394321
20007297
43131674
15215840
41353547
34640932
1935176
34758080
15710627
28254221
16980854
7681474
5430888
2562310
10841654
36246916
18783700
8825022
-431518
8527463
40589034
18193690
5306533
41556117
38313454
14524965
8576332
14407283
15828813
11369591
15886443
16959358
27442875
26040078
27764802
1590744
41117720
6775122
9602872
27209761
-192366
2947507
24449786
12150139
15058037
2843250
34499489
16371631
24111518
16589897
32568647
3833714
11124894
29722590
5773673
27125886
26654262
25930752
29453997
34851078
6336640
5752468
18666775
17147782
31148575
764996
21474135
24265227
11583421
37254220
14740542
6967343
31119767
-648544
32627298
18165537
12870599
39381026
33356155
21112541
