37198620
12161272
15567972
1776251
13971735
26345000
32125885
12273699
40108205
30762122
33804856
9721221
36495866
9818305
19559061
29944153
39880368
17830925
36876544
41137096
42331015
32414688
16097941
28085257
2978100
33104070
21474844
-619832
2948931
2634012
4549604
42237588
41910802
38800379
27815989
34162853
26671700
24179252
2056021
29930292
33744282
33994497
39340259
16889848
25149040
12371060
18891739
40057648
38361653
29892288
12954442
9717756
30437348
5717471
33949999
10026155
26562496
40259306
16211305
6612764
9434930
43439740
22264106
12123657
27064564
36445786
41078438
6909318
2614679
34061962
16699144
18959479
41934419
16230646
32490634
28803445
33814210
3377413
30431713
7339417
4464337
15685439
32619495
19290795
3429011
26828333
34868563
33172331
1120509
4567367
27058226
10855494
33469305
9308541
2469090
10336610
21835441
23648501
15281179
12320627
-775730
8309900
1720964
29236621
15136269
13832618
37157111
29657216
30710049
20012887
-235822
28199794
35510757
36004505
23241531
8913467
25021442
39165651
23776348
42395264
3519274
11267649
15817788
30445218
6330226
3131388
5855125
41501341
14961266
35523162
20161436
35204189
23792792
40288357
18459070
28075686
13827330
9517486
31814256
3458773
21100297
31412197
31309845
6501906
3760644
32380320
9776568
36524771
191461
40469601
22492414
23947555
17215813
18533380
13868109
338888
901225
17604516
37794336
28062988
9124858
37351404
24018559
28070089
4999209
21400365
39573344
26743929
18608149
7920208
5896022
8533673
39469508
25427709
10613509
2075384
9123295
26348029
16400824
3299572
37615167
26765603
25561802
24660976
28197993
19410035
27086314
9238890
5668088
14380873
18617964
3848450
28447861
21517993
396153
26475416
28833014
6309608
5603021
5504005
7089035
7542963
4693432
17413222
1412154
38573916
19051154
36790204
12567677
40171690
33743381
14427795
37034147
40326623
21540566
17171044
10305176
3254089
15353728
24440668
24946754
19055570
19903043
19201873
38191413
35173103
7361818
15052713
34731563
39154315
8691820
907789
37438343
35022255
19184527
71159
11059994
1871806
5902145
14616553
14093736
27256179
2755221
20243466
4964885
41382041
21476408
2024609
38996357
13272076
41142420
633997
6979683
-526880
13079695
29586291
9666731
2161308
42636616
41031678
41552941
38374188
31428306
42595739
13749230
22429607
36898206
34968433
16140820
3647221
3619753
40897501
12934446
27912633
41102095
27617280
7401957
33790941
38657852
28548490
40829885
27521953
29193933
37065456
30742931
39876336
33069872
32108850
11801844
15511445
11242922
30145893
10575109
194955
6996059
16547647
35084652
15082319
40271985
40865540
37926175
36604634
35354764
20632692
25722880
6171624
23172752
26937247
19644590
38678339
2187086
43249958
7360098
15851310
2936564
26641924
6985598
23671942
26793569
18439549
7317467
5660796
18201733
24365468
24681900
6760228
9997416
19775031
2683823
13326686
22273638
24519649
36216726
20238741
6166789
42607338
23953376
3253072
31367294
35757072
40844506
25066553
1659699
10020328
16090550
9766663
14589583
6994386
35394930
24963088
31262941
8103166
38729654
26216100
7277267
31128975
14809601
15454680
32414377
-532838
6793591
40310395
30028821
40659842
3920442
3221032
2645015
17562335
14454828
-495927
20137557
2841188
7004645
39762998
211692
42476522
15310720
5849225
22857797
21752733
31716101
16082610
42690767
17701341
15398775
25298862
29396831
3163230
11476999
2695524
27065904
19333323
8731665
42136395
20585424
387239
27120746
13536625
2173142
42654353
30079817
6185862
26911712
17968933
22798686
4635145
4900792
14354139
38725821
1957145
8164419
33394108
29498934
26266504
38007028
27467726
26675050
12388001
1869180
21298568
12322292
42661846
29716716
35103617
24589826
27671357
13087418
-126590
36938807
11072358
35339252
31138151
11095614
28786203
32271974
19654200
17551916
42427800
26819600
40598540
33042094
10327869
26694929
12838835
25668825
5749185
20925087
17374297
17248490
34749463
3341294
21832063
6216589
21094909
40985161
17366052
23501025
16142622
5065925
41936988
35474223
32647852
34111428
22741813
28150864
14711693
14463999
27375047
42091910
25521383
20877176
37890171
35479237
24834628
5567286
31804418
19502899
24771899
34477526
40807367
33679053
1946674
36846000
18140141
42765708
14695131
31831418
26884031
18088040
20432203
38430976
30264316
2922172
35069228
16469345
36248037
18290490
6705341
10293268
25242670
38556187
12474133
27555629
31347069
14210978
33664770
23236129
26043990
7431509
7981392
3264118
13620244
14006265
42169606
27273784
6794942
17053949
32566833
24843249
38523182
8695113
41260085
28914952
34900662
10017004
6393719
6676534
33896888
3807793
18748671
41859676
31705027
13411600
20896802
24417895
21334943
9887883
4870226
23966031
13180360
43500657
33088034
40453431
15091180
12408426
22621274
41463798
16714553
947864
16957768
23629420
42792429
39112470
25970259
8903044
32006893
-681640
22464366
5350819
42743538
43076094
26845413
24247291
18929546
37662231
24254784
27020760
5804390
21648287
9032787
13838261
36090109
8841328
30205623
38930976
13671748
43261018
35690530
26038743
37065537
22535391
27346614
2827474
42575490
42615760
31170438
5772157
2125141
37376981
29198729
22018063
10356111
33737078
41504152
39360758
15599492
13069621
24831478
5126801
9122351
16460683
28153783
13735719
23043482
10489842
2046689
1989129
21282542
30376348
30670420
13967491
1324514
31886986
16758932
36315374
12798046
27854445
12129657
9312755
16775316
9100877
33914903
22946869
18430358
3695430
37225910
29342132
25863828
43520610
42321959
38360445
10409482
18671264
18727624
12785624
35831528
37730502
25777443
27144126
43046363
36422414
3624357
14594238
2180487
20663213
36714204
42777076
37352660
5510979
20970776
4964809
40892791
31583910
30700706
19471639
35251973
12756872
1766849
3964989
24603401
19784887
9425701
8471699
30357838
26619482
12685272
42852092
25802210
33039319
42596559
41325831
21192863
13812739
41364366
25296602
10276796
23640860
4130442
29821057
-782542
34405917
21458922
10379846
31114370
27329204
17903925
40060609
9131225
32327972
27973234
2849414
17653990
38845866
36800829
12105390
38655289
714728
8071135
24420252
1560434
8309774
14140827
19311876
22025722
41440446
34606054
20585511
613652
22210230
8403376
28964189
10021320
24157030
17543508
19607577
13093857
3249646
42538566
2659740
39385784
32813224
25774558
4883828
26232861
19381805
12347310
38223468
23047037
7658309
1057675
8379659
9422627
13777122
32485294
33268317
8240969
15053358
992680
34109189
30477608
28098673
30387869
40416577
31647542
7792783
3837294
3700196
19981608
37960696
5642602
18203587
18140309
14336717
26958960
37893127
5838071
40469148
8783196
13598081
41349509
32884467
39853563
14597308
2279854
34067860
19963280
1125975
35591798
34703883
30184603
26975500
22901671
-350894
24204713
41916137
29465783
18094689
37334676
29781192
31450214
35319183
11370957
4484271
2801079
21607038
27276163
27526887
9813787
13939910
38742460
26742134
39790186
11481277
5275063
34511215
24634411
5645007
21151530
-741776
2504804
23620330
5970147
10653351
29868624
14085959
6524399
22693454
20399411
9419367
14995863
17429478
29008931
24745808
3433415
18672048
41533812
7958464
28805401
1356935
2043655
5509317
34962777
-757264
20722118
29786934
24070092
21920975
21068842
19018134
38781088
12000580
8508028
-918444
40660747
40458051
29392774
39759221
14633358
5721560
38834445
43297532
30382316
27361402
35694793
19313734
13369705
14594494
22717254
13995370
39987776
330419
16500074
14297607
40444224
9368022
-682413
24852594
15408858
24339202
15323439
29072859
37452783
7869296
17462469
13093585
8622764
27505482
1144959
17311985
671148
4423448
26491687
10335418
13677455
23898459
27509012
35520079
4317147
14006766
21992085
22843697
19318287
22039286
29440023
30884486
26037452
19219365
6941689
14608681
15010762
29102711
17454649
12861947
14799025
23007105
38663680
1521914
7150627
40222802
34281264
12149155
19045055
21584019
25718244
2872804
267448
25943842
4755507
43191223
22135392
26560677
14855492
40446115
31977400
784310
8574771
455767
3194050
31439024
35834543
11245569
5299029
33265732
35636052
14606929
8543581
33083045
20521826
10899969
34473504
10294257
22034674
25901415
5471483
35688827
41176793
2952907
36705208
10515655
5146364
26015351
1574713
33554383
12742550
30615230
39897661
30145901
40905955
16669024
32387960
16493770
13112449
22732217
7144555
24049555
28446440
16957733
19023263
30080820
34620579
5941330
38472647
18345982
42074433
37828734
18084578
22731266
26597365
15776884
37940680
25729606
247268
20043411
28914118
4560636
7892011
37848184
41089544
33692711
24610965
19029856
8957481
21424087
5432335
28268159
43172924
30649936
40093523
14186667
36409884
13216204
25252477
23221861
33655704
42355824
19852659
16024341
36197387
38861310
25316937
27813033
34876232
8597953
42532513
68876
14014082
14524153
32836136
7782090
11788684
25276661
23689969
20551151
18652294
12620325
23607371
7383730
36847248
15506176
4356707
26093339
27086674
8346501
3363811
11540855
18644938
42565636
20307724
23143734
22998433
4552362
4982637
26427489
3343179
8922126
-298844
38908859
34329558
15380748
15708801
6776783
35021959
30174909
27587501
18515447
5795372
22301082
24373320
28969937
27075399
26465294
12243987
21892922
28532163
12523470
1048627
11568743
3107983
41997936
26855401
1667736
34983437
30438428
189848
41204633
9847351
29999781
19878440
30392907
26526696
4189185
20521508
22760390
20663466
1094815
35257680
20247112
-909088
28289679
2356402
43370142
34948317
31349635
23476542
20514311
15331062
43042556
19044016
9142656
30196461
14596614
20129688
36017863
17033494
15020375
17806143
35618715
10450439
35028563
35089869
-715935
42519906
12393981
8200527
8734112
1338764
39750606
33083405
43111804
5058885
8981645
13682576
18627239
19676396
39705326
18263364
35123455
2894552
34055566
21159875
37073250
17672910
33209458
39901427
28122552
8343143
19883977
8297276
33273824
25833230
9440512
20261898
22836736
32244896
33790433
34633204
20941807
2500537
23864850
20774881
14260579
42379983
12299175
39907747
35417911
9221124
27344602
36483095
4744024
22807556
14511600
42839189
35486406
9577677
38170817
12198582
22235698
3201131
36182801
26992748
31157943
6315019
2989354
18403030
15746127
32452645
28290946
30637440
37103366
26265242
2635968
1968200
30327985
19070861
25954312
28678960
38709551
8872529
24834964
23483860
9895884
1024252
37020495
33430603
18339504
15943282
13546864
15921871
26143021
5400838
31407435
39371557
18520745
189300
11170595
35531401
39598270
14399716
11025394
22207198
34991046
37413462
34513447
16521603
12981677
31615994
11517949
19185627
28170645
29316530
25857396
11030532
-346263
36629382
18883583
28276407
12507237
32845531
-79648
29464578
43457442
22733756
32401833
38048242
25373461
34934405
2138937
23691945
35576796
17431747
3949545
3277612
15330304
11604422
10055829
43113916
7189660
6901314
39412591
12778621
9257327
31482501
10174949
12679163
35199071
7866245
6728256
20749086
7029181
4838674
10384620
35755774
42232228
19009063
8933344
29066373
5344749
2007932
23934839
36740100
40771840
42819008
1060039
22681591
32332208
-363237
42979320
36397644
37865516
14251757
17271648
28807118
16335278
27879995
32241930
8783553
16236051
10930021
36664326
32462230
24639602
33110510
10779078
31787508
7291555
12794972
22122712
13890281
5553790
28248193
37278709
21588032
8740669
25289516
25918038
38600910
19455420
5414027
17072622
34330844
5703583
41739423
18609006
3553821
3059445
42461931
14522530
15109917
23231019
18545934
19968524
30930508
17741745
14644147
41983417
3369464
29143989
4491207
35820246
9887883
235014
29506233
28807834
9457473
6439463
27430665
31067462
28819276
20740516
18272053
33526537
19390921
2457742
43412493
13443367
10183821
34276873
930949
33576332
41092990
135269
30977245
17509644
20606206
20367281
16502755
6790926
18503480
20490192
14861056
20500318
12124415
2243264
42816890
18210929
19096919
10058047
31692987
9001949
37947976
9171428
20212218
34059659
15030916
21842951
37155458
21315369
23462108
37817234
13013180
23125298
26731793
-546034
28933401
9192601
25376482
28226557
4789535
14553755
19973869
573290
1259290
19219536
40511059
10557989
27966276
21790328
20821178
34160224
29868133
25387642
38020735
16656069
925553
22164502
47538
23402286
10405060
1575615
40291779
35362674
13148721
18918172
32942136
41069474
39321127
15525929
27487055
13948926
31326977
18852798
28534515
16314917
14394030
18448905
1267326
19940954
27101523
38374361
-573793
17396765
19668041
3726317
11408633
5647458
35293378
7668179
39810335
25326525
309384
30378563
5253148
36479223
8591465
21412590
8630730
21070144
34302383
2482752
13190921
22423866
4949025
12578646
19677260
3238863
35251852
20465480
10917416
3775197
41026736
24690992
22649495
29089965
32357154
36382239
20873255
22663936
29729330
18872833
449709
38354560
34894786
18342875
5999734
30392596
16380106
27663615
34533379
22263127
34966625
22965468
1954066
36160183
41659043
30937463
8135755
28967212
19464576
31634673
11530904
33125823
11355327
33822775
17019850
1619151
18206331
6761309
1277120
9205344
19213723
5324564
3243871
8829106
16484185
34733896
21663251
22747852
21647325
21228831
32196327
11025261
17574231
40537784
-187000
34331254
10306770
13850305
18995155
13292265
6821255
22255481
36616111
22204961
28327391
824590
23041265
28704233
16010066
4284885
9472474
14412021
5786914
33141947
34612083
23281145
4253627
30292238
29647083
8079667
24780125
39819169
7425394
27280973
1536088
17114865
27841247
39594732
267812
31544245
1481621
13557093
6823020
23133204
40082880
15619652
28884139
7122105
25865355
8339823
33245021
18036789
33436423
14496122
31495204
39274267
1915479
24379873
25877821
12781252
34338093
39571606
40117364
22239028
7359728
2818705
10740682
12361240
24777612
24144002
4911210
36463862
8260396
12522989
41136239
43199486
25458402
26227417
41515127
12148392
19118144
21450275
26817476
31458835
7721389
9843486
229342
26459329
24464049
-501359
13391394
18533177
6889413
34929585
2202708
3163131
3079049
26545601
33310606
9093296
23570967
21079270
42515803
29647842
12398160
12055253
2637194
35508857
38775950
3983938
16020745
8530908
33813436
37778508
24668338
27987424
38602074
18148369
26535053
3614940
36774245
7583871
30661359
7576759
21190380
40479200
33456636
21740406
38950013
41804597
29559002
3287423
38657138
17303143
35687006
291114
3524408
13695255
31839687
13167737
7891206
24610413
30117015
12568114
43422087
20963122
9569173
41103132
37773746
19498697
33278866
1406441
43455196
9562286
37793337
20693244
37901242
30776686
17434546
11770067
8067201
25347034
31774722
30051546
32949800
2308584
37655988
17460834
18483588
25060715
37052665
24054427
42034226
22781405
11804017
170668
10429882
26774821
24404077
31607210
17111873
41834845
35130891
36076277
3401010
7502090
3464692
40323277
34891146
6414632
28255035
34167301
11100826
26403091
40725003
11885587
11089052
39120937
8797549
36903595
37987789
30346330
8096067
25239948
41200945
27683883
20961536
14307240
21845114
15980637
15824083
27187269
24367405
12949444
39053296
21967908
11465600
40176995
6442500
39376771
25288743
21426348
41981533
32192316
33284478
34114680
25988368
26906601
43121183
6702028
10810528
3249177
34261551
23905980
7739482
7421786
28024549
18206914
33341703
31691972
25065281
42960287
9823644
23867697
26368201
17982819
11484060
3406703
-885677
-818665
8410724
15692725
11947765
38703370
2813978
21229547
39526638
31214152
27582974
12584823
32760911
6765939
19486295
12789396
4288177
34294028
7515670
2930444
9836904
37285277
13665479
1281438
38229492
3910642
14562960
-555768
29659814
5971032
27337905
12128947
4158953
7364870
41314534
25119598
1010434
11092195
42437861
11365643
10480491
27884962
9692036
33379440
22333112
37765112
29366073
7302504
6292735
12463966
4558639
11765614
38956893
42251796
23243652
12255955
21233498
33386034
2714994
31075887
11292372
-919137
9780725
24153461
42683378
35740507
-256964
36191628
18745469
11879462
3074678
5236060
23966349
4858625
13276908
6607472
40408513
27533934
2916981
18382276
4792422
39172267
31563678
42698772
1948240
17795091
39254260
28242188
12347264
4926947
3480346
20516095
20503343
7072886
15160660
6911849
7490307
27664652
412359
13364503
20836739
18725853
26757491
16015234
21603347
30173230
37658447
33388471
5204398
8685867
37466135
-693673
11338496
31225188
35923864
18818935
40452439
9288638
32235041
27138556
41503878
32916704
22619528
13338857
36172751
17699696
6291534
25597744
31428679
26100700
30406045
10029350
39408309
7986196
7341140
9737103
5924475
6363876
39457032
13970207
26782221
5920502
27565612
7059785
1857902
24197976
42639042
7936365
43106491
42269130
1454826
5612534
20331544
2700780
17789838
19356876
-115718
1695456
3149684
851727
8259504
8919694
35719785
36460166
25232474
4944046
36943116
35895331
5442310
38625084
28506375
1693974
1754924
21169578
36081097
24217785
866850
29836514
23117111
43533299
11385547
31111986
24926972
9196503
38188421
30014169
17486328
32766470
8461770
20362347
33135876
20515717
41815082
37378651
33195653
39632171
2262361
25488247
2895347
35117930
33033842
32730746
18738397
17580479
14763455
35096251
17306362
2365729
27591945
15274368
11943354
36816579
15211075
41697266
28610324
3664777
29889849
8147573
9155609
25861345
30123782
20466777
23507562
32165242
3708199
201075
7039200
6911171
2253592
39223928
40167491
41239498
21759746
32339160
41986363
2625918
16583546
24641264
32016874
25190380
31229048
20652594
35766209
12409103
39678144
12301530
21883165
20555764
8692591
17438113
4911937
37357811
2974416
35059362
1835611
27704245
7328472
5517989
39989340
35574320
37995177
39446263
1615215
-757825
34387071
37380325
11963540
19010644
10296275
14220574
41851177
7056385
357271
27568631
17451768
32906577
27993264
40674757
10803799
22352535
4864925
34550642
17354906
39114440
12235361
27425604
15934496
120781
38912720
4968752
10936261
33129309
24162026
34121532
36674230
83914
10839603
30808440
11185032
10171231
649632
35671390
17246962
29919990
11000748
39600828
29722736
7256683
24985793
16276060
2515592
34323826
7674124
36571890
26383597
41976715
-753763
39677505
14392156
12766765
31967906
33807868
41034599
13596226
-281053
11379991
41135886
35012391
28507192
38112615
10509725
7964214
7452636
42657353
39379181
18496140
17338851
30086968
10227687
34050102
20962619
15824946
20382383
37671041
34155946
36531989
27171610
3721067
12671900
26672252
23751094
2256198
17416947
25171588
22651237
37951137
23221342
21871644
30116198
15452440
18055151
20766477
26530541
514933
37695484
28960204
36262829
29488791
4456709
7537755
10320478
36023524
7704282
8487565
16297115
4493059
42187363
23190666
42905912
30189111
36568055
19553169
25211603
40298216
6018331
15683635
16967672
17622699
26922845
33696351
18259395
24031955
43514062
27797054
33334862
26089755
10794470
34575646
24936790
28563814
10072527
4271259
4626241
42183414
2075487
42539489
32656396
5993087
29335836
42406307
-348760
24557051
6756335
25486662
12772662
9197337
30558532
9400389
13260083
33528469
17827819
15253178
868609
15936537
33418243
866034
20473315
20511032
33082263
28447337
31836365
25168182
292496
2376870
14307490
23631701
6323217
17023708
3139135
37053057
5542039
33741793
18858215
31632006
904831
38463992
41467156
703942
7353833
26238709
24747254
27389214
3266146
11578987
837311
26300813
9224273
1732980
15993225
33244197
36812852
21831963
23452323
6184336
21220583
40608233
13807050
4074538
36994958
17511152
43458559
13557566
13892400
8805702
-822704
39099174
24783616
16426936
19669760
12306134
33379417
36827406
19582740
31542683
40533137
12443313
171601
34960190
11479247
10365850
15573029
14838351
-594004
37679710
6873020
10831241
-713411
9510338
31020456
10674646
31600555
29995630
5986119
33759629
1962593
23588138
29197642
17731621
1322883
37469823
26845133
18996898
33737368
35832486
6894087
8334355
16356073
205367
18773514
8085845
20747349
29267557
25441638
32949408
9988594
6196090
16591050
18937066
28179686
41380990
32125571
11003598
30748687
597428
5687908
11609222
27172122
15741276
14794244
10895507
32702624
8282827
9483329
6655714
7169751
26220078
5697858
5123130
400067
23378720
39371163
24176213
27546802
3095718
26927907
-925714
15856483
34040524
9808916
13679984
12226531
7738893
4674137
14944447
41701598
3011216
7273209
33246083
10499499
21472415
1099323
30479958
38692183
30833515
21735112
16548037
24070034
11350226
15232099
27925618
40262277
43058035
2932859
1883600
14998439
29960645
10566536
22801471
3234326
36652964
32138338
39823689
12882673
29664156
43362775
42440000
3841027
29508578
19474785
20098255
11775635
2793857
25625879
37573278
26161108
28669707
3298260
39991042
35154636
25407839
-461538
31071799
13285499
12482432
43247447
20252388
11093032
43519992
1597964
35330885
34424772
25694043
13499585
26787831
7293288
23398561
40926756
26630137
26508436
42341943
38375641
30483022
18517374
5196595
10302951
13969739
5757005
31206484
7199509
20706875
5386680
4436136
26551690
32922905
39898366
39414651
23302828
13324248
39591305
39281573
6282139
20338566
26043455
5243099
12011638
12541349
34107422
34173695
37835973
35220234
19088243
18291301
7844951
8008785
42327916
37381337
40073046
29155969
9374652
9020042
7286179
26297972
25029737
8459321
27597833
23767687
4357010
21990960
37294436
18706263
36917248
25015095
5806694
23274236
36184206
30133757
15434741
20802957
10000839
1451959
6440463
29843710
31484587
23252297
42381993
35113252
2777969
1345217
40683681
41044233
37586485
12831255
7872757
29508749
27488819
33372171
1770146
6584811
33303501
28474141
11840906
6139954
27391282
19387667
33534087
14874255
6620061
1564352
12420480
29845670
9099190
7585501
22941744
10215114
1772476
13243095
41007010
15269146
21272454
27792054
17696467
21732419
-986465
33300042
41828459
22086018
41595921
12217811
37927542
34110291
5203514
42390085
13719221
24143528
537102
24083939
22859594
8000591
39462452
-85824
2785143
-684173
21422101
26361892
8240173
42199749
-152504
-377078
9337940
33527631
14762457
40850378
37349274
40828869
40015007
37796579
10501097
194010
31583971
36336830
32750337
37915017
37885507
32932610
30435414
4193062
13167868
28367481
29545633
24562313
16766945
19884141
36673293
41095241
8745248
12489670
24820779
7779026
42127747
24731476
1120026
28610413
25450295
43123382
41308684
14991665
18007279
17032124
6706156
11243115
16763
26562581
11669231
33306956
9031658
10335938
16652665
25339689
37152772
6011237
22749212
38747800
8422219
38342273
22446706
-492788
5586414
41113982
30586348
14652241
17769574
4677542
19799784
19156919
37220689
-256010
16042933
2526903
2101023
39116517
3480515
12109592
42495436
13470537
38329484
19742662
18688960
3638484
21350609
8328567
37134155
27580624
40286348
9568725
37971978
40980188
35521419
38558714
27832253
9208626
18694058
1962975
28054254
11638548
15147547
19628816
43442713
25699697
-163772
16132849
11710062
10177949
7755372
16582669
33536458
373322
17661692
29904002
19920497
14432428
40151533
11761448
19767245
9276884
11489596
13790993
-323403
18293579
4805990
21308543
26416630
19764005
22569434
24561234
26756238
22778905
10668516
171668
4315758
22032589
29912727
7390971
25548814
15499029
40354631
35068962
8001931
34912305
33031581
5063253
11806235
33655254
11126899
19263493
34510044
1866853
21323932
3475256
24854466
7173589
34958715
9342957
7003915
16474628
3458653
9284076
21423933
30771009
627994
22259881
12701080
13705103
18464792
20077389
16168853
3863769
39526967
40648238
36586049
34165384
7187595
41859372
18324183
10675903
37218198
27384699
42197613
42107200
22275644
6622308
1203242
38525816
-673331
9422781
42659365
3307012
42803374
38308982
3473465
10618379
40251782
17838645
19161328
40083106
10667612
36417687
21589219
30820193
30595598
4164441
14686976
31238676
19389275
35894191
4563084
33914150
39663147
37902077
14020220
13233081
36429027
31221354
-653095
24432934
3876641
39862670
17868455
3313316
28698686
24407022
6199314
20377945
14074868
15358192
3097995
8209931
21538056
18735140
32418147
21359865
31536711
36382035
14112041
34274249
27454018
36215731
4923459
32986898
18980121
16042060
13952083
30549323
8666995
34903889
5634291
34159810
6865588
38213740
28161673
39403297
33141816
35950530
32191916
35297409
33268421
16895214
28417394
25782272
28728510
34660703
41328416
16336369
-689307
19046766
25994795
1672534
36040308
21707019
35394227
15247717
42894122
-639972
19469301
12259403
32034308
34700304
21341078
37393391
33623576
10151545
7631860
21574742
26361111
36888222
8073718
21950906
9877745
8277594
-8069
19654346
42445255
41947100
13076756
38192160
6510361
-170713
1554130
28590908
8135181
13403051
23600013
4683369
37570560
35206901
35413289
32404276
39146523
15355788
6623264
14206010
29074499
38610272
41520128
3514600
22107290
-134314
41092455
28634099
23400520
34388530
41363112
25172753
6424133
11988270
27172514
11957893
17122746
13201081
28666715
18069525
34879535
39825913
13222618
12158154
42138525
31896509
15089293
9530575
21574480
935119
24827664
39146956
6819017
40986192
987247
38300256
43530169
25885837
11866610
37175598
22842632
30535027
35165686
42351981
25673574
9166621
41709330
-411493
36599797
32287321
37501548
16406461
24811159
1085744
38057818
9859366
8815556
9361236
11500067
35084951
2470680
11910947
42158221
41461878
3995702
21765253
-265168
40838462
26861980
17719780
1777994
14331176
30743357
28504273
12286456
37394342
29710844
1737572
24708123
41103900
34314237
19256510
6747378
41557993
10474429
10333034
24426861
32414944
35781364
2416234
19442599
32909627
22839517
37279170
20089880
2590056
32940926
18941055
36474354
34941416
37606742
41401917
21921400
29921627
15494556
29940181
5063117
1971712
10092787
25615314
41612264
10057444
18317054
29480032
9369433
14717722
22622418
42598691
27910337
6042391
22354423
6046014
19268304
-600525
15059908
7096761
42242848
17099340
34711098
13176705
11232297
32174149
19609627
7174124
4574079
25801148
35188743
22420625
-341219
38032899
35075182
12563689
7136356
39009544
1238713
31080707
21049816
4027381
29909872
34839272
13382762
30511608
594583
31331820
33196879
29335940
25326434
16749792
5363877
25974406
17837470
17096770
23523704
25796876
10052062
35138773
36230197
19158562
-955720
1121813
33054201
28791736
13220063
32958398
36040905
15070211
5225660
30765331
13556628
9526671
9087168
1644941
33459070
26736982
36283169
12934303
17166683
43209112
36199790
33828637
13724230
10800091
6299261
17679458
3130838
38269385
11404727
34474450
40766375
33553000
5984564
22039263
-630259
29708633
36097120
-330016
41899010
32536674
7789977
36006039
25024444
20765373
33558826
27563105
28961034
25482376
6863423
20623101
11285803
35059537
5278330
17231545
24699439
9529793
4676717
812118
13590339
43485488
4601534
1597047
29361168
6270415
15003712
9426699
19759789
12566497
25126892
25868021
14627814
8211451
6668116
22173676
27850426
20175733
24818262
13436662
27261139
17386814
33913552
10378509
42082221
36263158
17549499
6035922
39644379
6627304
14309983
7086767
32685570
41333966
4437730
13067681
6031147
10052043
13605833
30339622
37648436
6273579
19853256
21473682
27043943
33464255
26345941
16898521
-409131
3084516
11264970
42434408
33952362
23034086
4792618
-252388
37406862
33177742
42436259
38292055
29133399
37352467
19045022
30637060
39079778
35834846
20903509
12686809
11852681
23817761
7557490
32286831
522231
1069434
22758821
37649401
38480584
18588625
1692507
21357493
4652680
42801131
38781636
17781040
710028
31751355
23244061
28399711
24011153
25459707
35850591
41736595
28487428
40462188
3448127
30637987
30162412
28942922
27867215
32322246
40589221
21018440
37310847
3625895
2719709
35300109
22781225
42567755
4186340
14489727
14279245
14334641
3370781
17714900
28002645
42433760
18393568
38992387
24335588
43366437
32534030
22205062
23264127
26734488
35703661
12654363
11109540
20849127
35295924
31906271
7296593
42936839
14090391
43153929
37752271
42660869
21823158
738774
35325860
2266111
24708293
2222705
281484
43438235
30102927
8823692
26166154
33457553
24887456
12001899
29914254
39314451
23862388
14630794
27191580
21467931
19827713
23919019
36897342
18360028
17759864
38480745
29423983
24482440
27991735
33660906
4836926
4736869
29221797
9266427
36553321
6683186
23296919
12181608
32481636
22841728
9544604
21859303
780025
11276943
35795483
13553875
3225182
25612636
2091304
36371840
-617558
3675340
23501676
30673699
10187040
7179214
3524651
457244
25567280
25610188
10825406
41932971
22117407
4393347
25956748
21217420
1184311
36563002
8334648
43482902
13835896
10888483
31531402
22032315
28007201
26023440
263090
10353144
343298
34216856
11195357
5845415
31712944
37929103
9907942
23495180
7940992
35162751
30831706
21336904
1069526
30142737
10735728
28988071
41494469
6970986
26882347
20362687
5547420
103818
14873989
15720374
21475072
37768551
30454299
3208229
11299252
7871781
18375596
11086761
10343111
1305214
17395717
38851443
21065497
19772995
31072186
38948808
28237661
30742504
3546877
39083525
24831673
38405564
26384767
7682850
8074119
26595431
19011754
20205956
34298773
30877929
42297496
31283235
33277156
21839096
39351670
37696647
22231045
3305953
32237774
23411679
40280138
28248926
19385640
42203081
12051801
9727857
17845797
3252003
39677553
8825677
31173284
26883173
31103968
28472179
17549830
24582949
30405260
2075744
24713282
24875902
32304172
35821340
23838461
3160287
-643181
20268352
11512261
8239887
15249584
-878588
14312316
36788655
33880381
3128759
3649546
6873799
14482053
11440626
-11714
39822421
15524441
11454727
16461906
23395069
37738950
9112398
16952763
13766411
29208834
5400243
17960783
17838513
34672950
3405623
34009757
-620963
1875219
22309121
21209056
19446425
36758876
29423970
30466840
13363280
24441601
29370484
26496168
34148413
31344593
41349207
43305080
38727727
28829626
10159532
12937373
40659622
19933446
2925921
2311667
35719140
39337354
6036446
32271852
5617148
27455725
5220133
11239521
30921669
25270777
20702110
23944600
26956314
10522735
27890378
37111152
34651978
12925375
42833576
25354828
5418620
23764622
11670643
6786665
35906633
9864339
-304134
38271356
584291
29252907
41537788
7563450
25953099
23464302
43217967
36336857
36504757
3916319
16353771
14919384
27552015
14917178
38097200
9235757
12026913
27487319
28693867
29090267
26893892
17328608
38631214
23273414
19255736
17355602
13049235
27585205
29674910
34355495
24361624
11776545
16639604
3127548
13797793
34798119
2991422
33456838
25391330
41735574
40846864
43042700
9014483
5602305
28266633
36280113
1770118
9341973
8725607
2147344
24905257
10546507
38324096
26299018
41046504
22051110
3636105
26192031
29762042
17605484
30515785
30005290
31432977
24895431
101142
41527855
24942046
26277061
3921109
31560214
17140587
12469337
43224229
23307629
13959200
42637581
27694455
23766172
1414599
11889003
27431248
26265774
19580148
18730458
26457405
15643263
6145493
20401304
40334804
42581351
14117056
36093828
5930304
37262586
29783935
32372950
2184269
3911743
43065430
29385825
38753189
28737926
15637419
28345024
20436909
31988112
32969229
969006
36698414
10402019
25659053
5504373
37986632
2995919
41102619
33394346
37425603
29824346
30699155
21999851
1660957
43467774
13068168
15272916
4440062
22711615
35745176
16445529
13598065
9864064
17409335
778654
12990054
8166969
42663762
36681504
25313335
31578766
12566186
38237922
13662886
19296471
43266429
23158887
25318577
24866748
39358009
11291671
37314852
4363293
15167831
41047527
23199576
14091362
18138832
10928785
42106928
36641997
30448522
7725954
31233100
38768550
605182
2422480
24089821
17202300
31497986
21282166
22013626
9773055
6377628
224316
1675579
15761753
15401518
19459781
33138008
43512542
37551373
17235279
36926235
21465308
15666979
17489314
16002040
20838311
6707546
1700073
36594500
35232296
37756513
25707051
29470103
20574410
31418860
30715420
14555022
37702746
12420709
7093625
21992142
34273394
4781501
42313753
2378353
-52665
32613311
94702
34835012
20885946
9754701
34522238
21357540
37729201
40891450
15710137
37989518
14711084
878556
40098270
12216581
13850092
19591298
20058240
15139992
20154271
8485193
26966328
767078
12082395
20539836
15756131
36103271
31802004
25801284
857894
25605353
34046654
2943639
41509262
21675121
17054151
25582415
-968687
10379742
17007286
37623111
36002497
14195806
29002218
3614635
9739933
-819325
23487760
11661868
271958
16986860
6660569
40834373
34100239
1603630
7901056
40487152
25851560
15580766
11631129
27226296
11998807
23747730
15840708
5554246
5800295
8223805
36081187
39000644
40124128
42465918
12372163
756465
7069733
27576991
2216875
20009232
30157568
17697082
27109148
35331003
37385505
17991840
5630160
14873475
28623019
28599969
11477193
5832470
21313422
36149814
409444
42257892
39400130
5753915
23875354
9666794
2676990
2538645
34405279
26700874
4166995
28126490
42514263
33887036
28393187
24671352
-418625
11752253
12505539
9632599
24903003
27979729
10975900
41729302
34619812
11445729
32688245
43004612
2992224
38633776
30951386
38527230
2351283
1914519
2353679
38259777
26766556
37953877
16214562
42505925
5320987
30587496
43266480
27446700
19140125
10151266
18142516
31998784
36692871
38316539
38431804
26486662
12348490
5194956
16695061
14925999
27377370
29967618
5008794
4160707
40736792
20675350
15883254
5857114
14995929
29545644
2455023
27012856
26676664
5677695
38259135
32386783
3042066
7127330
40275817
36375967
29058118
27334709
947806
6352013
42878003
30865837
36807978
5037927
42854049
37272400
15772149
32178904
25970686
20981679
38830115
33476712
8284582
14763719
43438688
42265025
27809083
38783771
1637145
42295303
26200870
29855028
1909142
931532
5828818
28931214
1023382
5486283
16079005
35354527
30703311
24915645
2075401
27758275
12373253
37992823
15519226
13821208
30252980
32430680
37809218
34323410
39762339
10384823
28453471
40527471
25835426
1453512
38139243
12646180
16828284
7563877
24017006
34194906
8010079
6094433
4893740
11629541
166724
17474208
39332844
7427457
25218400
20504444
7974080
727143
16168724
26853165
42082674
19138497
14040068
35192967
17763745
29788214
30597659
24493311
43326271
13457884
7080448
246691
42798302
12186419
38274974
8271902
25788906
8116760
35638970
34243873
22421257
10234345
2463679
27908371
26128811
40638890
32232574
13541944
21995705
5829416
37692346
25586576
2996998
26112416
32618628
29937735
24940749
2062840
-296796
32838627
31447431
17767839
1205171
30729322
20451110
36782061
35909713
35849540
10973077
35561065
24784977
17182813
8135337
33936025
42131834
41349835
21234030
481897
5029613
6164377
649836
35828982
12350796
-579219
41388565
32384962
777333
20644967
2577842
778856
31655696
34108309
22094510
25872602
31879841
9396519
16405065
43240653
33900341
27298775
18120184
5415271
16444605
7191465
18787147
33013232
13409510
36811681
18845568
21948455
37857474
1792491
32011622
8616723
9689124
31251355
9184267
11266576
32729188
25956402
30554380
14067034
2300490
25522549
2166814
31432969
39754045
16696458
36630841
40017438
5720305
37893089
38491898
20456387
37742054
39945707
7368239
38459126
28600514
39555638
18363774
25523113
25763098
26263761
24640386
30416153
8218423
24717933
31642664
24882270
26897998
29158542
35976903
20580259
7482077
14815283
1291457
218004
4513499
27954058
888378
15474105
6242175
36560244
21619303
7570740
11263566
31392273
7383668
26140676
16092602
29724474
8776183
8956498
32730484
4686889
27885044
19502351
19192090
36323173
41382420
43271378
37345498
11441359
18123039
20495561
25658433
31845510
10896493
1533492
2226370
18222428
31530491
27594151
28510520
36335825
21814646
14952554
22252871
16247199
34177125
15182311
4474589
20782830
35307268
24224310
29389525
20726172
23030265
20310736
17964048
23118649
31636013
12161438
30729241
30301347
3751995
43477097
39904374
38827125
29789317
27972223
15647437
30383903
17105550
20235828
35433844
4719726
26403297
4533571
40921187
15967455
8136305
16529657
39395765
26098649
37971272
34736637
17298756
28918790
21150889
9565724
41565782
7848823
28712921
1456986
13125417
37841951
9412786
19567504
6530674
7471155
8168382
34547943
42885030
36552690
8400737
37078988
29836096
6349659
14433327
15548231
31398986
29844224
23482172
42729387
24938718
11732811
10992183
25811347
39913011
36618012
17033165
11992340
25844209
3719012
20258328
39930943
4696084
38992282
7910936
32788835
34013686
18640762
1419956
10071748
11647500
35233503
13497910
19722266
-162196
-452082
30461713
823078
42783278
26863219
30505382
19313960
21707233
1353284
37286617
20010052
39623320
10374723
35803952
30395623
22303986
15040935
34103596
6493785
37779870
38081430
1181893
14901588
27705399
9219620
17413184
39313684
1618564
29011816
18660650
19451358
10225842
29916487
21134026
10974164
8855013
34126320
38841416
6701191
6797990
19468907
19156428
6478993
41473845
17924182
29667517
26379860
33044374
36572600
30204528
25789007
30480674
-44599
7423377
14241090
-922672
31682355
32265119
22710191
19172509
4443415
7542655
9956280
20302880
40357321
27390508
36431317
6179570
3345230
2999151
27947762
35281628
26469124
1987735
33985366
42640060
28607565
15216728
32262608
8892493
40811136
39395331
17536936
5378185
35927718
24348005
13464831
14788860
39598746
33297392
16844607
16712655
35626373
26225661
3158433
5327882
43086956
30143866
40135349
42550040
2356531
1726481
42611443
13634979
37844907
15210687
-512405
27821890
26951357
33270050
13643000
37282291
22996333
7364014
17393876
32610354
6087516
6222731
4473133
36358139
21560940
14844256
18797746
29938463
32489562
40177064
4372179
17211585
3178098
4844473
10279046
1639233
21477554
8330461
37640987
28891366
118686
6519494
26630829
26820779
25456137
28511972
22691980
16801342
39390354
20713599
21361927
30623349
3142839
4714594
28911273
-238112
4735543
10805737
16153566
1409024
9831734
10290050
31137925
23916368
14288663
18842291
31542290
37171631
23571941
12095981
39833425
17677254
41444637
5159584
37079340
36199125
13693939
21077861
80566
38905065
7903993
27267746
5646484
18851357
1573891
28326203
28576042
20469462
9881387
27910971
20755132
41337308
36815233
37759285
19467065
5833352
4721843
43010740
33178862
21328679
10567818
29126367
20289435
14695714
24689192
14670351
12949505
43483481
39353503
21987296
48416
-634964
38546252
2377326
1440535
14860421
4676535
17831404
32375331
337473
30337109
33590172
4042239
1955533
26965363
28789543
37311731
12117980
31433980
17594628
30282725
19929208
41655589
33093029
33399807
28436484
14976305
2523326
13813858
43180282
13727989
7274104
37232228
40985653
4080102
26801503
42751192
21471135
27642208
35268623
9718831
657937
40366857
10298211
4267290
33549950
28803120
37783574
40709175
42003654
28588094
41507594
4586557
9241420
23302516
20320821
22933165
34699977
21283493
31900724
430796
39082743
10849404
11180978
3523115
35797338
15970782
34215620
39711937
22875950
13394782
36144961
-434487
34383766
12640615
11925363
13631099
11045530
14102421
12749549
3570842
1429334
34095402
35744669
10148454
25565843
8733230
32571550
16729622
32570250
3500281
40043484
12997643
5743133
8558970
-779678
17733176
22816806
8210383
16963053
18501352
13566334
12705463
35392334
21603442
3217747
11467426
38539853
25403200
112996
6948001
27321578
7222627
3330057
24334967
39533069
38598593
9344624
1854781
12278075
10053136
12859280
-949932
17421501
35354951
27156598
23225346
15224122
8371254
22328334
29818117
28023748
9196691
29134743
12556180
24137027
13048112
2180674
13017998
40349832
14581738
9897608
41153987
-488476
15986265
30428588
19777278
-107492
7851504
37118586
41032211
31005659
27565640
34306545
14437132
5626606
24243686
14458594
22664400
5667796
36679116
28050735
8681278
26614991
24524751
700336
20820920
12292731
17166474
9389840
-897284
16750911
14308317
37702705
30549844
24293307
12887825
429347
19246474
30514998
31948927
7280556
25876878
17306811
3735423
2575727
39250799
29363589
350296
19452361
41677415
2087047
16896923
41316883
8407338
20390368
19992849
7771876
20945560
33541621
38423580
13053824
29074474
19287232
29787873
34303413
-289521
5548429
25096008
3822810
27448984
23959812
37088818
25994328
35534283
1811740
8150422
26665715
8440807
-527293
18821809
35376739
-182753
15966556
39238137
22823224
15643347
5383445
32515725
3663520
7222291
25495693
23561032
22265114
9125120
41648235
14646936
22133188
28543013
29564927
37479848
13782121
4138011
1055873
30414874
20009113
21388586
34993912
32023675
37913397
26011051
4711389
8737493
4406827
37099520
30002343
21017397
41641427
14138244
15442943
27635236
9988387
8463800
17282858
21217422
5947143
26098273
18980117
21591547
16410978
10134456
40320137
31746160
4690475
21527625
1613192
12816802
37635391
19356769
13780184
26923217
28506025
37270530
1817502
35682149
22118312
39255405
30795649
30504020
32131061
-590605
42753628
38771430
17341746
619954
35920851
701000
24995990
5564442
38021257
5391099
29577379
2574190
43121511
41783018
6253392
36033425
36421767
19931125
35542931
21107445
31327035
29839378
13301650
22223353
28222015
5521828
12929527
42919234
-752778
-311827
3155798
38890265
8845998
5013442
6555968
16724168
18401620
25640267
34044705
9510163
4156660
40866016
11204821
639584
20165763
33790670
35503168
27507641
19853836
14705161
35751068
32554359
1413808
20425935
18728611
10519726
20143546
30228394
17061571
33599538
9065655
43400009
-667961
30337876
3371447
21050434
34578334
33807818
35112474
13251605
28756314
15113885
7929240
25886310
22428002
21681343
20954303
33830891
25371629
35393601
37737491
17826381
1562707
33135983
15836666
16217420
20588185
17638992
7849159
2129297
26354821
234334
40825321
18056566
15053491
32140663
8090420
19131424
2991039
31804884
40950834
27991848
7827612
1588716
757701
480322
12177118
23589341
39156002
42162279
39363861
38804703
1464745
14706323
8309571
11982612
9812830
15007994
9246887
20450180
20881239
18309843
21611636
36958372
32706109
27960414
39969985
41198409
-498280
3864107
32880279
2916216
33724426
17986752
41723617
17515503
30001018
352474
20503680
1735931
11578481
42296688
39794700
9819927
23944274
13912981
7229042
36512212
3273960
30312987
34096193
17452375
35863503
16843076
43447603
35739782
12374113
32744595
22701552
26105275
41000925
11610295
-609337
35578313
33037345
33475441
4302430
5832706
40047336
41730421
1441367
34564665
29976409
14348315
9120769
18060024
537110
14230123
25676962
31039947
5690754
19814889
41280684
35957406
31889445
13226253
18497403
32714162
5402495
26855125
21984334
5059393
7204042
40197864
31645098
27574208
34090758
43506793
14426919
11127638
16017903
8710380
9105293
33845827
12422088
39364664
30491404
16434987
37730873
19698207
38865738
18276613
30764976
31761365
6949600
29825469
8282650
26305950
6331200
5853395
19446892
11937362
24379673
28677572
1436794
41423996
23065047
4482557
26344182
39777351
20792975
6063569
12479838
29537480
27115784
27772841
38053464
37040463
2690104
8870316
19653101
17162245
3883796
28430640
24281687
13697498
13522241
16833013
30105820
7557183
7723920
-314667
37154732
30057590
8678857
5909738
-876615
34041490
7351768
31368000
36852814
-246901
6627828
43127394
28157950
24740900
15138995
34586244
12523701
3666677
856998
16513026
16799066
40217556
13878071
26705587
7323390
37071918
803277
22298142
33318912
12208488
10709575
11464941
19078311
10747729
34920436
10166739
2447135
1445062
20964895
26513249
33121972
18218669
32392308
25617257
12116150
36797388
38130428
41734524
40056122
16929967
8772005
37456690
7143025
13166442
2488679
4341534
5496704
10576364
26759960
23769434
21629886
11127729
23572366
37535144
14940849
29652301
989098
28920237
21394944
-739132
38218145
18951443
21039803
30642396
15042866
26121198
35754722
38743755
36402645
43354158
8356745
3113562
4832338
3632355
1727922
9576102
27413098
21166338
4457329
42297900
14779673
29189164
41433996
10905377
40149879
4808186
4768017
40444012
14441369
1330770
22145612
42947563
10135314
4481638
24483226
17660170
4507820
34342080
38517184
12075971
5906284
5277691
39075719
25771561
39960718
25128689
42787842
35898146
16777666
-691358
11959212
34153532
10535065
33897366
43114865
10794614
17420936
12422253
21040622
25316811
19333841
6438249
3086547
42030252
37655875
36453609
15600517
34534432
22969435
17213010
24121537
26355829
6045981
29744794
11035703
26668783
40455770
26398342
23120512
19881780
4798367
15273530
20111824
13283032
33923637
19964424
41490091
18168424
23420604
6355425
37089318
29349222
12401258
8572265
37077633
8683583
37877030
37468465
39018934
43434998
40638314
41108946
25866304
31170482
23510245
20820358
35758813
31193719
6941500
16527477
27178268
20538737
21453969
27166112
3431704
73066
31775887
21671826
16636201
33380917
38613631
13507635
29976128
3895171
7764617
18374669
10208912
39913935
22656102
7012581
30861702
3019903
38747480
24068563
2261892
8649964
7655596
2825788
6274839
14112728
43016378
31924174
39910341
29668525
31984787
7245209
20820365
31846878
15684468
27507232
27699293
14086977
20178789
34195273
38700235
20140877
14639701
7487818
36445488
22618907
27093492
19300778
13386797
8927237
18953628
25241155
17513348
1480211
4128237
8403346
34449881
38349230
18737537
11973866
2153861
14063279
40344175
27661651
16656047
7721957
39969648
8375579
2320132
29815386
1349187
29558009
11190759
27270712
29151129
40294602
2243904
34293862
20151913
34069563
33655288
4824446
23479279
14984350
19145586
20738708
26055977
18384292
23403069
20719160
231593
37403669
37148092
12339962
14016528
34556210
24307624
40620797
40697113
10351209
34570207
3357847
33738348
26979998
28839773
6891615
13619959
30997829
7617419
39192541
38913661
13788216
32341711
3281544
22405230
16333708
14294543
6933339
21627460
34490406
35850857
17350855
23808252
35064063
11337392
19135211
270621
19871093
11910673
7420085
53856
6060833
36615297
13107102
39081311
21685618
23103237
19639336
26157147
38064104
31300627
26844266
10395218
4135072
15699691
22997377
10367630
19471690
9931899
8884622
4988872
19644551
11246175
7413568
9368399
1911636
15886702
4466929
15308470
40904680
13741813
33750977
30173492
32982991
25098962
1502807
36996656
13093833
24094186
35681552
17720291
40906922
32709551
19046025
34847813
11584730
34699117
38529669
29087133
15074729
85855
24550947
23562786
31147243
27459484
40656288
23054485
6455484
296812
7834670
17832555
22605925
38903774
37890893
43166089
15613460
38745985
29489948
34794829
18491260
25468245
40415949
11454690
8728805
40978900
20877143
2070642
23877763
-612646
35204707
26954697
9719856
3291474
9430437
43112761
40561803
17283815
39390744
3174295
22179753
35112303
42188697
30274783
2157334
10455422
2996870
2606119
-711891
31948303
3049614
10858295
16246458
19933878
40837363
43406729
37035925
24292295
7692119
32445111
2376360
35408249
37464885
27484333
30767790
25471393
13148644
6618707
29711133
19896006
22897545
28071239
10984041
27948961
13361893
-763989
7874987
5353237
24678315
26665304
39173554
26759836
32934650
1946624
31624388
25273593
18226094
16022560
8580448
3038841
31690236
36894963
28654215
-966594
9946233
31440886
16392513
43478341
34047738
13932188
26653947
6622590
5829266
41618492
8538525
41262595
-521594
28167952
20332639
16898743
-811965
25074875
9189006
11485033
31270769
8934660
39191355
29416810
9700131
9072109
40571693
36002921
28841355
28210545
-409455
28478862
32157662
36114062
7361869
35497284
15532506
16258996
34163950
39039553
6324188
10184911
2494114
1350489
2271313
33617738
14604765
8740457
31728414
25365272
14047898
20708333
10818168
12857296
9247576
18315993
29156050
26519857
14439242
29440891
9987772
36877937
6978251
25684544
2080380
5548197
29728499
1718690
4386889
23830043
6183248
25474011
7310857
31628442
10177989
24938536
23044988
29798997
39347808
8889269
29489882
31516363
4019010
17042956
27493401
8123567
16724167
43358780
13990321
29907563
40307195
33418752
12988903
23480451
22352190
33988352
37549734
34509972
23646364
-404009
37996220
34875791
4173094
19722706
12748403
32866560
19328340
23226656
16919057
30110589
20826573
9734266
-128493
28993668
31744515
24803330
5508934
32065578
16800886
36915110
31695222
19907709
14248356
31395320
13142109
9763723
7190289
4222507
30935534
8639900
38295325
15568779
26191968
32269482
23569495
34586354
23431805
39082970
4241788
16040731
25206825
23134648
3766875
8222080
931321
26728361
19698370
36953150
4440138
32611747
